id,especie,ultima_modificacion,altura,circ_tronco_cm,diametro_tronco,long,lat,seccion,nombre_seccion,area_seccion,inclinacion_peligrosa
16434,Paraiso,12/08/2011 10:08,Medio (4 - 8 mts),72,Grande,-68.8419122763,-32.8639370125,4,Cuarta Oeste,1173332.70145,0
19946,Morera,08/08/2011 09:17,Alto (> 8 mts),165,Grande,-68.8335059473,-32.8636875507,4,Cuarta Oeste,1173332.70145,0
30595,Paraiso sombrilla,11/02/2011 09:33,Medio (4 - 8 mts),130,Grande,-68.8580027428,-32.8653331987,6,Residencial Norte,2694682.37982,0
19834,Morera,04/08/2011 10:07,Alto (> 8 mts),110,Grande,-68.8347326049,-32.864700036,4,Cuarta Oeste,1173332.70145,0
18104,Morera,28/07/2011 10:31,Alto (> 8 mts),180,Grande,-68.8406149873,-32.8693828657,4,Cuarta Oeste,1173332.70145,0
6065,Platano,12/04/2011 10:12,Alto (> 8 mts),125,Grande,-68.8442074441,-32.8831137463,1,Parque Central,1655357.93265,0
8533,Morera,08/02/2011 08:31,Alto (> 8 mts),138,Grande,-68.8372727811,-32.8983106478,2,Barrio Civico,2366816.36021,0
42906,Olmo bola,29/09/2011 11:15,Medio (4 - 8 mts),90,Grande,-68.8336825458,-32.8770684448,4,Cuarta Este Área Fundacional,1822015.85685,0
15618,Paraiso,16/11/2011 12:47,Bajo (2 - 4 mts),18,Chico,-68.861787713,-32.8717961393,7,Residencial Parque,1786336.08966,0
8724,Morera,11/02/2011 08:40,Alto (> 8 mts),54,Mediano,-68.8376642808,-32.9005331193,2,Barrio Civico,2366816.36021,0
12673,Paraiso,17/01/2011 13:13,Alto (> 8 mts),190,Grande,-68.8470230276,-32.8627631369,4,Cuarta Oeste,1173332.70145,0
14948,Acer,19/12/2011 09:46,Bajo (2 - 4 mts),30,Mediano,-68.8807808607,-32.8726723024,8,Aeroparque,2203364.73622,0
17173,Paraiso sombrilla,04/07/2011 12:18,Medio (4 - 8 mts),90,Grande,-68.8357115812,-32.863568102,4,Cuarta Oeste,1173332.70145,0
44317,Platano,12/10/2011 16:58,Alto (> 8 mts),260,Grande,-68.8352649752,-32.8814698085,1,Parque Central,1655357.93265,0
47279,Morera,20/09/2011 11:15,Bajo (2 - 4 mts),10,Chico,-68.8306535734,-32.873082607,4,Cuarta Este Área Fundacional,1822015.85685,0
10912,Acer,21/03/2011 09:31,Medio (4 - 8 mts),58,Mediano,-68.8534663743,-32.8794733157,6,Residencial Norte,2694682.37982,0
37630,Morera,13/12/2010 11:11,Alto (> 8 mts),150,Grande,-68.8497348304,-32.8721819853,6,Residencial Norte,2694682.37982,0
46083,Acer,27/09/2011 10:22,Medio (4 - 8 mts),85,Grande,-68.822548762,-32.8744422023,4,Cuarta Este Área Fundacional,1822015.85685,0
25670,Platano,07/02/2011 09:40,Alto (> 8 mts),200,Grande,-68.8422561734,-32.9020158313,2,Barrio Civico,2366816.36021,0
44556,Morera,20/10/2011 09:24,Muy bajo (1 - 2 mts),16,Chico,-68.8341517538,-32.8859345922,3,Parque O'Higgins,1531146.02653,0
29866,Morera,14/03/2011 08:41,Alto (> 8 mts),102,Grande,-68.8424132998,-32.8922265842,2,Barrio Civico,2366816.36021,1
11977,Morera,14/05/2010 10:52,Medio (4 - 8 mts),106,Grande,-68.850953961,-32.8684865199,6,Residencial Norte,2694682.37982,0
13577,Paraiso,01/03/2011 11:04,Alto (> 8 mts),123,Grande,-68.8512705184,-32.8650968814,6,Residencial Norte,2694682.37982,0
44230,Platano,13/10/2011 11:52,Alto (> 8 mts),250,Grande,-68.8352315286,-32.8836792779,3,Parque O'Higgins,1531146.02653,0
12248,Paraiso,14/01/2011 13:33,Alto (> 8 mts),160,Grande,-68.8459820559,-32.8676848177,4,Cuarta Oeste,1173332.70145,0
27337,Acacia SP,25/10/2011 09:00,Medio (4 - 8 mts),90,Grande,-68.835563125,-32.8910155115,3,Parque O'Higgins,1531146.02653,1
23158,Olmo comun,11/01/2011 18:08,Medio (4 - 8 mts),97,Grande,-68.8479223163,-32.9033629427,2,Barrio Civico,2366816.36021,0
33401,Morera,02/06/2011 12:19,Muy bajo (1 - 2 mts),5,Chico,-68.8565093377,-32.8875881807,5,Residencial Sur,2423808.92355,0
37289,Morera,15/03/2011 13:19,Alto (> 8 mts),215,Grande,-68.8585213951,-32.8735869983,6,Residencial Norte,2694682.37982,0
15038,Morera,22/12/2011 17:22,Medio (4 - 8 mts),77,Grande,-68.8812688199,-32.8714346062,8,Aeroparque,2203364.73622,0
11878,Morera,01/03/2011 13:27,Medio (4 - 8 mts),106,Grande,-68.8499779589,-32.8663013247,6,Residencial Norte,2694682.37982,0
25999,Morera,31/01/2011 10:16,Alto (> 8 mts),142,Grande,-68.8384901463,-32.9038018852,2,Barrio Civico,2366816.36021,0
13854,Aguaribay,19/12/2011 07:56,Bajo (2 - 4 mts),55,Mediano,-68.8752584027,-32.8685497498,8,Aeroparque,2203364.73622,0
37928,Paraiso,18/11/2010 11:27,Alto (> 8 mts),170,Grande,-68.8492317874,-32.8739706377,6,Residencial Norte,2694682.37982,1
46603,Morera,05/09/2011 10:16,Alto (> 8 mts),150,Grande,-68.8317923888,-32.8686959727,4,Cuarta Este Área Fundacional,1822015.85685,0
42845,Caducifolio,30/09/2011 14:06,Muy bajo (1 - 2 mts),4,Chico,-68.8321650651,-32.8769552391,4,Cuarta Este Área Fundacional,1822015.85685,0
20478,Morera,02/06/2011 12:57,Bajo (2 - 4 mts),44,Mediano,-68.8594861009,-32.89719746,5,Residencial Sur,2423808.92355,0
31739,Morera,28/06/2011 12:28,Alto (> 8 mts),140,Grande,-68.8588107749,-32.8893658304,5,Residencial Sur,2423808.92355,1
22803,Fresno europeo,14/06/2011 12:36,Alto (> 8 mts),132,Grande,-68.8600327538,-32.9020155002,5,Residencial Sur,2423808.92355,0
37077,Platano,06/04/2011 09:56,Alto (> 8 mts),240,Grande,-68.8581080829,-32.8757387637,7,Residencial Parque,1786336.08966,0
20868,Fresno europeo,26/05/2011 11:06,Medio (4 - 8 mts),66,Grande,-68.8600842653,-32.8956665186,5,Residencial Sur,2423808.92355,0
8039,Fresno americano,11/03/2011 09:20,Medio (4 - 8 mts),148,Grande,-68.8469189154,-32.8881665158,2,Barrio Civico,2366816.36021,0
40034,Morera,19/04/2011 09:00,Medio (4 - 8 mts),190,Grande,-68.8434746874,-32.8784927168,1,Parque Central,1655357.93265,0
19242,Platano,03/08/2011 12:46,Alto (> 8 mts),300,Grande,-68.8374353748,-32.8699248402,4,Cuarta Oeste,1173332.70145,0
21670,Fresno europeo,07/06/2011 12:31,Alto (> 8 mts),95,Grande,-68.8553750828,-32.8968901654,5,Residencial Sur,2423808.92355,0
23002,Morera,24/06/2011 13:30,Alto (> 8 mts),82,Grande,-68.8571244636,-32.8994508136,5,Residencial Sur,2423808.92355,1
10271,Prunas,06/12/2010 09:07,Muy bajo (1 - 2 mts),5,Chico,-68.8472301243,-32.8721451849,6,Residencial Norte,2694682.37982,0
24290,Morera,19/01/2011 12:16,Alto (> 8 mts),200,Grande,-68.8435024329,-32.9006289563,2,Barrio Civico,2366816.36021,1
25459,Fresno europeo,08/02/2011 13:39,Alto (> 8 mts),120,Grande,-68.8407925377,-32.9010162564,2,Barrio Civico,2366816.36021,0
32239,Morera,09/05/2011 11:16,Medio (4 - 8 mts),150,Grande,-68.8607308055,-32.8845838251,5,Residencial Sur,2423808.92355,0
13538,Fresno europeo,01/02/2011 12:55,Muy bajo (1 - 2 mts),6,Chico,-68.851358064,-32.8639129016,6,Residencial Norte,2694682.37982,0
29776,Morera,09/03/2011 10:38,Alto (> 8 mts),200,Grande,-68.8426571941,-32.8912663376,2,Barrio Civico,2366816.36021,1
43148,Fresno americano,05/10/2011 07:35,Bajo (2 - 4 mts),130,Grande,-68.8296209902,-32.8791077881,4,Cuarta Este Área Fundacional,1822015.85685,0
24589,Morera,27/01/2011 09:42,Bajo (2 - 4 mts),50,Mediano,-68.8424986716,-32.9020926003,2,Barrio Civico,2366816.36021,0
42392,Morera,29/09/2011 11:22,Medio (4 - 8 mts),90,Grande,-68.8336092418,-32.8753158134,4,Cuarta Este Área Fundacional,1822015.85685,0
22765,Morera,29/06/2011 15:24,Alto (> 8 mts),112,Grande,-68.8545225879,-32.901735131,5,Residencial Sur,2423808.92355,0
4840,Jacaranda,27/07/2011 13:52,Alto (> 8 mts),80,Grande,-68.8388447289,-32.8654129417,4,Cuarta Oeste,1173332.70145,0
21655,Fresno europeo,08/06/2011 09:32,Alto (> 8 mts),130,Grande,-68.8547020743,-32.8961330253,5,Residencial Sur,2423808.92355,0
28976,Platano,26/04/2011 09:43,Alto (> 8 mts),180,Grande,-68.8458078748,-32.8850260516,1,Parque Central,1655357.93265,0
31669,Morera,14/06/2011 10:34,Medio (4 - 8 mts),42,Mediano,-68.8589094599,-32.8890715682,5,Residencial Sur,2423808.92355,0
23992,Caducifolio,13/01/2011 12:27,Alto (> 8 mts),110,Grande,-68.8463112766,-32.899965389,2,Barrio Civico,2366816.36021,0
30212,Morera,09/03/2011 09:03,Alto (> 8 mts),84,Grande,-68.8418917679,-32.8896372322,3,Parque O'Higgins,1531146.02653,1
18602,Morera,06/07/2011 12:07,Alto (> 8 mts),105,Grande,-68.8373313066,-32.875587028,1,Parque Central,1655357.93265,0
34678,Morera,31/03/2011 09:21,Alto (> 8 mts),90,Grande,-68.8495372638,-32.8762585125,6,Residencial Norte,2694682.37982,0
6132,Platano,02/05/2011 15:16,Muy bajo (1 - 2 mts),4,Chico,-68.8373961894,-32.8825247517,1,Parque Central,1655357.93265,0
10453,Morera,09/03/2011 10:23,Alto (> 8 mts),60,Mediano,-68.8562116477,-32.8734359385,6,Residencial Norte,2694682.37982,0
8737,Perenne,14/02/2011 08:58,Bajo (2 - 4 mts),27,Mediano,-68.8365620264,-32.9007653888,2,Barrio Civico,2366816.36021,0
31138,Paraiso sombrilla,08/02/2011 10:06,Medio (4 - 8 mts),94,Grande,-68.8549426836,-32.8641136382,6,Residencial Norte,2694682.37982,0
14005,Paraiso sombrilla,29/11/2011 17:34,Bajo (2 - 4 mts),124,Grande,-68.8782392277,-32.8653309786,8,Aeroparque,2203364.73622,0
46503,Fresno europeo,17/08/2011 09:55,Alto (> 8 mts),147,Grande,-68.8303437881,-32.8672510971,4,Cuarta Este Área Fundacional,1822015.85685,0
39291,Morera,30/11/2010 09:43,Alto (> 8 mts),150,Grande,-68.85531711,-32.872592493,6,Residencial Norte,2694682.37982,0
31329,Acer,25/02/2011 12:04,Alto (> 8 mts),160,Grande,-68.8484736052,-32.8658222697,6,Residencial Norte,2694682.37982,0
31384,Morera,23/05/2011 13:04,Medio (4 - 8 mts),120,Grande,-68.8515177583,-32.8840778783,1,Parque Central,1655357.93265,0
11723,Morera,02/06/2010 11:46,Medio (4 - 8 mts),165,Grande,-68.850755175,-32.8664895237,6,Residencial Norte,2694682.37982,0
46605,Morera,05/09/2011 10:08,Alto (> 8 mts),182,Grande,-68.8318061403,-32.8690280573,4,Cuarta Este Área Fundacional,1822015.85685,0
16623,Morera,26/07/2011 15:09,Alto (> 8 mts),156,Grande,-68.8400055941,-32.8656558344,4,Cuarta Oeste,1173332.70145,0
19173,Morera,18/07/2011 10:24,Alto (> 8 mts),123,Grande,-68.8408339121,-32.8730946078,4,Cuarta Oeste,1173332.70145,0
37469,Paraiso,04/01/2011 12:26,Alto (> 8 mts),90,Grande,-68.8572324634,-32.8708984523,6,Residencial Norte,2694682.37982,1
5199,Jacaranda,08/08/2011 09:31,Medio (4 - 8 mts),74,Grande,-68.8391828426,-32.8693396793,4,Cuarta Oeste,1173332.70145,0
31856,Morera,30/06/2011 09:13,Alto (> 8 mts),150,Grande,-68.8612951016,-32.8889149918,5,Residencial Sur,2423808.92355,1
23087,Ligustro,19/01/2011 14:22,Bajo (2 - 4 mts),28,Mediano,-68.8477903193,-32.9009335385,2,Barrio Civico,2366816.36021,0
34749,Perenne,30/03/2011 12:46,Alto (> 8 mts),116,Grande,-68.8503174412,-32.8785195369,6,Residencial Norte,2694682.37982,0
20826,Morera,30/05/2011 10:41,Alto (> 8 mts),120,Grande,-68.8620160514,-32.8963281619,5,Residencial Sur,2423808.92355,0
38817,Paraiso,13/12/2010 13:29,Alto (> 8 mts),150,Grande,-68.8501632336,-32.8714911964,6,Residencial Norte,2694682.37982,0
32639,Platano,21/06/2011 09:53,Alto (> 8 mts),199,Grande,-68.8522437535,-32.8904717835,5,Residencial Sur,2423808.92355,0
48237,Morera,02/09/2011 12:23,Alto (> 8 mts),52,Mediano,-68.829201775,-32.8703974482,4,Cuarta Este Área Fundacional,1822015.85685,0
43296,Morera,07/10/2011 11:38,Alto (> 8 mts),80,Grande,-68.8332113347,-32.8799113035,1,Parque Central,1655357.93265,1
36133,Morera,04/04/2011 09:44,Alto (> 8 mts),140,Grande,-68.8519780518,-32.8778808663,6,Residencial Norte,2694682.37982,0
2517,Platano,21/10/2011 13:49,Alto (> 8 mts),160,Grande,-68.8354738896,-32.8880558733,3,Parque O'Higgins,1531146.02653,0
25797,Olmo comun,02/02/2011 09:35,Alto (> 8 mts),86,Grande,-68.840412797,-32.9041605953,2,Barrio Civico,2366816.36021,0
9787,Fresno americano,17/01/2011 11:42,Muy bajo (1 - 2 mts),12,Chico,-68.8468957799,-32.8634005088,4,Cuarta Oeste,1173332.70145,0
48225,Morera,02/09/2011 14:00,Alto (> 8 mts),132,Grande,-68.8300407379,-32.8708547578,4,Cuarta Este Área Fundacional,1822015.85685,0
32928,Acacia visco,19/05/2011 10:02,Medio (4 - 8 mts),60,Mediano,-68.8509689011,-32.8872555591,5,Residencial Sur,2423808.92355,0
21302,Fresno europeo,15/06/2011 09:10,Muy bajo (1 - 2 mts),1,Chico,-68.853798502,-32.8981124671,5,Residencial Sur,2423808.92355,0
21159,Paraiso,06/05/2011 12:02,Alto (> 8 mts),175,Grande,-68.8530927128,-32.8932177127,5,Residencial Sur,2423808.92355,0
48248,Morera,02/09/2011 10:28,Medio (4 - 8 mts),135,Grande,-68.8300625136,-32.8699082638,4,Cuarta Este Área Fundacional,1822015.85685,0
18369,Platano,01/08/2011 10:23,Alto (> 8 mts),165,Grande,-68.8371371923,-32.8676860861,4,Cuarta Oeste,1173332.70145,1
24944,Morera,09/02/2011 10:10,Alto (> 8 mts),130,Grande,-68.8369272513,-32.8970315755,2,Barrio Civico,2366816.36021,0
23473,Morera,24/01/2011 15:47,Alto (> 8 mts),124,Grande,-68.8492842631,-32.902371831400004,2,Barrio Civico,2366816.36021,0
37664,Fresno europeo,29/02/2012 07:39,Bajo (2 - 4 mts),60,Mediano,-68.8522663723,-32.872382387,6,Residencial Norte,2694682.37982,0
31913,Morera,01/06/2011 10:17,Medio (4 - 8 mts),90,Grande,-68.8574749531,-32.8840216488,5,Residencial Sur,2423808.92355,0
18441,Morera,11/07/2011 10:05,Alto (> 8 mts),180,Grande,-68.8395261775,-32.8728979908,4,Cuarta Oeste,1173332.70145,0
42658,Paraiso sombrilla,26/09/2011 11:51,Medio (4 - 8 mts),130,Grande,-68.8294663813,-32.8771969459,4,Cuarta Este Área Fundacional,1822015.85685,0
32396,Fresno europeo,23/05/2011 14:06,Medio (4 - 8 mts),60,Mediano,-68.8500691234,-32.8892749461,5,Residencial Sur,2423808.92355,1
25009,Morera,15/02/2011 12:00,Alto (> 8 mts),170,Grande,-68.8352032905,-32.8960689556,2,Barrio Civico,2366816.36021,0
45712,Caducifolio,24/08/2011 12:10,Muy bajo (1 - 2 mts),6,Chico,-68.8223525543,-32.8694174158,4,Cuarta Este Área Fundacional,1822015.85685,0
31942,Platano,03/06/2011 09:02,Alto (> 8 mts),220,Grande,-68.8601483124,-32.8844931862,5,Residencial Sur,2423808.92355,0
43840,Morera,07/10/2011 09:51,Medio (4 - 8 mts),85,Grande,-68.8305086173,-32.8849568797,3,Parque O'Higgins,1531146.02653,0
5853,Fresno americano,03/05/2011 12:17,Alto (> 8 mts),120,Grande,-68.8362707791,-32.8763208572,1,Parque Central,1655357.93265,0
26315,Platano,21/10/2011 08:40,Alto (> 8 mts),145,Grande,-68.831556655,-32.8896639027,3,Parque O'Higgins,1531146.02653,0
30528,Platano,04/04/2011 15:46,Alto (> 8 mts),92,Grande,-68.8388320724,-32.888127772,3,Parque O'Higgins,1531146.02653,0
24148,Morera,25/01/2011 11:36,Medio (4 - 8 mts),100,Grande,-68.8460755862,-32.9020203796,2,Barrio Civico,2366816.36021,1
9680,Morera,21/01/2011 08:41,Alto (> 8 mts),160,Grande,-68.8475452134,-32.8643036104,4,Cuarta Oeste,1173332.70145,0
17722,Paraiso,18/07/2011 09:32,Bajo (2 - 4 mts),80,Grande,-68.8424203326,-32.8673667094,4,Cuarta Oeste,1173332.70145,0
28372,Morera,15/03/2011 12:29,Alto (> 8 mts),154,Grande,-68.8484419619,-32.8888778616,5,Residencial Sur,2423808.92355,0
29154,Paraiso,10/03/2011 12:44,Medio (4 - 8 mts),121,Grande,-68.8469160501,-32.8889310532,2,Barrio Civico,2366816.36021,0
31584,Morera,10/06/2011 13:00,Medio (4 - 8 mts),52,Mediano,-68.8597162791,-32.889088177,5,Residencial Sur,2423808.92355,0
8437,Fresno europeo,07/02/2011 19:17,Alto (> 8 mts),108,Grande,-68.8380871364,-32.9016194708,2,Barrio Civico,2366816.36021,0
35935,Morera,23/03/2011 09:32,Alto (> 8 mts),180,Grande,-68.8541914987,-32.8761694313,6,Residencial Norte,2694682.37982,0
33626,Morera,16/05/2011 12:23,Alto (> 8 mts),160,Grande,-68.8549291729,-32.8876691844,5,Residencial Sur,2423808.92355,0
9736,Fresno europeo,19/01/2011 12:03,Alto (> 8 mts),110,Grande,-68.8478513386,-32.862876042,4,Cuarta Oeste,1173332.70145,0
22691,Fresno europeo,10/05/2011 12:07,Alto (> 8 mts),62,Grande,-68.8529448746,-32.8995089059,2,Barrio Civico,2366816.36021,0
28522,Morera,21/02/2011 12:26,Alto (> 8 mts),44,Mediano,-68.8486523864,-32.8899069458,5,Residencial Sur,2423808.92355,0
33825,Platano,16/05/2011 13:59,Alto (> 8 mts),320,Grande,-68.8547295435,-32.8856122315,5,Residencial Sur,2423808.92355,0
22014,Paraiso,17/05/2011 12:09,Alto (> 8 mts),140,Grande,-68.8588877414,-32.8930412528,5,Residencial Sur,2423808.92355,1
41516,Morera,03/05/2011 14:09,Medio (4 - 8 mts),67,Grande,-68.8386315615,-32.8772304695,1,Parque Central,1655357.93265,0
41987,Platano,25/04/2011 12:21,Alto (> 8 mts),197,Grande,-68.8366230358,-32.8795781252,1,Parque Central,1655357.93265,0
14414,Morera,02/12/2011 09:50,Bajo (2 - 4 mts),70,Grande,-68.8788525499,-32.8680608294,8,Aeroparque,2203364.73622,0
361,Morera,06/03/2012 13:03,Medio (4 - 8 mts),160,Grande,-68.8204023729,-32.8671826432,4,Cuarta Este Área Fundacional,1822015.85685,0
25183,Morera,09/02/2011 17:21,Alto (> 8 mts),128,Grande,-68.8362892919,-32.8981855367,2,Barrio Civico,2366816.36021,0
44386,Platano,19/10/2011 09:18,Alto (> 8 mts),180,Grande,-68.8369248477,-32.8846922059,3,Parque O'Higgins,1531146.02653,0
37923,Morera,19/11/2010 09:56,Alto (> 8 mts),95,Grande,-68.8488525534,-32.8738508859,6,Residencial Norte,2694682.37982,0
25830,Morera,03/02/2011 18:34,Alto (> 8 mts),132,Grande,-68.8396437782,-32.9026013494,2,Barrio Civico,2366816.36021,0
28721,Fresno americano,14/03/2011 09:15,Medio (4 - 8 mts),160,Grande,-68.8485540927,-32.8877324908,5,Residencial Sur,2423808.92355,0
38740,Paraiso,01/11/2010 12:15,Alto (> 8 mts),198,Grande,-68.8501978219,-32.8703660133,6,Residencial Norte,2694682.37982,0
35803,Morera,21/03/2011 11:41,Alto (> 8 mts),170,Grande,-68.8537435421,-32.874510789,6,Residencial Norte,2694682.37982,0
29196,Fresno americano,03/03/2011 09:26,Alto (> 8 mts),85,Grande,-68.8465109799,-32.8881204055,2,Barrio Civico,2366816.36021,0
31335,Morera,25/02/2011 10:38,Alto (> 8 mts),180,Grande,-68.8485390884,-32.8662228017,6,Residencial Norte,2694682.37982,0
23250,Morera,27/01/2012 12:47,Medio (4 - 8 mts),124,Grande,-68.8522386519,-32.9016330027,2,Barrio Civico,2366816.36021,0
1400,Acer,23/11/2011 10:49,Bajo (2 - 4 mts),40,Mediano,-68.8712058071,-32.87977876,7,Residencial Parque,1786336.08966,0
22836,Morera,10/05/2011 11:28,Alto (> 8 mts),72,Grande,-68.8561141291,-32.9005486352,5,Residencial Sur,2423808.92355,0
21881,Fresno europeo,06/06/2011 11:09,Alto (> 8 mts),69,Grande,-68.8592752481,-32.8965737037,5,Residencial Sur,2423808.92355,0
40863,Platano,26/04/2011 16:02,Muy bajo (1 - 2 mts),12,Chico,-68.8378557931,-32.8842879902,3,Parque O'Higgins,1531146.02653,0
34288,Morera,04/03/2011 12:29,Medio (4 - 8 mts),130,Grande,-68.8520430885,-32.8741096995,6,Residencial Norte,2694682.37982,0
24050,Fresno europeo,21/01/2011 10:20,Alto (> 8 mts),150,Grande,-68.8458536312,-32.9011364465,2,Barrio Civico,2366816.36021,0
48130,Braquiquito,17/08/2011 11:05,Bajo (2 - 4 mts),20,Chico,-68.8301891595,-32.866904449,4,Cuarta Este Área Fundacional,1822015.85685,0
37616,Fresno europeo,13/12/2010 11:44,Bajo (2 - 4 mts),48,Mediano,-68.850471074,-32.8718709075,6,Residencial Norte,2694682.37982,0
6296,Liquidambar,28/06/2011 11:29,Alto (> 8 mts),100,Grande,-68.8578771676,-32.8902952331,5,Residencial Sur,2423808.92355,0
28478,Morera,25/02/2011 11:31,Alto (> 8 mts),110,Grande,-68.847354351,-32.8899941667,2,Barrio Civico,2366816.36021,1
23082,Fresno europeo,19/01/2011 15:04,Alto (> 8 mts),114,Grande,-68.8475025434,-32.9007547542,2,Barrio Civico,2366816.36021,0
24385,Paraiso,21/01/2011 13:29,Medio (4 - 8 mts),58,Mediano,-68.8443294715,-32.9037701333,2,Barrio Civico,2366816.36021,0
15032,Paraiso,22/12/2011 17:33,Bajo (2 - 4 mts),52,Mediano,-68.8821047936,-32.8733101022,8,Aeroparque,2203364.73622,0
18511,Morera,06/07/2011 13:24,Alto (> 8 mts),160,Grande,-68.8379270588,-32.8746417886,1,Parque Central,1655357.93265,1
32001,Morera,03/06/2011 11:27,Alto (> 8 mts),156,Grande,-68.858773195,-32.8871645277,5,Residencial Sur,2423808.92355,0
30366,Morera,14/03/2011 10:55,Alto (> 8 mts),111,Grande,-68.8396053389,-32.89070553,3,Parque O'Higgins,1531146.02653,0
30562,Liquidambar,09/02/2011 11:47,Medio (4 - 8 mts),55,Mediano,-68.8570925934,-32.8659199523,6,Residencial Norte,2694682.37982,0
10662,Caducifolio,23/03/2011 09:54,Bajo (2 - 4 mts),40,Mediano,-68.8527869174,-32.8745457887,6,Residencial Norte,2694682.37982,0
15185,Paraiso,17/11/2011 13:34,Bajo (2 - 4 mts),46,Mediano,-68.8601438369,-32.8691498376,6,Residencial Norte,2694682.37982,0
344,Morera,07/03/2012 09:40,Medio (4 - 8 mts),110,Grande,-68.8213236782,-32.8676052395,4,Cuarta Este Área Fundacional,1822015.85685,0
44396,Platano,18/10/2011 11:27,Alto (> 8 mts),210,Grande,-68.8378405522,-32.8849455917,3,Parque O'Higgins,1531146.02653,0
23828,Morera,26/01/2011 17:03,Alto (> 8 mts),120,Grande,-68.8501535577,-32.9012430587,2,Barrio Civico,2366816.36021,0
34213,Morera,03/03/2011 13:08,Alto (> 8 mts),140,Grande,-68.85323669,-32.8743419393,6,Residencial Norte,2694682.37982,0
16255,Fresno americano,19/07/2011 21:44,Muy bajo (1 - 2 mts),0.8,Chico,-68.8432335786,-32.8648520923,4,Cuarta Oeste,1173332.70145,0
6124,Morera,28/04/2011 11:38,Alto (> 8 mts),110,Grande,-68.8387315405,-32.8831397316,1,Parque Central,1655357.93265,0
21299,Morera,13/06/2011 11:34,Alto (> 8 mts),145,Grande,-68.852354136,-32.8978274588,5,Residencial Sur,2423808.92355,0
39054,Paraiso,22/12/2010 13:43,Alto (> 8 mts),210,Grande,-68.8538390064,-32.8704466942,6,Residencial Norte,2694682.37982,0
20987,Olmo comun,22/06/2011 11:42,Alto (> 8 mts),180,Grande,-68.8646230884,-32.9012407169,5,Residencial Sur,2423808.92355,1
38538,Paraiso,21/12/2010 13:56,Bajo (2 - 4 mts),45,Mediano,-68.8532223469,-32.8711793203,6,Residencial Norte,2694682.37982,0
18413,Morera,11/07/2011 11:48,Alto (> 8 mts),180,Grande,-68.8393953033,-32.873894465,4,Cuarta Oeste,1173332.70145,1
25981,Morera,31/01/2011 12:27,Medio (4 - 8 mts),135,Grande,-68.8386697403,-32.9031478124,2,Barrio Civico,2366816.36021,0
17787,Paraiso,22/07/2011 10:46,Bajo (2 - 4 mts),40,Mediano,-68.8428386587,-32.8678975223,4,Cuarta Oeste,1173332.70145,0
42069,Fresno americano,12/04/2011 12:10,Bajo (2 - 4 mts),140,Grande,-68.8420797675,-32.880050768,1,Parque Central,1655357.93265,0
10506,Morera,10/03/2011 13:01,Medio (4 - 8 mts),122,Grande,-68.8489632458,-32.8742543681,6,Residencial Norte,2694682.37982,1
4909,Prunas,20/07/2011 10:39,Bajo (2 - 4 mts),44,Mediano,-68.8434883908,-32.8657839724,4,Cuarta Oeste,1173332.70145,0
33569,Platano,01/06/2011 11:02,Alto (> 8 mts),185,Grande,-68.8543459256,-32.8889865484,5,Residencial Sur,2423808.92355,0
44464,Platano,17/10/2011 13:01,Alto (> 8 mts),226,Grande,-68.8362602645,-32.8836357183,3,Parque O'Higgins,1531146.02653,0
29536,Morera,28/02/2011 18:35,Alto (> 8 mts),198,Grande,-68.8438637796,-32.8931321353,2,Barrio Civico,2366816.36021,0
27747,Morera,31/10/2011 09:20,Medio (4 - 8 mts),100,Grande,-68.835487041,-32.8958094313,2,Barrio Civico,2366816.36021,0
4634,Jacaranda,04/08/2011 10:47,Medio (4 - 8 mts),38,Mediano,-68.8339124191,-32.8637909293,4,Cuarta Oeste,1173332.70145,1
11602,Paraiso,10/05/2010 10:59,Medio (4 - 8 mts),144,Grande,-68.8525321182,-32.8672271923,6,Residencial Norte,2694682.37982,0
43896,Fresno americano,11/10/2011 09:29,Medio (4 - 8 mts),100,Grande,-68.8325775568,-32.8838194623,3,Parque O'Higgins,1531146.02653,0
10119,Morera,30/12/2010 10:22,Alto (> 8 mts),160,Grande,-68.8564985891,-32.8713289742,6,Residencial Norte,2694682.37982,0
33615,Fresno europeo,16/05/2011 13:54,Medio (4 - 8 mts),60,Mediano,-68.8537849674,-32.8876784405,5,Residencial Sur,2423808.92355,0
39984,Olmo bola,25/04/2011 09:44,Medio (4 - 8 mts),130,Grande,-68.8451675538,-32.8772612731,1,Parque Central,1655357.93265,0
4209,Paraiso,07/07/2011 11:26,Alto (> 8 mts),200,Grande,-68.8387781306,-32.8733193517,4,Cuarta Oeste,1173332.70145,0
33182,Morera,08/06/2011 11:36,Alto (> 8 mts),100,Grande,-68.8544698362,-32.8915077324,5,Residencial Sur,2423808.92355,1
1493,Acacia SP,24/11/2011 11:31,Medio (4 - 8 mts),80,Grande,-68.8720836645,-32.8766639683,7,Residencial Parque,1786336.08966,1
26699,Olmo comun,09/11/2011 10:34,Alto (> 8 mts),78,Grande,-68.8322619662,-32.8929561036,3,Parque O'Higgins,1531146.02653,0
32894,Morera,19/05/2011 13:12,Medio (4 - 8 mts),160,Grande,-68.8495019931,-32.8872021355,5,Residencial Sur,2423808.92355,0
30722,Morera,07/02/2011 09:47,Alto (> 8 mts),140,Grande,-68.8567189648,-32.8668299016,6,Residencial Norte,2694682.37982,0
28095,Platano,21/02/2011 18:54,Alto (> 8 mts),118,Grande,-68.8491817274,-32.8911633323,5,Residencial Sur,2423808.92355,1
34125,Morera,10/03/2011 09:30,Alto (> 8 mts),76,Grande,-68.8559905806,-32.8728583367,6,Residencial Norte,2694682.37982,0
4125,Morera,28/09/2011 10:41,Medio (4 - 8 mts),60,Mediano,-68.8241611622,-32.8746941798,4,Cuarta Este Área Fundacional,1822015.85685,0
28068,Morera,21/02/2011 18:02,Alto (> 8 mts),96,Grande,-68.8502646254,-32.8915158424,5,Residencial Sur,2423808.92355,0
47357,Morera,23/09/2011 08:58,Medio (4 - 8 mts),170,Grande,-68.8278310222,-32.8747564306,4,Cuarta Este Área Fundacional,1822015.85685,0
33853,Morera,16/05/2011 12:40,Medio (4 - 8 mts),140,Grande,-68.8540435362,-32.8867352119,5,Residencial Sur,2423808.92355,0
35230,Morera,22/03/2011 13:13,Alto (> 8 mts),124,Grande,-68.8538609643,-32.881550537,6,Residencial Norte,2694682.37982,0
31194,Olmo bola,07/02/2011 09:08,Medio (4 - 8 mts),80,Grande,-68.853590565,-32.8637368046,6,Residencial Norte,2694682.37982,0
18982,Morera,03/08/2011 15:08,Alto (> 8 mts),180,Grande,-68.8373658298,-32.8698004062,4,Cuarta Oeste,1173332.70145,0
14215,Morera,30/11/2011 11:34,Medio (4 - 8 mts),100,Grande,-68.8766225193,-32.8663151922,8,Aeroparque,2203364.73622,0
34846,Ailanthus,30/03/2011 09:52,Medio (4 - 8 mts),40,Mediano,-68.8513577988,-32.8768848414,6,Residencial Norte,2694682.37982,0
16796,Braquiquito,10/08/2011 08:01,Medio (4 - 8 mts),58,Mediano,-68.8380856317,-32.8627651445,4,Cuarta Oeste,1173332.70145,0
8435,Morera,08/02/2011 19:01,Medio (4 - 8 mts),102,Grande,-68.8382885979,-32.9018898976,2,Barrio Civico,2366816.36021,1
2246,Morera,31/10/2011 09:49,Medio (4 - 8 mts),78,Grande,-68.8359550554,-32.8932662766,3,Parque O'Higgins,1531146.02653,0
36488,Fresno europeo,18/03/2011 09:47,Alto (> 8 mts),117,Grande,-68.8536083603,-32.8797835544,6,Residencial Norte,2694682.37982,0
31017,Fresno europeo,10/02/2011 10:07,Medio (4 - 8 mts),92,Grande,-68.8557934623,-32.8641429729,6,Residencial Norte,2694682.37982,0
19224,Morera,05/07/2011 12:36,Alto (> 8 mts),180,Grande,-68.8393844077,-32.8722332604,4,Cuarta Oeste,1173332.70145,0
39630,Platano,21/10/2010 11:42,Alto (> 8 mts),200,Grande,-68.8473582199,-32.8698528528,6,Residencial Norte,2694682.37982,0
9798,Morera,14/01/2011 09:35,Medio (4 - 8 mts),94,Grande,-68.845470486,-32.864193903,4,Cuarta Oeste,1173332.70145,0
38874,Morera,09/12/2010 09:18,Alto (> 8 mts),190,Grande,-68.8482351869,-32.871448386,6,Residencial Norte,2694682.37982,0
12944,Acer,14/01/2011 10:40,Alto (> 8 mts),130,Grande,-68.8445880595,-32.8638644693,4,Cuarta Oeste,1173332.70145,0
47817,Morera,23/09/2011 14:33,Alto (> 8 mts),160,Grande,-68.8262021578,-32.873867092,4,Cuarta Este Área Fundacional,1822015.85685,1
46932,Morera,07/09/2011 10:34,Alto (> 8 mts),115,Grande,-68.8331197976,-32.8706435788,4,Cuarta Este Área Fundacional,1822015.85685,0
5931,Morera,02/05/2011 11:26,Alto (> 8 mts),195,Grande,-68.8449906222,-32.8760855595,1,Parque Central,1655357.93265,0
6033,Morera,18/04/2011 10:53,Muy bajo (1 - 2 mts),15,Chico,-68.8477152158,-32.8863966154,1,Parque Central,1655357.93265,0
18672,Morera,05/07/2011 09:55,Alto (> 8 mts),170,Grande,-68.836446881,-32.8744822667,4,Cuarta Oeste,1173332.70145,1
34930,Morera,06/04/2011 10:16,Alto (> 8 mts),122,Grande,-68.8563628742,-32.8798030687,7,Residencial Parque,1786336.08966,0
15326,Acacia SP,17/11/2011 12:15,Muy bajo (1 - 2 mts),3,Chico,-68.8603640368,-32.8704837045,7,Residencial Parque,1786336.08966,0
39471,Paraiso,10/11/2010 11:30,Alto (> 8 mts),85,Grande,-68.8545484923,-32.8703605545,6,Residencial Norte,2694682.37982,0
21902,Morera,03/06/2011 09:41,Alto (> 8 mts),105,Grande,-68.8576486724,-32.8968812327,5,Residencial Sur,2423808.92355,1
48233,Morera,02/09/2011 13:47,Alto (> 8 mts),190,Grande,-68.8292819511,-32.8709346066,4,Cuarta Este Área Fundacional,1822015.85685,0
45074,Morera,31/08/2011 12:05,Medio (4 - 8 mts),130,Grande,-68.821929232,-32.8710279148,4,Cuarta Este Área Fundacional,1822015.85685,0
24359,Fresno europeo,26/01/2011 09:57,Medio (4 - 8 mts),94,Grande,-68.8451606126,-32.9026434609,2,Barrio Civico,2366816.36021,0
46011,Acer,27/09/2011 09:58,Medio (4 - 8 mts),120,Grande,-68.8221095875,-32.8739092187,4,Cuarta Este Área Fundacional,1822015.85685,0
8944,Morera,20/01/2011 13:30,Alto (> 8 mts),190,Grande,-68.8481889967,-32.8685557364,6,Residencial Norte,2694682.37982,0
6371,Morera,03/06/2011 09:16,Muy bajo (1 - 2 mts),2,Chico,-68.8572830749,-32.8879449963,5,Residencial Sur,2423808.92355,0
18262,Morera,08/08/2011 09:38,Bajo (2 - 4 mts),14,Chico,-68.8391599083,-32.8692487743,4,Cuarta Oeste,1173332.70145,0
32346,Platano,09/05/2011 11:22,Alto (> 8 mts),180,Grande,-68.8519182042,-32.8927923522,5,Residencial Sur,2423808.92355,0
35494,Morera,07/04/2011 17:19,Alto (> 8 mts),86,Grande,-68.8563633148,-32.8807767923,7,Residencial Parque,1786336.08966,0
31542,Platano,18/05/2011 10:21,Alto (> 8 mts),190,Grande,-68.8600668545,-32.8902632659,5,Residencial Sur,2423808.92355,0
28964,Platano,25/04/2011 12:13,Alto (> 8 mts),140,Grande,-68.8448128923,-32.8854176368,1,Parque Central,1655357.93265,0
29966,Fresno americano,28/04/2011 09:54,Alto (> 8 mts),220,Grande,-68.8427821653,-32.8865867592,1,Parque Central,1655357.93265,0
27697,Platano,28/10/2011 10:38,Alto (> 8 mts),220,Grande,-68.8373856358,-32.8941226874,2,Barrio Civico,2366816.36021,0
24438,Fresno europeo,20/01/2011 12:16,Alto (> 8 mts),90,Grande,-68.8450033365,-32.9029122031,2,Barrio Civico,2366816.36021,0
16391,Ailanthus,03/08/2011 09:08,Alto (> 8 mts),113,Grande,-68.835132637,-32.8659639917,4,Cuarta Oeste,1173332.70145,0
39927,Morera,29/04/2011 10:12,Medio (4 - 8 mts),210,Grande,-68.8438440422,-32.8760366601,1,Parque Central,1655357.93265,0
35646,Morera,15/03/2011 11:57,Medio (4 - 8 mts),180,Grande,-68.8557998738,-32.8744273352,6,Residencial Norte,2694682.37982,0
16123,Olmo comun,18/07/2011 12:54,Alto (> 8 mts),180,Grande,-68.8443456557,-32.8730134562,6,Residencial Norte,2694682.37982,0
29062,Platano,18/04/2011 09:59,Alto (> 8 mts),165,Grande,-68.8449727667,-32.8865832722,1,Parque Central,1655357.93265,0
21870,Morera,06/06/2011 12:30,Alto (> 8 mts),107,Grande,-68.8590027105,-32.8958486356,5,Residencial Sur,2423808.92355,1
40833,Platano,08/04/2011 10:14,Alto (> 8 mts),220,Grande,-68.840272161,-32.8858629456,3,Parque O'Higgins,1531146.02653,0
42207,Morera,29/04/2011 13:53,Alto (> 8 mts),110,Grande,-68.8393419999,-32.8749878481,1,Parque Central,1655357.93265,0
29092,Morera,27/04/2011 11:55,Alto (> 8 mts),185,Grande,-68.8437232568,-32.886178163,1,Parque Central,1655357.93265,1
25911,Morera,07/02/2011 14:54,Medio (4 - 8 mts),72,Grande,-68.8391312646,-32.9029358112,2,Barrio Civico,2366816.36021,0
41185,Morera,18/04/2011 09:10,Alto (> 8 mts),120,Grande,-68.8378820365,-32.881178104,1,Parque Central,1655357.93265,0
41647,Morera,03/05/2011 11:46,Alto (> 8 mts),86,Grande,-68.8372323637,-32.8774675151,1,Parque Central,1655357.93265,0
19694,Fresno europeo,12/07/2011 09:48,Medio (4 - 8 mts),89,Grande,-68.8349815188,-32.8715482024,4,Cuarta Oeste,1173332.70145,0
39792,Fresno europeo,14/07/2011 10:19,Alto (> 8 mts),157,Grande,-68.8503412059,-32.8840112141,1,Parque Central,1655357.93265,0
24498,Paraiso,10/01/2011 12:38,Alto (> 8 mts),126,Grande,-68.847075417,-32.9025162014,2,Barrio Civico,2366816.36021,0
26801,Fresno europeo,01/11/2011 09:01,Bajo (2 - 4 mts),20,Chico,-68.8345842487,-32.894877876,3,Parque O'Higgins,1531146.02653,0
6736,Fresno americano,16/05/2011 10:26,Alto (> 8 mts),75,Grande,-68.8579095801,-32.8929613365,5,Residencial Sur,2423808.92355,0
36187,Morera,31/03/2011 10:05,Alto (> 8 mts),160,Grande,-68.856459918,-32.8774736552,6,Residencial Norte,2694682.37982,0
28214,Paraiso,10/03/2011 19:24,Medio (4 - 8 mts),32,Mediano,-68.8480163772,-32.8930999266,2,Barrio Civico,2366816.36021,0
7997,Fresno americano,17/02/2011 12:49,Bajo (2 - 4 mts),22,Mediano,-68.8393483593,-32.889444035,3,Parque O'Higgins,1531146.02653,1
14885,Paraiso sombrilla,16/12/2011 11:28,Medio (4 - 8 mts),90,Grande,-68.8810003636,-32.8742961449,8,Aeroparque,2203364.73622,0
43026,Fresno europeo,05/10/2011 08:31,Medio (4 - 8 mts),68,Grande,-68.8323242997,-32.8777973635,4,Cuarta Este Área Fundacional,1822015.85685,0
30376,Morera,03/03/2011 12:44,Medio (4 - 8 mts),100,Grande,-68.839291749,-32.8897880387,3,Parque O'Higgins,1531146.02653,0
34564,Morera,30/03/2011 13:20,Medio (4 - 8 mts),160,Grande,-68.8478742497,-32.875465951,6,Residencial Norte,2694682.37982,0
25150,Tilo,09/02/2011 15:10,Medio (4 - 8 mts),56,Mediano,-68.8356909339,-32.8980055644,2,Barrio Civico,2366816.36021,0
43015,Acacia SP,05/10/2011 09:38,Alto (> 8 mts),140,Grande,-68.832369088,-32.8787546608,4,Cuarta Este Área Fundacional,1822015.85685,0
37914,Fresno europeo,19/11/2010 10:16,Alto (> 8 mts),110,Grande,-68.8492670871,-32.873253563,6,Residencial Norte,2694682.37982,0
34037,Fresno europeo,27/05/2011 10:44,Bajo (2 - 4 mts),90,Grande,-68.854917131,-32.8850005608,5,Residencial Sur,2423808.92355,0
17259,Prunas,05/08/2011 11:13,Bajo (2 - 4 mts),27,Mediano,-68.8355809944,-32.8648103067,4,Cuarta Oeste,1173332.70145,0
16510,Perenne,20/07/2011 09:48,Alto (> 8 mts),160,Grande,-68.8401775431,-32.8644435448,4,Cuarta Oeste,1173332.70145,0
21928,Morera,06/06/2011 10:31,Alto (> 8 mts),137,Grande,-68.8578256266,-32.8957039159,5,Residencial Sur,2423808.92355,0
3520,Morera,05/09/2011 09:49,Muy bajo (1 - 2 mts),8,Chico,-68.827248673,-32.8680257099,4,Cuarta Este Área Fundacional,1822015.85685,0
42685,Morera,23/09/2011 11:34,Medio (4 - 8 mts),150,Grande,-68.8299329116,-32.8777731516,4,Cuarta Este Área Fundacional,1822015.85685,0
41491,Fresno americano,07/04/2011 12:41,Medio (4 - 8 mts),140,Grande,-68.8423216741,-32.8809812406,1,Parque Central,1655357.93265,0
48213,Ligustro,01/09/2011 13:12,Medio (4 - 8 mts),150,Grande,-68.8279685813,-32.8688587963,4,Cuarta Este Área Fundacional,1822015.85685,0
3405,Morera,17/08/2011 12:39,Alto (> 8 mts),145,Grande,-68.8323422494,-32.8672196081,4,Cuarta Oeste,1173332.70145,0
2323,Fresno americano,02/11/2011 10:01,Medio (4 - 8 mts),45,Mediano,-68.835502612,-32.8950479831,3,Parque O'Higgins,1531146.02653,0
21045,Ailanthus,24/06/2011 10:05,Alto (> 8 mts),160,Grande,-68.8638470401,-32.9002276367,5,Residencial Sur,2423808.92355,0
24756,Platano,15/02/2011 12:31,Alto (> 8 mts),236,Grande,-68.8407894764,-32.8963922317,2,Barrio Civico,2366816.36021,0
41678,Morera,26/04/2011 13:08,Alto (> 8 mts),160,Grande,-68.8371007136,-32.8764166005,1,Parque Central,1655357.93265,0
45154,Fresno europeo,01/09/2011 09:28,Medio (4 - 8 mts),80,Grande,-68.8243258289,-32.8711492007,4,Cuarta Este Área Fundacional,1822015.85685,0
4752,Fresno europeo,03/08/2011 09:38,Medio (4 - 8 mts),68,Grande,-68.8344620956,-32.8660792724,4,Cuarta Oeste,1173332.70145,0
24226,Paraiso,25/01/2011 13:58,Alto (> 8 mts),172,Grande,-68.8457335852,-32.9008780896,2,Barrio Civico,2366816.36021,0
32378,Platano,06/05/2011 09:19,Alto (> 8 mts),190,Grande,-68.8528206676,-32.8919515986,5,Residencial Sur,2423808.92355,1
16249,Paraiso,20/07/2011 09:24,Alto (> 8 mts),110,Grande,-68.842783686,-32.8648397156,4,Cuarta Oeste,1173332.70145,0
2272,Fresno americano,28/10/2011 09:54,Medio (4 - 8 mts),80,Grande,-68.8373138476,-32.8909922068,3,Parque O'Higgins,1531146.02653,0
19640,Fresno americano,13/07/2011 10:24,Alto (> 8 mts),132,Grande,-68.834107121,-32.8701092856,4,Cuarta Oeste,1173332.70145,0
1201,Paraiso,29/11/2011 11:21,Alto (> 8 mts),130,Grande,-68.8772046984,-32.8653960112,8,Aeroparque,2203364.73622,0
43806,Fresno europeo,18/10/2011 16:22,Medio (4 - 8 mts),106,Grande,-68.8318138143,-32.8825001716,3,Parque O'Higgins,1531146.02653,0
7492,Fresno europeo,23/06/2011 10:06,Medio (4 - 8 mts),50,Mediano,-68.8627750453,-32.9003550702,5,Residencial Sur,2423808.92355,0
3256,Morera,28/09/2011 11:11,Medio (4 - 8 mts),24,Mediano,-68.8227208303,-32.8727343133,4,Cuarta Este Área Fundacional,1822015.85685,0
33215,Olmo comun,09/05/2011 12:29,Medio (4 - 8 mts),200,Grande,-68.8545536837,-32.891341558,5,Residencial Sur,2423808.92355,0
1380,Acer,23/11/2011 11:25,Medio (4 - 8 mts),50,Mediano,-68.8706584764,-32.8785192787,7,Residencial Parque,1786336.08966,0
17566,Fresno europeo,28/07/2011 09:51,Alto (> 8 mts),60,Mediano,-68.8410994245,-32.866813562,4,Cuarta Oeste,1173332.70145,0
36710,Fresno americano,14/06/2011 17:57,Bajo (2 - 4 mts),110,Grande,-68.859810114,-32.8822321611,7,Residencial Parque,1786336.08966,0
42683,Morera,23/09/2011 11:42,Medio (4 - 8 mts),160,Grande,-68.8305425144,-32.8777391168,4,Cuarta Este Área Fundacional,1822015.85685,0
13671,Morera,28/02/2011 11:22,Alto (> 8 mts),170,Grande,-68.8525225226,-32.864970935,6,Residencial Norte,2694682.37982,0
14939,Acacia SP,19/12/2011 11:21,Bajo (2 - 4 mts),36,Mediano,-68.8801588691,-32.8739312761,8,Aeroparque,2203364.73622,0
11603,Paraiso,10/05/2010 11:01,Medio (4 - 8 mts),134,Grande,-68.852532446,-32.8672873357,6,Residencial Norte,2694682.37982,0
36994,Morera,01/04/2011 11:54,Alto (> 8 mts),162,Grande,-68.8577372142,-32.8779024054,7,Residencial Parque,1786336.08966,0
31349,Morera,01/03/2011 12:56,Medio (4 - 8 mts),36,Mediano,-68.849453936,-32.866018819,6,Residencial Norte,2694682.37982,0
37001,Platano,01/04/2011 11:39,Alto (> 8 mts),112,Grande,-68.8579226907,-32.8773422353,7,Residencial Parque,1786336.08966,0
11628,Morera,27/01/2011 11:16,Alto (> 8 mts),60,Mediano,-68.850221073,-32.8665140914,6,Residencial Norte,2694682.37982,0
11957,Fresno europeo,14/05/2010 09:45,Medio (4 - 8 mts),111,Grande,-68.8516380191,-32.8681349534,6,Residencial Norte,2694682.37982,0
17497,Morera,16/01/2012 08:52,Alto (> 8 mts),165,Grande,-68.8360439995,-32.8678879902,4,Cuarta Oeste,1173332.70145,0
22486,Paraiso,23/06/2011 11:54,Alto (> 8 mts),140,Grande,-68.8621631594,-32.8983722768,5,Residencial Sur,2423808.92355,0
10175,Paraiso,20/12/2010 10:37,Alto (> 8 mts),160,Grande,-68.8529374088,-32.8717407412,6,Residencial Norte,2694682.37982,0
20417,Platano,23/05/2011 11:33,Alto (> 8 mts),131,Grande,-68.8606298524,-32.8935720485,5,Residencial Sur,2423808.92355,0
24793,Platano,17/02/2011 12:25,Alto (> 8 mts),265,Grande,-68.841134183,-32.8977143239,2,Barrio Civico,2366816.36021,0
1520,Fresno europeo,24/11/2011 10:19,Muy bajo (1 - 2 mts),20,Chico,-68.8734336773,-32.8780181448,7,Residencial Parque,1786336.08966,0
10320,Morera,26/11/2010 12:24,Muy bajo (1 - 2 mts),10,Chico,-68.8568139037,-32.8722111295,6,Residencial Norte,2694682.37982,0
31133,Fresno europeo,08/02/2011 10:19,Medio (4 - 8 mts),92,Grande,-68.8546139371,-32.8640590882,6,Residencial Norte,2694682.37982,0
29333,Platano,25/04/2011 09:28,Alto (> 8 mts),180,Grande,-68.8435703572,-32.8866276925,1,Parque Central,1655357.93265,0
14221,Morera,07/12/2011 16:57,Medio (4 - 8 mts),70,Grande,-68.8766281077,-32.8660547836,8,Aeroparque,2203364.73622,1
29935,Fresno americano,04/10/2011 11:36,Bajo (2 - 4 mts),135,Grande,-68.8432805534,-32.8864924366,1,Parque Central,1655357.93265,1
18222,Eucalyptus,05/08/2011 11:46,Alto (> 8 mts),140,Grande,-68.8387669628,-32.8676006426,4,Cuarta Oeste,1173332.70145,0
46346,Morera,19/09/2011 14:16,Alto (> 8 mts),158,Grande,-68.8260708591,-32.8738000038,4,Cuarta Este Área Fundacional,1822015.85685,0
11399,Morera,26/01/2011 15:33,Alto (> 8 mts),104,Grande,-68.8508480308,-32.9005637145,2,Barrio Civico,2366816.36021,0
41242,Fresno europeo,15/04/2011 14:00,Alto (> 8 mts),133,Grande,-68.8394849205,-32.8819761856,1,Parque Central,1655357.93265,1
1888,Morera,17/11/2011 12:32,Medio (4 - 8 mts),62,Grande,-68.8582572191,-32.8697462772,6,Residencial Norte,2694682.37982,0
27720,Platano,01/11/2011 11:12,Alto (> 8 mts),320,Grande,-68.8375703227,-32.8950586119,2,Barrio Civico,2366816.36021,0
8300,Morera,02/03/2011 15:41,Alto (> 8 mts),62,Grande,-68.8418081727,-32.8943404272,2,Barrio Civico,2366816.36021,1
44896,Morera,23/08/2011 09:52,Medio (4 - 8 mts),65,Grande,-68.8248026158,-32.8672262374,4,Cuarta Este Área Fundacional,1822015.85685,0
28444,Morera,28/02/2011 09:39,Alto (> 8 mts),170,Grande,-68.846618807,-32.8894292433,2,Barrio Civico,2366816.36021,0
663,Morera,07/03/2012 16:15,Medio (4 - 8 mts),110,Grande,-68.8182431856,-32.8680452757,4,Cuarta Este Área Fundacional,1822015.85685,0
28861,Fresno americano,26/04/2011 12:41,Alto (> 8 mts),120,Grande,-68.8465731723,-32.8858741714,1,Parque Central,1655357.93265,0
1456,Acacia SP,25/11/2011 10:29,Medio (4 - 8 mts),70,Grande,-68.8712611744,-32.8760081746,7,Residencial Parque,1786336.08966,0
6304,Paraiso sombrilla,27/06/2011 11:11,Bajo (2 - 4 mts),65,Grande,-68.8588906345,-32.889975035,5,Residencial Sur,2423808.92355,0
9527,Ligustro,04/02/2011 10:45,Muy bajo (1 - 2 mts),6,Chico,-68.8540859715,-32.8636694181,6,Residencial Norte,2694682.37982,0
14855,Paraiso,19/12/2011 07:48,Medio (4 - 8 mts),70,Grande,-68.880941459,-32.8740013069,8,Aeroparque,2203364.73622,0
9236,Morera,28/02/2011 12:43,Medio (4 - 8 mts),52,Mediano,-68.8493311742,-32.8657844469,6,Residencial Norte,2694682.37982,0
39427,Paraiso,11/11/2010 11:26,Medio (4 - 8 mts),150,Grande,-68.8551950679,-32.8704075255,6,Residencial Norte,2694682.37982,0
18962,Morera,04/08/2011 11:25,Alto (> 8 mts),190,Grande,-68.8373311489,-32.8687809956,4,Cuarta Oeste,1173332.70145,0
38827,Morera,13/12/2010 14:14,Alto (> 8 mts),80,Grande,-68.849556652,-32.8714855992,6,Residencial Norte,2694682.37982,0
6350,Platano,27/06/2011 11:22,Medio (4 - 8 mts),62,Grande,-68.8541560895,-32.8902736039,5,Residencial Sur,2423808.92355,0
13189,Morera,21/02/2011 10:01,Medio (4 - 8 mts),96,Grande,-68.847010054,-32.8655037239,4,Cuarta Oeste,1173332.70145,0
7402,Fresno europeo,19/05/2011 16:40,Alto (> 8 mts),98,Grande,-68.8554923712,-32.8994735037,5,Residencial Sur,2423808.92355,0
19597,Prunas,11/07/2011 09:55,Bajo (2 - 4 mts),18,Chico,-68.8361651551,-32.8715794862,4,Cuarta Oeste,1173332.70145,0
44479,Platano,17/10/2011 12:36,Alto (> 8 mts),210,Grande,-68.8364809434,-32.8846237207,3,Parque O'Higgins,1531146.02653,0
47613,Fresno europeo,08/09/2011 11:01,Medio (4 - 8 mts),60,Mediano,-68.8294335005,-32.8710273271,4,Cuarta Este Área Fundacional,1822015.85685,0
30587,Paraiso sombrilla,09/02/2011 11:56,Alto (> 8 mts),150,Grande,-68.8573663984,-32.8658623669,6,Residencial Norte,2694682.37982,0
41617,Fresno americano,03/05/2011 12:15,Alto (> 8 mts),120,Grande,-68.8364113471,-32.8763141368,1,Parque Central,1655357.93265,0
33757,Morera,12/05/2011 10:03,Medio (4 - 8 mts),120,Grande,-68.8578150367,-32.8858722187,5,Residencial Sur,2423808.92355,1
2824,Conifera,04/11/2011 09:37,Bajo (2 - 4 mts),20,Chico,-68.8308923462,-32.8919089836,3,Parque O'Higgins,1531146.02653,0
40039,Fresno europeo,18/04/2011 13:23,Medio (4 - 8 mts),60,Mediano,-68.8430159319,-32.8786206891,1,Parque Central,1655357.93265,0
24561,Morera,28/01/2011 13:58,Muy bajo (1 - 2 mts),20,Chico,-68.8436053591,-32.9021015068,2,Barrio Civico,2366816.36021,0
31536,Fresno europeo,18/05/2011 10:35,Medio (4 - 8 mts),63,Grande,-68.8601858057,-32.8905604442,5,Residencial Sur,2423808.92355,0
41825,Alamo blanco,25/04/2011 12:18,Alto (> 8 mts),210,Grande,-68.8434511937,-32.8783636497,1,Parque Central,1655357.93265,0
20730,Morera,31/05/2011 10:24,Alto (> 8 mts),115,Grande,-68.863307166,-32.8975816679,5,Residencial Sur,2423808.92355,0
37871,Morera,24/11/2010 10:14,Alto (> 8 mts),170,Grande,-68.850505256,-32.8737234789,6,Residencial Norte,2694682.37982,0
31866,Morera,29/06/2011 10:43,Alto (> 8 mts),123,Grande,-68.8602160637,-32.8891230009,5,Residencial Sur,2423808.92355,0
23623,Fresno americano,21/01/2011 09:52,Medio (4 - 8 mts),32,Mediano,-68.8477619237,-32.9003988928,2,Barrio Civico,2366816.36021,0
15408,Tipa,17/11/2011 12:48,Medio (4 - 8 mts),107,Grande,-68.8591378376,-32.8721887857,6,Residencial Norte,2694682.37982,0
48124,Morera,17/08/2011 11:20,Alto (> 8 mts),140,Grande,-68.829713744,-32.8668696782,4,Cuarta Este Área Fundacional,1822015.85685,0
24338,Morera,26/01/2011 12:39,Alto (> 8 mts),200,Grande,-68.8439282796,-32.9024805632,2,Barrio Civico,2366816.36021,0
613,Perenne,08/03/2012 08:06,Muy bajo (1 - 2 mts),10,Chico,-68.8191289528,-32.8679865067,4,Cuarta Este Área Fundacional,1822015.85685,0
26511,Conifera,04/11/2011 09:33,Bajo (2 - 4 mts),20,Chico,-68.8309265987,-32.8917525027,3,Parque O'Higgins,1531146.02653,0
43764,Morera,14/10/2011 19:17,Alto (> 8 mts),150,Grande,-68.8338224949,-32.8821833933,3,Parque O'Higgins,1531146.02653,1
43281,Morera,21/10/2011 17:28,Medio (4 - 8 mts),100,Grande,-68.8338391629,-32.8801803954,1,Parque Central,1655357.93265,0
24995,Olmo comun,16/02/2011 08:35,Alto (> 8 mts),130,Grande,-68.8370243381,-32.8967110754,2,Barrio Civico,2366816.36021,0
45282,Prunas,16/09/2011 09:57,Bajo (2 - 4 mts),20,Chico,-68.8245068961,-32.8713439322,4,Cuarta Este Área Fundacional,1822015.85685,1
48113,Morera,29/09/2011 09:07,Alto (> 8 mts),170,Grande,-68.8255072425,-32.866963206,4,Cuarta Este Área Fundacional,1822015.85685,0
28222,Morera,10/03/2011 19:12,Alto (> 8 mts),168,Grande,-68.8477052724,-32.8925546056,2,Barrio Civico,2366816.36021,1
36413,Platano,21/03/2011 09:35,Alto (> 8 mts),240,Grande,-68.8530086959,-32.8789192996,6,Residencial Norte,2694682.37982,0
5429,Morera,18/04/2011 12:41,Medio (4 - 8 mts),60,Mediano,-68.8428738599,-32.8794181114,1,Parque Central,1655357.93265,0
17209,Morera,30/06/2011 11:35,Alto (> 8 mts),135,Grande,-68.8351070692,-32.8624379965,4,Cuarta Oeste,1173332.70145,0
45977,Olmo comun,24/08/2011 12:18,Medio (4 - 8 mts),145,Grande,-68.817975083,-32.8688481953,4,Cuarta Este Área Fundacional,1822015.85685,0
36315,Fresno europeo,01/04/2011 12:35,Medio (4 - 8 mts),70,Grande,-68.8528434524,-32.8771318587,6,Residencial Norte,2694682.37982,0
27043,Platano,09/11/2011 10:44,Alto (> 8 mts),175,Grande,-68.8394794372,-32.8913599964,3,Parque O'Higgins,1531146.02653,0
11671,Morera,26/01/2011 13:29,Alto (> 8 mts),145,Grande,-68.8493938781,-32.8682702176,6,Residencial Norte,2694682.37982,0
47774,Paraiso sombrilla,15/09/2011 13:45,Medio (4 - 8 mts),143,Grande,-68.8275484961,-32.8724392299,4,Cuarta Este Área Fundacional,1822015.85685,0
30760,Morera,03/02/2011 13:58,Alto (> 8 mts),145,Grande,-68.8554192652,-32.8688934635,6,Residencial Norte,2694682.37982,0
42807,Morera,07/10/2011 18:21,Medio (4 - 8 mts),64,Grande,-68.8313840748,-32.8776862625,4,Cuarta Este Área Fundacional,1822015.85685,0
33261,Fresno europeo,29/06/2011 12:11,Bajo (2 - 4 mts),40,Mediano,-68.8561912866,-32.890436801,5,Residencial Sur,2423808.92355,0
40022,Morera,19/04/2011 09:53,Alto (> 8 mts),190,Grande,-68.8442417829,-32.8787031937,1,Parque Central,1655357.93265,1
30189,Morera,09/03/2011 10:33,Alto (> 8 mts),90,Grande,-68.8430751329,-32.8897111267,2,Barrio Civico,2366816.36021,1
28224,Morera,10/03/2011 19:09,Alto (> 8 mts),178,Grande,-68.8474539912,-32.8926019591,2,Barrio Civico,2366816.36021,1
28801,Fresno americano,04/10/2011 11:07,Alto (> 8 mts),147,Grande,-68.8483769044,-32.8856702939,1,Parque Central,1655357.93265,0
15816,Paraiso sombrilla,21/11/2011 16:30,Medio (4 - 8 mts),100,Grande,-68.873279068,-32.877966387,7,Residencial Parque,1786336.08966,0
36776,Platano,21/03/2011 17:22,Alto (> 8 mts),98,Grande,-68.8579715513,-32.8814576804,7,Residencial Parque,1786336.08966,0
39414,Paraiso,12/11/2010 11:54,Alto (> 8 mts),150,Grande,-68.8556641313,-32.8698343085,6,Residencial Norte,2694682.37982,1
7882,Fresno europeo,16/06/2011 12:28,Medio (4 - 8 mts),45,Mediano,-68.8541994348,-32.8892650158,5,Residencial Sur,2423808.92355,0
16526,Morera,19/07/2011 11:24,Alto (> 8 mts),180,Grande,-68.8416804789,-32.8645710619,4,Cuarta Oeste,1173332.70145,1
14088,Morera,02/12/2011 09:29,Alto (> 8 mts),120,Grande,-68.8763904082,-32.8688558556,8,Aeroparque,2203364.73622,0
2084,Morera,22/11/2011 12:38,Bajo (2 - 4 mts),18,Chico,-68.8296220328,-32.8823704217,3,Parque O'Higgins,1531146.02653,1
24535,Prunas,27/01/2011 13:11,Bajo (2 - 4 mts),30,Mediano,-68.8431352853,-32.9011266989,2,Barrio Civico,2366816.36021,0
38456,Paraiso,03/11/2010 12:36,Alto (> 8 mts),187,Grande,-68.8514694097,-32.8691636772,6,Residencial Norte,2694682.37982,0
35663,Morera,17/03/2011 11:46,Medio (4 - 8 mts),136,Grande,-68.8566302803,-32.8747990663,6,Residencial Norte,2694682.37982,0
9469,Morera,01/02/2011 11:24,Alto (> 8 mts),120,Grande,-68.85195784,-32.8643626454,6,Residencial Norte,2694682.37982,0
45459,Morera,16/09/2011 11:25,Alto (> 8 mts),138,Grande,-68.8227430888,-32.8712945753,4,Cuarta Este Área Fundacional,1822015.85685,1
35789,Morera,18/03/2011 11:25,Alto (> 8 mts),130,Grande,-68.8540741706,-32.8752804102,6,Residencial Norte,2694682.37982,0
43884,Platano,11/10/2011 09:47,Alto (> 8 mts),300,Grande,-68.8337114747,-32.8837226149,3,Parque O'Higgins,1531146.02653,0
8228,Fresno europeo,03/03/2011 14:38,Muy bajo (1 - 2 mts),10,Chico,-68.8415645315,-32.8925895136,2,Barrio Civico,2366816.36021,0
16163,Morera,18/07/2011 10:10,Alto (> 8 mts),205,Grande,-68.8437477249,-32.8676436618,4,Cuarta Oeste,1173332.70145,0
46795,Fresno americano,07/09/2011 10:56,Medio (4 - 8 mts),89,Grande,-68.832176789,-32.8718670882,4,Cuarta Este Área Fundacional,1822015.85685,0
45468,Fresno europeo,19/09/2011 10:57,Medio (4 - 8 mts),150,Grande,-68.8231517305,-32.8715943357,4,Cuarta Este Área Fundacional,1822015.85685,0
14430,Morera,02/12/2011 09:23,Bajo (2 - 4 mts),40,Mediano,-68.8781323633,-32.8684382206,8,Aeroparque,2203364.73622,0
45340,Fresno europeo,16/09/2011 09:16,Alto (> 8 mts),240,Grande,-68.8246643027,-32.8729004042,4,Cuarta Este Área Fundacional,1822015.85685,0
28034,Morera,16/03/2011 18:53,Alto (> 8 mts),182,Grande,-68.8465497872,-32.8927744491,2,Barrio Civico,2366816.36021,0
40313,Olmo comun,11/04/2011 12:06,Medio (4 - 8 mts),140,Grande,-68.846107331,-32.8807667651,1,Parque Central,1655357.93265,0
6987,Fresno europeo,31/05/2011 10:15,Bajo (2 - 4 mts),18,Chico,-68.8622492294,-32.8968100707,5,Residencial Sur,2423808.92355,0
32382,Morera,06/05/2011 09:09,Alto (> 8 mts),120,Grande,-68.8529363921,-32.8923888476,5,Residencial Sur,2423808.92355,0
26353,Fresno europeo,21/10/2011 10:01,Alto (> 8 mts),130,Grande,-68.8338275602,-32.8876644624,3,Parque O'Higgins,1531146.02653,0
2743,Olmo comun,14/10/2011 11:40,Alto (> 8 mts),240,Grande,-68.8301210073,-32.8850835123,3,Parque O'Higgins,1531146.02653,0
15681,Fresno europeo,15/11/2011 11:49,Muy bajo (1 - 2 mts),18,Chico,-68.8613240177,-32.870669975,7,Residencial Parque,1786336.08966,0
13555,Acacia SP,28/01/2011 10:30,Alto (> 8 mts),160,Grande,-68.8505153742,-32.8644966732,6,Residencial Norte,2694682.37982,0
9350,Morera,18/02/2011 13:25,Bajo (2 - 4 mts),40,Mediano,-68.8468989754,-32.8645099578,4,Cuarta Oeste,1173332.70145,0
42080,Morera,12/04/2011 10:48,Medio (4 - 8 mts),90,Grande,-68.8427618886,-32.8795615482,1,Parque Central,1655357.93265,0
18226,Morera,29/07/2011 13:43,Alto (> 8 mts),150,Grande,-68.8392460046,-32.8684011524,4,Cuarta Oeste,1173332.70145,0
36790,Morera,07/04/2011 16:23,Alto (> 8 mts),200,Grande,-68.8599880563,-32.8809621608,7,Residencial Parque,1786336.08966,1
900,Fresno europeo,17/01/2012 08:08,Muy bajo (1 - 2 mts),10,Chico,-68.8463027169,-32.8736922881,6,Residencial Norte,2694682.37982,0
23427,Paraiso,27/01/2011 14:53,Alto (> 8 mts),86,Grande,-68.8502100568,-32.903110436,2,Barrio Civico,2366816.36021,1
36148,Fresno europeo,04/04/2011 13:57,Alto (> 8 mts),150,Grande,-68.8510680145,-32.877067995,6,Residencial Norte,2694682.37982,0
12838,Perenne,18/01/2011 09:27,Medio (4 - 8 mts),80,Grande,-68.846549873,-32.8634841843,4,Cuarta Oeste,1173332.70145,0
42179,Morera,06/05/2011 10:42,Alto (> 8 mts),150,Grande,-68.8404189817,-32.874240132,1,Parque Central,1655357.93265,0
38805,Caducifolio,14/12/2010 10:15,Muy bajo (1 - 2 mts),20,Chico,-68.8503174511,-32.8708997793,6,Residencial Norte,2694682.37982,0
42928,Morera,29/09/2011 10:30,Medio (4 - 8 mts),86,Grande,-68.8348245427,-32.877061392,1,Parque Central,1655357.93265,0
38296,Morera,01/12/2010 12:31,Alto (> 8 mts),190,Grande,-68.8467445665,-32.8713063715,6,Residencial Norte,2694682.37982,0
40457,Platano,11/04/2011 10:36,Alto (> 8 mts),210,Grande,-68.8432901777,-32.8830018698,1,Parque Central,1655357.93265,0
1919,Paraiso,18/11/2011 11:47,Bajo (2 - 4 mts),25,Mediano,-68.8597813546,-32.8718367225,7,Residencial Parque,1786336.08966,0
43632,Platano,12/10/2011 14:43,Alto (> 8 mts),170,Grande,-68.8327986635,-32.8836487215,3,Parque O'Higgins,1531146.02653,1
21266,Morera,13/06/2011 12:55,Alto (> 8 mts),125,Grande,-68.853168276900007,-32.8960481428,5,Residencial Sur,2423808.92355,0
43369,Morera,25/10/2011 17:35,Medio (4 - 8 mts),90,Grande,-68.8337258294,-32.8804103911,3,Parque O'Higgins,1531146.02653,0
9030,Morera,10/01/2011 13:14,Alto (> 8 mts),50,Mediano,-68.8452645451,-32.8664469953,4,Cuarta Oeste,1173332.70145,0
45830,Morera,26/09/2011 08:49,Alto (> 8 mts),170,Grande,-68.8205865083,-32.8694683271,4,Cuarta Este Área Fundacional,1822015.85685,0
11914,Morera,12/05/2010 12:08,Alto (> 8 mts),142,Grande,-68.8513037499,-32.8665162233,6,Residencial Norte,2694682.37982,0
46552,Morera,07/09/2011 11:36,Alto (> 8 mts),180,Grande,-68.8330598323,-32.8683748359,4,Cuarta Oeste,1173332.70145,0
20791,Morera,31/05/2011 10:06,Bajo (2 - 4 mts),28,Mediano,-68.8627193341,-32.896800270599996,5,Residencial Sur,2423808.92355,0
27993,Morera,04/11/2011 08:08,Medio (4 - 8 mts),45,Mediano,-68.8355611229,-32.8929856299,3,Parque O'Higgins,1531146.02653,0
27154,Paraiso,27/10/2011 10:04,Medio (4 - 8 mts),65,Grande,-68.8370904468,-32.8898353038,3,Parque O'Higgins,1531146.02653,0
2898,Morera,20/09/2011 12:24,Alto (> 8 mts),135,Grande,-68.832111427,-32.8730498488,4,Cuarta Este Área Fundacional,1822015.85685,0
45376,Morera,15/09/2011 16:47,Medio (4 - 8 mts),300,Grande,-68.8233905738,-32.8723866307,4,Cuarta Este Área Fundacional,1822015.85685,0
27922,Platano,03/11/2011 11:39,Alto (> 8 mts),168,Grande,-68.8383589662,-32.894184543,2,Barrio Civico,2366816.36021,1
33924,Morera,24/05/2011 10:17,Medio (4 - 8 mts),110,Grande,-68.8515956179,-32.8843501501,1,Parque Central,1655357.93265,0
813,Aguaribay,16/12/2011 12:12,Medio (4 - 8 mts),98,Grande,-68.8825596605,-32.8668244233,8,Aeroparque,2203364.73622,0
45644,Fresno europeo,21/09/2011 13:11,Medio (4 - 8 mts),51,Mediano,-68.8216183078,-32.8721854729,4,Cuarta Este Área Fundacional,1822015.85685,0
22816,Fresno americano,14/06/2011 12:18,Medio (4 - 8 mts),38,Mediano,-68.8586593022,-32.9022214683,5,Residencial Sur,2423808.92355,0
21502,Platano,11/05/2011 10:56,Alto (> 8 mts),180,Grande,-68.8534147781,-32.8944878521,5,Residencial Sur,2423808.92355,1
31047,Fresno europeo,16/02/2011 10:37,Alto (> 8 mts),94,Grande,-68.855422818,-32.86484646,6,Residencial Norte,2694682.37982,0
8558,Perenne,18/02/2011 09:19,Medio (4 - 8 mts),58,Mediano,-68.8400450901,-32.896972589,2,Barrio Civico,2366816.36021,1
27300,Platano,31/10/2011 09:37,Alto (> 8 mts),178,Grande,-68.8355034328,-32.8890217933,3,Parque O'Higgins,1531146.02653,0
20444,Morera,17/05/2011 10:26,Alto (> 8 mts),120,Grande,-68.8617573075,-32.89267233,5,Residencial Sur,2423808.92355,0
237,Morera,06/03/2012 09:28,Medio (4 - 8 mts),35,Mediano,-68.8383248382,-32.8705394661,4,Cuarta Oeste,1173332.70145,0
31538,Morera,18/05/2011 10:30,Alto (> 8 mts),107,Grande,-68.8601752862,-32.890453582,5,Residencial Sur,2423808.92355,0
30353,Morera,14/03/2011 11:28,Alto (> 8 mts),110,Grande,-68.8405231618,-32.8905311445,3,Parque O'Higgins,1531146.02653,0
14172,Fresno europeo,30/11/2011 10:13,Medio (4 - 8 mts),16,Chico,-68.8766088857,-32.8666941334,8,Aeroparque,2203364.73622,0
15591,Paraiso,16/11/2011 16:07,Bajo (2 - 4 mts),42,Mediano,-68.8614931187,-32.8717409292,7,Residencial Parque,1786336.08966,0
7244,Paraiso,17/06/2011 11:04,Bajo (2 - 4 mts),45,Mediano,-68.8630818541,-32.8981203484,5,Residencial Sur,2423808.92355,0
39086,Morera,22/12/2010 09:08,Bajo (2 - 4 mts),35,Mediano,-68.8536683704,-32.8716160826,6,Residencial Norte,2694682.37982,0
16836,Paraiso,08/08/2011 13:20,Alto (> 8 mts),142,Grande,-68.8387794898,-32.8642823999,4,Cuarta Oeste,1173332.70145,0
24409,Morera,21/01/2011 08:55,Alto (> 8 mts),142,Grande,-68.8457636482,-32.9036120664,2,Barrio Civico,2366816.36021,0
22574,Morera,16/06/2011 10:05,Alto (> 8 mts),140,Grande,-68.8612646827,-32.9000983812,5,Residencial Sur,2423808.92355,0
14359,Fresno europeo,01/12/2011 13:16,Bajo (2 - 4 mts),32,Mediano,-68.8778218303,-32.8658172979,8,Aeroparque,2203364.73622,0
12609,Morera,14/01/2011 11:48,Alto (> 8 mts),190,Grande,-68.8456451711,-32.8626236808,4,Cuarta Oeste,1173332.70145,0
10103,Alamo blanco,05/01/2011 12:02,Alto (> 8 mts),82,Grande,-68.8581402152,-32.8711523192,6,Residencial Norte,2694682.37982,0
39114,Acacia SP,16/01/2012 13:00,Alto (> 8 mts),80,Grande,-68.8529476971,-32.8721772635,6,Residencial Norte,2694682.37982,0
6559,Fresno europeo,19/05/2011 09:53,Medio (4 - 8 mts),80,Grande,-68.8579009008,-32.8909534508,5,Residencial Sur,2423808.92355,0
34611,Paraiso,17/01/2012 11:55,Medio (4 - 8 mts),100,Grande,-68.8473454895,-32.874955463,6,Residencial Norte,2694682.37982,1
14258,Morera,07/12/2011 10:33,Alto (> 8 mts),140,Grande,-68.8777661098,-32.8674998261,8,Aeroparque,2203364.73622,0
32635,Platano,21/06/2011 12:02,Alto (> 8 mts),146,Grande,-68.8526751119,-32.8903967307,5,Residencial Sur,2423808.92355,0
29353,Platano,25/04/2011 08:42,Alto (> 8 mts),185,Grande,-68.8428421218,-32.8876831919,3,Parque O'Higgins,1531146.02653,0
16516,Paraiso,20/07/2011 09:36,Alto (> 8 mts),165,Grande,-68.8405815637,-32.8642959118,4,Cuarta Oeste,1173332.70145,1
5826,Paraiso,03/05/2011 11:12,Medio (4 - 8 mts),93,Grande,-68.8431839975,-32.8743026998,1,Parque Central,1655357.93265,0
41363,Morera,19/04/2011 09:01,Alto (> 8 mts),170,Grande,-68.8410579572,-32.8819781179,1,Parque Central,1655357.93265,0
3284,Fresno europeo,30/09/2011 11:26,Medio (4 - 8 mts),25,Mediano,-68.8279895423,-32.8771741829,4,Cuarta Este Área Fundacional,1822015.85685,0
13660,Morera,25/02/2011 13:36,Alto (> 8 mts),140,Grande,-68.8520304565,-32.8651944587,6,Residencial Norte,2694682.37982,0
20133,Platano,16/05/2011 10:58,Alto (> 8 mts),180,Grande,-68.8605041414,-32.891336525,5,Residencial Sur,2423808.92355,0
31671,Morera,14/06/2011 10:28,Muy bajo (1 - 2 mts),5,Chico,-68.8589138371,-32.8889166742,5,Residencial Sur,2423808.92355,0
28166,Tipa,22/02/2011 09:35,Alto (> 8 mts),262,Grande,-68.8477791129,-32.8915990434,2,Barrio Civico,2366816.36021,0
42824,Morera,30/09/2011 13:23,Alto (> 8 mts),140,Grande,-68.8310647298,-32.8766141233,4,Cuarta Este Área Fundacional,1822015.85685,1
45555,Morera,07/09/2011 09:32,Alto (> 8 mts),162,Grande,-68.82061801,-32.8706773122,4,Cuarta Este Área Fundacional,1822015.85685,0
7043,Fresno europeo,14/06/2011 11:50,Medio (4 - 8 mts),60,Mediano,-68.8567963477,-32.8979022889,5,Residencial Sur,2423808.92355,0
14834,Morera,07/12/2011 10:09,Bajo (2 - 4 mts),46,Mediano,-68.8782924929,-32.8694799497,8,Aeroparque,2203364.73622,0
20733,Morera,31/05/2011 10:19,Medio (4 - 8 mts),68,Grande,-68.8632333411,-32.897214058,5,Residencial Sur,2423808.92355,0
5914,Fresno americano,25/04/2011 12:42,Alto (> 8 mts),165,Grande,-68.8429100132,-32.8866922889,1,Parque Central,1655357.93265,0
35571,Morera,09/03/2011 10:04,Medio (4 - 8 mts),80,Grande,-68.8556106807,-32.8734762806,6,Residencial Norte,2694682.37982,0
24719,Morera,17/02/2011 10:59,Alto (> 8 mts),180,Grande,-68.8411515742,-32.8992403927,2,Barrio Civico,2366816.36021,1
42032,Platano,08/04/2011 13:23,Alto (> 8 mts),210,Grande,-68.8406606664,-32.8798652032,1,Parque Central,1655357.93265,0
5373,Acer,26/04/2011 09:23,Bajo (2 - 4 mts),50,Mediano,-68.8431415567,-32.8775892312,1,Parque Central,1655357.93265,0
36617,Morera,15/06/2011 09:48,Medio (4 - 8 mts),100,Grande,-68.8583826326,-32.8828358278,7,Residencial Parque,1786336.08966,0
9376,Morera,15/02/2011 13:23,Bajo (2 - 4 mts),24,Mediano,-68.8446713741,-32.8651297269,4,Cuarta Oeste,1173332.70145,0
48116,Morera,29/09/2011 09:03,Alto (> 8 mts),133,Grande,-68.8254832507,-32.8667203462,4,Cuarta Este Área Fundacional,1822015.85685,0
4199,Olmo bola,06/07/2011 13:43,Medio (4 - 8 mts),76,Grande,-68.8382303949,-32.8747265293,1,Parque Central,1655357.93265,0
7391,Morera,12/05/2011 12:19,Alto (> 8 mts),104,Grande,-68.8541255055,-32.9003629912,5,Residencial Sur,2423808.92355,1
38517,Fresno europeo,02/11/2010 12:23,Alto (> 8 mts),150,Grande,-68.8507800562,-32.8692740358,6,Residencial Norte,2694682.37982,0
46652,Morera,05/09/2011 08:32,Alto (> 8 mts),110,Grande,-68.8312518896,-32.8698025299,4,Cuarta Este Área Fundacional,1822015.85685,1
40407,Platano,12/04/2011 10:28,Alto (> 8 mts),215,Grande,-68.8447230827,-32.8829268003,1,Parque Central,1655357.93265,0
45009,Fresno europeo,31/08/2011 12:37,Medio (4 - 8 mts),125,Grande,-68.8250628934,-32.8695286497,4,Cuarta Este Área Fundacional,1822015.85685,0
37678,Morera,24/02/2012 08:58,Alto (> 8 mts),160,Grande,-68.8519141238,-32.8720334332,6,Residencial Norte,2694682.37982,0
38371,Paraiso,05/11/2010 11:19,Alto (> 8 mts),170,Grande,-68.8529713687,-32.8702649779,6,Residencial Norte,2694682.37982,0
26345,Platano,20/10/2011 11:14,Alto (> 8 mts),300,Grande,-68.8327708791,-32.8877450709,3,Parque O'Higgins,1531146.02653,0
29109,Platano,27/04/2011 09:32,Alto (> 8 mts),220,Grande,-68.8440763597,-32.8853833076,1,Parque Central,1655357.93265,0
40902,Platano,26/04/2011 16:04,Alto (> 8 mts),165,Grande,-68.8379613258,-32.8841744407,3,Parque O'Higgins,1531146.02653,0
28277,Platano,28/02/2011 15:33,Alto (> 8 mts),172,Grande,-68.8491458667,-32.8923956307,2,Barrio Civico,2366816.36021,0
24597,Morera,07/02/2011 10:51,Alto (> 8 mts),85,Grande,-68.8430419177,-32.9031579986,2,Barrio Civico,2366816.36021,0
21213,Acer,10/05/2011 10:48,Medio (4 - 8 mts),28,Mediano,-68.8515710425,-32.894859879,5,Residencial Sur,2423808.92355,0
16001,Morera,11/08/2011 09:21,Alto (> 8 mts),121,Grande,-68.8437162782,-32.8724748109,4,Cuarta Oeste,1173332.70145,0
44884,Paraiso,23/08/2011 10:13,Medio (4 - 8 mts),158,Grande,-68.8242250138,-32.8675488649,4,Cuarta Este Área Fundacional,1822015.85685,0
22029,Morera,16/05/2011 10:18,Alto (> 8 mts),115,Grande,-68.8575425121,-32.8930253907,5,Residencial Sur,2423808.92355,0
18938,Paraiso sombrilla,01/08/2011 09:51,Medio (4 - 8 mts),100,Grande,-68.8411880129,-32.8699077088,4,Cuarta Oeste,1173332.70145,0
7762,Fresno americano,17/05/2011 09:08,Bajo (2 - 4 mts),44,Mediano,-68.8528009453,-32.8859777903,5,Residencial Sur,2423808.92355,0
3204,Morera,23/09/2011 14:36,Medio (4 - 8 mts),44,Mediano,-68.8274390359,-32.8754520338,4,Cuarta Este Área Fundacional,1822015.85685,0
7856,Fresno europeo,02/06/2011 13:53,Medio (4 - 8 mts),66,Grande,-68.8603643584,-32.8844469932,5,Residencial Sur,2423808.92355,0
2974,Morera,15/09/2011 16:02,Alto (> 8 mts),145,Grande,-68.8258814209,-32.8719091402,4,Cuarta Este Área Fundacional,1822015.85685,1
2145,Platano,28/10/2011 10:48,Bajo (2 - 4 mts),16,Chico,-68.8389711592,-32.8918339147,3,Parque O'Higgins,1531146.02653,0
37505,Paraiso,15/11/2010 10:15,Alto (> 8 mts),180,Grande,-68.8562733979,-32.8693610793,6,Residencial Norte,2694682.37982,0
36156,Platano,04/04/2011 13:23,Alto (> 8 mts),210,Grande,-68.8518115621,-32.8769201852,6,Residencial Norte,2694682.37982,0
13164,Fresno europeo,18/02/2011 11:35,Alto (> 8 mts),160,Grande,-68.8465443595,-32.8655622218,4,Cuarta Oeste,1173332.70145,0
1555,Fresno europeo,21/11/2011 18:02,Bajo (2 - 4 mts),38,Mediano,-68.8736922068,-32.8792702373,7,Residencial Parque,1786336.08966,0
36159,Morera,04/04/2011 13:19,Alto (> 8 mts),130,Grande,-68.8520554964,-32.8768682659,6,Residencial Norte,2694682.37982,0
20492,Fresno europeo,01/06/2011 12:48,Alto (> 8 mts),85,Grande,-68.8600057157,-32.8980402219,5,Residencial Sur,2423808.92355,0
1873,Paraiso,15/11/2011 13:24,Medio (4 - 8 mts),95,Grande,-68.8609141579,-32.8705710992,7,Residencial Parque,1786336.08966,0
7562,Morera,16/06/2011 13:02,Muy bajo (1 - 2 mts),4,Chico,-68.8570640486,-32.8830926357,5,Residencial Sur,2423808.92355,0
2416,Fresno americano,20/10/2011 10:55,Medio (4 - 8 mts),190,Grande,-68.8314922964,-32.8884810628,3,Parque O'Higgins,1531146.02653,0
38587,Paraiso,17/12/2010 10:28,Alto (> 8 mts),190,Grande,-68.8518401795,-32.870945739,6,Residencial Norte,2694682.37982,0
3633,Fresno europeo,23/08/2011 11:18,Alto (> 8 mts),160,Grande,-68.8229724096,-32.8692767033,4,Cuarta Este Área Fundacional,1822015.85685,0
14346,Fresno europeo,01/12/2011 13:03,Bajo (2 - 4 mts),20,Chico,-68.8775896832,-32.866402128,8,Aeroparque,2203364.73622,0
43365,Morera,25/10/2011 17:47,Muy bajo (1 - 2 mts),6,Chico,-68.8337091945,-32.8801144559,1,Parque Central,1655357.93265,0
7172,Caducifolio,18/05/2011 10:14,Muy bajo (1 - 2 mts),10,Chico,-68.8567852289,-32.8993400595,5,Residencial Sur,2423808.92355,0
28304,Platano,10/03/2011 15:00,Alto (> 8 mts),188,Grande,-68.8493589726,-32.8926507957,2,Barrio Civico,2366816.36021,0
18573,Morera,07/07/2011 10:46,Alto (> 8 mts),84,Grande,-68.8363672839,-32.8736245013,4,Cuarta Oeste,1173332.70145,0
12867,Caducifolio,19/01/2011 09:27,Medio (4 - 8 mts),80,Grande,-68.8460350675,-32.8643143739,4,Cuarta Oeste,1173332.70145,0
22111,Fresno europeo,13/06/2011 13:07,Alto (> 8 mts),115,Grande,-68.8552266711,-32.8970194683,5,Residencial Sur,2423808.92355,0
41785,Fresno americano,27/04/2011 10:03,Medio (4 - 8 mts),60,Mediano,-68.8426247934,-32.8785280409,1,Parque Central,1655357.93265,0
44407,Fresno europeo,18/10/2011 11:10,Bajo (2 - 4 mts),30,Mediano,-68.8378516231,-32.8858495523,3,Parque O'Higgins,1531146.02653,0
21712,Fresno europeo,09/06/2011 11:19,Alto (> 8 mts),103,Grande,-68.8559728968,-32.8958162202,5,Residencial Sur,2423808.92355,1
26613,Platano,03/11/2011 11:11,Alto (> 8 mts),196,Grande,-68.8329758869,-32.8900640445,3,Parque O'Higgins,1531146.02653,0
34616,Olmo comun,17/01/2012 11:43,Medio (4 - 8 mts),140,Grande,-68.8471950996,-32.8746572561,6,Residencial Norte,2694682.37982,0
8371,Morera,04/03/2011 13:31,Alto (> 8 mts),62,Grande,-68.8396602752,-32.9005656012,2,Barrio Civico,2366816.36021,1
46016,Paraiso,27/09/2011 09:43,Bajo (2 - 4 mts),100,Grande,-68.8214395597,-32.8739373888,4,Cuarta Este Área Fundacional,1822015.85685,0
32742,Morera,17/05/2011 12:33,Alto (> 8 mts),180,Grande,-68.8526492225,-32.8869903788,5,Residencial Sur,2423808.92355,0
21048,Prunas,24/06/2011 09:56,Bajo (2 - 4 mts),100,Grande,-68.8637832089,-32.8999619292,5,Residencial Sur,2423808.92355,0
33934,Caducifolio,24/05/2011 09:13,Alto (> 8 mts),100,Grande,-68.85247377,-32.8839776359,5,Residencial Sur,2423808.92355,0
39788,Fresno europeo,14/07/2011 13:10,Medio (4 - 8 mts),70,Grande,-68.8507979305,-32.8839270494,1,Parque Central,1655357.93265,0
22583,Morera,24/06/2011 09:37,Alto (> 8 mts),150,Grande,-68.8614070192,-32.9014929128,5,Residencial Sur,2423808.92355,0
32409,Acacia SP,24/05/2011 13:20,Alto (> 8 mts),145,Grande,-68.8511652518,-32.8890906458,5,Residencial Sur,2423808.92355,0
27369,Fresno europeo,20/10/2011 12:42,Muy bajo (1 - 2 mts),8,Chico,-68.8360064714,-32.8875747881,3,Parque O'Higgins,1531146.02653,0
23978,Morera,14/01/2011 18:13,Alto (> 8 mts),220,Grande,-68.8452164111,-32.8998066033,2,Barrio Civico,2366816.36021,1
42309,Morera,03/05/2011 12:02,Alto (> 8 mts),125,Grande,-68.8419680654,-32.8729023619,4,Cuarta Oeste,1173332.70145,0
42823,Morera,30/09/2011 13:22,Alto (> 8 mts),100,Grande,-68.8309814129,-32.8766183966,4,Cuarta Este Área Fundacional,1822015.85685,0
27049,Fresno americano,21/10/2011 10:21,Medio (4 - 8 mts),95,Grande,-68.8385663945,-32.8884801089,3,Parque O'Higgins,1531146.02653,0
46043,Fresno europeo,19/09/2011 13:35,Medio (4 - 8 mts),140,Grande,-68.8207566193,-32.8728600208,4,Cuarta Este Área Fundacional,1822015.85685,0
36775,Morera,28/03/2011 15:41,Medio (4 - 8 mts),88,Grande,-68.857894085,-32.8814741222,7,Residencial Parque,1786336.08966,0
26088,Acacia SP,04/11/2011 16:46,Medio (4 - 8 mts),120,Grande,-68.8327277191,-32.8867698336,3,Parque O'Higgins,1531146.02653,0
14402,Jacaranda,02/12/2011 10:09,Bajo (2 - 4 mts),35,Mediano,-68.878645814,-32.8672603861,8,Aeroparque,2203364.73622,0
28279,Fresno europeo,10/03/2011 15:39,Alto (> 8 mts),92,Grande,-68.8503992799,-32.8920927254,5,Residencial Sur,2423808.92355,0
3983,Morera,23/09/2011 12:06,Medio (4 - 8 mts),45,Mediano,-68.8307505975,-32.8770516925,4,Cuarta Este Área Fundacional,1822015.85685,0
28574,Morera,22/02/2011 10:18,Alto (> 8 mts),36,Mediano,-68.8488498227,-32.8906562044,5,Residencial Sur,2423808.92355,0
14463,Morera,02/12/2011 10:27,Medio (4 - 8 mts),130,Grande,-68.8784886624,-32.8662324081,8,Aeroparque,2203364.73622,0
23170,Paraiso,19/01/2011 11:05,Alto (> 8 mts),150,Grande,-68.848227127,-32.9020057289,2,Barrio Civico,2366816.36021,0
27078,Platano,21/10/2011 14:42,Muy bajo (1 - 2 mts),14,Chico,-68.8385815502,-32.8879524044,3,Parque O'Higgins,1531146.02653,0
15888,Morera,28/11/2011 12:51,Medio (4 - 8 mts),100,Grande,-68.8720461425,-32.8761018572,7,Residencial Parque,1786336.08966,0
27917,Morera,03/11/2011 11:48,Alto (> 8 mts),120,Grande,-68.837746583,-32.8942284737,2,Barrio Civico,2366816.36021,1
4558,Acer,08/08/2011 14:12,Medio (4 - 8 mts),40,Mediano,-68.8384227491,-32.8647842,4,Cuarta Oeste,1173332.70145,0
7851,Jacaranda,03/06/2011 15:33,Bajo (2 - 4 mts),44,Mediano,-68.8588304157,-32.8841168873,5,Residencial Sur,2423808.92355,0
15270,Alamo blanco,21/11/2011 12:31,Medio (4 - 8 mts),40,Mediano,-68.8583556714,-32.8703578432,6,Residencial Norte,2694682.37982,0
17728,Paraiso,18/07/2011 09:47,Medio (4 - 8 mts),125,Grande,-68.8423864067,-32.8672170755,4,Cuarta Oeste,1173332.70145,1
36606,Aguaribay,15/06/2011 13:46,Bajo (2 - 4 mts),64,Grande,-68.8571406444,-32.8827765708,5,Residencial Sur,2423808.92355,0
21940,Morera,02/06/2011 13:27,Alto (> 8 mts),100,Grande,-68.8581546487,-32.8944133881,5,Residencial Sur,2423808.92355,0
6954,Fresno europeo,06/06/2011 12:57,Alto (> 8 mts),116,Grande,-68.8588560767,-32.8958472393,5,Residencial Sur,2423808.92355,1
47128,Fresno europeo,20/09/2011 11:08,Medio (4 - 8 mts),50,Mediano,-68.8333600726,-32.8738010901,4,Cuarta Este Área Fundacional,1822015.85685,0
31940,Olmo comun,03/06/2011 09:05,Bajo (2 - 4 mts),100,Grande,-68.8598644619,-32.884542706,5,Residencial Sur,2423808.92355,0
2575,Acacia SP,18/10/2011 11:45,Alto (> 8 mts),130,Grande,-68.8354793342,-32.8824264293,3,Parque O'Higgins,1531146.02653,1
2957,Jacaranda,16/09/2011 08:43,Alto (> 8 mts),110,Grande,-68.8259622861,-32.8713653366,4,Cuarta Este Área Fundacional,1822015.85685,0
21230,Paraiso,10/05/2011 12:49,Alto (> 8 mts),180,Grande,-68.8525406142,-32.8934597982,5,Residencial Sur,2423808.92355,1
3392,Perenne,16/08/2011 13:34,Medio (4 - 8 mts),42,Mediano,-68.8319131545,-32.8682669754,4,Cuarta Oeste,1173332.70145,1
3655,Morera,26/08/2011 08:06,Medio (4 - 8 mts),127,Grande,-68.8215316561,-32.8690613009,4,Cuarta Este Área Fundacional,1822015.85685,0
25637,Morera,15/02/2011 14:48,Alto (> 8 mts),118,Grande,-68.8371204764,-32.9010218981,2,Barrio Civico,2366816.36021,0
11732,Fresno europeo,02/06/2010 10:35,Medio (4 - 8 mts),120,Grande,-68.850987779,-32.8669009667,6,Residencial Norte,2694682.37982,0
9256,Morera,25/02/2011 12:46,Bajo (2 - 4 mts),28,Mediano,-68.8484651011,-32.8650842895,6,Residencial Norte,2694682.37982,0
9508,Fresno europeo,03/02/2011 12:27,Alto (> 8 mts),66,Grande,-68.8534003041,-32.8648050395,6,Residencial Norte,2694682.37982,0
13304,Fresno europeo,25/02/2011 09:37,Bajo (2 - 4 mts),40,Mediano,-68.8476882197,-32.8657485347,6,Residencial Norte,2694682.37982,0
14795,Prunas,05/12/2011 18:20,Bajo (2 - 4 mts),30,Mediano,-68.8797497634,-32.8686424183,8,Aeroparque,2203364.73622,0
40420,Platano,12/04/2011 09:53,Alto (> 8 mts),250,Grande,-68.8443245327,-32.8835200216,1,Parque Central,1655357.93265,0
38045,Morera,06/12/2010 11:48,Alto (> 8 mts),250,Grande,-68.8469027066,-32.8713552404,6,Residencial Norte,2694682.37982,0
40505,Fresno europeo,12/04/2011 10:54,Alto (> 8 mts),170,Grande,-68.8441714449,-32.8840301267,1,Parque Central,1655357.93265,0
20463,Fresno americano,17/05/2011 09:25,Alto (> 8 mts),78,Grande,-68.8604098984,-32.8928911164,5,Residencial Sur,2423808.92355,1
8542,Morera,17/02/2011 10:10,Medio (4 - 8 mts),40,Mediano,-68.8398801265,-32.899024992,2,Barrio Civico,2366816.36021,0
25092,Tilo,17/02/2011 15:00,Medio (4 - 8 mts),42,Mediano,-68.8362433991,-32.8977798314,2,Barrio Civico,2366816.36021,0
31474,Platano,19/05/2011 11:40,Alto (> 8 mts),180,Grande,-68.8586263664,-32.891532518,5,Residencial Sur,2423808.92355,0
44595,Fresno europeo,19/10/2011 13:12,Muy bajo (1 - 2 mts),4,Chico,-68.8353192149,-32.8859360267,3,Parque O'Higgins,1531146.02653,0
47041,Paraiso,15/09/2011 10:05,Bajo (2 - 4 mts),25,Mediano,-68.8319485143,-32.8722286315,4,Cuarta Este Área Fundacional,1822015.85685,0
43075,Morera,03/10/2011 09:37,Alto (> 8 mts),195,Grande,-68.8312995701,-32.8788976489,4,Cuarta Este Área Fundacional,1822015.85685,1
29734,Ligustro,15/03/2011 09:35,Alto (> 8 mts),72,Grande,-68.8412403672,-32.8927608575,2,Barrio Civico,2366816.36021,0
2108,Fresno europeo,18/10/2011 11:31,Medio (4 - 8 mts),120,Grande,-68.8310495564,-32.8877851846,3,Parque O'Higgins,1531146.02653,0
19971,Acacia visco,05/08/2011 08:59,Alto (> 8 mts),105,Grande,-68.8330194772,-32.8646012474,4,Cuarta Oeste,1173332.70145,0
38694,Fresno europeo,15/12/2010 13:26,Alto (> 8 mts),85,Grande,-68.8506558506,-32.872107282,6,Residencial Norte,2694682.37982,0
22922,Platano,19/05/2011 15:11,Alto (> 8 mts),156,Grande,-68.8556736537,-32.8998897133,5,Residencial Sur,2423808.92355,0
6999,Morera,01/06/2011 12:10,Medio (4 - 8 mts),65,Grande,-68.8629858791,-32.8958979135,5,Residencial Sur,2423808.92355,1
47638,Morera,08/09/2011 21:33,Alto (> 8 mts),210,Grande,-68.8289209872,-32.8719490601,4,Cuarta Este Área Fundacional,1822015.85685,0
22517,Fresno europeo,21/06/2011 10:13,Bajo (2 - 4 mts),35,Mediano,-68.8600562548,-32.8994099464,5,Residencial Sur,2423808.92355,0
46715,Morera,05/09/2011 09:43,Alto (> 8 mts),180,Grande,-68.8322853174,-32.8706237021,4,Cuarta Este Área Fundacional,1822015.85685,1
9625,Paraiso,26/01/2011 09:29,Bajo (2 - 4 mts),36,Mediano,-68.8497050795,-32.8632847733,6,Residencial Norte,2694682.37982,0
37640,Morera,29/02/2012 09:35,Alto (> 8 mts),130,Grande,-68.8525193949,-32.8719138812,6,Residencial Norte,2694682.37982,1
15519,Aguaribay,21/11/2011 13:08,Bajo (2 - 4 mts),36,Mediano,-68.8605271774,-32.8715144224,7,Residencial Parque,1786336.08966,0
39368,Fresno europeo,30/11/2010 11:58,Muy bajo (1 - 2 mts),2,Chico,-68.856699539,-32.8723973932,6,Residencial Norte,2694682.37982,0
25569,Morera,08/02/2011 15:34,Alto (> 8 mts),146,Grande,-68.8381871399,-32.9013377906,2,Barrio Civico,2366816.36021,1
432,Morera,06/03/2012 11:30,Medio (4 - 8 mts),160,Grande,-68.8174544614,-32.8679195447,4,Cuarta Este Área Fundacional,1822015.85685,0
22883,Morera,29/06/2011 16:43,Alto (> 8 mts),72,Grande,-68.854862773,-32.9016261513,5,Residencial Sur,2423808.92355,0
19253,Morera,03/08/2011 12:31,Alto (> 8 mts),130,Grande,-68.8379752503,-32.8703532143,4,Cuarta Oeste,1173332.70145,0
29647,Morera,23/03/2011 18:57,Alto (> 8 mts),98,Grande,-68.8435440721,-32.8933139729,2,Barrio Civico,2366816.36021,0
136,Morera,29/02/2012 10:08,Bajo (2 - 4 mts),24,Mediano,-68.8578758998,-32.864085761,6,Residencial Norte,2694682.37982,0
47557,Fresno europeo,19/09/2011 08:55,Alto (> 8 mts),58,Mediano,-68.8274636696,-32.8713293081,4,Cuarta Este Área Fundacional,1822015.85685,0
25351,Morera,11/02/2011 12:42,Alto (> 8 mts),135,Grande,-68.8387523955,-32.8996640827,2,Barrio Civico,2366816.36021,1
5750,Morera,06/05/2011 11:19,Bajo (2 - 4 mts),40,Mediano,-68.841125979,-32.878947712,1,Parque Central,1655357.93265,0
45124,Morera,02/09/2011 12:09,Alto (> 8 mts),160,Grande,-68.8232666161,-32.8702371782,4,Cuarta Este Área Fundacional,1822015.85685,1
641,Morera,08/03/2012 11:34,Bajo (2 - 4 mts),20,Chico,-68.8178380719,-32.8687141971,4,Cuarta Este Área Fundacional,1822015.85685,0
22221,Morera,18/05/2011 08:54,Alto (> 8 mts),88,Grande,-68.855726705,-32.8990760892,5,Residencial Sur,2423808.92355,0
35876,Morera,28/03/2011 10:42,Alto (> 8 mts),140,Grande,-68.8532007104,-32.8760093093,6,Residencial Norte,2694682.37982,0
9355,Fresno europeo,16/02/2011 10:47,Medio (4 - 8 mts),56,Mediano,-68.8454682622,-32.8646629612,4,Cuarta Oeste,1173332.70145,0
47322,Morera,21/09/2011 11:36,Alto (> 8 mts),210,Grande,-68.8307311341,-32.8746577759,4,Cuarta Este Área Fundacional,1822015.85685,0
5578,Prunas,14/04/2011 13:44,Medio (4 - 8 mts),50,Mediano,-68.8391392557,-32.8799120797,1,Parque Central,1655357.93265,0
47986,Morera,31/08/2011 09:51,Medio (4 - 8 mts),75,Grande,-68.825872203,-32.8700788564,4,Cuarta Este Área Fundacional,1822015.85685,0
8965,Morera,14/01/2011 10:27,Alto (> 8 mts),195,Grande,-68.8468923989,-32.8663612705,6,Residencial Norte,2694682.37982,0
29372,Morera,03/03/2011 09:50,Alto (> 8 mts),170,Grande,-68.8454599731,-32.8907534277,2,Barrio Civico,2366816.36021,0
35064,Perenne,22/03/2011 10:25,Medio (4 - 8 mts),62,Grande,-68.8544622053,-32.8797560475,6,Residencial Norte,2694682.37982,1
1871,Acacia SP,15/11/2011 13:26,Medio (4 - 8 mts),25,Mediano,-68.8609251334,-32.8706573792,7,Residencial Parque,1786336.08966,0
15654,Morera,15/11/2011 17:21,Muy bajo (1 - 2 mts),18,Chico,-68.8621484915,-32.8715943198,7,Residencial Parque,1786336.08966,0
35828,Fresno europeo,03/03/2011 13:14,Medio (4 - 8 mts),75,Grande,-68.8543138158,-32.8732296081,6,Residencial Norte,2694682.37982,1
17925,Morera,03/08/2011 14:21,Alto (> 8 mts),130,Grande,-68.837235463,-32.8666484535,4,Cuarta Oeste,1173332.70145,0
9120,Fresno americano,18/02/2011 13:39,Alto (> 8 mts),40,Mediano,-68.8535594217,-32.8650936673,6,Residencial Norte,2694682.37982,0
40323,Platano,08/04/2011 12:45,Alto (> 8 mts),320,Grande,-68.8436334617,-32.8809387235,1,Parque Central,1655357.93265,0
1460,Fresno europeo,25/11/2011 10:45,Bajo (2 - 4 mts),45,Mediano,-68.8713374288,-32.8762265631,7,Residencial Parque,1786336.08966,0
6972,Platano,01/06/2011 11:40,Alto (> 8 mts),160,Grande,-68.8611019639,-32.896833434,5,Residencial Sur,2423808.92355,0
10963,Fresno europeo,21/03/2011 16:59,Medio (4 - 8 mts),38,Mediano,-68.8577772798,-32.8808559348,7,Residencial Parque,1786336.08966,0
28125,Platano,14/03/2011 15:42,Alto (> 8 mts),108,Grande,-68.8465962358,-32.8916536831,2,Barrio Civico,2366816.36021,0
46913,Morera,08/09/2011 09:09,Alto (> 8 mts),145,Grande,-68.8320376699,-32.8713809443,4,Cuarta Este Área Fundacional,1822015.85685,0
25983,Fresno europeo,31/01/2011 11:38,Medio (4 - 8 mts),32,Mediano,-68.837913626,-32.9042082356,2,Barrio Civico,2366816.36021,0
11843,Paraiso,02/03/2011 12:23,Medio (4 - 8 mts),116,Grande,-68.8498800125,-32.864723497599996,6,Residencial Norte,2694682.37982,0
18386,Morera,02/08/2011 15:14,Alto (> 8 mts),150,Grande,-68.8391285896,-32.8695792456,4,Cuarta Oeste,1173332.70145,1
14392,Olmo bola,02/12/2011 10:21,Bajo (2 - 4 mts),40,Mediano,-68.8783305446,-32.8671861238,8,Aeroparque,2203364.73622,0
17097,Morera,15/08/2011 11:05,Alto (> 8 mts),180,Grande,-68.838075897,-32.8641242572,4,Cuarta Oeste,1173332.70145,1
5550,Perenne,11/04/2011 11:44,Medio (4 - 8 mts),50,Mediano,-68.8397527111,-32.8814376324,1,Parque Central,1655357.93265,0
35359,Morera,21/06/2011 15:39,Bajo (2 - 4 mts),22,Mediano,-68.8544828404,-32.8833558199,5,Residencial Sur,2423808.92355,0
33608,Fresno europeo,17/05/2011 09:08,Medio (4 - 8 mts),99,Grande,-68.8536269825,-32.8870472515,5,Residencial Sur,2423808.92355,0
34574,Morera,17/01/2012 20:05,Medio (4 - 8 mts),100,Grande,-68.8482107948,-32.8742878812,6,Residencial Norte,2694682.37982,0
32100,Paraiso,09/05/2011 10:03,Alto (> 8 mts),180,Grande,-68.8590039064,-32.8863050903,5,Residencial Sur,2423808.92355,0
12754,Morera,24/01/2011 13:28,Alto (> 8 mts),140,Grande,-68.8481100199,-32.8641468767,6,Residencial Norte,2694682.37982,0
24867,Fresno europeo,17/02/2011 13:36,Alto (> 8 mts),134,Grande,-68.8396796525,-32.8960286723,2,Barrio Civico,2366816.36021,0
24822,Morera,18/02/2011 08:59,Alto (> 8 mts),160,Grande,-68.8399898921,-32.8965791866,2,Barrio Civico,2366816.36021,1
9974,Paraiso,11/11/2010 09:50,Medio (4 - 8 mts),170,Grande,-68.8538256788,-32.8694570355,6,Residencial Norte,2694682.37982,0
9450,Acer,11/02/2011 12:48,Alto (> 8 mts),102,Grande,-68.8564422756,-32.8638768307,6,Residencial Norte,2694682.37982,0
14183,Morera,30/11/2011 09:48,Alto (> 8 mts),111,Grande,-68.8764893162,-32.8662427701,8,Aeroparque,2203364.73622,0
27460,Liquidambar,25/10/2011 10:14,Muy bajo (1 - 2 mts),14,Chico,-68.8356621351,-32.8922648445,3,Parque O'Higgins,1531146.02653,0
6481,Morera,31/05/2011 13:07,Medio (4 - 8 mts),26,Mediano,-68.8557104606,-32.888576378,5,Residencial Sur,2423808.92355,0
3963,Morera,27/09/2011 09:33,Bajo (2 - 4 mts),45,Mediano,-68.822529206,-32.8737737195,4,Cuarta Este Área Fundacional,1822015.85685,0
40257,Platano,14/04/2011 10:02,Alto (> 8 mts),170,Grande,-68.8463063467,-32.8824554376,1,Parque Central,1655357.93265,0
18842,Aguaribay,08/08/2011 10:33,Alto (> 8 mts),400,Grande,-68.8395749203,-32.8706332683,4,Cuarta Oeste,1173332.70145,0
38468,Morera,03/11/2010 12:00,Alto (> 8 mts),95,Grande,-68.8515719024,-32.869917886,6,Residencial Norte,2694682.37982,0
23768,Morera,24/01/2011 13:10,Alto (> 8 mts),121,Grande,-68.8498804726,-32.8997168911,2,Barrio Civico,2366816.36021,0
1180,Conifera,29/11/2011 10:03,Medio (4 - 8 mts),28,Mediano,-68.8761718894,-32.8650631548,8,Aeroparque,2203364.73622,0
27430,Platano,25/10/2011 09:23,Alto (> 8 mts),210,Grande,-68.8345817312,-32.8922643912,3,Parque O'Higgins,1531146.02653,0
16148,Olmo comun,21/07/2011 09:19,Alto (> 8 mts),170,Grande,-68.8454174377,-32.8733221889,6,Residencial Norte,2694682.37982,0
22109,Fresno europeo,13/06/2011 13:11,Alto (> 8 mts),95,Grande,-68.8554325095,-32.8970681353,5,Residencial Sur,2423808.92355,0
39218,Ailanthus,26/11/2010 09:38,Bajo (2 - 4 mts),25,Mediano,-68.8552145656,-32.8728125176,6,Residencial Norte,2694682.37982,0
938,Morera,13/01/2012 19:09,Medio (4 - 8 mts),50,Mediano,-68.8500671118,-32.8729964001,6,Residencial Norte,2694682.37982,0
32167,Morera,11/05/2011 10:07,Medio (4 - 8 mts),100,Grande,-68.8577757322,-32.8851888715,5,Residencial Sur,2423808.92355,0
10728,Fresno europeo,06/04/2011 09:48,Bajo (2 - 4 mts),16,Chico,-68.8577245488,-32.8758130099,6,Residencial Norte,2694682.37982,0
35270,Fresno europeo,24/06/2011 10:00,Bajo (2 - 4 mts),20,Chico,-68.8523257638,-32.8826808434,1,Parque Central,1655357.93265,0
4771,Paraiso,01/08/2011 14:01,Medio (4 - 8 mts),90,Grande,-68.8363939861,-32.866105789,4,Cuarta Oeste,1173332.70145,0
11886,Paraiso,02/03/2011 09:42,Alto (> 8 mts),80,Grande,-68.8510718771,-32.8655091995,6,Residencial Norte,2694682.37982,0
3076,Paraiso,08/09/2011 13:26,Alto (> 8 mts),120,Grande,-68.8341433787,-32.8710243657,4,Cuarta Oeste,1173332.70145,0
42491,Morera,30/09/2011 09:14,Alto (> 8 mts),200,Grande,-68.8307822262,-32.8754971269,4,Cuarta Este Área Fundacional,1822015.85685,1
26970,Fresno americano,03/11/2011 17:53,Medio (4 - 8 mts),170,Grande,-68.8346924009,-32.8860560274,3,Parque O'Higgins,1531146.02653,0
47061,Morera,09/09/2011 14:54,Alto (> 8 mts),120,Grande,-68.830658199,-32.8719488965,4,Cuarta Este Área Fundacional,1822015.85685,0
139,Morera,29/02/2012 09:55,Bajo (2 - 4 mts),14,Chico,-68.8580617576,-32.8640923606,6,Residencial Norte,2694682.37982,0
26787,Morera,01/11/2011 09:58,Medio (4 - 8 mts),126,Grande,-68.8338016206,-32.8940527831,3,Parque O'Higgins,1531146.02653,1
39081,Acacia SP,22/12/2010 09:27,Alto (> 8 mts),220,Grande,-68.8534083668,-32.8715727673,6,Residencial Norte,2694682.37982,0
27756,Platano,31/10/2011 09:11,Alto (> 8 mts),136,Grande,-68.8348156485,-32.8957376734,2,Barrio Civico,2366816.36021,0
42750,Morera,26/09/2011 10:07,Medio (4 - 8 mts),95,Grande,-68.8269949072,-32.8772209571,4,Cuarta Este Área Fundacional,1822015.85685,0
48392,Fresno europeo,01/09/2011 11:46,Bajo (2 - 4 mts),39,Mediano,-68.83025544,-32.8697678768,4,Cuarta Este Área Fundacional,1822015.85685,0
217,Fresno europeo,06/03/2012 10:00,Bajo (2 - 4 mts),18,Chico,-68.8388182088,-32.8699721589,4,Cuarta Oeste,1173332.70145,0
42025,Platano,08/04/2011 12:46,Alto (> 8 mts),180,Grande,-68.8408271903,-32.880563055,1,Parque Central,1655357.93265,0
25796,Olmo comun,02/02/2011 09:40,Alto (> 8 mts),130,Grande,-68.8402485409,-32.9041823687,2,Barrio Civico,2366816.36021,0
40241,Fresno europeo,14/04/2011 11:53,Alto (> 8 mts),180,Grande,-68.8452987361,-32.8821432918,1,Parque Central,1655357.93265,0
5552,Morera,11/04/2011 13:39,Alto (> 8 mts),95,Grande,-68.8404905331,-32.880910657,1,Parque Central,1655357.93265,0
12117,Paraiso,20/01/2011 10:02,Alto (> 8 mts),220,Grande,-68.8475328939,-32.8683394713,6,Residencial Norte,2694682.37982,0
36908,Fresno europeo,07/04/2011 16:57,Alto (> 8 mts),150,Grande,-68.859342508,-32.8788310933,7,Residencial Parque,1786336.08966,0
48196,Morera,01/09/2011 13:41,Medio (4 - 8 mts),70,Grande,-68.8289980559,-32.8690950378,4,Cuarta Este Área Fundacional,1822015.85685,0
41378,Morera,19/04/2011 09:44,Alto (> 8 mts),124,Grande,-68.8414497441,-32.8829157307,1,Parque Central,1655357.93265,0
42693,Platano,03/10/2011 08:02,Alto (> 8 mts),180,Grande,-68.8284522833,-32.8767490344,4,Cuarta Este Área Fundacional,1822015.85685,0
42037,Morera,08/04/2011 09:51,Alto (> 8 mts),145,Grande,-68.8412181971,-32.8797559877,1,Parque Central,1655357.93265,1
25748,Morera,03/02/2011 10:36,Alto (> 8 mts),124,Grande,-68.84144066,-32.9026312588,2,Barrio Civico,2366816.36021,1
41255,Platano,14/04/2011 14:04,Alto (> 8 mts),188,Grande,-68.8396749649,-32.8817114841,1,Parque Central,1655357.93265,0
20130,Jacaranda,16/05/2011 11:13,Alto (> 8 mts),40,Mediano,-68.8616376786,-32.8914569438,5,Residencial Sur,2423808.92355,0
2008,Morera,14/11/2011 13:42,Medio (4 - 8 mts),118,Grande,-68.8324914833,-32.8945876149,3,Parque O'Higgins,1531146.02653,0
8052,Fresno americano,09/03/2011 09:58,Medio (4 - 8 mts),69,Grande,-68.8427976716,-32.8889292181,3,Parque O'Higgins,1531146.02653,0
17859,Platano,02/08/2011 09:41,Alto (> 8 mts),185,Grande,-68.8359012001,-32.8660445172,4,Cuarta Oeste,1173332.70145,0
18153,Paraiso,27/07/2011 09:35,Alto (> 8 mts),108,Grande,-68.8405981314,-32.8686516601,4,Cuarta Oeste,1173332.70145,1
25051,Morera,14/02/2011 12:18,Alto (> 8 mts),130,Grande,-68.836490398,-32.895906873,2,Barrio Civico,2366816.36021,0
42196,Fresno europeo,04/05/2011 10:47,Bajo (2 - 4 mts),26,Mediano,-68.8407653338,-32.8733219277,4,Cuarta Oeste,1173332.70145,0
33723,Morera,11/05/2011 10:10,Alto (> 8 mts),158,Grande,-68.8580995718,-32.8870749143,5,Residencial Sur,2423808.92355,0
18213,Jacaranda,05/08/2011 12:05,Medio (4 - 8 mts),42,Mediano,-68.8388768287,-32.8680576728,4,Cuarta Oeste,1173332.70145,0
19900,Paraiso,28/06/2011 14:15,Alto (> 8 mts),135,Grande,-68.83306072,-32.8623122915,4,Cuarta Oeste,1173332.70145,0
41068,Morera,28/04/2011 11:41,Alto (> 8 mts),94,Grande,-68.8387588507,-32.8832383426,1,Parque Central,1655357.93265,0
8415,Fresno europeo,16/02/2011 18:12,Bajo (2 - 4 mts),52,Mediano,-68.8370098386,-32.9013288189,2,Barrio Civico,2366816.36021,0
39248,Fresno europeo,28/12/2010 09:56,Medio (4 - 8 mts),95,Grande,-68.8549862107,-32.8721107539,6,Residencial Norte,2694682.37982,0
21092,Morera,22/06/2011 11:16,Medio (4 - 8 mts),50,Mediano,-68.8624646119,-32.89965869,5,Residencial Sur,2423808.92355,0
11312,Tilo,19/01/2011 15:42,Medio (4 - 8 mts),68,Grande,-68.8472349225,-32.9015356527,2,Barrio Civico,2366816.36021,0
21926,Morera,06/06/2011 10:37,Alto (> 8 mts),155,Grande,-68.8579923453,-32.8957111385,5,Residencial Sur,2423808.92355,0
39422,Fresno europeo,12/11/2010 11:32,Muy bajo (1 - 2 mts),20,Chico,-68.8557518358,-32.8703735329,6,Residencial Norte,2694682.37982,0
778,Aguaribay,14/12/2011 10:47,Alto (> 8 mts),170,Grande,-68.8798260681,-32.867531246,8,Aeroparque,2203364.73622,1
41503,Olmo comun,07/04/2011 10:45,Medio (4 - 8 mts),120,Grande,-68.8431096618,-32.8816453553,1,Parque Central,1655357.93265,0
16122,Fresno europeo,18/07/2011 12:51,Alto (> 8 mts),97,Grande,-68.8444507054,-32.8730667868,6,Residencial Norte,2694682.37982,0
21559,Fresno europeo,08/06/2011 09:48,Medio (4 - 8 mts),85,Grande,-68.8546930288,-32.8950451319,5,Residencial Sur,2423808.92355,0
23253,Fresno europeo,27/01/2012 12:39,Bajo (2 - 4 mts),22,Mediano,-68.852060779,-32.9016332712,2,Barrio Civico,2366816.36021,0
43343,Acacia SP,26/10/2011 13:07,Alto (> 8 mts),170,Grande,-68.8324495599,-32.8806253304,3,Parque O'Higgins,1531146.02653,1
45082,Fresno europeo,31/08/2011 11:49,Alto (> 8 mts),130,Grande,-68.8218410821,-32.870320907200004,4,Cuarta Este Área Fundacional,1822015.85685,0
14949,Paraiso sombrilla,19/12/2011 09:44,Medio (4 - 8 mts),22,Mediano,-68.880842361,-32.8726288065,8,Aeroparque,2203364.73622,0
10833,Platano,31/03/2011 11:18,Alto (> 8 mts),196,Grande,-68.8559032111,-32.8772696463,6,Residencial Norte,2694682.37982,0
6457,Ligustro,26/05/2011 13:18,Bajo (2 - 4 mts),20,Chico,-68.8524675109,-32.8893182845,5,Residencial Sur,2423808.92355,0
42125,Acer,03/05/2011 10:48,Bajo (2 - 4 mts),100,Grande,-68.8415954875,-32.8775781261,1,Parque Central,1655357.93265,0
47872,Fresno americano,21/09/2011 11:57,Bajo (2 - 4 mts),48,Mediano,-68.8294698852,-32.8740809753,4,Cuarta Este Área Fundacional,1822015.85685,1
6073,Fresno europeo,11/04/2011 12:11,Medio (4 - 8 mts),48,Mediano,-68.845428151,-32.8837930767,1,Parque Central,1655357.93265,0
23331,Morera,31/01/2011 15:35,Alto (> 8 mts),110,Grande,-68.8502313484,-32.9014647585,2,Barrio Civico,2366816.36021,0
21292,Morera,13/06/2011 11:20,Alto (> 8 mts),135,Grande,-68.8524572164,-32.8982188033,5,Residencial Sur,2423808.92355,0
14838,Aguaribay,07/12/2011 10:02,Muy bajo (1 - 2 mts),15,Chico,-68.8783558289,-32.8696853598,8,Aeroparque,2203364.73622,0
44656,Fresno europeo,19/08/2011 11:20,Medio (4 - 8 mts),100,Grande,-68.8227706409,-32.8676772999,4,Cuarta Este Área Fundacional,1822015.85685,0
31340,Paraiso,25/02/2011 10:24,Alto (> 8 mts),140,Grande,-68.8489174784,-32.8662443733,6,Residencial Norte,2694682.37982,0
33076,Morera,18/05/2011 10:00,Alto (> 8 mts),165,Grande,-68.8524958578,-32.8877043381,5,Residencial Sur,2423808.92355,0
13955,Paraiso sombrilla,29/11/2011 12:13,Medio (4 - 8 mts),90,Grande,-68.8769003675,-32.8646700175,8,Aeroparque,2203364.73622,0
39028,Morera,23/12/2010 11:22,Alto (> 8 mts),160,Grande,-68.8544393221,-32.8714762862,6,Residencial Norte,2694682.37982,0
3780,Morera,23/08/2011 12:50,Alto (> 8 mts),175,Grande,-68.8189287432,-32.8703563659,4,Cuarta Este Área Fundacional,1822015.85685,0
19042,Morera,12/07/2011 10:35,Alto (> 8 mts),160,Grande,-68.8409025337,-32.8718257411,4,Cuarta Oeste,1173332.70145,0
19812,Morera,04/08/2011 11:11,Alto (> 8 mts),116,Grande,-68.8345679365,-32.8637289587,4,Cuarta Oeste,1173332.70145,0
25181,Morera,09/02/2011 17:18,Medio (4 - 8 mts),102,Grande,-68.8362548837,-32.8980487584,2,Barrio Civico,2366816.36021,0
39133,Fresno europeo,15/01/2012 19:09,Muy bajo (1 - 2 mts),2,Chico,-68.8538622009,-32.8716760176,6,Residencial Norte,2694682.37982,0
20924,Morera,24/05/2011 12:49,Alto (> 8 mts),140,Grande,-68.860722869,-32.8947008685,5,Residencial Sur,2423808.92355,0
28665,Platano,02/03/2011 09:42,Alto (> 8 mts),220,Grande,-68.8475033175,-32.891341857,2,Barrio Civico,2366816.36021,0
6681,Acer,10/05/2011 10:28,Medio (4 - 8 mts),43,Mediano,-68.8513362298,-32.8939635527,5,Residencial Sur,2423808.92355,0
17481,Morera,16/01/2012 09:35,Medio (4 - 8 mts),35,Mediano,-68.8351411826,-32.8687587315,4,Cuarta Oeste,1173332.70145,0
33567,Fresno europeo,30/05/2011 09:48,Alto (> 8 mts),130,Grande,-68.8541160126,-32.8889409253,5,Residencial Sur,2423808.92355,0
29015,Fresno europeo,20/04/2011 11:27,Alto (> 8 mts),70,Grande,-68.8453894113,-32.8862319991,1,Parque Central,1655357.93265,0
16858,Morera,05/08/2011 13:43,Muy bajo (1 - 2 mts),4,Chico,-68.8400045191,-32.8646997072,4,Cuarta Oeste,1173332.70145,0
796,Paraiso,14/12/2011 10:10,Medio (4 - 8 mts),65,Grande,-68.8797777124,-32.8665623017,8,Aeroparque,2203364.73622,0
6070,Platano,11/04/2011 12:32,Alto (> 8 mts),195,Grande,-68.8444169134,-32.8838906095,1,Parque Central,1655357.93265,0
45719,Morera,24/08/2011 11:57,Medio (4 - 8 mts),150,Grande,-68.8217093949,-32.8693844005,4,Cuarta Este Área Fundacional,1822015.85685,0
31496,Paraiso,19/05/2011 10:50,Alto (> 8 mts),115,Grande,-68.8588830332,-32.8906178614,5,Residencial Sur,2423808.92355,0
24336,Morera,26/01/2011 12:44,Alto (> 8 mts),140,Grande,-68.8439115864,-32.9024126415,2,Barrio Civico,2366816.36021,0
39301,Morera,30/11/2010 10:28,Alto (> 8 mts),160,Grande,-68.8559658323,-32.8721117125,6,Residencial Norte,2694682.37982,0
47834,Fresno europeo,21/09/2011 09:58,Medio (4 - 8 mts),53,Mediano,-68.8280458607,-32.8741713467,4,Cuarta Este Área Fundacional,1822015.85685,0
30027,Platano,03/05/2011 09:58,Alto (> 8 mts),118,Grande,-68.8407886894,-32.8860190568,3,Parque O'Higgins,1531146.02653,0
14228,Morera,07/12/2011 16:37,Bajo (2 - 4 mts),22,Mediano,-68.8770061808,-32.8659799445,8,Aeroparque,2203364.73622,0
18270,Morera,04/08/2011 10:21,Alto (> 8 mts),100,Grande,-68.8393583115,-32.8695228702,4,Cuarta Oeste,1173332.70145,0
12885,Paraiso sombrilla,18/01/2011 11:48,Alto (> 8 mts),220,Grande,-68.8462789182,-32.8638592275,4,Cuarta Oeste,1173332.70145,0
47493,Morera,31/08/2011 13:44,Medio (4 - 8 mts),45,Mediano,-68.8262403805,-32.8702115774,4,Cuarta Este Área Fundacional,1822015.85685,0
15966,Paraiso,25/11/2011 10:41,Medio (4 - 8 mts),90,Grande,-68.8732530817,-32.8763282408,7,Residencial Parque,1786336.08966,0
38776,Paraiso,01/11/2010 11:41,Alto (> 8 mts),140,Grande,-68.8501167789,-32.8695073227,6,Residencial Norte,2694682.37982,0
37366,Paraiso,29/11/2010 10:26,Bajo (2 - 4 mts),20,Chico,-68.8576829473,-32.8724318786,6,Residencial Norte,2694682.37982,0
3886,Fresno europeo,01/09/2011 10:08,Muy bajo (1 - 2 mts),5,Chico,-68.8247424088,-32.8711356411,4,Cuarta Este Área Fundacional,1822015.85685,0
37668,Fresno europeo,24/02/2012 09:19,Alto (> 8 mts),100,Grande,-68.8521789148,-32.8721688734,6,Residencial Norte,2694682.37982,0
14338,Paraiso sombrilla,01/12/2011 12:52,Bajo (2 - 4 mts),82,Grande,-68.8777330672,-32.8669676249,8,Aeroparque,2203364.73622,0
10557,Acer,22/03/2011 10:14,Alto (> 8 mts),130,Grande,-68.8551043859,-32.8757219013,6,Residencial Norte,2694682.37982,0
8798,Morera,03/02/2011 13:18,Alto (> 8 mts),190,Grande,-68.8554571234,-32.8685391331,6,Residencial Norte,2694682.37982,0
17958,Morera,02/08/2011 13:20,Medio (4 - 8 mts),87,Grande,-68.8373805451,-32.8672410556,4,Cuarta Oeste,1173332.70145,0
6578,Morera,18/05/2011 09:23,Muy bajo (1 - 2 mts),12,Chico,-68.8590171101,-32.8910559597,5,Residencial Sur,2423808.92355,0
9600,Jacaranda,28/01/2011 09:45,Bajo (2 - 4 mts),30,Mediano,-68.8505769764,-32.8637294211,6,Residencial Norte,2694682.37982,0
24842,Fresno europeo,18/02/2011 09:57,Alto (> 8 mts),117,Grande,-68.8393290111,-32.8965893578,2,Barrio Civico,2366816.36021,0
13925,Fresno europeo,30/11/2011 12:03,Muy bajo (1 - 2 mts),15,Chico,-68.8755672575,-32.8657861322,8,Aeroparque,2203364.73622,0
27821,Morera,02/11/2011 10:56,Medio (4 - 8 mts),100,Grande,-68.8360002052,-32.8942246627,3,Parque O'Higgins,1531146.02653,1
7329,Braquiquito,21/06/2011 11:46,Medio (4 - 8 mts),70,Grande,-68.8600220645,-32.9014879346,5,Residencial Sur,2423808.92355,0
28153,Tipa,23/02/2011 16:24,Alto (> 8 mts),162,Grande,-68.8484709325,-32.8922783161,2,Barrio Civico,2366816.36021,0
45181,Fresno europeo,30/09/2011 09:26,Medio (4 - 8 mts),63,Grande,-68.8221125663,-32.8724175513,4,Cuarta Este Área Fundacional,1822015.85685,0
29639,Platano,23/03/2011 18:31,Alto (> 8 mts),198,Grande,-68.842919243,-32.8936195436,2,Barrio Civico,2366816.36021,0
32199,Fresno europeo,10/05/2011 11:07,Muy bajo (1 - 2 mts),4,Chico,-68.8589001449,-32.8850135938,5,Residencial Sur,2423808.92355,0
44628,Fresno europeo,25/08/2011 13:21,Medio (4 - 8 mts),118,Grande,-68.8240151184,-32.8668839976,4,Cuarta Este Área Fundacional,1822015.85685,0
1884,Alamo blanco,18/11/2011 11:20,Medio (4 - 8 mts),60,Mediano,-68.8581222474,-32.8688556375,6,Residencial Norte,2694682.37982,0
25374,Morera,10/02/2011 09:46,Alto (> 8 mts),135,Grande,-68.83782077,-32.9006138902,2,Barrio Civico,2366816.36021,1
32869,Braquiquito,10/06/2011 10:50,Bajo (2 - 4 mts),24,Mediano,-68.8500709653,-32.8853622848,1,Parque Central,1655357.93265,0
12115,Morera,20/01/2011 09:46,Medio (4 - 8 mts),25,Mediano,-68.8475272158,-32.8684064143,6,Residencial Norte,2694682.37982,0
7620,Morera,07/06/2011 09:54,Bajo (2 - 4 mts),22,Mediano,-68.8584215865,-32.8835107681,5,Residencial Sur,2423808.92355,0
38119,Fresno europeo,03/12/2010 11:35,Alto (> 8 mts),220,Grande,-68.8461812561,-32.8729618957,6,Residencial Norte,2694682.37982,0
23271,Morera,26/01/2012 12:26,Medio (4 - 8 mts),120,Grande,-68.8523534606,-32.9011978862,2,Barrio Civico,2366816.36021,1
47795,Morera,22/09/2011 10:51,Alto (> 8 mts),198,Grande,-68.8276269166,-32.8742112561,4,Cuarta Este Área Fundacional,1822015.85685,1
41762,Platano,27/04/2011 12:30,Medio (4 - 8 mts),50,Mediano,-68.841595365,-32.8782495646,1,Parque Central,1655357.93265,0
34270,Fresno europeo,04/03/2011 10:07,Medio (4 - 8 mts),84,Grande,-68.8526249766,-32.8737449298,6,Residencial Norte,2694682.37982,0
45173,Fresno europeo,31/08/2011 10:18,Alto (> 8 mts),120,Grande,-68.8231518925,-32.8705766986,4,Cuarta Este Área Fundacional,1822015.85685,0
15851,Paraiso sombrilla,30/11/2011 10:16,Bajo (2 - 4 mts),40,Mediano,-68.8726746629,-32.8762508354,7,Residencial Parque,1786336.08966,0
3904,Paraiso sombrilla,01/09/2011 10:55,Medio (4 - 8 mts),145,Grande,-68.819609613,-32.8703526472,4,Cuarta Este Área Fundacional,1822015.85685,0
34627,Conifera,31/03/2011 11:34,Medio (4 - 8 mts),50,Mediano,-68.8493617645,-32.8769608017,6,Residencial Norte,2694682.37982,0
12971,Morera,15/02/2011 08:49,Alto (> 8 mts),200,Grande,-68.8439227509,-32.8647607431,4,Cuarta Oeste,1173332.70145,0
42531,Morera,26/09/2011 12:09,Muy bajo (1 - 2 mts),3,Chico,-68.8307209146,-32.8764439923,4,Cuarta Este Área Fundacional,1822015.85685,0
29262,Fresno americano,23/02/2011 16:04,Alto (> 8 mts),155,Grande,-68.8448653394,-32.8884291187,2,Barrio Civico,2366816.36021,0
26926,Platano,01/11/2011 18:02,Alto (> 8 mts),200,Grande,-68.8355202856,-32.8863029192,3,Parque O'Higgins,1531146.02653,0
23509,Fresno europeo,18/01/2011 17:09,Alto (> 8 mts),134,Grande,-68.8482537302,-32.9021379489,2,Barrio Civico,2366816.36021,0
11015,Morera,07/04/2011 15:19,Alto (> 8 mts),62,Grande,-68.8592773139,-32.8812096434,7,Residencial Parque,1786336.08966,0
22148,Morera,13/05/2011 13:42,Alto (> 8 mts),128,Grande,-68.8552678284,-32.8983151624,5,Residencial Sur,2423808.92355,0
46541,Morera,07/09/2011 10:44,Medio (4 - 8 mts),125,Grande,-68.8330528312,-32.8693170972,4,Cuarta Oeste,1173332.70145,0
29541,Morera,28/02/2011 18:25,Bajo (2 - 4 mts),26,Mediano,-68.8431772754,-32.8932592514,2,Barrio Civico,2366816.36021,0
19858,Morera,30/06/2011 09:17,Alto (> 8 mts),147,Grande,-68.8337188839,-32.8629249682,4,Cuarta Oeste,1173332.70145,0
14259,Morera,07/12/2011 10:31,Medio (4 - 8 mts),100,Grande,-68.8777861641,-32.8675805158,8,Aeroparque,2203364.73622,0
36854,Platano,28/03/2011 16:36,Alto (> 8 mts),128,Grande,-68.8573915824,-32.8796272434,7,Residencial Parque,1786336.08966,0
8012,Fresno europeo,17/02/2011 10:17,Alto (> 8 mts),74,Grande,-68.8401798249,-32.8886509337,3,Parque O'Higgins,1531146.02653,0
8146,Platano,03/03/2011 09:13,Alto (> 8 mts),128,Grande,-68.846107896,-32.890879624,2,Barrio Civico,2366816.36021,0
1709,Acer,24/11/2011 12:08,Medio (4 - 8 mts),65,Grande,-68.8722444639,-32.8788636974,7,Residencial Parque,1786336.08966,0
46295,Morera,19/09/2011 12:41,Medio (4 - 8 mts),60,Mediano,-68.8223589441,-32.873714627,4,Cuarta Este Área Fundacional,1822015.85685,0
1283,Acacia SP,02/12/2011 09:55,Bajo (2 - 4 mts),56,Mediano,-68.8787724424,-32.8677603448,8,Aeroparque,2203364.73622,0
24743,Acer,14/02/2011 14:54,Alto (> 8 mts),108,Grande,-68.8344173266,-32.8973912336,2,Barrio Civico,2366816.36021,0
18658,Fresno europeo,05/07/2011 10:39,Medio (4 - 8 mts),108,Grande,-68.836625993,-32.875169841,1,Parque Central,1655357.93265,0
47769,Morera,15/09/2011 13:53,Medio (4 - 8 mts),50,Mediano,-68.8273409727,-32.8721350728,4,Cuarta Este Área Fundacional,1822015.85685,0
23140,Fresno europeo,19/01/2011 16:28,Alto (> 8 mts),98,Grande,-68.8477168916,-32.9023545133,2,Barrio Civico,2366816.36021,0
47996,Morera,29/08/2011 09:17,Alto (> 8 mts),200,Grande,-68.8257663899,-32.8694519731,4,Cuarta Este Área Fundacional,1822015.85685,0
37720,Fresno europeo,14/01/2012 10:24,Bajo (2 - 4 mts),44,Mediano,-68.8514384328,-32.8727463428,6,Residencial Norte,2694682.37982,0
21955,Fresno europeo,30/05/2011 12:30,Medio (4 - 8 mts),62,Grande,-68.8573140354,-32.8942764071,5,Residencial Sur,2423808.92355,0
25579,Morera,11/02/2011 12:05,Alto (> 8 mts),102,Grande,-68.8389258171,-32.9012869874,2,Barrio Civico,2366816.36021,0
8463,Fresno americano,17/02/2011 14:59,Medio (4 - 8 mts),58,Mediano,-68.8363416619,-32.897757966,2,Barrio Civico,2366816.36021,1
41589,Braquiquito,05/05/2011 11:53,Medio (4 - 8 mts),50,Mediano,-68.8410162456,-32.8769850806,1,Parque Central,1655357.93265,0
3024,Fresno americano,15/09/2011 13:05,Bajo (2 - 4 mts),60,Mediano,-68.8291306647,-32.8730195508,4,Cuarta Este Área Fundacional,1822015.85685,0
45170,Fresno europeo,31/08/2011 13:47,Alto (> 8 mts),135,Grande,-68.8231895144,-32.8708614022,4,Cuarta Este Área Fundacional,1822015.85685,0
47274,Fresno americano,20/09/2011 11:30,Medio (4 - 8 mts),135,Grande,-68.831117814,-32.8729807878,4,Cuarta Este Área Fundacional,1822015.85685,0
31645,Fresno europeo,14/06/2011 14:25,Alto (> 8 mts),108,Grande,-68.8575556119,-32.8890375103,5,Residencial Sur,2423808.92355,0
19600,Fresno europeo,11/07/2011 09:45,Alto (> 8 mts),78,Grande,-68.8365149973,-32.871544465,4,Cuarta Oeste,1173332.70145,0
28247,Morera,28/02/2011 16:48,Alto (> 8 mts),172,Grande,-68.8480813717,-32.8927789133,2,Barrio Civico,2366816.36021,0
22082,Paraiso,10/06/2011 11:29,Alto (> 8 mts),200,Grande,-68.8544295018,-32.8966963768,5,Residencial Sur,2423808.92355,1
28960,Platano,25/04/2011 12:23,Alto (> 8 mts),220,Grande,-68.8449264475,-32.8858114565,1,Parque Central,1655357.93265,0
35725,Fresno europeo,09/03/2011 09:22,Alto (> 8 mts),95,Grande,-68.8545270482,-32.8735637518,6,Residencial Norte,2694682.37982,0
39485,Morera,10/11/2010 12:20,Alto (> 8 mts),180,Grande,-68.853893845299993,-32.8699101598,6,Residencial Norte,2694682.37982,0
47323,Morera,21/09/2011 11:38,Alto (> 8 mts),192,Grande,-68.8307240284,-32.8745733678,4,Cuarta Este Área Fundacional,1822015.85685,0
21318,Morera,15/06/2011 12:05,Medio (4 - 8 mts),50,Mediano,-68.8539242855,-32.898977356,5,Residencial Sur,2423808.92355,1
1157,Jacaranda,29/11/2011 12:14,Alto (> 8 mts),95,Grande,-68.875389387,-32.8651880084,8,Aeroparque,2203364.73622,0
39428,Paraiso,11/11/2010 11:23,Alto (> 8 mts),180,Grande,-68.8551375817,-32.8703984113,6,Residencial Norte,2694682.37982,0
38778,Fresno europeo,01/11/2010 11:45,Muy bajo (1 - 2 mts),15,Chico,-68.8501327662,-32.8695946259,6,Residencial Norte,2694682.37982,0
9916,Caducifolio,17/11/2010 10:50,Bajo (2 - 4 mts),150,Grande,-68.8576615726,-32.8693844487,6,Residencial Norte,2694682.37982,0
23912,Morera,19/01/2012 10:50,Alto (> 8 mts),130,Grande,-68.8524349715,-32.8997892782,2,Barrio Civico,2366816.36021,0
19788,Olmo comun,10/08/2011 11:47,Alto (> 8 mts),200,Grande,-68.834233092,-32.8698742511,4,Cuarta Oeste,1173332.70145,0
34002,Morera,26/05/2011 09:39,Bajo (2 - 4 mts),90,Grande,-68.8530540948,-32.8848222852,5,Residencial Sur,2423808.92355,1
4213,Fresno europeo,07/07/2011 10:46,Alto (> 8 mts),125,Grande,-68.8383795465,-32.8739051024,4,Cuarta Oeste,1173332.70145,0
23390,Caducifolio,28/01/2011 09:00,Alto (> 8 mts),120,Grande,-68.8493750265,-32.9018574365,2,Barrio Civico,2366816.36021,0
3504,Olmo comun,25/08/2011 08:38,Alto (> 8 mts),145,Grande,-68.824193996100007,-32.86853942,4,Cuarta Este Área Fundacional,1822015.85685,0
25320,Morera,09/02/2011 11:02,Medio (4 - 8 mts),130,Grande,-68.8391354553,-32.8994352763,2,Barrio Civico,2366816.36021,0
18870,Morera,27/07/2011 09:05,Alto (> 8 mts),148,Grande,-68.8407369617,-32.870377534,4,Cuarta Oeste,1173332.70145,1
35124,Fresno americano,28/03/2011 10:32,Medio (4 - 8 mts),120,Grande,-68.8519068146,-32.8802360949,6,Residencial Norte,2694682.37982,0
11720,Morera,02/06/2010 11:38,Medio (4 - 8 mts),154,Grande,-68.8503282572,-32.8664868685,6,Residencial Norte,2694682.37982,0
15746,Jacaranda,22/11/2011 09:54,Medio (4 - 8 mts),35,Mediano,-68.8730135836,-32.8793490453,7,Residencial Parque,1786336.08966,0
15749,Paraiso,22/11/2011 09:42,Medio (4 - 8 mts),120,Grande,-68.872962202,-32.879186508,7,Residencial Parque,1786336.08966,0
20129,Jacaranda,16/05/2011 11:14,Alto (> 8 mts),30,Mediano,-68.861747006,-32.891460355,5,Residencial Sur,2423808.92355,0
13895,Morera,19/12/2011 12:14,Bajo (2 - 4 mts),60,Mediano,-68.8756272074,-32.866678782,8,Aeroparque,2203364.73622,0
18731,Paraiso,12/07/2011 19:17,Alto (> 8 mts),240,Grande,-68.8362214446,-32.8730315685,4,Cuarta Oeste,1173332.70145,0
6541,Morera,19/05/2011 09:44,Medio (4 - 8 mts),73,Grande,-68.8580117771,-32.8913917619,5,Residencial Sur,2423808.92355,1
19476,Morera,11/07/2011 12:57,Alto (> 8 mts),149,Grande,-68.839548266,-32.871252359,4,Cuarta Oeste,1173332.70145,0
24036,Ligustro,21/01/2011 13:26,Bajo (2 - 4 mts),14,Chico,-68.8461539112,-32.9016524964,2,Barrio Civico,2366816.36021,0
16647,Perenne,19/07/2011 12:24,Bajo (2 - 4 mts),20,Chico,-68.8409980434,-32.8638115101,4,Cuarta Oeste,1173332.70145,0
18309,Platano,03/08/2011 09:15,Alto (> 8 mts),190,Grande,-68.8381716792,-32.8685394596,4,Cuarta Oeste,1173332.70145,0
39679,Platano,21/10/2010 13:01,Alto (> 8 mts),190,Grande,-68.8476571021,-32.8697748599,6,Residencial Norte,2694682.37982,0
14182,Morera,30/11/2011 09:49,Alto (> 8 mts),120,Grande,-68.8765041742,-32.8662911544,8,Aeroparque,2203364.73622,0
40489,Olmo comun,11/04/2011 09:10,Medio (4 - 8 mts),90,Grande,-68.8427731783,-32.8817949988,1,Parque Central,1655357.93265,0
26192,Fresno americano,20/10/2011 10:50,Medio (4 - 8 mts),149,Grande,-68.8314923083,-32.8882975343,3,Parque O'Higgins,1531146.02653,0
20353,Morera,26/05/2011 09:59,Alto (> 8 mts),130,Grande,-68.8605749869,-32.8936642304,5,Residencial Sur,2423808.92355,1
8926,Caducifolio,24/01/2011 13:05,Muy bajo (1 - 2 mts),5,Chico,-68.8488397538,-32.8672751061,6,Residencial Norte,2694682.37982,0
15204,Fresno europeo,16/11/2011 13:08,Bajo (2 - 4 mts),36,Mediano,-68.8599009761,-32.8693393176,6,Residencial Norte,2694682.37982,0
38394,Morera,04/11/2010 12:28,Alto (> 8 mts),250,Grande,-68.8518997317,-32.8689645359,6,Residencial Norte,2694682.37982,0
32112,Morera,09/05/2011 12:27,Alto (> 8 mts),183,Grande,-68.8596007251,-32.8868003643,5,Residencial Sur,2423808.92355,0
15868,Ailanthus,28/11/2011 21:07,Bajo (2 - 4 mts),30,Mediano,-68.8726292013,-32.8769827373,7,Residencial Parque,1786336.08966,0
41425,Morera,07/04/2011 10:37,Alto (> 8 mts),125,Grande,-68.8421718971,-32.8813082048,1,Parque Central,1655357.93265,0
610,Acacia SP,08/03/2012 08:12,Medio (4 - 8 mts),120,Grande,-68.8192487263,-32.8679860567,4,Cuarta Este Área Fundacional,1822015.85685,0
20012,Fresno americano,11/08/2011 09:48,Alto (> 8 mts),122,Grande,-68.833237027,-32.8668176528,4,Cuarta Oeste,1173332.70145,0
43753,Fresno europeo,17/10/2011 15:55,Alto (> 8 mts),160,Grande,-68.8335303228,-32.881215669,3,Parque O'Higgins,1531146.02653,0
20878,Morera,26/05/2011 10:38,Alto (> 8 mts),91,Grande,-68.8606409035,-32.8953195383,5,Residencial Sur,2423808.92355,0
18069,Morera,28/07/2011 11:21,Alto (> 8 mts),158,Grande,-68.8403794395,-32.8679224514,4,Cuarta Oeste,1173332.70145,0
39999,Morera,20/04/2011 12:54,Medio (4 - 8 mts),190,Grande,-68.844123985,-32.8777486046,1,Parque Central,1655357.93265,1
33572,Platano,31/05/2011 15:29,Alto (> 8 mts),150,Grande,-68.8546694213,-32.8889239866,5,Residencial Sur,2423808.92355,0
29929,Platano,14/03/2011 12:22,Alto (> 8 mts),190,Grande,-68.8409211409,-32.8925743428,2,Barrio Civico,2366816.36021,0
10390,Prunas,15/03/2011 11:48,Bajo (2 - 4 mts),25,Mediano,-68.8585357284,-32.8734207529,6,Residencial Norte,2694682.37982,0
32203,Fresno europeo,10/05/2011 10:16,Bajo (2 - 4 mts),50,Mediano,-68.8589273189,-32.885332012,5,Residencial Sur,2423808.92355,0
10804,Morera,01/04/2011 12:01,Bajo (2 - 4 mts),22,Mediano,-68.8580042667,-32.8771218431,7,Residencial Parque,1786336.08966,0
20887,Morera,26/05/2011 10:08,Alto (> 8 mts),125,Grande,-68.8604983272,-32.8946958662,5,Residencial Sur,2423808.92355,1
2024,Morera,02/11/2011 08:43,Medio (4 - 8 mts),120,Grande,-68.8329391462,-32.8944333719,3,Parque O'Higgins,1531146.02653,0
27533,Morera,27/10/2011 08:34,Medio (4 - 8 mts),145,Grande,-68.8364582288,-32.8910552776,3,Parque O'Higgins,1531146.02653,1
33232,Platano,09/05/2011 11:50,Alto (> 8 mts),200,Grande,-68.8558578832,-32.8920611752,5,Residencial Sur,2423808.92355,0
40676,Platano,12/04/2011 12:26,Alto (> 8 mts),195,Grande,-68.8444639706,-32.8846834062,1,Parque Central,1655357.93265,0
29570,Morera,04/03/2011 10:21,Alto (> 8 mts),180,Grande,-68.8448462211,-32.8914350281,2,Barrio Civico,2366816.36021,1
14698,Morera,06/12/2011 08:20,Medio (4 - 8 mts),100,Grande,-68.8766860645,-32.868979695,8,Aeroparque,2203364.73622,0
6606,Fresno americano,10/05/2011 10:42,Medio (4 - 8 mts),48,Mediano,-68.8564288763,-32.8931286979,5,Residencial Sur,2423808.92355,0
20975,Alamo criollo,22/06/2011 12:05,Alto (> 8 mts),220,Grande,-68.8639958871,-32.9005026042,5,Residencial Sur,2423808.92355,0
8105,Fresno europeo,10/03/2011 09:44,Medio (4 - 8 mts),28,Mediano,-68.8433662109,-32.8908389847,2,Barrio Civico,2366816.36021,0
44709,Fresno europeo,24/08/2011 09:38,Alto (> 8 mts),155,Grande,-68.8228236094,-32.8681524668,4,Cuarta Este Área Fundacional,1822015.85685,0
7096,Morera,01/06/2011 12:17,Bajo (2 - 4 mts),38,Mediano,-68.8608984105,-32.8978889172,5,Residencial Sur,2423808.92355,0
17023,Paraiso,09/08/2011 11:41,Alto (> 8 mts),115,Grande,-68.8389551879,-32.8641335976,4,Cuarta Oeste,1173332.70145,0
2776,Fresno europeo,20/10/2011 16:03,Bajo (2 - 4 mts),60,Mediano,-68.8296764156,-32.8816285265,3,Parque O'Higgins,1531146.02653,0
38251,Fresno europeo,17/01/2012 08:25,Medio (4 - 8 mts),60,Mediano,-68.8471348003,-32.8735354599,6,Residencial Norte,2694682.37982,1
29691,Acacia SP,02/03/2011 15:40,Medio (4 - 8 mts),98,Grande,-68.8417928617,-32.8942951537,2,Barrio Civico,2366816.36021,1
12681,Morera,19/01/2011 12:35,Alto (> 8 mts),130,Grande,-68.8484395293,-32.8629572962,6,Residencial Norte,2694682.37982,0
6866,Morera,07/06/2011 10:39,Alto (> 8 mts),105,Grande,-68.8579467808,-32.8951269064,5,Residencial Sur,2423808.92355,0
30464,Platano,18/02/2011 13:47,Alto (> 8 mts),180,Grande,-68.8403296817,-32.8882916982,3,Parque O'Higgins,1531146.02653,0
26038,Morera,09/11/2011 16:28,Medio (4 - 8 mts),140,Grande,-68.8313702786,-32.886539577,3,Parque O'Higgins,1531146.02653,1
20490,Morera,02/06/2011 09:52,Alto (> 8 mts),140,Grande,-68.8598836527,-32.8980422493,5,Residencial Sur,2423808.92355,0
23717,Morera,25/01/2011 12:44,Alto (> 8 mts),106,Grande,-68.8500450865,-32.9005223782,2,Barrio Civico,2366816.36021,0
40596,Morera,15/04/2011 10:50,Alto (> 8 mts),182,Grande,-68.8457137725,-32.8843140882,1,Parque Central,1655357.93265,1
12265,Morera,10/01/2011 09:41,Alto (> 8 mts),110,Grande,-68.8447556875,-32.8683985928,4,Cuarta Oeste,1173332.70145,1
44929,Morera,23/08/2011 10:25,Alto (> 8 mts),148,Grande,-68.8253061187,-32.8686468008,4,Cuarta Este Área Fundacional,1822015.85685,0
3296,Fresno europeo,30/09/2011 10:40,Muy bajo (1 - 2 mts),12,Chico,-68.8224800691,-32.87341415,4,Cuarta Este Área Fundacional,1822015.85685,0
34276,Morera,04/03/2011 09:44,Alto (> 8 mts),220,Grande,-68.8523602562,-32.8735139643,6,Residencial Norte,2694682.37982,1
38794,Paraiso sombrilla,14/12/2010 09:50,Bajo (2 - 4 mts),34,Mediano,-68.8499457274,-32.870544703,6,Residencial Norte,2694682.37982,0
13659,Olmo comun,25/02/2011 13:28,Medio (4 - 8 mts),40,Mediano,-68.8520216831,-32.8652906501,6,Residencial Norte,2694682.37982,0
7215,Morera,28/06/2011 09:02,Bajo (2 - 4 mts),70,Grande,-68.8611422288,-32.8981489536,5,Residencial Sur,2423808.92355,0
24828,Morera,18/02/2011 09:38,Alto (> 8 mts),190,Grande,-68.8400756617,-32.8976212898,2,Barrio Civico,2366816.36021,0
41877,Fresno europeo,18/04/2011 12:43,Medio (4 - 8 mts),44,Mediano,-68.8429152612,-32.8794136018,1,Parque Central,1655357.93265,0
37086,Fresno europeo,06/04/2011 09:27,Medio (4 - 8 mts),130,Grande,-68.8578240394,-32.8764494267,7,Residencial Parque,1786336.08966,0
21304,Fresno europeo,14/06/2011 15:33,Muy bajo (1 - 2 mts),2,Chico,-68.8537756611,-32.8979629401,5,Residencial Sur,2423808.92355,0
8828,Acer,01/02/2011 13:40,Muy bajo (1 - 2 mts),10,Chico,-68.8545413803,-32.8680740847,6,Residencial Norte,2694682.37982,0
23362,Morera,28/01/2011 13:20,Alto (> 8 mts),110,Grande,-68.8509775431,-32.9023927063,2,Barrio Civico,2366816.36021,1
11687,Fresno europeo,28/01/2011 12:32,Alto (> 8 mts),150,Grande,-68.8503878506,-32.8678315347,6,Residencial Norte,2694682.37982,0
27802,Platano,03/11/2011 09:44,Alto (> 8 mts),125,Grande,-68.8351265286,-32.8950630781,3,Parque O'Higgins,1531146.02653,0
12625,Morera,17/01/2011 09:31,Alto (> 8 mts),130,Grande,-68.845961497,-32.8633620029,4,Cuarta Oeste,1173332.70145,0
1667,Paraiso sombrilla,23/11/2011 08:17,Bajo (2 - 4 mts),46,Mediano,-68.8720275416,-32.8786879528,7,Residencial Parque,1786336.08966,0
32880,Jacaranda,10/06/2011 10:27,Bajo (2 - 4 mts),18,Chico,-68.8509098008,-32.8854695069,5,Residencial Sur,2423808.92355,0
19703,Fresno americano,12/07/2011 09:36,Alto (> 8 mts),160,Grande,-68.8344437803,-32.8713858993,4,Cuarta Oeste,1173332.70145,0
44440,Tipa,18/10/2011 10:18,Alto (> 8 mts),220,Grande,-68.8375064896,-32.883772868,3,Parque O'Higgins,1531146.02653,0
33087,Platano,28/06/2011 09:31,Alto (> 8 mts),128,Grande,-68.8532306759,-32.8914117869,5,Residencial Sur,2423808.92355,0
20828,Fresno europeo,30/05/2011 10:29,Alto (> 8 mts),98,Grande,-68.8620379289,-32.8964873345,5,Residencial Sur,2423808.92355,0
7030,Fresno europeo,13/06/2011 10:51,Alto (> 8 mts),134,Grande,-68.8547280612,-32.8981025256,5,Residencial Sur,2423808.92355,0
34683,Morera,31/03/2011 10:10,Alto (> 8 mts),160,Grande,-68.8495457914,-32.8765808593,6,Residencial Norte,2694682.37982,1
47599,Morera,15/09/2011 10:09,Medio (4 - 8 mts),90,Grande,-68.8294157709,-32.8719161928,4,Cuarta Este Área Fundacional,1822015.85685,1
13804,Paraiso,26/01/2011 13:11,Alto (> 8 mts),200,Grande,-68.8492370408,-32.8639208062,6,Residencial Norte,2694682.37982,0
6001,Morera,27/04/2011 11:39,Medio (4 - 8 mts),55,Mediano,-68.8484570306,-32.8855208517,1,Parque Central,1655357.93265,0
37942,Acer,27/08/2010 10:50,Medio (4 - 8 mts),110,Grande,-68.8477537916,-32.8742119001,6,Residencial Norte,2694682.37982,0
47481,Olmo comun,20/09/2011 10:55,Alto (> 8 mts),183,Grande,-68.829375644,-32.8749854798,4,Cuarta Este Área Fundacional,1822015.85685,0
22659,Morera,21/06/2011 11:05,Alto (> 8 mts),150,Grande,-68.8604280478,-32.9004977879,5,Residencial Sur,2423808.92355,0
25388,Fresno europeo,10/02/2011 08:17,Bajo (2 - 4 mts),39,Mediano,-68.8385325033,-32.8995043801,2,Barrio Civico,2366816.36021,0
7899,Fresno europeo,16/06/2011 09:26,Medio (4 - 8 mts),20,Chico,-68.8560521203,-32.8893747023,5,Residencial Sur,2423808.92355,0
31928,Morera,03/06/2011 09:48,Medio (4 - 8 mts),120,Grande,-68.8588699529,-32.8845092431,5,Residencial Sur,2423808.92355,0
23197,Paraiso,18/01/2011 12:34,Medio (4 - 8 mts),130,Grande,-68.8485844343,-32.9011362117,2,Barrio Civico,2366816.36021,0
10683,Paraiso,28/03/2011 09:42,Medio (4 - 8 mts),160,Grande,-68.8510492185,-32.8748685596,6,Residencial Norte,2694682.37982,0
20906,Fresno europeo,27/05/2011 09:19,Medio (4 - 8 mts),90,Grande,-68.8616875975,-32.8950968105,5,Residencial Sur,2423808.92355,0
30961,Fresno europeo,10/02/2011 13:32,Muy bajo (1 - 2 mts),8,Chico,-68.8551832954,-32.8637140764,6,Residencial Norte,2694682.37982,0
10907,Paraiso,18/03/2011 10:02,Alto (> 8 mts),100,Grande,-68.8541661703,-32.8796765673,6,Residencial Norte,2694682.37982,0
11750,Morera,02/06/2010 11:19,Alto (> 8 mts),175,Grande,-68.8502766576,-32.8671265594,6,Residencial Norte,2694682.37982,0
22168,Platano,18/05/2011 10:54,Alto (> 8 mts),172,Grande,-68.8541031113,-32.8993072796,5,Residencial Sur,2423808.92355,0
13341,Fresno europeo,12/01/2011 10:45,Medio (4 - 8 mts),58,Mediano,-68.8461160814,-32.866904765,4,Cuarta Oeste,1173332.70145,0
26144,Fresno europeo,10/11/2011 17:38,Bajo (2 - 4 mts),110,Grande,-68.8300663424,-32.8876760526,3,Parque O'Higgins,1531146.02653,0
13846,Morera,26/01/2011 08:30,Medio (4 - 8 mts),110,Grande,-68.8487397984,-32.8635114963,6,Residencial Norte,2694682.37982,1
4135,Paraiso,28/09/2011 10:06,Alto (> 8 mts),180,Grande,-68.8241556899,-32.8751522441,4,Cuarta Este Área Fundacional,1822015.85685,0
46306,Morera,28/09/2011 08:24,Alto (> 8 mts),220,Grande,-68.8240269503,-32.8734629505,4,Cuarta Este Área Fundacional,1822015.85685,1
12495,Morera,25/01/2011 13:28,Medio (4 - 8 mts),45,Mediano,-68.8490305383,-32.8677512114,6,Residencial Norte,2694682.37982,0
37039,Platano,05/04/2011 11:02,Alto (> 8 mts),160,Grande,-68.8574089191,-32.8758737835,6,Residencial Norte,2694682.37982,0
9635,Paraiso,26/01/2011 11:56,Medio (4 - 8 mts),100,Grande,-68.8496293411,-32.8641503423,6,Residencial Norte,2694682.37982,0
11849,Paraiso,02/03/2011 12:06,Alto (> 8 mts),160,Grande,-68.8502817992,-32.8647590622,6,Residencial Norte,2694682.37982,0
20209,Fresno europeo,24/05/2011 13:53,Alto (> 8 mts),90,Grande,-68.8603096235,-32.8946094476,5,Residencial Sur,2423808.92355,0
25465,Morera,08/02/2011 13:15,Alto (> 8 mts),145,Grande,-68.8406117797,-32.9004868243,2,Barrio Civico,2366816.36021,1
43867,Fresno europeo,07/10/2011 08:55,Medio (4 - 8 mts),36,Mediano,-68.8310906588,-32.8840317196,3,Parque O'Higgins,1531146.02653,0
6854,Fresno americano,07/06/2011 09:31,Bajo (2 - 4 mts),30,Mediano,-68.8590235726,-32.8952216394,5,Residencial Sur,2423808.92355,0
42153,Acacia SP,04/05/2011 13:13,Bajo (2 - 4 mts),8,Chico,-68.8414163865,-32.8739829751,1,Parque Central,1655357.93265,0
43128,Morera,04/10/2011 08:48,Medio (4 - 8 mts),100,Grande,-68.8285792862,-32.8779408861,4,Cuarta Este Área Fundacional,1822015.85685,1
5178,Caducifolio,10/08/2011 07:56,Alto (> 8 mts),60,Mediano,-68.8381800664,-32.8639278441,4,Cuarta Oeste,1173332.70145,0
28439,Morera,28/02/2011 09:51,Alto (> 8 mts),116,Grande,-68.8462347986,-32.8894983679,2,Barrio Civico,2366816.36021,0
24670,Platano,17/01/2011 14:10,Alto (> 8 mts),270,Grande,-68.8421875597,-32.9009265935,2,Barrio Civico,2366816.36021,1
25793,Olmo comun,02/02/2011 10:19,Alto (> 8 mts),132,Grande,-68.8397381751,-32.9042422369,2,Barrio Civico,2366816.36021,0
1155,Perenne,01/12/2011 13:06,Medio (4 - 8 mts),40,Mediano,-68.8769208192,-32.8678739186,8,Aeroparque,2203364.73622,0
7480,Acer,17/06/2011 10:06,Medio (4 - 8 mts),80,Grande,-68.8613264004,-32.8994055456,5,Residencial Sur,2423808.92355,0
30361,Morera,14/03/2011 11:08,Alto (> 8 mts),104,Grande,-68.8399274455,-32.8906413375,3,Parque O'Higgins,1531146.02653,0
33085,Platano,28/06/2011 09:33,Alto (> 8 mts),180,Grande,-68.8534162734,-32.891373322,5,Residencial Sur,2423808.92355,0
29411,Morera,02/03/2011 10:18,Alto (> 8 mts),120,Grande,-68.8449695356,-32.890893535,2,Barrio Civico,2366816.36021,0
34889,Morera,29/03/2011 10:34,Alto (> 8 mts),123,Grande,-68.8513430831,-32.8813157355,1,Parque Central,1655357.93265,1
24920,Morera,10/02/2011 09:01,Alto (> 8 mts),124,Grande,-68.8383585013,-32.8970887328,2,Barrio Civico,2366816.36021,1
6710,Morera,12/05/2011 10:19,Medio (4 - 8 mts),80,Grande,-68.8546092108,-32.8935836367,5,Residencial Sur,2423808.92355,0
13563,Morera,28/01/2011 09:40,Bajo (2 - 4 mts),24,Mediano,-68.8505853328,-32.8636291617,6,Residencial Norte,2694682.37982,0
32058,Morera,09/06/2011 09:42,Alto (> 8 mts),147,Grande,-68.8609861358,-32.8867570978,5,Residencial Sur,2423808.92355,0
21651,Morera,08/06/2011 09:47,Alto (> 8 mts),190,Grande,-68.8545667766,-32.8963293176,5,Residencial Sur,2423808.92355,1
28483,Morera,25/02/2011 11:15,Alto (> 8 mts),290,Grande,-68.8472577041,-32.8896177313,2,Barrio Civico,2366816.36021,1
20245,Fresno europeo,26/05/2011 09:08,Medio (4 - 8 mts),84,Grande,-68.8590285586,-32.8940798092,5,Residencial Sur,2423808.92355,0
26961,Fresno europeo,01/11/2011 16:21,Medio (4 - 8 mts),120,Grande,-68.8367240007,-32.8864206903,3,Parque O'Higgins,1531146.02653,0
32710,Fresno americano,18/05/2011 09:08,Medio (4 - 8 mts),130,Grande,-68.8518796259,-32.8861541258,5,Residencial Sur,2423808.92355,1
33039,Morera,17/05/2011 14:00,Alto (> 8 mts),93,Grande,-68.8528982515,-32.8870523846,5,Residencial Sur,2423808.92355,0
2717,Fresno americano,12/10/2011 14:17,Medio (4 - 8 mts),60,Mediano,-68.8315359497,-32.8826297883,3,Parque O'Higgins,1531146.02653,0
18767,Morera,11/07/2011 11:42,Alto (> 8 mts),90,Grande,-68.8382377139,-32.8724503128,4,Cuarta Oeste,1173332.70145,0
40198,Fresno americano,25/04/2011 12:20,Alto (> 8 mts),170,Grande,-68.8460264788,-32.8836866251,1,Parque Central,1655357.93265,0
3137,Morera,09/09/2011 08:59,Medio (4 - 8 mts),207,Grande,-68.8248076288,-32.8730379519,4,Cuarta Este Área Fundacional,1822015.85685,0
9337,Fresno europeo,21/02/2011 11:02,Medio (4 - 8 mts),56,Mediano,-68.8469916634,-32.8660000629,6,Residencial Norte,2694682.37982,0
33561,Fresno europeo,30/05/2011 09:59,Medio (4 - 8 mts),32,Mediano,-68.8540056653,-32.8885188047,5,Residencial Sur,2423808.92355,0
14674,Aguaribay,15/12/2011 17:04,Medio (4 - 8 mts),100,Grande,-68.8814969742,-32.8673495406,8,Aeroparque,2203364.73622,0
4420,Morera,12/08/2011 09:40,Medio (4 - 8 mts),30,Mediano,-68.8349681098,-32.8689764456,4,Cuarta Oeste,1173332.70145,0
29558,Platano,25/02/2011 12:58,Alto (> 8 mts),186,Grande,-68.8430709627,-32.8923052659,2,Barrio Civico,2366816.36021,0
7875,Fresno europeo,16/06/2011 10:10,Alto (> 8 mts),135,Grande,-68.8558106839,-32.8889804524,5,Residencial Sur,2423808.92355,0
2266,Morera,27/10/2011 09:46,Alto (> 8 mts),155,Grande,-68.8371972814,-32.8914905442,3,Parque O'Higgins,1531146.02653,0
27742,Morera,31/10/2011 09:28,Medio (4 - 8 mts),120,Grande,-68.8358970678,-32.8957203826,2,Barrio Civico,2366816.36021,0
13327,Fresno europeo,22/02/2011 13:35,Alto (> 8 mts),146,Grande,-68.8478869471,-32.8661777372,6,Residencial Norte,2694682.37982,0
40336,Fresno europeo,08/04/2011 12:04,Medio (4 - 8 mts),160,Grande,-68.8443835019,-32.8804399109,1,Parque Central,1655357.93265,0
6045,Platano,20/04/2011 12:17,Alto (> 8 mts),160,Grande,-68.8452931402,-32.8871821264,1,Parque Central,1655357.93265,0
5026,Perenne,22/07/2011 09:08,Medio (4 - 8 mts),30,Mediano,-68.8402754446,-32.8634481397,4,Cuarta Oeste,1173332.70145,0
47514,Morera,29/08/2011 14:01,Alto (> 8 mts),157,Grande,-68.8265451753,-32.8711140659,4,Cuarta Este Área Fundacional,1822015.85685,0
11686,Morera,28/01/2011 12:26,Medio (4 - 8 mts),90,Grande,-68.8503393407,-32.8678287409,6,Residencial Norte,2694682.37982,0
43414,Morera,27/10/2011 12:49,Medio (4 - 8 mts),170,Grande,-68.8310496295,-32.8805466131,3,Parque O'Higgins,1531146.02653,0
27727,Fresno europeo,31/10/2011 09:58,Bajo (2 - 4 mts),20,Chico,-68.8351859143,-32.8953727067,3,Parque O'Higgins,1531146.02653,0
31226,Ailanthus,04/02/2011 12:38,Alto (> 8 mts),146,Grande,-68.8539829726,-32.8648180281,6,Residencial Norte,2694682.37982,0
10825,Caducifolio,30/03/2011 12:28,Alto (> 8 mts),70,Grande,-68.854744083,-32.8782243162,6,Residencial Norte,2694682.37982,0
41071,Morera,28/04/2011 11:47,Alto (> 8 mts),102,Grande,-68.8388248949,-32.8835325598,1,Parque Central,1655357.93265,0
22149,Morera,13/05/2011 13:41,Alto (> 8 mts),68,Grande,-68.8551807152,-32.8983174059,5,Residencial Sur,2423808.92355,0
39940,Paraiso sombrilla,28/04/2011 12:18,Medio (4 - 8 mts),130,Grande,-68.8446783222,-32.8760574468,1,Parque Central,1655357.93265,0
79,Fresno europeo,02/03/2012 13:28,Bajo (2 - 4 mts),28,Mediano,-68.8573962494,-32.8960399488,5,Residencial Sur,2423808.92355,0
29293,Platano,22/02/2011 12:47,Alto (> 8 mts),190,Grande,-68.8435799566,-32.8876724048,1,Parque Central,1655357.93265,0
8426,Jacaranda,15/02/2011 15:15,Medio (4 - 8 mts),42,Mediano,-68.8375618857,-32.9009487781,2,Barrio Civico,2366816.36021,0
2351,Fresno europeo,03/11/2011 17:58,Muy bajo (1 - 2 mts),4,Chico,-68.8348579429,-32.8860518837,3,Parque O'Higgins,1531146.02653,0
36711,Fresno europeo,14/06/2011 14:59,Bajo (2 - 4 mts),64,Grande,-68.8598970031,-32.8822202785,7,Residencial Parque,1786336.08966,0
3057,Morera,15/09/2011 14:00,Alto (> 8 mts),90,Grande,-68.8268452683,-32.8721606621,4,Cuarta Este Área Fundacional,1822015.85685,1
7289,Morera,11/05/2011 10:04,Alto (> 8 mts),98,Grande,-68.8533008858,-32.9014960848,2,Barrio Civico,2366816.36021,0
47066,Fresno europeo,28/09/2011 08:50,Alto (> 8 mts),180,Grande,-68.8342310671,-32.8737295141,4,Cuarta Este Área Fundacional,1822015.85685,0
6873,Fresno europeo,07/06/2011 10:25,Alto (> 8 mts),140,Grande,-68.8584383356,-32.8950536641,5,Residencial Sur,2423808.92355,0
4205,Fresno europeo,05/07/2011 12:44,Alto (> 8 mts),120,Grande,-68.8381232745,-32.8732435779,4,Cuarta Oeste,1173332.70145,0
13283,Morera,23/02/2011 13:08,Alto (> 8 mts),120,Grande,-68.8476811708,-32.865313726,6,Residencial Norte,2694682.37982,0
25996,Morera,31/01/2011 10:40,Alto (> 8 mts),126,Grande,-68.8383586863,-32.9032664562,2,Barrio Civico,2366816.36021,0
3759,Morera,29/08/2011 11:41,Alto (> 8 mts),158,Grande,-68.8183336941,-32.8698043184,4,Cuarta Este Área Fundacional,1822015.85685,1
42183,Morera,06/05/2011 10:36,Alto (> 8 mts),125,Grande,-68.8403513774,-32.873982522,1,Parque Central,1655357.93265,0
24799,Platano,18/02/2011 08:18,Alto (> 8 mts),250,Grande,-68.8410206496,-32.8973356166,2,Barrio Civico,2366816.36021,0
23518,Fresno europeo,19/01/2011 19:19,Alto (> 8 mts),84,Grande,-68.8486066464,-32.9029699151,2,Barrio Civico,2366816.36021,0
40651,Morera,13/04/2011 09:49,Alto (> 8 mts),210,Grande,-68.8434083108,-32.8850467423,1,Parque Central,1655357.93265,0
22456,Morera,24/06/2011 10:34,Alto (> 8 mts),160,Grande,-68.8611235286,-32.8986338791,5,Residencial Sur,2423808.92355,1
36440,Braquiquito,18/03/2011 12:24,Alto (> 8 mts),70,Grande,-68.8523800474,-32.8800115015,6,Residencial Norte,2694682.37982,0
46188,Morera,28/09/2011 09:46,Medio (4 - 8 mts),128,Grande,-68.8247650938,-32.8754382715,4,Cuarta Este Área Fundacional,1822015.85685,0
37406,Paraiso,03/01/2011 12:12,Alto (> 8 mts),150,Grande,-68.856768382,-32.871779669,6,Residencial Norte,2694682.37982,0
13627,Morera,28/02/2011 12:49,Alto (> 8 mts),150,Grande,-68.8518489312,-32.8654039069,6,Residencial Norte,2694682.37982,0
29521,Morera,18/02/2011 12:11,Alto (> 8 mts),98,Grande,-68.8440524391,-32.8928522207,2,Barrio Civico,2366816.36021,1
570,Morera,08/03/2012 11:13,Alto (> 8 mts),150,Grande,-68.8194308706,-32.8686734739,4,Cuarta Este Área Fundacional,1822015.85685,0
36719,Olmo bola,14/06/2011 10:18,Medio (4 - 8 mts),140,Grande,-68.8600853425,-32.8813130255,7,Residencial Parque,1786336.08966,0
27606,Paraiso,07/11/2011 08:57,Alto (> 8 mts),148,Grande,-68.8399830076,-32.8942853668,2,Barrio Civico,2366816.36021,1
19382,Platano,04/07/2011 10:58,Alto (> 8 mts),200,Grande,-68.8347900666,-32.8726620738,4,Cuarta Oeste,1173332.70145,0
40854,Fresno americano,08/04/2011 09:37,Medio (4 - 8 mts),22,Mediano,-68.839440286,-32.885283682,3,Parque O'Higgins,1531146.02653,0
4399,Morera,22/07/2011 09:03,Alto (> 8 mts),93,Grande,-68.8403266251,-32.8688210254,4,Cuarta Oeste,1173332.70145,1
2364,Fresno europeo,02/11/2011 17:19,Medio (4 - 8 mts),36,Mediano,-68.8345832944,-32.8875242603,3,Parque O'Higgins,1531146.02653,0
2976,Conifera,16/09/2011 14:31,Muy bajo (1 - 2 mts),3,Chico,-68.8258969677,-32.8720223019,4,Cuarta Este Área Fundacional,1822015.85685,0
40936,Fresno americano,18/04/2011 18:29,Alto (> 8 mts),112,Grande,-68.8386866677,-32.8851690621,3,Parque O'Higgins,1531146.02653,0
213,Morera,06/03/2012 10:05,Alto (> 8 mts),180,Grande,-68.839244618,-32.8700981206,4,Cuarta Oeste,1173332.70145,0
33793,Morera,13/05/2011 09:08,Bajo (2 - 4 mts),82,Grande,-68.8564960463,-32.8855248231,5,Residencial Sur,2423808.92355,0
27262,Fresno europeo,26/10/2011 09:05,Alto (> 8 mts),58,Mediano,-68.8368994529,-32.888767637,3,Parque O'Higgins,1531146.02653,0
45645,Morera,21/09/2011 13:09,Alto (> 8 mts),131,Grande,-68.8215338914,-32.8721873362,4,Cuarta Este Área Fundacional,1822015.85685,0
6903,Jacaranda,27/05/2011 09:42,Muy bajo (1 - 2 mts),8,Chico,-68.8614103032,-32.8955930224,5,Residencial Sur,2423808.92355,0
45971,Morera,24/08/2011 13:25,Bajo (2 - 4 mts),15,Chico,-68.8179722226,-32.8692022864,4,Cuarta Este Área Fundacional,1822015.85685,0
23453,Acacia SP,24/01/2011 14:53,Muy bajo (1 - 2 mts),5,Chico,-68.8487147249,-32.9018927971,2,Barrio Civico,2366816.36021,0
26924,Platano,01/11/2011 18:06,Alto (> 8 mts),170,Grande,-68.8355208133,-32.8861509199,3,Parque O'Higgins,1531146.02653,0
30481,Fresno americano,17/02/2011 12:30,Alto (> 8 mts),180,Grande,-68.8400559703,-32.8893084854,3,Parque O'Higgins,1531146.02653,0
31162,Morera,07/02/2011 12:54,Alto (> 8 mts),150,Grande,-68.8549265892,-32.8635051455,6,Residencial Norte,2694682.37982,0
45698,Morera,26/08/2011 10:40,Alto (> 8 mts),180,Grande,-68.8219258335,-32.8701505176,4,Cuarta Este Área Fundacional,1822015.85685,0
37632,Morera,13/12/2010 11:08,Alto (> 8 mts),160,Grande,-68.8496919834,-32.8720208272,6,Residencial Norte,2694682.37982,0
17542,Caducifolio,28/07/2011 10:33,Alto (> 8 mts),180,Grande,-68.8396833834,-32.8668864158,4,Cuarta Oeste,1173332.70145,0
47945,Morera,02/09/2011 10:49,Medio (4 - 8 mts),283,Grande,-68.8261550561,-32.8678882546,4,Cuarta Este Área Fundacional,1822015.85685,0
7666,Platano,27/05/2011 10:22,Alto (> 8 mts),180,Grande,-68.8536421363,-32.885065842,5,Residencial Sur,2423808.92355,1
4617,Morera,05/08/2011 09:40,Alto (> 8 mts),109,Grande,-68.8339602956,-32.8646275757,4,Cuarta Oeste,1173332.70145,1
33369,Fresno europeo,19/05/2011 09:34,Medio (4 - 8 mts),63,Grande,-68.8580607239,-32.8915711008,5,Residencial Sur,2423808.92355,0
531,Morera,08/03/2012 17:59,Bajo (2 - 4 mts),20,Chico,-68.8214477588,-32.8684996196,4,Cuarta Este Área Fundacional,1822015.85685,0
22036,Morera,16/05/2011 10:06,Alto (> 8 mts),180,Grande,-68.8570717614,-32.8933331418,5,Residencial Sur,2423808.92355,0
21243,Fresno europeo,10/05/2011 12:11,Alto (> 8 mts),113,Grande,-68.85336484,-32.8950875082,5,Residencial Sur,2423808.92355,0
44949,Morera,23/08/2011 09:50,Medio (4 - 8 mts),95,Grande,-68.8244954838,-32.8679641215,4,Cuarta Este Área Fundacional,1822015.85685,1
9060,Tilo,15/02/2011 09:12,Muy bajo (1 - 2 mts),10,Chico,-68.8554994266,-32.8657159748,6,Residencial Norte,2694682.37982,0
16190,Fresno americano,15/07/2011 11:52,Medio (4 - 8 mts),140,Grande,-68.8435875624,-32.8698957144,4,Cuarta Oeste,1173332.70145,0
21639,Fresno europeo,10/06/2011 09:00,Alto (> 8 mts),81,Grande,-68.8545312219,-32.8965875376,5,Residencial Sur,2423808.92355,0
44621,Prunas,26/08/2011 07:38,Medio (4 - 8 mts),43,Mediano,-68.8237621437,-32.8671777976,4,Cuarta Este Área Fundacional,1822015.85685,0
42426,Paraiso,26/09/2011 10:54,Medio (4 - 8 mts),62,Grande,-68.833507801,-32.8758920057,4,Cuarta Este Área Fundacional,1822015.85685,0
1761,Aguaribay,25/11/2011 10:35,Medio (4 - 8 mts),105,Grande,-68.8706807582,-32.8790598111,7,Residencial Parque,1786336.08966,1
46355,Morera,19/09/2011 13:54,Alto (> 8 mts),173,Grande,-68.8257429293,-32.8742899785,4,Cuarta Este Área Fundacional,1822015.85685,0
15850,Fresno americano,30/11/2011 10:17,Bajo (2 - 4 mts),36,Mediano,-68.8726641481,-32.8762180229,7,Residencial Parque,1786336.08966,0
9524,Morera,04/02/2011 09:39,Medio (4 - 8 mts),100,Grande,-68.8533943229,-32.8634219642,6,Residencial Norte,2694682.37982,0
35380,Morera,21/06/2011 14:46,Medio (4 - 8 mts),110,Grande,-68.8547808826,-32.8821977526,5,Residencial Sur,2423808.92355,1
13418,Paraiso,07/01/2011 10:20,Alto (> 8 mts),130,Grande,-68.8435302599,-32.8637893452,4,Cuarta Oeste,1173332.70145,1
44391,Platano,18/10/2011 11:38,Alto (> 8 mts),175,Grande,-68.8373047719,-32.8846675786,3,Parque O'Higgins,1531146.02653,0
33706,Paraiso,11/05/2011 09:35,Alto (> 8 mts),170,Grande,-68.8569748174,-32.8866853987,5,Residencial Sur,2423808.92355,0
33306,Fresno europeo,24/06/2011 10:53,Alto (> 8 mts),123,Grande,-68.8576287758,-32.8898757901,5,Residencial Sur,2423808.92355,0
44932,Morera,23/08/2011 10:19,Alto (> 8 mts),140,Grande,-68.8250690729,-32.8686490331,4,Cuarta Este Área Fundacional,1822015.85685,0
22888,Morera,29/06/2011 16:36,Alto (> 8 mts),96,Grande,-68.8544730606,-32.9016280428,5,Residencial Sur,2423808.92355,1
26653,Conifera,14/11/2011 15:26,Alto (> 8 mts),100,Grande,-68.8317375061,-32.8936496721,3,Parque O'Higgins,1531146.02653,0
44412,Fresno americano,18/10/2011 11:04,Alto (> 8 mts),195,Grande,-68.8373339213,-32.8858681763,3,Parque O'Higgins,1531146.02653,0
14381,Paraiso sombrilla,01/12/2011 11:34,Bajo (2 - 4 mts),62,Grande,-68.8784539315,-32.8665567079,8,Aeroparque,2203364.73622,0
34946,Fresno europeo,04/04/2011 12:09,Muy bajo (1 - 2 mts),8,Chico,-68.857163332,-32.879425184,7,Residencial Parque,1786336.08966,0
29299,Morera,22/02/2011 12:24,Alto (> 8 mts),200,Grande,-68.8438837021,-32.8877824301,1,Parque Central,1655357.93265,0
7226,Olmo bola,23/06/2011 12:01,Alto (> 8 mts),77,Grande,-68.8622071804,-32.8986517439,5,Residencial Sur,2423808.92355,0
36371,Morera,17/03/2011 12:03,Bajo (2 - 4 mts),15,Chico,-68.8527393126,-32.877856888,6,Residencial Norte,2694682.37982,0
35874,Morera,28/03/2011 12:27,Alto (> 8 mts),160,Grande,-68.853172242,-32.8759067533,6,Residencial Norte,2694682.37982,0
24858,Morera,16/02/2011 12:42,Alto (> 8 mts),180,Grande,-68.8390460049,-32.8953582457,2,Barrio Civico,2366816.36021,0
41499,Olmo bola,07/04/2011 10:12,Bajo (2 - 4 mts),70,Grande,-68.8426641852,-32.8816863638,1,Parque Central,1655357.93265,0
25229,Fresno europeo,09/02/2011 09:27,Alto (> 8 mts),135,Grande,-68.8379769451,-32.8976115548,2,Barrio Civico,2366816.36021,0
20822,Fresno europeo,30/05/2011 10:47,Medio (4 - 8 mts),70,Grande,-68.8619819764,-32.8961085626,5,Residencial Sur,2423808.92355,0
17744,Paraiso,18/07/2011 10:02,Medio (4 - 8 mts),145,Grande,-68.8423589067,-32.866636169,4,Cuarta Oeste,1173332.70145,0
43537,Fresno americano,19/10/2011 17:13,Medio (4 - 8 mts),124,Grande,-68.8305826289,-32.8825665039,3,Parque O'Higgins,1531146.02653,0
25877,Fresno europeo,04/02/2011 14:11,Medio (4 - 8 mts),62,Grande,-68.839153566,-32.9018542135,2,Barrio Civico,2366816.36021,0
41156,Morera,18/04/2011 11:39,Alto (> 8 mts),125,Grande,-68.8379443969,-32.8802057092,1,Parque Central,1655357.93265,1
32747,Morera,17/05/2011 10:01,Bajo (2 - 4 mts),50,Mediano,-68.8522840954,-32.886898787,5,Residencial Sur,2423808.92355,0
14654,Aguaribay,15/12/2011 17:50,Bajo (2 - 4 mts),80,Grande,-68.8824908952,-32.8673573229,8,Aeroparque,2203364.73622,0
20986,Morera,22/06/2011 11:44,Medio (4 - 8 mts),60,Mediano,-68.8645845724,-32.901194689,5,Residencial Sur,2423808.92355,0
9591,Morera,28/01/2011 12:30,Muy bajo (1 - 2 mts),6,Chico,-68.8510610446,-32.8647022812,6,Residencial Norte,2694682.37982,0
34819,Morera,29/03/2011 12:20,Bajo (2 - 4 mts),18,Chico,-68.8523514472,-32.8757985758,6,Residencial Norte,2694682.37982,0
18319,Morera,03/08/2011 08:40,Alto (> 8 mts),150,Grande,-68.8375983824,-32.8681316719,4,Cuarta Oeste,1173332.70145,0
23426,Paraiso,27/01/2011 14:55,Alto (> 8 mts),92,Grande,-68.8502084794,-32.9030315362,2,Barrio Civico,2366816.36021,1
22146,Fresno europeo,13/05/2011 13:45,Medio (4 - 8 mts),68,Grande,-68.8554266666,-32.8983107746,5,Residencial Sur,2423808.92355,0
2161,Morera,07/11/2011 09:12,Medio (4 - 8 mts),100,Grande,-68.8392924931,-32.8943004403,2,Barrio Civico,2366816.36021,0
39884,Paraiso,02/05/2011 12:57,Medio (4 - 8 mts),170,Grande,-68.8438057337,-32.8734381122,1,Parque Central,1655357.93265,0
36423,Morera,18/03/2011 12:57,Alto (> 8 mts),130,Grande,-68.853329342,-32.8795272369,6,Residencial Norte,2694682.37982,0
14348,Tilo,01/12/2011 13:05,Medio (4 - 8 mts),60,Mediano,-68.8775473508,-32.8662314425,8,Aeroparque,2203364.73622,0
38876,Paraiso,09/12/2010 09:22,Alto (> 8 mts),186,Grande,-68.8482778962,-32.8715920056,6,Residencial Norte,2694682.37982,0
6145,Morera,15/04/2011 11:26,Muy bajo (1 - 2 mts),6,Chico,-68.8412492334,-32.8821785149,1,Parque Central,1655357.93265,0
20354,Fresno europeo,26/05/2011 09:55,Medio (4 - 8 mts),20,Chico,-68.8605805805,-32.8937095015,5,Residencial Sur,2423808.92355,0
43553,Morera,12/10/2011 08:25,Alto (> 8 mts),140,Grande,-68.831040703,-32.8827625203,3,Parque O'Higgins,1531146.02653,1
29549,Platano,25/02/2011 12:40,Alto (> 8 mts),138,Grande,-68.842672414,-32.892632373,2,Barrio Civico,2366816.36021,0
20259,Fresno europeo,17/05/2011 10:23,Alto (> 8 mts),140,Grande,-68.859671115,-32.8925865097,5,Residencial Sur,2423808.92355,0
47546,Morera,19/09/2011 09:11,Alto (> 8 mts),180,Grande,-68.826941617,-32.8712263123,4,Cuarta Este Área Fundacional,1822015.85685,0
4321,Acacia SP,14/07/2011 08:45,Bajo (2 - 4 mts),73,Grande,-68.834708207,-32.8699101739,4,Cuarta Oeste,1173332.70145,0
13869,Acer,16/12/2011 12:39,Bajo (2 - 4 mts),44,Mediano,-68.8759603268,-32.8678481219,8,Aeroparque,2203364.73622,0
6963,Fresno europeo,03/06/2011 13:45,Bajo (2 - 4 mts),16,Chico,-68.8607176793,-32.8968321815,5,Residencial Sur,2423808.92355,0
44852,Morera,19/08/2011 13:39,Alto (> 8 mts),205,Grande,-68.8242825604,-32.8665414825,4,Cuarta Este Área Fundacional,1822015.85685,0
37479,Paraiso,15/11/2010 11:25,Medio (4 - 8 mts),70,Grande,-68.8565726195,-32.870524541100004,6,Residencial Norte,2694682.37982,0
14271,Paraiso sombrilla,07/12/2011 10:13,Medio (4 - 8 mts),70,Grande,-68.8779776591,-32.8683074421,8,Aeroparque,2203364.73622,0
33959,Morera,24/05/2011 10:58,Bajo (2 - 4 mts),36,Mediano,-68.8521127349,-32.884998268,5,Residencial Sur,2423808.92355,0
47952,Fresno europeo,02/09/2011 10:38,Medio (4 - 8 mts),76,Grande,-68.8264115023,-32.8683296059,4,Cuarta Este Área Fundacional,1822015.85685,0
15793,Acer,22/11/2011 18:03,Medio (4 - 8 mts),56,Mediano,-68.8730911439,-32.8791382179,7,Residencial Parque,1786336.08966,0
41570,Platano,04/05/2011 12:01,Alto (> 8 mts),110,Grande,-68.8414435412,-32.8785623093,1,Parque Central,1655357.93265,0
21710,Morera,09/06/2011 11:24,Alto (> 8 mts),150,Grande,-68.8561995492,-32.895801797,5,Residencial Sur,2423808.92355,1
4947,Morera,18/07/2011 09:42,Alto (> 8 mts),110,Grande,-68.843095788,-32.8679111946,4,Cuarta Oeste,1173332.70145,0
40278,Olmo comun,11/04/2011 09:59,Medio (4 - 8 mts),120,Grande,-68.8453798647,-32.8813321391,1,Parque Central,1655357.93265,0
3294,Morera,30/09/2011 13:42,Bajo (2 - 4 mts),20,Chico,-68.829334725,-32.8768219172,4,Cuarta Este Área Fundacional,1822015.85685,1
10746,Paraiso sombrilla,04/04/2011 12:57,Medio (4 - 8 mts),70,Grande,-68.8571625993,-32.8768957716,6,Residencial Norte,2694682.37982,1
32695,Acacia visco,18/05/2011 11:11,Medio (4 - 8 mts),110,Grande,-68.8510624364,-32.8869215034,5,Residencial Sur,2423808.92355,0
29597,Olmo comun,03/03/2011 13:31,Alto (> 8 mts),95,Grande,-68.8437350145,-32.8910678148,2,Barrio Civico,2366816.36021,0
16319,Prunas,22/07/2011 10:35,Bajo (2 - 4 mts),70,Grande,-68.8423352591,-32.8625189702,4,Cuarta Oeste,1173332.70145,0
25658,Olmo comun,07/02/2011 10:11,Medio (4 - 8 mts),100,Grande,-68.8413528076,-32.9014748773,2,Barrio Civico,2366816.36021,0
8812,Paraiso,03/02/2011 09:49,Bajo (2 - 4 mts),25,Mediano,-68.8550495874,-32.866732278,6,Residencial Norte,2694682.37982,0
28138,Fresno americano,14/03/2011 16:04,Alto (> 8 mts),72,Grande,-68.8475987159,-32.8915321887,2,Barrio Civico,2366816.36021,0
31048,Fresno europeo,16/02/2011 10:36,Medio (4 - 8 mts),60,Mediano,-68.8553547524,-32.8648420829,6,Residencial Norte,2694682.37982,0
35182,Morera,29/03/2011 10:50,Alto (> 8 mts),85,Grande,-68.8522661708,-32.8824369211,1,Parque Central,1655357.93265,0
8950,Morera,21/01/2011 10:24,Bajo (2 - 4 mts),20,Chico,-68.847676768,-32.8664967338,6,Residencial Norte,2694682.37982,0
20025,Morera,11/08/2011 09:00,Alto (> 8 mts),170,Grande,-68.8336925214,-32.868191237,4,Cuarta Oeste,1173332.70145,1
29918,Platano,14/03/2011 13:09,Alto (> 8 mts),170,Grande,-68.8400578537,-32.8926856825,2,Barrio Civico,2366816.36021,0
4555,Paraiso,09/08/2011 09:32,Alto (> 8 mts),160,Grande,-68.8388920064,-32.8652827032,4,Cuarta Oeste,1173332.70145,0
5135,Acacia SP,08/08/2011 11:10,Bajo (2 - 4 mts),12,Chico,-68.8433704732,-32.8695604281,4,Cuarta Oeste,1173332.70145,0
24916,Morera,10/02/2011 09:19,Alto (> 8 mts),92,Grande,-68.8378910109,-32.8966733247,2,Barrio Civico,2366816.36021,0
41048,Platano,12/04/2011 10:55,Alto (> 8 mts),207,Grande,-68.839382857,-32.879959747,1,Parque Central,1655357.93265,0
42613,Morera,29/09/2011 10:22,Alto (> 8 mts),124,Grande,-68.8287559782,-32.8766339437,4,Cuarta Este Área Fundacional,1822015.85685,0
44082,Morera,14/10/2011 11:15,Medio (4 - 8 mts),95,Grande,-68.8312186941,-32.8860558303,3,Parque O'Higgins,1531146.02653,0
46184,Morera,28/09/2011 09:53,Medio (4 - 8 mts),150,Grande,-68.824409068,-32.8752853789,4,Cuarta Este Área Fundacional,1822015.85685,1
47534,Morera,29/08/2011 12:37,Alto (> 8 mts),155,Grande,-68.8258543409,-32.8703188941,4,Cuarta Este Área Fundacional,1822015.85685,0
1371,Jacaranda,29/11/2011 18:08,Bajo (2 - 4 mts),38,Mediano,-68.8780570874,-32.8646253965,8,Aeroparque,2203364.73622,0
22693,Platano,10/05/2011 12:05,Alto (> 8 mts),148,Grande,-68.8531445383,-32.8995065744,5,Residencial Sur,2423808.92355,0
38362,Paraiso,05/11/2010 10:50,Alto (> 8 mts),190,Grande,-68.8523919949,-32.8699026755,6,Residencial Norte,2694682.37982,1
36491,Fresno europeo,06/04/2011 12:05,Alto (> 8 mts),80,Grande,-68.8550106804,-32.8792654519,6,Residencial Norte,2694682.37982,0
29345,Platano,25/04/2011 08:56,Alto (> 8 mts),250,Grande,-68.8434458334,-32.8875650114,1,Parque Central,1655357.93265,0
4915,Platano,20/07/2011 10:13,Alto (> 8 mts),300,Grande,-68.8427934371,-32.8658440259,4,Cuarta Oeste,1173332.70145,0
31841,Platano,30/06/2011 13:25,Alto (> 8 mts),250,Grande,-68.8610676502,-32.8899640373,5,Residencial Sur,2423808.92355,0
46055,Fresno europeo,19/09/2011 11:43,Medio (4 - 8 mts),186,Grande,-68.8218926704,-32.8728426575,4,Cuarta Este Área Fundacional,1822015.85685,0
33296,Platano,24/06/2011 11:24,Alto (> 8 mts),185,Grande,-68.8569949277,-32.8897160671,5,Residencial Sur,2423808.92355,0
31885,Fresno europeo,01/06/2011 13:17,Medio (4 - 8 mts),110,Grande,-68.858379793,-32.8848227485,5,Residencial Sur,2423808.92355,1
10959,Prunas,21/03/2011 17:17,Bajo (2 - 4 mts),32,Mediano,-68.8579720723,-32.8813139502,7,Residencial Parque,1786336.08966,0
31889,Prunas,01/06/2011 13:28,Bajo (2 - 4 mts),40,Mediano,-68.8587429713,-32.8846594119,5,Residencial Sur,2423808.92355,0
16509,Perenne,20/07/2011 09:54,Alto (> 8 mts),155,Grande,-68.8401731101,-32.8644727541,4,Cuarta Oeste,1173332.70145,0
1391,Acer,23/11/2011 11:03,Bajo (2 - 4 mts),28,Mediano,-68.8709004036,-32.879245153,7,Residencial Parque,1786336.08966,0
20485,Morera,02/06/2011 12:43,Alto (> 8 mts),150,Grande,-68.8595452573,-32.8978424156,5,Residencial Sur,2423808.92355,0
28358,Fresno europeo,10/03/2011 13:47,Bajo (2 - 4 mts),33,Mediano,-68.8477716742,-32.8880118345,5,Residencial Sur,2423808.92355,0
16443,Morera,16/08/2011 09:05,Alto (> 8 mts),120,Grande,-68.8417871616,-32.8646007725,4,Cuarta Oeste,1173332.70145,0
25393,Alamo blanco,11/02/2011 09:33,Alto (> 8 mts),104,Grande,-68.8365282226,-32.8998717744,2,Barrio Civico,2366816.36021,0
14773,Fresno americano,06/12/2011 16:52,Bajo (2 - 4 mts),17,Chico,-68.8792026975,-32.8689208937,8,Aeroparque,2203364.73622,0
13709,Morera,31/01/2011 12:02,Medio (4 - 8 mts),80,Grande,-68.8509991644,-32.863298614,6,Residencial Norte,2694682.37982,0
16960,Morera,16/08/2011 09:05,Medio (4 - 8 mts),120,Grande,-68.8376571209,-32.8661328695,4,Cuarta Oeste,1173332.70145,1
47956,Morera,02/09/2011 10:30,Medio (4 - 8 mts),280,Grande,-68.8264350449,-32.8686389432,4,Cuarta Este Área Fundacional,1822015.85685,0
38774,Perenne,01/11/2010 11:37,Medio (4 - 8 mts),76,Grande,-68.8500038784,-32.8694948982,6,Residencial Norte,2694682.37982,0
12067,Paraiso,05/02/2010 13:47,Medio (4 - 8 mts),135,Grande,-68.8535210765,-32.867759833,6,Residencial Norte,2694682.37982,0
45407,Morera,15/09/2011 16:03,Alto (> 8 mts),140,Grande,-68.8258739732,-32.8718162815,4,Cuarta Este Área Fundacional,1822015.85685,1
3357,Morera,28/09/2011 10:13,Alto (> 8 mts),215,Grande,-68.826120972,-32.8762769755,4,Cuarta Este Área Fundacional,1822015.85685,0
8632,Fresno europeo,01/02/2011 11:33,Medio (4 - 8 mts),62,Grande,-68.8386965879,-32.9039553487,2,Barrio Civico,2366816.36021,0
36784,Fresno europeo,21/03/2011 17:02,Medio (4 - 8 mts),56,Mediano,-68.8577945528,-32.8808988191,7,Residencial Parque,1786336.08966,0
33063,Morera,18/05/2011 10:32,Alto (> 8 mts),152,Grande,-68.8533196242,-32.8879612162,5,Residencial Sur,2423808.92355,0
6369,Morera,03/06/2011 10:43,Alto (> 8 mts),145,Grande,-68.8575900818,-32.8873883035,5,Residencial Sur,2423808.92355,0
26493,Fresno europeo,09/11/2011 09:12,Bajo (2 - 4 mts),80,Grande,-68.8325162759,-32.8927075489,3,Parque O'Higgins,1531146.02653,0
32940,Morera,23/05/2011 10:22,Alto (> 8 mts),150,Grande,-68.8509970211,-32.8883969543,5,Residencial Sur,2423808.92355,0
43129,Paraiso,04/10/2011 08:46,Alto (> 8 mts),170,Grande,-68.8286540921,-32.8779382835,4,Cuarta Este Área Fundacional,1822015.85685,0
30013,Platano,29/04/2011 11:03,Alto (> 8 mts),108,Grande,-68.8406655708,-32.8869782101,3,Parque O'Higgins,1531146.02653,0
33070,Morera,18/05/2011 10:13,Alto (> 8 mts),185,Grande,-68.852682097,-32.8880744524,5,Residencial Sur,2423808.92355,0
12704,Morera,20/01/2011 09:19,Bajo (2 - 4 mts),34,Mediano,-68.8474845147,-32.8634238316,4,Cuarta Oeste,1173332.70145,0
30227,Morera,10/03/2011 09:22,Alto (> 8 mts),175,Grande,-68.842841847,-32.8911061174,2,Barrio Civico,2366816.36021,1
31385,Fresno europeo,23/05/2011 13:02,Bajo (2 - 4 mts),60,Mediano,-68.8514890576,-32.8841520454,1,Parque Central,1655357.93265,0
18680,Morera,05/07/2011 09:31,Alto (> 8 mts),150,Grande,-68.836308955,-32.873948353,4,Cuarta Oeste,1173332.70145,0
33159,Platano,09/06/2011 08:57,Alto (> 8 mts),185,Grande,-68.8529476206,-32.8915723162,5,Residencial Sur,2423808.92355,1
32744,Morera,17/05/2011 12:28,Muy bajo (1 - 2 mts),4,Chico,-68.8524476032,-32.8870289138,5,Residencial Sur,2423808.92355,0
42456,Fresno europeo,26/09/2011 09:53,Alto (> 8 mts),185,Grande,-68.8322208038,-32.8753885315,4,Cuarta Este Área Fundacional,1822015.85685,0
26066,Morera,04/11/2011 18:06,Medio (4 - 8 mts),100,Grande,-68.8340858126,-32.8867807606,3,Parque O'Higgins,1531146.02653,0
14732,Aguaribay,05/12/2011 12:11,Bajo (2 - 4 mts),32,Mediano,-68.87852246,-32.8699001738,8,Aeroparque,2203364.73622,0
24659,Morera,18/01/2011 13:58,Medio (4 - 8 mts),150,Grande,-68.8430630626,-32.9010119764,2,Barrio Civico,2366816.36021,0
12884,Braquiquito,18/01/2011 11:53,Bajo (2 - 4 mts),36,Mediano,-68.8464023151,-32.8638621743,4,Cuarta Oeste,1173332.70145,0
4462,Fresno europeo,03/08/2011 08:58,Medio (4 - 8 mts),100,Grande,-68.8376674844,-32.8684254354,4,Cuarta Oeste,1173332.70145,0
13675,Morera,23/02/2011 11:35,Alto (> 8 mts),97,Grande,-68.8527246445,-32.8650330962,6,Residencial Norte,2694682.37982,0
27058,Morera,21/10/2011 10:01,Alto (> 8 mts),135,Grande,-68.8370085655,-32.8884897084,3,Parque O'Higgins,1531146.02653,1
42918,Morera,29/09/2011 10:55,Medio (4 - 8 mts),160,Grande,-68.8344887065,-32.8764201146,4,Cuarta Este Área Fundacional,1822015.85685,0
14274,Prunas,07/12/2011 10:06,Bajo (2 - 4 mts),45,Mediano,-68.8780063626,-32.868429859,8,Aeroparque,2203364.73622,0
43403,Morera,27/10/2011 15:53,Medio (4 - 8 mts),150,Grande,-68.8315903769,-32.8812554515,3,Parque O'Higgins,1531146.02653,0
40732,Morera,15/04/2011 12:28,Alto (> 8 mts),185,Grande,-68.8430031662,-32.8844251605,1,Parque Central,1655357.93265,1
17427,Platano,03/08/2011 07:37,Alto (> 8 mts),180,Grande,-68.8350687726,-32.8679677706,4,Cuarta Oeste,1173332.70145,0
10834,Morera,31/03/2011 11:00,Alto (> 8 mts),85,Grande,-68.8560681579,-32.8772382922,6,Residencial Norte,2694682.37982,0
44466,Platano,17/10/2011 12:59,Alto (> 8 mts),250,Grande,-68.8364129884,-32.883628344,3,Parque O'Higgins,1531146.02653,0
19552,Morera,26/07/2011 09:58,Alto (> 8 mts),207,Grande,-68.8381111723,-32.8708182136,4,Cuarta Oeste,1173332.70145,0
6814,Morera,24/05/2011 12:43,Alto (> 8 mts),82,Grande,-68.8607910275,-32.8945198289,5,Residencial Sur,2423808.92355,1
45796,Paraiso,01/09/2011 11:20,Alto (> 8 mts),232,Grande,-68.8194080809,-32.8709048531,4,Cuarta Este Área Fundacional,1822015.85685,0
40858,Fresno americano,08/04/2011 09:44,Alto (> 8 mts),158,Grande,-68.8395741596,-32.884996609,3,Parque O'Higgins,1531146.02653,0
43756,Platano,17/10/2011 08:26,Alto (> 8 mts),180,Grande,-68.8337735397,-32.8813310061,3,Parque O'Higgins,1531146.02653,0
5038,Paraiso,21/07/2011 10:28,Medio (4 - 8 mts),35,Mediano,-68.8408582082,-32.8625360844,4,Cuarta Oeste,1173332.70145,0
8942,Paraiso,20/01/2011 11:42,Alto (> 8 mts),120,Grande,-68.8476948465,-32.8676790816,6,Residencial Norte,2694682.37982,0
37958,Paraiso,26/08/2010 09:01,Alto (> 8 mts),226,Grande,-68.8475520107,-32.8739928574,6,Residencial Norte,2694682.37982,0
15902,Fresno americano,24/11/2011 09:47,Bajo (2 - 4 mts),18,Chico,-68.8737526972,-32.8789188552,7,Residencial Parque,1786336.08966,0
31520,Morera,18/05/2011 12:18,Alto (> 8 mts),138,Grande,-68.8596515692,-32.8913584741,5,Residencial Sur,2423808.92355,1
3541,Morera,07/09/2011 11:14,Medio (4 - 8 mts),125,Grande,-68.832969488,-32.8690108165,4,Cuarta Oeste,1173332.70145,0
39136,Fresno europeo,15/01/2012 18:57,Muy bajo (1 - 2 mts),5,Chico,-68.8540771661,-32.8717559621,6,Residencial Norte,2694682.37982,0
15269,Fresno europeo,21/11/2011 12:33,Bajo (2 - 4 mts),35,Mediano,-68.8583296252,-32.8702077717,6,Residencial Norte,2694682.37982,0
19739,Platano,12/08/2011 10:16,Alto (> 8 mts),150,Grande,-68.8347670818,-32.868128166299996,4,Cuarta Oeste,1173332.70145,0
42063,Morera,12/04/2011 12:31,Medio (4 - 8 mts),140,Grande,-68.8422160148,-32.8805334358,1,Parque Central,1655357.93265,0
28477,Morera,25/02/2011 11:36,Alto (> 8 mts),240,Grande,-68.8474065773,-32.8901789005,2,Barrio Civico,2366816.36021,1
34103,Fresno americano,30/05/2011 13:31,Medio (4 - 8 mts),80,Grande,-68.8574793925,-32.8849869158,5,Residencial Sur,2423808.92355,0
47569,Morera,19/09/2011 08:23,Alto (> 8 mts),180,Grande,-68.8271064829,-32.8720377267,4,Cuarta Este Área Fundacional,1822015.85685,0
28515,Morera,21/02/2011 12:44,Alto (> 8 mts),190,Grande,-68.8490931009,-32.889940263,5,Residencial Sur,2423808.92355,0
28844,Fresno americano,27/04/2011 09:11,Alto (> 8 mts),80,Grande,-68.8472139982,-32.8850377346,1,Parque Central,1655357.93265,0
8430,Olmo comun,08/02/2011 15:56,Medio (4 - 8 mts),72,Grande,-68.8387729559,-32.9012314375,2,Barrio Civico,2366816.36021,0
47333,Morera,21/09/2011 14:24,Alto (> 8 mts),105,Grande,-68.8314245143,-32.8740457816,4,Cuarta Este Área Fundacional,1822015.85685,0
34767,Morera,30/03/2011 10:30,Alto (> 8 mts),146,Grande,-68.8512478682,-32.8785458861,6,Residencial Norte,2694682.37982,1
6332,Caducifolio,29/06/2011 11:26,Bajo (2 - 4 mts),88,Grande,-68.854847894,-32.8911070444,5,Residencial Sur,2423808.92355,0
10661,Morera,23/03/2011 10:02,Medio (4 - 8 mts),140,Grande,-68.8526180868,-32.874574693,6,Residencial Norte,2694682.37982,0
44802,Morera,26/08/2011 10:51,Alto (> 8 mts),220,Grande,-68.8237220044,-32.870130429,4,Cuarta Este Área Fundacional,1822015.85685,0
43440,Olmo comun,03/10/2011 10:53,Alto (> 8 mts),180,Grande,-68.8309979892,-32.879501265,4,Cuarta Este Área Fundacional,1822015.85685,0
43371,Morera,25/10/2011 17:06,Medio (4 - 8 mts),140,Grande,-68.8337357362,-32.8805731255,3,Parque O'Higgins,1531146.02653,0
1296,Morera,30/11/2011 17:49,Medio (4 - 8 mts),66,Grande,-68.8774323813,-32.8693247209,8,Aeroparque,2203364.73622,0
36785,Caducifolio,21/03/2011 16:57,Bajo (2 - 4 mts),16,Chico,-68.8577714589,-32.8808392811,7,Residencial Parque,1786336.08966,0
16721,Fresno europeo,21/07/2011 10:32,Medio (4 - 8 mts),87,Grande,-68.8408030782,-32.8625352271,4,Cuarta Oeste,1173332.70145,0
5447,Fresno europeo,14/04/2011 13:10,Medio (4 - 8 mts),60,Mediano,-68.8446366877,-32.8796875546,1,Parque Central,1655357.93265,0
18064,Morera,29/07/2011 13:21,Alto (> 8 mts),140,Grande,-68.8407844369,-32.8678945641,4,Cuarta Oeste,1173332.70145,0
15042,Acacia SP,22/12/2011 17:06,Medio (4 - 8 mts),100,Grande,-68.8813207404,-32.8716321546,8,Aeroparque,2203364.73622,0
43036,Fresno europeo,04/10/2011 11:09,Alto (> 8 mts),186,Grande,-68.8332245202,-32.8776949914,4,Cuarta Este Área Fundacional,1822015.85685,0
40844,Platano,08/04/2011 10:15,Alto (> 8 mts),162,Grande,-68.8401516417,-32.8858927792,3,Parque O'Higgins,1531146.02653,0
7778,Fresno europeo,13/05/2011 08:51,Medio (4 - 8 mts),120,Grande,-68.8565807907,-32.8858376064,5,Residencial Sur,2423808.92355,0
48378,Fresno europeo,05/09/2011 08:50,Alto (> 8 mts),150,Grande,-68.8291794524,-32.8698355721,4,Cuarta Este Área Fundacional,1822015.85685,0
45080,Fresno europeo,31/08/2011 11:53,Alto (> 8 mts),125,Grande,-68.8218495498,-32.8704561508,4,Cuarta Este Área Fundacional,1822015.85685,0
40462,Platano,11/04/2011 10:26,Alto (> 8 mts),180,Grande,-68.8437111649,-32.8829232704,1,Parque Central,1655357.93265,0
36688,Morera,07/06/2011 09:39,Medio (4 - 8 mts),120,Grande,-68.8592760737,-32.8834807224,7,Residencial Parque,1786336.08966,0
23591,Morera,19/01/2012 09:23,Alto (> 8 mts),210,Grande,-68.8512635331,-32.8980052421,2,Barrio Civico,2366816.36021,0
45329,Olmo comun,16/09/2011 11:55,Medio (4 - 8 mts),110,Grande,-68.8243653676,-32.8722310183,4,Cuarta Este Área Fundacional,1822015.85685,0
27163,Fresno europeo,27/10/2011 09:51,Bajo (2 - 4 mts),18,Chico,-68.8372935259,-32.8908920051,3,Parque O'Higgins,1531146.02653,0
43890,Platano,11/10/2011 09:38,Alto (> 8 mts),250,Grande,-68.8330684403,-32.8837365461,3,Parque O'Higgins,1531146.02653,0
32656,Fresno europeo,24/06/2011 13:35,Alto (> 8 mts),120,Grande,-68.8504180922,-32.8906921506,5,Residencial Sur,2423808.92355,0
22727,Paraiso,10/05/2011 13:25,Alto (> 8 mts),86,Grande,-68.8532521523,-32.9011380801,2,Barrio Civico,2366816.36021,0
41106,Fresno europeo,04/10/2011 13:23,Alto (> 8 mts),155,Grande,-68.8395144627,-32.8820877792,1,Parque Central,1655357.93265,0
46529,Paraiso sombrilla,16/08/2011 13:21,Alto (> 8 mts),160,Grande,-68.8317679429,-32.8681506573,4,Cuarta Oeste,1173332.70145,1
40808,Platano,26/04/2011 16:42,Alto (> 8 mts),166,Grande,-68.8402515715,-32.8839338399,1,Parque Central,1655357.93265,0
17002,Jacaranda,15/08/2011 11:03,Medio (4 - 8 mts),70,Grande,-68.8370408752,-32.8645575141,4,Cuarta Oeste,1173332.70145,0
7929,Acer,02/03/2011 08:53,Bajo (2 - 4 mts),42,Mediano,-68.8490708337,-32.8870400462,5,Residencial Sur,2423808.92355,0
14309,Caducifolio,06/12/2011 09:36,Muy bajo (1 - 2 mts),40,Mediano,-68.8769805102,-32.8676655514,8,Aeroparque,2203364.73622,0
7114,Liquidambar,30/05/2011 11:10,Bajo (2 - 4 mts),25,Mediano,-68.8628108359,-32.8977301242,5,Residencial Sur,2423808.92355,0
34321,Morera,09/03/2011 09:34,Medio (4 - 8 mts),100,Grande,-68.8516968849,-32.8746215418,6,Residencial Norte,2694682.37982,0
21608,Morera,11/05/2011 11:45,Alto (> 8 mts),120,Grande,-68.8551985116,-32.8949629935,5,Residencial Sur,2423808.92355,0
38493,Paraiso,02/11/2010 10:41,Alto (> 8 mts),207,Grande,-68.850328587800007,-32.8701857408,6,Residencial Norte,2694682.37982,0
3511,Ailanthus,02/09/2011 10:37,Muy bajo (1 - 2 mts),13,Chico,-68.8264114262,-32.8683489183,4,Cuarta Este Área Fundacional,1822015.85685,0
35903,Paraiso,28/03/2011 09:31,Alto (> 8 mts),140,Grande,-68.8532601581,-32.8755685951,6,Residencial Norte,2694682.37982,0
38433,Acer,03/11/2010 11:02,Alto (> 8 mts),150,Grande,-68.8509827239,-32.8699169421,6,Residencial Norte,2694682.37982,0
5973,Fresno americano,27/04/2011 09:07,Medio (4 - 8 mts),40,Mediano,-68.8471816771,-32.884918339,1,Parque Central,1655357.93265,0
23366,Morera,28/01/2011 13:35,Alto (> 8 mts),122,Grande,-68.8507067618,-32.9024133927,2,Barrio Civico,2366816.36021,0
24387,Morera,21/01/2011 13:16,Alto (> 8 mts),80,Grande,-68.8442261754,-32.9036622942,2,Barrio Civico,2366816.36021,0
41701,Morera,27/04/2011 14:18,Medio (4 - 8 mts),62,Grande,-68.8386781849,-32.8779198741,1,Parque Central,1655357.93265,0
27699,Morera,02/11/2011 08:23,Muy bajo (1 - 2 mts),10,Chico,-68.837464432,-32.8954363143,2,Barrio Civico,2366816.36021,0
20117,Fresno americano,09/08/2011 12:28,Medio (4 - 8 mts),30,Mediano,-68.8338710806,-32.8664479125,4,Cuarta Oeste,1173332.70145,0
25895,Fresno europeo,04/02/2011 13:37,Medio (4 - 8 mts),52,Mediano,-68.8384811423,-32.9025816757,2,Barrio Civico,2366816.36021,0
29493,Platano,18/02/2011 10:55,Alto (> 8 mts),162,Grande,-68.8443048016,-32.8920860769,2,Barrio Civico,2366816.36021,0
42448,Paraiso,26/09/2011 10:07,Medio (4 - 8 mts),50,Mediano,-68.8322562659,-32.876133468,4,Cuarta Este Área Fundacional,1822015.85685,0
48274,Fresno americano,31/08/2011 10:31,Medio (4 - 8 mts),123,Grande,-68.8290164799,-32.86951633,4,Cuarta Este Área Fundacional,1822015.85685,0
31451,Fresno europeo,13/07/2011 12:15,Alto (> 8 mts),158,Grande,-68.8494065277,-32.8843772217,1,Parque Central,1655357.93265,1
17193,Morera,04/07/2011 09:37,Alto (> 8 mts),164,Grande,-68.8361488146,-32.8626592887,4,Cuarta Oeste,1173332.70145,0
47957,Olmo comun,02/09/2011 10:28,Medio (4 - 8 mts),122,Grande,-68.8263867911,-32.8688388062,4,Cuarta Este Área Fundacional,1822015.85685,0
22730,Paraiso,12/05/2011 11:26,Alto (> 8 mts),118,Grande,-68.8534436907,-32.9008399689,2,Barrio Civico,2366816.36021,0
19911,Morera,28/06/2011 13:58,Medio (4 - 8 mts),85,Grande,-68.8335827592,-32.8629303778,4,Cuarta Oeste,1173332.70145,0
21788,Paraiso,13/05/2011 11:07,Alto (> 8 mts),190,Grande,-68.8562447465,-32.8932746433,5,Residencial Sur,2423808.92355,0
14829,Paraiso sombrilla,07/12/2011 10:16,Bajo (2 - 4 mts),60,Mediano,-68.8782273022,-32.8692340382,8,Aeroparque,2203364.73622,0
30944,Acer,11/02/2011 13:02,Medio (4 - 8 mts),94,Grande,-68.8564336559,-32.8637812023,6,Residencial Norte,2694682.37982,0
19285,Morera,13/07/2011 21:16,Alto (> 8 mts),200,Grande,-68.8362013612,-32.8698763424,4,Cuarta Oeste,1173332.70145,0
29825,Platano,04/03/2011 12:24,Alto (> 8 mts),170,Grande,-68.8423621604,-32.8914211913,2,Barrio Civico,2366816.36021,0
2822,Fresno europeo,09/11/2011 09:26,Medio (4 - 8 mts),100,Grande,-68.8317860413,-32.8924166877,3,Parque O'Higgins,1531146.02653,0
8831,Fresno europeo,31/01/2011 11:42,Bajo (2 - 4 mts),20,Chico,-68.8537198205,-32.8687539289,6,Residencial Norte,2694682.37982,0
29686,Platano,02/03/2011 19:04,Alto (> 8 mts),118,Grande,-68.8403818371,-32.8940294357,2,Barrio Civico,2366816.36021,0
731,Paraiso sombrilla,19/12/2011 08:55,Bajo (2 - 4 mts),26,Mediano,-68.88123911,-32.872389278,8,Aeroparque,2203364.73622,0
44491,Platano,17/10/2011 10:30,Alto (> 8 mts),230,Grande,-68.8354316318,-32.8843874536,3,Parque O'Higgins,1531146.02653,0
30501,Platano,04/04/2011 15:26,Alto (> 8 mts),172,Grande,-68.839927125,-32.8882204386,3,Parque O'Higgins,1531146.02653,0
10072,Morera,21/10/2010 11:37,Medio (4 - 8 mts),43,Mediano,-68.8473103314,-32.8698615706,6,Residencial Norte,2694682.37982,0
31604,Olmo comun,10/06/2011 09:57,Alto (> 8 mts),133,Grande,-68.8614871776,-32.8883798881,5,Residencial Sur,2423808.92355,0
45965,Morera,25/08/2011 10:50,Alto (> 8 mts),150,Grande,-68.8182142755,-32.8694510704,4,Cuarta Este Área Fundacional,1822015.85685,0
38843,Paraiso,09/12/2010 10:56,Bajo (2 - 4 mts),30,Mediano,-68.8494019984,-32.8714464599,6,Residencial Norte,2694682.37982,0
24119,Morera,11/01/2011 08:25,Alto (> 8 mts),115,Grande,-68.8471504576,-32.9022511197,2,Barrio Civico,2366816.36021,0
29289,Prunas,22/02/2011 13:02,Alto (> 8 mts),220,Grande,-68.8432517511,-32.8877374567,1,Parque Central,1655357.93265,0
37780,Morera,25/01/2012 08:28,Alto (> 8 mts),180,Grande,-68.8497237034,-32.8727301795,6,Residencial Norte,2694682.37982,0
9215,Morera,03/03/2011 10:00,Medio (4 - 8 mts),50,Mediano,-68.8496193959,-32.8660061147,6,Residencial Norte,2694682.37982,0
34495,Morera,29/03/2011 11:10,Medio (4 - 8 mts),170,Grande,-68.8504010617,-32.8752870232,6,Residencial Norte,2694682.37982,0
46845,Paraiso,15/09/2011 13:38,Alto (> 8 mts),195,Grande,-68.83446817,-32.872334685,4,Cuarta Este Área Fundacional,1822015.85685,0
18599,Paraiso,06/07/2011 12:21,Medio (4 - 8 mts),78,Grande,-68.8371402096,-32.8757850509,1,Parque Central,1655357.93265,0
37577,Prunas,17/11/2010 10:42,Muy bajo (1 - 2 mts),40,Mediano,-68.85771687,-32.8697241286,6,Residencial Norte,2694682.37982,0
28847,Fresno europeo,27/04/2011 09:20,Alto (> 8 mts),180,Grande,-68.8472837283,-32.8853184264,1,Parque Central,1655357.93265,0
30287,Morera,04/03/2011 12:13,Alto (> 8 mts),140,Grande,-68.8411025749,-32.8902624567,3,Parque O'Higgins,1531146.02653,1
6628,Fresno europeo,11/05/2011 11:24,Muy bajo (1 - 2 mts),8,Chico,-68.8582943158,-32.8927802193,5,Residencial Sur,2423808.92355,0
22289,Fresno americano,09/06/2011 12:17,Medio (4 - 8 mts),45,Mediano,-68.8573477154,-32.8969959905,5,Residencial Sur,2423808.92355,0
28033,Morera,16/03/2011 18:51,Medio (4 - 8 mts),42,Mediano,-68.8464609836,-32.8927862938,2,Barrio Civico,2366816.36021,1
27587,Fresno americano,07/11/2011 09:46,Alto (> 8 mts),128,Grande,-68.8376575493,-32.894699672,2,Barrio Civico,2366816.36021,0
18986,Morera,03/08/2011 13:04,Alto (> 8 mts),130,Grande,-68.8370034105,-32.869794344,4,Cuarta Oeste,1173332.70145,0
45410,Morera,09/09/2011 16:10,Bajo (2 - 4 mts),27,Mediano,-68.8248731252,-32.8722177161,4,Cuarta Este Área Fundacional,1822015.85685,0
15337,Paraiso,16/11/2011 13:09,Bajo (2 - 4 mts),70,Grande,-68.860100709,-32.8697763852,6,Residencial Norte,2694682.37982,0
12287,Morera,13/01/2011 11:01,Alto (> 8 mts),150,Grande,-68.8461469881,-32.8673016037,4,Cuarta Oeste,1173332.70145,1
27226,Morera,26/10/2011 09:05,Medio (4 - 8 mts),50,Mediano,-68.8370202414,-32.8906675628,3,Parque O'Higgins,1531146.02653,0
45865,Fresno europeo,25/08/2011 13:38,Alto (> 8 mts),135,Grande,-68.8195005094,-32.8702286593,4,Cuarta Este Área Fundacional,1822015.85685,0
45503,Prunas,19/09/2011 11:10,Bajo (2 - 4 mts),40,Mediano,-68.8207098456,-32.8722974268,4,Cuarta Este Área Fundacional,1822015.85685,0
22690,Morera,10/05/2011 12:08,Alto (> 8 mts),152,Grande,-68.8528586025,-32.8995835546,2,Barrio Civico,2366816.36021,0
1623,Jacaranda,24/11/2011 09:55,Medio (4 - 8 mts),50,Mediano,-68.8713667103,-32.8784626469,7,Residencial Parque,1786336.08966,0
3167,Morera,19/09/2011 10:48,Medio (4 - 8 mts),43,Mediano,-68.832180424,-32.8747551703,4,Cuarta Este Área Fundacional,1822015.85685,0
27616,Morera,07/11/2011 10:43,Medio (4 - 8 mts),52,Mediano,-68.8402983322,-32.8949260732,2,Barrio Civico,2366816.36021,0
13443,Morera,02/02/2011 10:12,Alto (> 8 mts),160,Grande,-68.8523634429,-32.86482091,6,Residencial Norte,2694682.37982,0
11384,Olmo comun,25/01/2011 12:55,Muy bajo (1 - 2 mts),8,Chico,-68.8500620232,-32.9001661182,2,Barrio Civico,2366816.36021,0
19074,Morera,27/07/2011 10:50,Alto (> 8 mts),110,Grande,-68.8426975846,-32.8726990477,4,Cuarta Oeste,1173332.70145,0
11364,Fresno europeo,24/01/2011 20:01,Bajo (2 - 4 mts),48,Mediano,-68.8491491501,-32.8998874169,2,Barrio Civico,2366816.36021,0
3640,Fresno europeo,23/08/2011 11:21,Medio (4 - 8 mts),146,Grande,-68.8228222191,-32.8691997141,4,Cuarta Este Área Fundacional,1822015.85685,0
8877,Paraiso sombrilla,04/02/2010 12:59,Medio (4 - 8 mts),111,Grande,-68.8529507546,-32.8682975118,6,Residencial Norte,2694682.37982,0
22282,Morera,15/06/2011 10:50,Alto (> 8 mts),113,Grande,-68.855924708,-32.8981843652,5,Residencial Sur,2423808.92355,0
36597,Platano,15/06/2011 15:25,Medio (4 - 8 mts),110,Grande,-68.8569228655,-32.8819720118,7,Residencial Parque,1786336.08966,0
39169,Fresno europeo,25/11/2010 12:38,Alto (> 8 mts),98,Grande,-68.8531837776,-32.8725385792,6,Residencial Norte,2694682.37982,0
6515,Acacia SP,06/05/2011 12:22,Alto (> 8 mts),120,Grande,-68.8512490087,-32.8927384979,5,Residencial Sur,2423808.92355,1
3408,Olmo bola,23/08/2011 09:40,Medio (4 - 8 mts),80,Grande,-68.8332020869,-32.8675125801,4,Cuarta Oeste,1173332.70145,0
12554,Morera,11/01/2011 10:28,Alto (> 8 mts),160,Grande,-68.8450470956,-32.8633217889,4,Cuarta Oeste,1173332.70145,0
11401,Morera,26/01/2011 16:18,Bajo (2 - 4 mts),18,Chico,-68.8509085358,-32.901130002,2,Barrio Civico,2366816.36021,1
27159,Morera,27/10/2011 09:55,Medio (4 - 8 mts),60,Mediano,-68.8371312734,-32.8906144174,3,Parque O'Higgins,1531146.02653,0
34384,Morera,28/03/2011 09:38,Alto (> 8 mts),180,Grande,-68.8509422668,-32.8748843903,6,Residencial Norte,2694682.37982,0
18734,Paraiso,12/07/2011 18:28,Medio (4 - 8 mts),160,Grande,-68.836587386,-32.8727656543,4,Cuarta Oeste,1173332.70145,0
31235,Paraiso sombrilla,04/02/2011 12:12,Bajo (2 - 4 mts),80,Grande,-68.8540235886,-32.8643903329,6,Residencial Norte,2694682.37982,0
26150,Fresno americano,10/11/2011 16:59,Bajo (2 - 4 mts),42,Mediano,-68.831020464,-32.8876833867,3,Parque O'Higgins,1531146.02653,0
32533,Fresno europeo,23/06/2011 11:14,Alto (> 8 mts),150,Grande,-68.8501812278,-32.8898127917,5,Residencial Sur,2423808.92355,0
41713,Morera,28/04/2011 09:13,Bajo (2 - 4 mts),54,Mediano,-68.8382961324,-32.878409451,1,Parque Central,1655357.93265,0
21847,Morera,07/06/2011 10:00,Alto (> 8 mts),104,Grande,-68.857280607,-32.8961940854,5,Residencial Sur,2423808.92355,0
42042,Platano,08/04/2011 10:07,Alto (> 8 mts),179,Grande,-68.8417873615,-32.8798898069,1,Parque Central,1655357.93265,0
42045,Morera,08/04/2011 10:14,Alto (> 8 mts),144,Grande,-68.8418493252,-32.8801301639,1,Parque Central,1655357.93265,0
23562,Morera,01/02/2011 16:03,Alto (> 8 mts),128,Grande,-68.8515254612,-32.9030384902,2,Barrio Civico,2366816.36021,0
11491,Paraiso sombrilla,18/02/2011 13:57,Medio (4 - 8 mts),85,Grande,-68.8539254135,-32.8651933024,6,Residencial Norte,2694682.37982,0
39877,Morera,03/05/2011 12:58,Alto (> 8 mts),155,Grande,-68.8443530349,-32.8741509152,1,Parque Central,1655357.93265,0
1988,Morera,09/11/2011 10:14,Alto (> 8 mts),125,Grande,-68.832887559,-32.8932706151,3,Parque O'Higgins,1531146.02653,0
2744,Fresno europeo,14/10/2011 11:37,Alto (> 8 mts),200,Grande,-68.8302442689,-32.885079448,3,Parque O'Higgins,1531146.02653,0
26015,Acacia SP,09/11/2011 17:20,Alto (> 8 mts),230,Grande,-68.8325965766,-32.8867206061,3,Parque O'Higgins,1531146.02653,1
46852,Platano,15/09/2011 13:20,Alto (> 8 mts),250,Grande,-68.8342765662,-32.8726457952,4,Cuarta Este Área Fundacional,1822015.85685,1
10209,Morera,15/12/2010 10:36,Alto (> 8 mts),170,Grande,-68.8510086889,-32.8707528132,6,Residencial Norte,2694682.37982,0
15825,Morera,25/11/2011 10:46,Medio (4 - 8 mts),100,Grande,-68.8713642583,-32.876282035,7,Residencial Parque,1786336.08966,0
25090,Morera,17/02/2011 14:22,Medio (4 - 8 mts),68,Grande,-68.8366456545,-32.8977110825,2,Barrio Civico,2366816.36021,0
19833,Fresno europeo,04/08/2011 10:10,Alto (> 8 mts),175,Grande,-68.8345966471,-32.8646912262,4,Cuarta Oeste,1173332.70145,0
35028,Platano,23/03/2011 09:53,Alto (> 8 mts),140,Grande,-68.8548087539,-32.8808579441,6,Residencial Norte,2694682.37982,0
32850,Fresno europeo,10/06/2011 12:17,Alto (> 8 mts),140,Grande,-68.849235882,-32.886132859,1,Parque Central,1655357.93265,0
38728,Morera,15/12/2010 09:48,Alto (> 8 mts),250,Grande,-68.8510896043,-32.8714418076,6,Residencial Norte,2694682.37982,0
9444,Fresno europeo,11/02/2011 10:27,Muy bajo (1 - 2 mts),6,Chico,-68.8561025935,-32.8648016567,6,Residencial Norte,2694682.37982,0
30620,Morera,07/02/2011 12:23,Alto (> 8 mts),120,Grande,-68.8581363468,-32.8669123989,6,Residencial Norte,2694682.37982,0
20900,Olmo comun,27/05/2011 09:31,Medio (4 - 8 mts),73,Grande,-68.8617381912,-32.8954150732,5,Residencial Sur,2423808.92355,0
25813,Paraiso,01/02/2011 13:41,Alto (> 8 mts),101,Grande,-68.8403039346,-32.9034700119,2,Barrio Civico,2366816.36021,0
2069,Platano,11/10/2011 16:11,Alto (> 8 mts),100,Grande,-68.8282608988,-32.8812112623,3,Parque O'Higgins,1531146.02653,0
20080,Morera,15/08/2011 09:10,Alto (> 8 mts),180,Grande,-68.8328232383,-32.8652046331,4,Cuarta Oeste,1173332.70145,1
17384,Paraiso,22/07/2011 13:28,Alto (> 8 mts),150,Grande,-68.8402143215,-32.8659615693,4,Cuarta Oeste,1173332.70145,0
21560,Morera,08/06/2011 09:46,Alto (> 8 mts),140,Grande,-68.8547966052,-32.8950516344,5,Residencial Sur,2423808.92355,0
45593,Morera,23/09/2011 09:22,Alto (> 8 mts),195,Grande,-68.8206388996,-32.8719773141,4,Cuarta Este Área Fundacional,1822015.85685,0
44075,Morera,14/10/2011 11:25,Medio (4 - 8 mts),140,Grande,-68.8311843966,-32.885375728,3,Parque O'Higgins,1531146.02653,0
39574,Acer,26/10/2010 09:24,Alto (> 8 mts),123,Grande,-68.8486870317,-32.8695998313,6,Residencial Norte,2694682.37982,0
8582,Perenne,11/02/2011 10:15,Medio (4 - 8 mts),21,Mediano,-68.8367888192,-32.8988909886,2,Barrio Civico,2366816.36021,0
41604,Platano,05/05/2011 11:12,Alto (> 8 mts),178,Grande,-68.8359869705,-32.8771588617,1,Parque Central,1655357.93265,1
35758,Morera,21/03/2011 11:30,Alto (> 8 mts),180,Grande,-68.8538707492,-32.8743497148,6,Residencial Norte,2694682.37982,0
33666,Morera,13/05/2011 10:58,Alto (> 8 mts),185,Grande,-68.8563719958,-32.8873981267,5,Residencial Sur,2423808.92355,0
36269,Platano,17/03/2011 10:14,Alto (> 8 mts),200,Grande,-68.853456681,-32.8777322049,6,Residencial Norte,2694682.37982,0
21415,Platano,10/05/2011 11:57,Alto (> 8 mts),170,Grande,-68.8564994679,-32.8921146566,5,Residencial Sur,2423808.92355,1
16138,Morera,21/07/2011 09:42,Medio (4 - 8 mts),78,Grande,-68.8450672256,-32.8725738275,6,Residencial Norte,2694682.37982,0
41232,Morera,15/04/2011 12:23,Alto (> 8 mts),280,Grande,-68.8383951823,-32.8813583853,1,Parque Central,1655357.93265,1
19642,Fresno americano,13/07/2011 10:21,Alto (> 8 mts),85,Grande,-68.8341493634,-32.8702587244,4,Cuarta Oeste,1173332.70145,0
32956,Fresno europeo,23/05/2011 10:52,Alto (> 8 mts),155,Grande,-68.8497794335,-32.8882745808,5,Residencial Sur,2423808.92355,0
34169,Paraiso,10/03/2011 12:06,Medio (4 - 8 mts),140,Grande,-68.856915936,-32.8735144794,6,Residencial Norte,2694682.37982,0
23808,Morera,27/01/2011 17:23,Medio (4 - 8 mts),72,Grande,-68.8508768657,-32.9007918161,2,Barrio Civico,2366816.36021,0
48402,Fresno europeo,01/09/2011 11:27,Medio (4 - 8 mts),70,Grande,-68.8303295657,-32.8690527534,4,Cuarta Este Área Fundacional,1822015.85685,1
13080,Morera,17/02/2011 10:16,Alto (> 8 mts),170,Grande,-68.8463808632,-32.8644721575,4,Cuarta Oeste,1173332.70145,0
36211,Fresno europeo,30/03/2011 12:45,Medio (4 - 8 mts),75,Grande,-68.8545942509,-32.8776923251,6,Residencial Norte,2694682.37982,0
23255,Acer,27/01/2012 12:31,Bajo (2 - 4 mts),60,Mediano,-68.8518967549,-32.9016357478,2,Barrio Civico,2366816.36021,0
2471,Fresno americano,25/10/2011 10:48,Medio (4 - 8 mts),90,Grande,-68.8356435277,-32.8919050255,3,Parque O'Higgins,1531146.02653,0
6453,Fresno americano,26/05/2011 09:33,Alto (> 8 mts),32,Mediano,-68.8505812952,-32.8887823039,5,Residencial Sur,2423808.92355,0
25661,Morera,07/02/2011 10:04,Alto (> 8 mts),102,Grande,-68.8416792265,-32.9014136055,2,Barrio Civico,2366816.36021,0
47029,Morera,15/09/2011 12:34,Alto (> 8 mts),210,Grande,-68.8315419151,-32.8728464301,4,Cuarta Este Área Fundacional,1822015.85685,0
8267,Acer,14/03/2011 16:15,Medio (4 - 8 mts),26,Mediano,-68.8477205756,-32.8919631779,2,Barrio Civico,2366816.36021,1
10719,Platano,06/04/2011 14:18,Muy bajo (1 - 2 mts),6,Chico,-68.8589736219,-32.8761970275,7,Residencial Parque,1786336.08966,0
34036,Fresno europeo,27/05/2011 10:46,Bajo (2 - 4 mts),80,Grande,-68.8548990493,-32.8849479712,5,Residencial Sur,2423808.92355,0
43543,Fresno americano,19/10/2011 16:53,Alto (> 8 mts),160,Grande,-68.8298975691,-32.882599117,3,Parque O'Higgins,1531146.02653,0
38144,Fresno europeo,02/12/2010 12:45,Alto (> 8 mts),260,Grande,-68.846601441,-32.8722553933,6,Residencial Norte,2694682.37982,0
45176,Fresno europeo,31/08/2011 10:13,Alto (> 8 mts),180,Grande,-68.823136893,-32.8704566475,4,Cuarta Este Área Fundacional,1822015.85685,0
43732,Acacia SP,17/10/2011 17:02,Alto (> 8 mts),140,Grande,-68.8325172679,-32.8819546061,3,Parque O'Higgins,1531146.02653,1
41629,Arbol del cielo,03/05/2011 11:19,Alto (> 8 mts),86,Grande,-68.836931201,-32.878511664,1,Parque Central,1655357.93265,0
37902,Morera,18/11/2010 10:32,Alto (> 8 mts),87,Grande,-68.8499259924,-32.8734768032,6,Residencial Norte,2694682.37982,0
37784,Fresno europeo,25/01/2012 08:13,Medio (4 - 8 mts),110,Grande,-68.8497522166,-32.8730527984,6,Residencial Norte,2694682.37982,0
45721,Morera,24/08/2011 11:54,Medio (4 - 8 mts),210,Grande,-68.8216936355,-32.8692505667,4,Cuarta Este Área Fundacional,1822015.85685,0
21293,Morera,13/06/2011 11:22,Alto (> 8 mts),106,Grande,-68.8524344163,-32.8981426944,5,Residencial Sur,2423808.92355,0
31225,Ailanthus,04/02/2011 12:40,Alto (> 8 mts),144,Grande,-68.8539786326,-32.8648493452,6,Residencial Norte,2694682.37982,0
47170,Fresno europeo,21/09/2011 10:16,Medio (4 - 8 mts),160,Grande,-68.8335542702,-32.873948505,4,Cuarta Este Área Fundacional,1822015.85685,0
9489,Morera,02/02/2011 09:15,Medio (4 - 8 mts),60,Mediano,-68.8521373729,-32.8642366465,6,Residencial Norte,2694682.37982,0
45964,Fresno europeo,25/08/2011 10:52,Bajo (2 - 4 mts),10,Chico,-68.8182258146,-32.8695481843,4,Cuarta Este Área Fundacional,1822015.85685,0
24082,Morera,11/01/2011 12:36,Alto (> 8 mts),200,Grande,-68.8470884854,-32.9010562146,2,Barrio Civico,2366816.36021,0
21412,Platano,10/05/2011 12:02,Alto (> 8 mts),190,Grande,-68.8562162179,-32.8921677565,5,Residencial Sur,2423808.92355,0
37194,Morera,14/03/2011 12:58,Alto (> 8 mts),215,Grande,-68.8582647789,-32.8724532827,6,Residencial Norte,2694682.37982,0
2334,Fresno americano,25/10/2011 09:11,Muy bajo (1 - 2 mts),3,Chico,-68.8338841875,-32.8887646339,3,Parque O'Higgins,1531146.02653,0
4036,Caducifolio,23/09/2011 15:35,Bajo (2 - 4 mts),30,Mediano,-68.8266732361,-32.8742685105,4,Cuarta Este Área Fundacional,1822015.85685,0
18247,Morera,29/07/2011 10:14,Alto (> 8 mts),120,Grande,-68.839475175,-32.8675141178,4,Cuarta Oeste,1173332.70145,0
33862,Morera,16/05/2011 09:25,Medio (4 - 8 mts),120,Grande,-68.854894897,-32.8865777752,5,Residencial Sur,2423808.92355,1
14661,Aguaribay,15/12/2011 17:36,Bajo (2 - 4 mts),100,Grande,-68.8822620426,-32.8672002695,8,Aeroparque,2203364.73622,0
42422,Platano,28/09/2011 11:11,Alto (> 8 mts),170,Grande,-68.8335011005,-32.8756196529,4,Cuarta Este Área Fundacional,1822015.85685,0
47799,Olmo comun,22/09/2011 10:58,Alto (> 8 mts),180,Grande,-68.8273566657,-32.8742246802,4,Cuarta Este Área Fundacional,1822015.85685,0
48082,Fresno europeo,29/09/2011 13:33,Muy bajo (1 - 2 mts),5,Chico,-68.8272159012,-32.8674708358,4,Cuarta Este Área Fundacional,1822015.85685,0
35749,Acer,04/03/2011 10:30,Medio (4 - 8 mts),55,Mediano,-68.8553659529,-32.8733961628,6,Residencial Norte,2694682.37982,0
8645,Morera,04/02/2011 10:32,Alto (> 8 mts),59,Mediano,-68.8404338282,-32.9020032198,2,Barrio Civico,2366816.36021,0
36783,Ligustro,21/03/2011 17:04,Bajo (2 - 4 mts),42,Mediano,-68.8578110698,-32.8809320355,7,Residencial Parque,1786336.08966,0
40582,Ligustro,15/04/2011 11:58,Bajo (2 - 4 mts),15,Chico,-68.8458110744,-32.8838510088,1,Parque Central,1655357.93265,0
31862,Morera,29/06/2011 10:52,Alto (> 8 mts),155,Grande,-68.8605634058,-32.8890491794,5,Residencial Sur,2423808.92355,1
23963,Paraiso,12/01/2011 11:10,Alto (> 8 mts),172,Grande,-68.8464604581,-32.9001987818,2,Barrio Civico,2366816.36021,0
27871,Fresno europeo,04/11/2011 11:22,Alto (> 8 mts),140,Grande,-68.8387454119,-32.8942264394,2,Barrio Civico,2366816.36021,0
40350,Olmo comun,08/04/2011 09:59,Medio (4 - 8 mts),100,Grande,-68.8446582552,-32.8814360217,1,Parque Central,1655357.93265,0
6894,Morera,24/05/2011 13:09,Medio (4 - 8 mts),100,Grande,-68.8611442943,-32.8945768037,5,Residencial Sur,2423808.92355,0
43719,Morera,11/10/2011 09:04,Muy bajo (1 - 2 mts),6,Chico,-68.8324371577,-32.8832410335,3,Parque O'Higgins,1531146.02653,0
34104,Fresno europeo,30/05/2011 13:28,Bajo (2 - 4 mts),28,Mediano,-68.8573878846,-32.8849995361,5,Residencial Sur,2423808.92355,0
29785,Morera,09/03/2011 09:42,Bajo (2 - 4 mts),17,Chico,-68.8432733112,-32.8911526407,2,Barrio Civico,2366816.36021,0
2455,Ailanthus,26/10/2011 10:29,Alto (> 8 mts),160,Grande,-68.8357995023,-32.8927091745,3,Parque O'Higgins,1531146.02653,0
20313,Jacaranda,16/05/2011 09:35,Medio (4 - 8 mts),53,Mediano,-68.8613227682,-32.8925696863,5,Residencial Sur,2423808.92355,0
45773,Morera,24/08/2011 09:45,Alto (> 8 mts),185,Grande,-68.8213029062,-32.8695730961,4,Cuarta Este Área Fundacional,1822015.85685,0
19442,Braquiquito,08/08/2011 10:53,Medio (4 - 8 mts),72,Grande,-68.8396941162,-32.8717288893,4,Cuarta Oeste,1173332.70145,0
20957,Fresno europeo,27/05/2011 12:17,Medio (4 - 8 mts),83,Grande,-68.8617450464,-32.8945110453,5,Residencial Sur,2423808.92355,0
10010,Prunas,04/11/2010 09:37,Bajo (2 - 4 mts),35,Mediano,-68.8515753219,-32.8690550702,6,Residencial Norte,2694682.37982,0
47201,Morera,20/09/2011 10:27,Alto (> 8 mts),196,Grande,-68.835046989,-32.8744237814,4,Cuarta Este Área Fundacional,1822015.85685,0
6874,Morera,07/06/2011 10:24,Alto (> 8 mts),160,Grande,-68.8585661249,-32.8950350995,5,Residencial Sur,2423808.92355,0
13160,Morera,18/02/2011 12:27,Alto (> 8 mts),160,Grande,-68.8465818801,-32.865234947,4,Cuarta Oeste,1173332.70145,0
32117,Morera,09/05/2011 13:02,Alto (> 8 mts),210,Grande,-68.8599793704,-32.8867271205,5,Residencial Sur,2423808.92355,0
11995,Paraiso,12/05/2010 11:20,Medio (4 - 8 mts),162,Grande,-68.8524465552,-32.8681181463,6,Residencial Norte,2694682.37982,0
40665,Fresno europeo,13/04/2011 09:19,Medio (4 - 8 mts),30,Mediano,-68.8440542572,-32.884175924,1,Parque Central,1655357.93265,0
25254,Morera,08/02/2011 10:52,Alto (> 8 mts),195,Grande,-68.8396969722,-32.8992270758,2,Barrio Civico,2366816.36021,1
30193,Morera,09/03/2011 10:21,Alto (> 8 mts),176,Grande,-68.8429678567,-32.8892789934,2,Barrio Civico,2366816.36021,0
45250,Fresno europeo,29/09/2011 11:21,Bajo (2 - 4 mts),118,Grande,-68.8231418407,-32.8728304229,4,Cuarta Este Área Fundacional,1822015.85685,0
36681,Fresno europeo,03/06/2011 15:51,Medio (4 - 8 mts),100,Grande,-68.8587534388,-32.8833154508,7,Residencial Parque,1786336.08966,0
31524,Platano,18/05/2011 12:11,Alto (> 8 mts),145,Grande,-68.8599798715,-32.8913007732,5,Residencial Sur,2423808.92355,0
16160,Morera,18/07/2011 10:47,Alto (> 8 mts),222,Grande,-68.8430329165,-32.8672240199,4,Cuarta Oeste,1173332.70145,0
20051,Morera,09/08/2011 10:16,Medio (4 - 8 mts),60,Mediano,-68.8339096671,-32.8647773034,4,Cuarta Oeste,1173332.70145,0
20639,Fresno europeo,03/06/2011 14:33,Medio (4 - 8 mts),90,Grande,-68.8594210078,-32.8966576347,5,Residencial Sur,2423808.92355,0
48043,Fresno americano,02/09/2011 11:26,Bajo (2 - 4 mts),102,Grande,-68.826495145,-32.8683285732,4,Cuarta Este Área Fundacional,1822015.85685,0
28099,Platano,21/02/2011 19:20,Alto (> 8 mts),128,Grande,-68.8496924631,-32.8910729278,5,Residencial Sur,2423808.92355,0
44755,Fresno europeo,24/08/2011 09:56,Medio (4 - 8 mts),115,Grande,-68.8242338118,-32.8689124465,4,Cuarta Este Área Fundacional,1822015.85685,0
36786,Fresno europeo,21/03/2011 16:55,Alto (> 8 mts),52,Mediano,-68.8577398335,-32.8807688229,7,Residencial Parque,1786336.08966,1
3381,Morera,28/09/2011 11:52,Medio (4 - 8 mts),64,Grande,-68.8294177431,-32.8762043642,4,Cuarta Este Área Fundacional,1822015.85685,0
11167,Perenne,27/01/2011 13:17,Bajo (2 - 4 mts),38,Mediano,-68.8441692894,-32.90180361,2,Barrio Civico,2366816.36021,0
33711,Paraiso,11/05/2011 09:46,Medio (4 - 8 mts),75,Grande,-68.8570946756,-32.8871271764,5,Residencial Sur,2423808.92355,0
21176,Fresno europeo,06/05/2011 09:56,Alto (> 8 mts),148,Grande,-68.8511554751,-32.8932759254,5,Residencial Sur,2423808.92355,1
32332,Platano,24/06/2011 12:05,Alto (> 8 mts),230,Grande,-68.8519287085,-32.8906538231,5,Residencial Sur,2423808.92355,0
23864,Morera,28/01/2011 12:14,Alto (> 8 mts),138,Grande,-68.850934043,-32.9000836977,2,Barrio Civico,2366816.36021,0
39138,Paraiso,15/01/2012 10:48,Medio (4 - 8 mts),88,Grande,-68.854101571,-32.8719255091,6,Residencial Norte,2694682.37982,0
29506,Morera,18/02/2011 11:26,Bajo (2 - 4 mts),28,Mediano,-68.8451669638,-32.8927183519,2,Barrio Civico,2366816.36021,0
6613,Paraiso,11/05/2011 10:04,Alto (> 8 mts),170,Grande,-68.8549325443,-32.8927893977,5,Residencial Sur,2423808.92355,0
31313,Morera,28/02/2011 10:59,Alto (> 8 mts),130,Grande,-68.849537211,-32.8651920295,6,Residencial Norte,2694682.37982,0
6825,Caducifolio,24/05/2011 10:12,Bajo (2 - 4 mts),14,Chico,-68.8616308794,-32.894149835,5,Residencial Sur,2423808.92355,0
46197,Morera,28/09/2011 11:21,Medio (4 - 8 mts),140,Grande,-68.8255284498,-32.8752294244,4,Cuarta Este Área Fundacional,1822015.85685,0
42718,Platano,30/09/2011 11:28,Alto (> 8 mts),180,Grande,-68.8280056242,-32.8773009786,4,Cuarta Este Área Fundacional,1822015.85685,0
12896,Fresno europeo,18/01/2011 09:36,Bajo (2 - 4 mts),32,Mediano,-68.8462506284,-32.863474259,4,Cuarta Oeste,1173332.70145,0
20657,Fresno europeo,03/06/2011 13:33,Medio (4 - 8 mts),71,Grande,-68.8607652142,-32.8965428206,5,Residencial Sur,2423808.92355,0
20292,Acacia SP,17/05/2011 09:49,Bajo (2 - 4 mts),33,Mediano,-68.8603651085,-32.8933053935,5,Residencial Sur,2423808.92355,0
20593,Morera,30/05/2011 10:35,Alto (> 8 mts),140,Grande,-68.8623176065,-32.8969399787,5,Residencial Sur,2423808.92355,0
37680,Paraiso,24/02/2012 08:55,Alto (> 8 mts),110,Grande,-68.8520354658,-32.8721372346,6,Residencial Norte,2694682.37982,0
33429,Morera,02/06/2011 14:08,Alto (> 8 mts),140,Grande,-68.8562416541,-32.8886312211,5,Residencial Sur,2423808.92355,0
22473,Paraiso,23/06/2011 12:30,Alto (> 8 mts),160,Grande,-68.8622190341,-32.8992776718,5,Residencial Sur,2423808.92355,0
13065,Fresno europeo,17/02/2011 11:43,Bajo (2 - 4 mts),36,Mediano,-68.8456427398,-32.8648766223,4,Cuarta Oeste,1173332.70145,0
5004,Morera,04/07/2011 11:26,Medio (4 - 8 mts),120,Grande,-68.8361698521,-32.8634916513,4,Cuarta Oeste,1173332.70145,0
37472,Paraiso,04/01/2011 12:36,Alto (> 8 mts),130,Grande,-68.857267288,-32.8710671333,6,Residencial Norte,2694682.37982,0
18278,Ailanthus,04/08/2011 09:59,Alto (> 8 mts),140,Grande,-68.8391487384,-32.8686575595,4,Cuarta Oeste,1173332.70145,0
18869,Caducifolio,27/07/2011 09:06,Medio (4 - 8 mts),39,Mediano,-68.8407587223,-32.8704452447,4,Cuarta Oeste,1173332.70145,1
19186,Tipa,18/07/2011 09:47,Alto (> 8 mts),158,Grande,-68.8412550508,-32.8724166183,4,Cuarta Oeste,1173332.70145,1
7356,Morera,23/06/2011 09:24,Medio (4 - 8 mts),51,Mediano,-68.8618935017,-32.9015283339,5,Residencial Sur,2423808.92355,0
19582,Morera,11/07/2011 10:37,Alto (> 8 mts),170,Grande,-68.8360949558,-32.8725391763,4,Cuarta Oeste,1173332.70145,1
44168,Morera,26/09/2011 11:42,Alto (> 8 mts),110,Grande,-68.8349447416,-32.877069756,1,Parque Central,1655357.93265,0
34188,Morera,03/03/2011 10:56,Alto (> 8 mts),190,Grande,-68.8533633597,-32.8735340798,6,Residencial Norte,2694682.37982,0
31185,Morera,04/02/2011 10:34,Alto (> 8 mts),130,Grande,-68.8540233571,-32.8634470509,6,Residencial Norte,2694682.37982,0
46116,Paraiso,05/10/2011 11:17,Alto (> 8 mts),236,Grande,-68.8247580847,-32.8744076713,4,Cuarta Este Área Fundacional,1822015.85685,0
13611,Morera,28/02/2011 11:38,Alto (> 8 mts),130,Grande,-68.8517665514,-32.8662480304,6,Residencial Norte,2694682.37982,0
10228,Fresno europeo,13/12/2010 11:47,Medio (4 - 8 mts),90,Grande,-68.8504557906,-32.8717877999,6,Residencial Norte,2694682.37982,0
43104,Morera,04/10/2011 10:11,Alto (> 8 mts),236,Grande,-68.8279983899,-32.8788336663,4,Cuarta Este Área Fundacional,1822015.85685,1
35305,Morera,23/06/2011 16:02,Bajo (2 - 4 mts),40,Mediano,-68.8525714453,-32.8826072873,1,Parque Central,1655357.93265,0
3775,Morera,23/08/2011 12:57,Medio (4 - 8 mts),50,Mediano,-68.8190404041,-32.8705219116,4,Cuarta Este Área Fundacional,1822015.85685,0
47447,Morera,20/09/2011 13:39,Medio (4 - 8 mts),105,Grande,-68.8299142338,-32.8741600529,4,Cuarta Este Área Fundacional,1822015.85685,0
3608,Caducifolio,29/08/2011 07:47,Muy bajo (1 - 2 mts),10,Chico,-68.8273413854,-32.8695216991,4,Cuarta Este Área Fundacional,1822015.85685,0
9022,Palo borracho,10/01/2011 09:52,Bajo (2 - 4 mts),33,Mediano,-68.8450799489,-32.8681084417,4,Cuarta Oeste,1173332.70145,0
45232,Morera,29/09/2011 14:17,Alto (> 8 mts),130,Grande,-68.8227111041,-32.8734067474,4,Cuarta Este Área Fundacional,1822015.85685,1
27973,Morera,31/10/2011 09:39,Muy bajo (1 - 2 mts),7,Chico,-68.8361999282,-32.8930223394,3,Parque O'Higgins,1531146.02653,0
41921,Morera,20/04/2011 10:08,Bajo (2 - 4 mts),7,Chico,-68.8382579547,-32.8798446462,1,Parque Central,1655357.93265,0
31018,Tilo,10/02/2011 10:04,Bajo (2 - 4 mts),66,Grande,-68.8558481296,-32.8642171967,6,Residencial Norte,2694682.37982,0
18887,Morera,26/07/2011 10:23,Medio (4 - 8 mts),114,Grande,-68.8398438809,-32.8706475693,4,Cuarta Oeste,1173332.70145,0
14917,Paraiso,19/12/2011 08:45,Medio (4 - 8 mts),90,Grande,-68.8804952948,-32.8737645988,8,Aeroparque,2203364.73622,0
31895,Fresno europeo,01/06/2011 13:42,Medio (4 - 8 mts),110,Grande,-68.8587039398,-32.8842039228,5,Residencial Sur,2423808.92355,0
19855,Morera,30/06/2011 09:34,Alto (> 8 mts),158,Grande,-68.8337695764,-32.8631844533,4,Cuarta Oeste,1173332.70145,0
22355,Morera,16/06/2011 10:32,Alto (> 8 mts),155,Grande,-68.859106092,-32.8993188005,5,Residencial Sur,2423808.92355,0
23320,Morera,28/01/2011 13:57,Medio (4 - 8 mts),42,Mediano,-68.8502396473,-32.9021048168,2,Barrio Civico,2366816.36021,0
30823,Conifera,14/02/2011 12:47,Alto (> 8 mts),60,Mediano,-68.8551035336,-32.866219707,6,Residencial Norte,2694682.37982,0
3069,Morera,08/09/2011 16:00,Bajo (2 - 4 mts),66,Grande,-68.8276319622,-32.8718533575,4,Cuarta Este Área Fundacional,1822015.85685,0
18798,Paraiso,07/07/2011 10:20,Medio (4 - 8 mts),120,Grande,-68.8374047445,-32.8726570238,4,Cuarta Oeste,1173332.70145,0
20325,Alamo criollo,13/05/2011 11:31,Alto (> 8 mts),280,Grande,-68.8622749635,-32.8923603749,5,Residencial Sur,2423808.92355,0
39268,Morera,29/12/2010 10:12,Medio (4 - 8 mts),48,Mediano,-68.8557108166,-32.8713563326,6,Residencial Norte,2694682.37982,0
44406,Morera,18/10/2011 11:13,Alto (> 8 mts),148,Grande,-68.8380416413,-32.8857868605,3,Parque O'Higgins,1531146.02653,1
39300,Fresno europeo,30/11/2010 10:16,Bajo (2 - 4 mts),45,Mediano,-68.8557369439,-32.8720812943,6,Residencial Norte,2694682.37982,0
9709,Fresno europeo,24/01/2011 10:29,Muy bajo (1 - 2 mts),6,Chico,-68.8485888488,-32.8639197267,6,Residencial Norte,2694682.37982,0
44747,Morera,23/08/2011 13:04,Alto (> 8 mts),200,Grande,-68.8234178481,-32.8686577139,4,Cuarta Este Área Fundacional,1822015.85685,0
31237,Paraiso,04/02/2011 11:57,Medio (4 - 8 mts),100,Grande,-68.8540503915,-32.8641969343,6,Residencial Norte,2694682.37982,0
26678,Morera,10/11/2011 09:50,Alto (> 8 mts),130,Grande,-68.8325617072,-32.8941799807,3,Parque O'Higgins,1531146.02653,0
23898,Morera,28/02/2012 12:22,Medio (4 - 8 mts),40,Mediano,-68.85163341,-32.8998262845,2,Barrio Civico,2366816.36021,0
41347,Platano,19/04/2011 10:12,Alto (> 8 mts),170,Grande,-68.8399966502,-32.8824018343,1,Parque Central,1655357.93265,0
41284,Platano,30/09/2011 11:25,Alto (> 8 mts),200,Grande,-68.839686063,-32.8811527131,1,Parque Central,1655357.93265,0
3736,Morera,24/08/2011 09:38,Bajo (2 - 4 mts),16,Chico,-68.8215304374,-32.8695688475,4,Cuarta Este Área Fundacional,1822015.85685,0
7097,Fresno europeo,01/06/2011 12:15,Medio (4 - 8 mts),103,Grande,-68.8608946257,-32.8978493333,5,Residencial Sur,2423808.92355,0
12024,Morera,07/04/2010 11:39,Medio (4 - 8 mts),135,Grande,-68.8530237572,-32.8666183152,6,Residencial Norte,2694682.37982,0
10089,Prunas,21/10/2010 09:31,Bajo (2 - 4 mts),30,Mediano,-68.8454331193,-32.8703429125,6,Residencial Norte,2694682.37982,0
22886,Morera,29/06/2011 16:39,Alto (> 8 mts),98,Grande,-68.8546219511,-32.9016297488,5,Residencial Sur,2423808.92355,0
1000,Acer,20/04/2011 10:12,Medio (4 - 8 mts),44,Mediano,-68.8385681044,-32.8798278056,1,Parque Central,1655357.93265,0
43990,Fresno europeo,17/10/2011 09:01,Alto (> 8 mts),182,Grande,-68.8332781162,-32.886016123,3,Parque O'Higgins,1531146.02653,0
37710,Morera,14/01/2012 17:41,Alto (> 8 mts),150,Grande,-68.8512109284,-32.8721547377,6,Residencial Norte,2694682.37982,0
27393,Platano,21/10/2011 10:27,Alto (> 8 mts),160,Grande,-68.8354517897,-32.8877743469,3,Parque O'Higgins,1531146.02653,0
45738,Morera,24/08/2011 11:15,Medio (4 - 8 mts),187,Grande,-68.8224223425,-32.8687122999,4,Cuarta Este Área Fundacional,1822015.85685,1
24846,Morera,16/02/2011 13:15,Alto (> 8 mts),117,Grande,-68.8380839765,-32.8960606957,2,Barrio Civico,2366816.36021,0
3699,Fresno europeo,24/08/2011 11:49,Medio (4 - 8 mts),90,Grande,-68.8243076995,-32.8696463381,4,Cuarta Este Área Fundacional,1822015.85685,1
10373,Prunas,24/08/2010 11:23,Bajo (2 - 4 mts),40,Mediano,-68.8474365849,-32.8739980366,6,Residencial Norte,2694682.37982,0
34043,Morera,30/05/2011 13:03,Medio (4 - 8 mts),120,Grande,-68.8555017767,-32.88514632,5,Residencial Sur,2423808.92355,0
18620,Morera,06/07/2011 11:23,Alto (> 8 mts),136,Grande,-68.8377060511,-32.8743079656,4,Cuarta Oeste,1173332.70145,0
28562,Platano,23/02/2011 08:48,Alto (> 8 mts),190,Grande,-68.8498081063,-32.89091902,5,Residencial Sur,2423808.92355,0
24609,Morera,07/02/2011 09:47,Bajo (2 - 4 mts),68,Grande,-68.8440418709,-32.9035041552,2,Barrio Civico,2366816.36021,0
3595,Fresno europeo,01/09/2011 11:34,Bajo (2 - 4 mts),32,Mediano,-68.8303334059,-32.8692244349,4,Cuarta Este Área Fundacional,1822015.85685,0
41381,Morera,19/04/2011 10:05,Alto (> 8 mts),102,Grande,-68.8413865569,-32.8826928424,1,Parque Central,1655357.93265,0
6568,Morera,19/05/2011 11:09,Alto (> 8 mts),62,Grande,-68.8565985042,-32.8911001662,5,Residencial Sur,2423808.92355,0
12058,Morera,04/02/2010 13:46,Bajo (2 - 4 mts),76,Grande,-68.8527732626,-32.8672236639,6,Residencial Norte,2694682.37982,0
37308,Platano,17/03/2011 10:14,Alto (> 8 mts),196,Grande,-68.8585085802,-32.8755330198,7,Residencial Parque,1786336.08966,0
45277,Fresno europeo,16/09/2011 10:05,Alto (> 8 mts),134,Grande,-68.8241321889,-32.8712713787,4,Cuarta Este Área Fundacional,1822015.85685,0
24156,Fresno europeo,24/01/2011 11:40,Medio (4 - 8 mts),77,Grande,-68.8454611963,-32.9019186812,2,Barrio Civico,2366816.36021,0
46836,Fresno europeo,16/09/2011 08:02,Alto (> 8 mts),108,Grande,-68.8341137676,-32.8717133515,4,Cuarta Oeste,1173332.70145,0
11509,Fresno europeo,22/02/2011 10:55,Alto (> 8 mts),210,Grande,-68.8528601326,-32.8664800318,6,Residencial Norte,2694682.37982,0
44650,Olmo comun,25/08/2011 12:30,Medio (4 - 8 mts),95,Grande,-68.8226628527,-32.8665804784,4,Cuarta Este Área Fundacional,1822015.85685,0
28532,Morera,21/02/2011 10:24,Alto (> 8 mts),128,Grande,-68.848443156,-32.8891532181,5,Residencial Sur,2423808.92355,0
1127,Morera,01/12/2011 08:14,Alto (> 8 mts),100,Grande,-68.8758331116,-32.8668205265,8,Aeroparque,2203364.73622,0
5703,Platano,02/05/2011 10:33,Medio (4 - 8 mts),70,Grande,-68.8403955176,-32.8751459724,1,Parque Central,1655357.93265,0
40119,Morera,15/04/2011 11:16,Alto (> 8 mts),180,Grande,-68.8453914884,-32.8791918049,1,Parque Central,1655357.93265,1
7723,Morera,31/05/2011 12:55,Medio (4 - 8 mts),130,Grande,-68.8567310289,-32.8837693042,5,Residencial Sur,2423808.92355,0
45165,Fresno europeo,31/08/2011 14:08,Alto (> 8 mts),179,Grande,-68.8233256294,-32.871162551,4,Cuarta Este Área Fundacional,1822015.85685,0
12717,Fresno americano,20/01/2011 08:21,Bajo (2 - 4 mts),60,Mediano,-68.8471841829,-32.8628748258,4,Cuarta Oeste,1173332.70145,0
5143,Morera,08/08/2011 10:54,Alto (> 8 mts),145,Grande,-68.8434962471,-32.8699025315,4,Cuarta Oeste,1173332.70145,0
18994,Morera,13/07/2011 09:46,Alto (> 8 mts),148,Grande,-68.8410428588,-32.8715096954,4,Cuarta Oeste,1173332.70145,1
36591,Paraiso sombrilla,07/06/2011 13:02,Bajo (2 - 4 mts),64,Grande,-68.8573194982,-32.8834664797,5,Residencial Sur,2423808.92355,0
11463,Morera,06/01/2011 13:32,Alto (> 8 mts),280,Grande,-68.8437466385,-32.8628405109,4,Cuarta Oeste,1173332.70145,0
45480,Morera,19/09/2011 10:24,Alto (> 8 mts),125,Grande,-68.8224748532,-32.8721677847,4,Cuarta Este Área Fundacional,1822015.85685,0
35933,Morera,23/03/2011 09:29,Alto (> 8 mts),130,Grande,-68.8542254628,-32.876287022,6,Residencial Norte,2694682.37982,0
32373,Platano,06/05/2011 09:39,Alto (> 8 mts),143,Grande,-68.8526031715,-32.8916319633,5,Residencial Sur,2423808.92355,0
13246,Morera,21/02/2011 11:57,Medio (4 - 8 mts),116,Grande,-68.8473901218,-32.8661487864,6,Residencial Norte,2694682.37982,0
3220,Acer,22/09/2011 09:01,Medio (4 - 8 mts),88,Grande,-68.8198286925,-32.8716068151,4,Cuarta Este Área Fundacional,1822015.85685,0
26759,Morera,11/01/2012 09:33,Alto (> 8 mts),150,Grande,-68.8344579628,-32.8960013614,2,Barrio Civico,2366816.36021,0
7472,Morera,16/06/2011 10:46,Alto (> 8 mts),180,Grande,-68.8615942505,-32.9003610616,5,Residencial Sur,2423808.92355,1
29692,Fresno americano,02/03/2011 15:38,Alto (> 8 mts),108,Grande,-68.8417764051,-32.8942335474,2,Barrio Civico,2366816.36021,0
47291,Morera,20/09/2011 10:47,Alto (> 8 mts),138,Grande,-68.8308113463,-32.8739906339,4,Cuarta Este Área Fundacional,1822015.85685,0
7037,Fresno europeo,13/06/2011 13:57,Medio (4 - 8 mts),25,Mediano,-68.8554477002,-32.897405901,5,Residencial Sur,2423808.92355,0
42806,Morera,07/10/2011 17:39,Alto (> 8 mts),196,Grande,-68.831444646,-32.8776830187,4,Cuarta Este Área Fundacional,1822015.85685,0
11567,Paraiso,10/05/2010 11:41,Bajo (2 - 4 mts),80,Grande,-68.8518067425,-32.867549232,6,Residencial Norte,2694682.37982,0
22202,Morera,18/05/2011 10:02,Alto (> 8 mts),158,Grande,-68.8568884656,-32.8989840993,5,Residencial Sur,2423808.92355,1
13962,Fresno europeo,29/11/2011 11:24,Muy bajo (1 - 2 mts),18,Chico,-68.8771599825,-32.8652470514,8,Aeroparque,2203364.73622,0
3737,Morera,25/08/2011 12:31,Alto (> 8 mts),150,Grande,-68.8203360734,-32.8698052869,4,Cuarta Este Área Fundacional,1822015.85685,0
24905,Fresno europeo,10/02/2011 12:30,Alto (> 8 mts),140,Grande,-68.8388888891,-32.8965928311,2,Barrio Civico,2366816.36021,0
29949,Platano,28/04/2011 12:27,Alto (> 8 mts),260,Grande,-68.842833633,-32.8855819783,1,Parque Central,1655357.93265,0
22900,Fresno europeo,19/05/2011 16:14,Muy bajo (1 - 2 mts),8,Chico,-68.8541307427,-32.8995845798,5,Residencial Sur,2423808.92355,0
10299,Fresno europeo,02/12/2010 10:12,Medio (4 - 8 mts),38,Mediano,-68.8458908387,-32.8722850386,6,Residencial Norte,2694682.37982,1
27459,Fresno europeo,25/10/2011 10:38,Medio (4 - 8 mts),60,Mediano,-68.8356561647,-32.8921411247,3,Parque O'Higgins,1531146.02653,0
3628,Paraiso,23/08/2011 12:16,Medio (4 - 8 mts),50,Mediano,-68.8242786599,-32.8693615604,4,Cuarta Este Área Fundacional,1822015.85685,0
25245,Morera,09/02/2011 08:35,Alto (> 8 mts),140,Grande,-68.8392065452,-32.8983627117,2,Barrio Civico,2366816.36021,1
23068,Paraiso,15/06/2011 19:45,Medio (4 - 8 mts),22,Mediano,-68.8610794724,-32.901659362,5,Residencial Sur,2423808.92355,0
11684,Paraiso,27/01/2011 10:20,Alto (> 8 mts),190,Grande,-68.850050831,-32.8678117565,6,Residencial Norte,2694682.37982,0
19890,Jacaranda,29/06/2011 09:52,Medio (4 - 8 mts),52,Mediano,-68.8349785471,-32.8632626077,4,Cuarta Oeste,1173332.70145,0
19916,Morera,28/06/2011 13:41,Alto (> 8 mts),182,Grande,-68.8336624635,-32.8633302954,4,Cuarta Oeste,1173332.70145,0
37546,Paraiso,16/11/2010 12:17,Alto (> 8 mts),170,Grande,-68.8575893291,-32.8696346255,6,Residencial Norte,2694682.37982,0
40398,Morera,08/04/2011 12:13,Alto (> 8 mts),112,Grande,-68.8451513601,-32.8821498721,1,Parque Central,1655357.93265,0
22684,Caducifolio,12/05/2011 11:35,Muy bajo (1 - 2 mts),4,Chico,-68.8530287741,-32.9001052049,2,Barrio Civico,2366816.36021,0
5516,Acer,27/04/2011 13:17,Medio (4 - 8 mts),55,Mediano,-68.8382846527,-32.8764890685,1,Parque Central,1655357.93265,0
22489,Paraiso,23/06/2011 11:50,Alto (> 8 mts),140,Grande,-68.8621465803,-32.8982422348,5,Residencial Sur,2423808.92355,0
20788,Morera,31/05/2011 10:30,Alto (> 8 mts),150,Grande,-68.860928371399993,-32.8967797861,5,Residencial Sur,2423808.92355,0
4887,Paraiso,19/07/2011 09:23,Alto (> 8 mts),85,Grande,-68.8444492054,-32.8715723604,6,Residencial Norte,2694682.37982,1
37974,Fresno europeo,10/01/2012 17:53,Medio (4 - 8 mts),100,Grande,-68.8483699696,-32.8726779193,6,Residencial Norte,2694682.37982,0
27010,Platano,02/11/2011 16:10,Alto (> 8 mts),170,Grande,-68.8353953764,-32.8863100838,3,Parque O'Higgins,1531146.02653,0
8265,Fresno americano,09/03/2011 19:03,Alto (> 8 mts),52,Mediano,-68.8452603555,-32.8920290822,2,Barrio Civico,2366816.36021,0
25974,Morera,31/01/2011 12:48,Alto (> 8 mts),120,Grande,-68.8391323492,-32.9030530304,2,Barrio Civico,2366816.36021,0
2922,Olmo comun,19/09/2011 10:51,Medio (4 - 8 mts),110,Grande,-68.8216869178,-32.8722908101,4,Cuarta Este Área Fundacional,1822015.85685,0
12009,Morera,07/04/2010 11:44,Bajo (2 - 4 mts),80,Grande,-68.8530757787,-32.8671659306,6,Residencial Norte,2694682.37982,0
25595,Morera,08/02/2011 18:30,Alto (> 8 mts),168,Grande,-68.8385752976,-32.9018388203,2,Barrio Civico,2366816.36021,0
4804,Morera,28/07/2011 09:51,Alto (> 8 mts),102,Grande,-68.8392563639,-32.8671915766,4,Cuarta Oeste,1173332.70145,0
39021,Paraiso,27/12/2010 09:44,Bajo (2 - 4 mts),45,Mediano,-68.8548325105,-32.8710274414,6,Residencial Norte,2694682.37982,0
24345,Ligustro,26/01/2011 12:15,Medio (4 - 8 mts),45,Mediano,-68.8440608954,-32.9028482808,2,Barrio Civico,2366816.36021,0
47299,Morera,20/09/2011 10:34,Alto (> 8 mts),128,Grande,-68.8315304826,-32.8739387626,4,Cuarta Este Área Fundacional,1822015.85685,1
31833,Ailanthus,30/06/2011 13:47,Alto (> 8 mts),90,Grande,-68.8604162048,-32.8900771766,5,Residencial Sur,2423808.92355,0
30049,Platano,29/04/2011 11:26,Alto (> 8 mts),178,Grande,-68.8399892399,-32.8861021058,3,Parque O'Higgins,1531146.02653,1
37672,Morera,24/02/2012 09:13,Alto (> 8 mts),195,Grande,-68.851562086,-32.872089966,6,Residencial Norte,2694682.37982,0
43624,Platano,12/10/2011 15:05,Alto (> 8 mts),220,Grande,-68.8336089117,-32.883618599,3,Parque O'Higgins,1531146.02653,0
45870,Morera,25/08/2011 13:31,Alto (> 8 mts),190,Grande,-68.8192041286,-32.8699910759,4,Cuarta Este Área Fundacional,1822015.85685,0
8094,Morera,25/02/2011 08:56,Medio (4 - 8 mts),74,Grande,-68.8484965813,-32.8899513106,5,Residencial Sur,2423808.92355,1
13786,Paraiso,26/01/2011 12:06,Alto (> 8 mts),130,Grande,-68.8496090334,-32.8643701602,6,Residencial Norte,2694682.37982,1
19567,Morera,26/07/2011 09:19,Medio (4 - 8 mts),160,Grande,-68.8384019211,-32.8719316408,4,Cuarta Oeste,1173332.70145,0
12599,Morera,14/01/2011 13:03,Alto (> 8 mts),130,Grande,-68.8452827301,-32.8632127337,4,Cuarta Oeste,1173332.70145,0
15264,Alamo blanco,21/11/2011 12:45,Medio (4 - 8 mts),75,Grande,-68.8585621179,-32.8699454613,6,Residencial Norte,2694682.37982,1
3630,Fresno europeo,23/08/2011 11:36,Medio (4 - 8 mts),95,Grande,-68.8235591868,-32.869432355,4,Cuarta Este Área Fundacional,1822015.85685,0
35913,Morera,23/03/2011 13:52,Alto (> 8 mts),138,Grande,-68.85386291,-32.8754806101,6,Residencial Norte,2694682.37982,0
38941,Morera,30/12/2010 13:33,Medio (4 - 8 mts),93,Grande,-68.8564391072,-32.8709639091,6,Residencial Norte,2694682.37982,0
22978,Fresno europeo,02/06/2011 11:17,Alto (> 8 mts),48,Mediano,-68.8569732248,-32.9000671255,5,Residencial Sur,2423808.92355,0
9364,Fresno europeo,16/02/2011 10:01,Medio (4 - 8 mts),38,Mediano,-68.8453509321,-32.865781516,4,Cuarta Oeste,1173332.70145,0
46626,Morera,05/09/2011 08:34,Alto (> 8 mts),200,Grande,-68.830454906,-32.8694977292,4,Cuarta Este Área Fundacional,1822015.85685,0
35385,Morera,21/06/2011 13:22,Medio (4 - 8 mts),130,Grande,-68.855246891,-32.8821101839,5,Residencial Sur,2423808.92355,0
20335,Morera,13/05/2011 11:06,Alto (> 8 mts),138,Grande,-68.8615440252,-32.8915216934,5,Residencial Sur,2423808.92355,1
45643,Morera,21/09/2011 13:15,Alto (> 8 mts),155,Grande,-68.8217065924,-32.8721850857,4,Cuarta Este Área Fundacional,1822015.85685,0
35016,Morera,31/03/2011 09:41,Alto (> 8 mts),132,Grande,-68.8562849429,-32.8800864715,7,Residencial Parque,1786336.08966,1
19105,Morera,27/07/2011 09:07,Alto (> 8 mts),150,Grande,-68.8409838823,-32.8707885356,4,Cuarta Oeste,1173332.70145,1
29710,Morera,02/03/2011 17:58,Medio (4 - 8 mts),46,Mediano,-68.8427771245,-32.8936163398,2,Barrio Civico,2366816.36021,0
42568,Morera,26/09/2011 11:04,Alto (> 8 mts),170,Grande,-68.8274672318,-32.8755585266,4,Cuarta Este Área Fundacional,1822015.85685,0
22831,Morera,29/06/2011 14:34,Alto (> 8 mts),140,Grande,-68.8583850906,-32.9013767253,5,Residencial Sur,2423808.92355,0
10038,Fresno europeo,28/10/2010 11:24,Medio (4 - 8 mts),70,Grande,-68.8499117068,-32.869379469,6,Residencial Norte,2694682.37982,0
17362,Fresno europeo,04/08/2011 07:55,Medio (4 - 8 mts),53,Mediano,-68.8352070612,-32.8648404561,4,Cuarta Oeste,1173332.70145,0
18778,Paraiso,08/07/2011 13:34,Medio (4 - 8 mts),80,Grande,-68.8386451668,-32.8728464528,4,Cuarta Oeste,1173332.70145,0
19027,Caducifolio,12/07/2011 10:26,Muy bajo (1 - 2 mts),8,Chico,-68.8398082844,-32.8717596932,4,Cuarta Oeste,1173332.70145,0
21690,Morera,10/06/2011 08:18,Alto (> 8 mts),158,Grande,-68.8568210534,-32.8951778052,5,Residencial Sur,2423808.92355,0
28440,Morera,28/02/2011 09:49,Alto (> 8 mts),140,Grande,-68.8463259326,-32.889479915,2,Barrio Civico,2366816.36021,0
33320,Platano,24/06/2011 09:51,Alto (> 8 mts),180,Grande,-68.8570705888,-32.8906894829,5,Residencial Sur,2423808.92355,0
19094,Platano,27/07/2011 09:39,Alto (> 8 mts),180,Grande,-68.8421369461,-32.8707011791,4,Cuarta Oeste,1173332.70145,1
25674,Platano,07/02/2011 09:19,Alto (> 8 mts),230,Grande,-68.8423506939,-32.9023596746,2,Barrio Civico,2366816.36021,0
47260,Platano,20/09/2011 11:57,Alto (> 8 mts),168,Grande,-68.8320007785,-32.8732411235,4,Cuarta Este Área Fundacional,1822015.85685,1
42154,Acacia SP,04/05/2011 13:12,Bajo (2 - 4 mts),10,Chico,-68.841468121,-32.8739732122,1,Parque Central,1655357.93265,0
43534,Fresno americano,19/10/2011 17:19,Bajo (2 - 4 mts),120,Grande,-68.8307899612,-32.8825578578,3,Parque O'Higgins,1531146.02653,0
35730,Fresno europeo,09/03/2011 09:31,Alto (> 8 mts),125,Grande,-68.8546060489,-32.8738688867,6,Residencial Norte,2694682.37982,0
35407,Morera,17/06/2011 16:52,Muy bajo (1 - 2 mts),16,Chico,-68.855959231,-32.8834556331,5,Residencial Sur,2423808.92355,0
9902,Fresno europeo,11/02/2011 12:07,Bajo (2 - 4 mts),15,Chico,-68.8575183904,-32.8647430691,6,Residencial Norte,2694682.37982,0
46578,Prunas,07/09/2011 08:46,Bajo (2 - 4 mts),50,Mediano,-68.8327375453,-32.869532722,4,Cuarta Oeste,1173332.70145,0
12299,Paraiso,13/01/2011 10:03,Alto (> 8 mts),190,Grande,-68.8463193387,-32.8665649938,4,Cuarta Oeste,1173332.70145,0
529,Morera,08/03/2012 18:09,Alto (> 8 mts),140,Grande,-68.8213876239,-32.8686127694,4,Cuarta Este Área Fundacional,1822015.85685,0
29309,Fresno americano,22/02/2011 10:37,Alto (> 8 mts),260,Grande,-68.843993319,-32.8885787959,2,Barrio Civico,2366816.36021,0
35443,Morera,28/03/2011 10:51,Alto (> 8 mts),180,Grande,-68.8549188982,-32.8810569133,6,Residencial Norte,2694682.37982,0
15908,Fresno americano,24/11/2011 12:34,Muy bajo (1 - 2 mts),20,Chico,-68.8736918693,-32.8775212695,7,Residencial Parque,1786336.08966,0
35879,Morera,28/03/2011 10:36,Alto (> 8 mts),180,Grande,-68.8532371529,-32.8761362204,6,Residencial Norte,2694682.37982,0
14161,Acacia SP,30/11/2011 10:30,Alto (> 8 mts),70,Grande,-68.8767399649,-32.8671709105,8,Aeroparque,2203364.73622,0
45780,Morera,23/08/2011 12:00,Alto (> 8 mts),138,Grande,-68.8216221268,-32.8697920691,4,Cuarta Este Área Fundacional,1822015.85685,0
25910,Morera,07/02/2011 14:56,Alto (> 8 mts),146,Grande,-68.8391825854,-32.9029278522,2,Barrio Civico,2366816.36021,0
47071,Morera,23/09/2011 11:58,Muy bajo (1 - 2 mts),3,Chico,-68.833734117,-32.8737702089,4,Cuarta Este Área Fundacional,1822015.85685,0
10949,Tipa,21/03/2011 15:56,Medio (4 - 8 mts),32,Mediano,-68.8566372936,-32.8808842584,7,Residencial Parque,1786336.08966,0
25370,Fresno europeo,10/02/2011 13:26,Medio (4 - 8 mts),45,Mediano,-68.8380556932,-32.9007375459,2,Barrio Civico,2366816.36021,0
13436,Morera,02/02/2011 12:07,Alto (> 8 mts),130,Grande,-68.8527491129,-32.864707704,6,Residencial Norte,2694682.37982,0
996,Morera,19/04/2011 10:21,Alto (> 8 mts),120,Grande,-68.8391476228,-32.8796447124,1,Parque Central,1655357.93265,0
22076,Morera,10/06/2011 11:53,Medio (4 - 8 mts),77,Grande,-68.8537460699,-32.8968480552,5,Residencial Sur,2423808.92355,0
41030,Morera,12/04/2011 10:10,Alto (> 8 mts),145,Grande,-68.8403549825,-32.8808084593,1,Parque Central,1655357.93265,1
40338,Morera,08/04/2011 12:00,Medio (4 - 8 mts),150,Grande,-68.8445417284,-32.8804221036,1,Parque Central,1655357.93265,1
3135,Prunas,09/09/2011 09:15,Bajo (2 - 4 mts),70,Grande,-68.8254998765,-32.8732605062,4,Cuarta Este Área Fundacional,1822015.85685,0
3040,Morera,15/09/2011 10:23,Medio (4 - 8 mts),90,Grande,-68.8285917869,-32.8720726131,4,Cuarta Este Área Fundacional,1822015.85685,0
15083,Acacia SP,17/11/2011 09:48,Muy bajo (1 - 2 mts),2,Chico,-68.8589328863,-32.8690662767,6,Residencial Norte,2694682.37982,1
25195,Morera,09/02/2011 17:49,Alto (> 8 mts),138,Grande,-68.8367837447,-32.8987491651,2,Barrio Civico,2366816.36021,1
35676,Paraiso,18/03/2011 09:43,Medio (4 - 8 mts),100,Grande,-68.8553157282,-32.874091887,6,Residencial Norte,2694682.37982,0
19006,Morera,12/07/2011 09:30,Alto (> 8 mts),160,Grande,-68.8408519134,-32.8707937779,4,Cuarta Oeste,1173332.70145,0
12763,Fresno europeo,21/01/2011 12:40,Medio (4 - 8 mts),80,Grande,-68.8480145516,-32.8643014655,6,Residencial Norte,2694682.37982,0
28702,Morera,01/03/2011 12:06,Alto (> 8 mts),200,Grande,-68.8471198394,-32.8904425205,2,Barrio Civico,2366816.36021,1
46876,Morera,09/09/2011 10:20,Alto (> 8 mts),105,Grande,-68.8336732029,-32.8705695653,4,Cuarta Oeste,1173332.70145,1
8699,Fresno europeo,11/02/2011 12:39,Alto (> 8 mts),151,Grande,-68.8387672628,-32.8997356194,2,Barrio Civico,2366816.36021,0
22710,Paraiso,12/05/2011 12:20,Alto (> 8 mts),184,Grande,-68.8540915311,-32.9002247486,5,Residencial Sur,2423808.92355,0
13981,Morera,29/11/2011 11:59,Bajo (2 - 4 mts),65,Grande,-68.8780898615,-32.8656287687,8,Aeroparque,2203364.73622,0
9656,Morera,25/01/2011 10:36,Bajo (2 - 4 mts),110,Grande,-68.8491332198,-32.8636992238,6,Residencial Norte,2694682.37982,0
4297,Fresno europeo,12/07/2011 09:47,Medio (4 - 8 mts),90,Grande,-68.8403801534,-32.8707521191,4,Cuarta Oeste,1173332.70145,0
1001,Fresno europeo,20/04/2011 09:26,Bajo (2 - 4 mts),20,Chico,-68.8378331048,-32.8792148452,1,Parque Central,1655357.93265,0
23370,Morera,27/01/2011 15:37,Medio (4 - 8 mts),78,Grande,-68.8494514149,-32.9032052843,2,Barrio Civico,2366816.36021,0
17053,Morera,16/08/2011 10:01,Alto (> 8 mts),155,Grande,-68.8373784751,-32.8643944021,4,Cuarta Oeste,1173332.70145,0
32202,Fresno americano,10/05/2011 10:18,Medio (4 - 8 mts),100,Grande,-68.8589232642,-32.8852605934,5,Residencial Sur,2423808.92355,0
40197,Fresno americano,25/04/2011 12:19,Alto (> 8 mts),160,Grande,-68.8459285627,-32.8837025547,1,Parque Central,1655357.93265,0
8521,Morera,09/02/2011 08:47,Alto (> 8 mts),127,Grande,-68.8389812917,-32.8980041542,2,Barrio Civico,2366816.36021,0
20351,Platano,13/05/2011 10:25,Alto (> 8 mts),150,Grande,-68.860413248,-32.8923907715,5,Residencial Sur,2423808.92355,1
28505,Morera,25/02/2011 09:01,Alto (> 8 mts),200,Grande,-68.8484462514,-32.889756275,5,Residencial Sur,2423808.92355,1
33330,Morera,23/05/2011 10:37,Alto (> 8 mts),160,Grande,-68.8565610016,-32.8913405403,5,Residencial Sur,2423808.92355,1
30942,Acer,11/02/2011 13:06,Bajo (2 - 4 mts),50,Mediano,-68.8564290427,-32.8636537226,6,Residencial Norte,2694682.37982,0
7187,Paraiso,16/06/2011 10:05,Alto (> 8 mts),150,Grande,-68.8595223075,-32.8988987438,5,Residencial Sur,2423808.92355,0
31155,Morera,07/02/2011 13:18,Alto (> 8 mts),120,Grande,-68.8545498153,-32.8634868229,6,Residencial Norte,2694682.37982,0
8049,Morera,09/03/2011 10:15,Bajo (2 - 4 mts),50,Mediano,-68.8429386531,-32.8891655943,2,Barrio Civico,2366816.36021,0
27679,Acer,28/10/2011 11:07,Medio (4 - 8 mts),80,Grande,-68.8369064016,-32.8947920863,2,Barrio Civico,2366816.36021,0
5971,Morera,29/04/2011 10:19,Medio (4 - 8 mts),60,Mediano,-68.8470079962,-32.8834368994,1,Parque Central,1655357.93265,0
10416,Paraiso,23/03/2011 10:43,Medio (4 - 8 mts),70,Grande,-68.8523372556,-32.8820881897,1,Parque Central,1655357.93265,0
1254,Fresno europeo,05/12/2011 11:52,Bajo (2 - 4 mts),20,Chico,-68.8791768777,-32.8692400373,8,Aeroparque,2203364.73622,0
18382,Morera,29/07/2011 13:40,Alto (> 8 mts),145,Grande,-68.8375525597,-32.8685602987,4,Cuarta Oeste,1173332.70145,0
30348,Morera,03/03/2011 13:45,Alto (> 8 mts),116,Grande,-68.840542448,-32.889522327,3,Parque O'Higgins,1531146.02653,1
28708,Fresno europeo,01/03/2011 11:46,Medio (4 - 8 mts),20,Chico,-68.8473885323,-32.8906929022,2,Barrio Civico,2366816.36021,0
29582,Morera,04/03/2011 09:30,Alto (> 8 mts),75,Grande,-68.844126029,-32.8919695423,2,Barrio Civico,2366816.36021,0
17199,Morera,30/06/2011 13:17,Alto (> 8 mts),166,Grande,-68.8357536628,-32.8624777101,4,Cuarta Oeste,1173332.70145,0
13811,Paraiso sombrilla,27/01/2011 09:11,Medio (4 - 8 mts),84,Grande,-68.8493069843,-32.863208983,6,Residencial Norte,2694682.37982,0
16621,Morera,26/07/2011 15:22,Alto (> 8 mts),167,Grande,-68.8399695563,-32.8657923951,4,Cuarta Oeste,1173332.70145,0
23858,Morera,28/01/2011 12:33,Alto (> 8 mts),180,Grande,-68.8509709368,-32.9004178837,2,Barrio Civico,2366816.36021,0
33416,Morera,02/06/2011 13:37,Alto (> 8 mts),138,Grande,-68.8572022742,-32.8881930173,5,Residencial Sur,2423808.92355,0
33228,Platano,09/05/2011 12:02,Alto (> 8 mts),168,Grande,-68.8554325936,-32.8921470663,5,Residencial Sur,2423808.92355,0
39258,Morera,30/12/2010 09:07,Alto (> 8 mts),170,Grande,-68.8551687224,-32.8719077234,6,Residencial Norte,2694682.37982,0
37384,Fresno europeo,26/11/2010 13:28,Muy bajo (1 - 2 mts),2,Chico,-68.8573169899,-32.8720254287,6,Residencial Norte,2694682.37982,0
13059,Morera,16/02/2011 10:23,Medio (4 - 8 mts),90,Grande,-68.845415943,-32.8651621958,4,Cuarta Oeste,1173332.70145,0
19223,Morera,05/07/2011 12:37,Alto (> 8 mts),185,Grande,-68.8393053129,-32.8722469547,4,Cuarta Oeste,1173332.70145,1
45099,Fresno europeo,01/09/2011 12:18,Alto (> 8 mts),160,Grande,-68.8245594842,-32.870562873,4,Cuarta Este Área Fundacional,1822015.85685,0
23927,Morera,19/01/2012 09:34,Alto (> 8 mts),75,Grande,-68.8514695258,-32.8987620205,2,Barrio Civico,2366816.36021,1
13973,Aguaribay,29/11/2011 12:15,Alto (> 8 mts),130,Grande,-68.8780367232,-32.8650125414,8,Aeroparque,2203364.73622,0
6836,Morera,24/05/2011 08:56,Alto (> 8 mts),150,Grande,-68.8624928103,-32.8934590659,5,Residencial Sur,2423808.92355,1
31560,Morera,18/05/2011 09:28,Alto (> 8 mts),131,Grande,-68.8590124156,-32.8909139425,5,Residencial Sur,2423808.92355,1
46667,Morera,02/09/2011 10:58,Alto (> 8 mts),150,Grande,-68.8317427197,-32.8706698931,4,Cuarta Este Área Fundacional,1822015.85685,1
46555,Morera,07/09/2011 11:45,Alto (> 8 mts),138,Grande,-68.8334472473,-32.8684456953,4,Cuarta Oeste,1173332.70145,0
34613,Ligustro,17/01/2012 11:50,Bajo (2 - 4 mts),50,Mediano,-68.847279302,-32.874821176,6,Residencial Norte,2694682.37982,0
28609,Morera,25/02/2011 08:31,Alto (> 8 mts),107,Grande,-68.8486633514,-32.8911310008,2,Barrio Civico,2366816.36021,0
44200,Fresno europeo,14/10/2011 13:46,Alto (> 8 mts),108,Grande,-68.834913735,-32.8824543443,3,Parque O'Higgins,1531146.02653,0
22236,Fresno europeo,14/06/2011 11:19,Medio (4 - 8 mts),86,Grande,-68.8556118481,-32.8976661635,5,Residencial Sur,2423808.92355,0
36267,Platano,17/03/2011 10:18,Alto (> 8 mts),260,Grande,-68.8533147053,-32.8777605996,6,Residencial Norte,2694682.37982,0
11692,Morera,28/01/2011 13:09,Medio (4 - 8 mts),50,Mediano,-68.8507269785,-32.8678512262,6,Residencial Norte,2694682.37982,0
17851,Platano,02/08/2011 09:58,Medio (4 - 8 mts),150,Grande,-68.8358852559,-32.8665543632,4,Cuarta Oeste,1173332.70145,0
33469,Platano,15/06/2011 10:03,Alto (> 8 mts),148,Grande,-68.8568964707,-32.8896181525,5,Residencial Sur,2423808.92355,0
10486,Morera,09/03/2011 10:04,Alto (> 8 mts),180,Grande,-68.8519319911,-32.8741768452,6,Residencial Norte,2694682.37982,0
48362,Fresno americano,17/08/2011 10:46,Medio (4 - 8 mts),30,Mediano,-68.8285244944,-32.8666454398,4,Cuarta Este Área Fundacional,1822015.85685,0
34877,Morera,29/03/2011 10:33,Bajo (2 - 4 mts),32,Mediano,-68.8516563201,-32.8800508608,6,Residencial Norte,2694682.37982,1
47624,Morera,08/09/2011 10:36,Alto (> 8 mts),120,Grande,-68.8304187845,-32.8709607691,4,Cuarta Este Área Fundacional,1822015.85685,0
32567,Platano,17/06/2011 11:13,Alto (> 8 mts),180,Grande,-68.853770033199993,-32.8901991026,5,Residencial Sur,2423808.92355,0
8132,Morera,23/02/2011 09:04,Alto (> 8 mts),160,Grande,-68.8487855803,-32.8910133364,2,Barrio Civico,2366816.36021,1
5088,Caducifolio,11/08/2011 13:54,Muy bajo (1 - 2 mts),5,Chico,-68.8386326919,-32.8625113424,4,Cuarta Oeste,1173332.70145,0
1418,Morera,23/11/2011 08:19,Bajo (2 - 4 mts),30,Mediano,-68.8713661269,-32.8789072245,7,Residencial Parque,1786336.08966,0
20775,Platano,31/05/2011 11:15,Alto (> 8 mts),110,Grande,-68.8610517945,-32.8957452493,5,Residencial Sur,2423808.92355,0
42646,Olmo comun,26/09/2011 08:43,Alto (> 8 mts),150,Grande,-68.8292853652,-32.875843702,4,Cuarta Este Área Fundacional,1822015.85685,0
18197,Paraiso,22/07/2011 09:16,Medio (4 - 8 mts),130,Grande,-68.8404309898,-32.8692150999,4,Cuarta Oeste,1173332.70145,0
43713,Platano,11/10/2011 09:12,Alto (> 8 mts),195,Grande,-68.8324183619,-32.8836523459,3,Parque O'Higgins,1531146.02653,0
42051,Morera,08/04/2011 10:27,Alto (> 8 mts),150,Grande,-68.841961483,-32.8805175007,1,Parque Central,1655357.93265,0
8176,Morera,09/03/2011 08:56,Alto (> 8 mts),155,Grande,-68.843679056,-32.8919912192,2,Barrio Civico,2366816.36021,1
46057,Fresno europeo,19/09/2011 11:41,Medio (4 - 8 mts),125,Grande,-68.8219802953,-32.8728396263,4,Cuarta Este Área Fundacional,1822015.85685,0
27213,Acer,26/10/2011 12:12,Medio (4 - 8 mts),60,Mediano,-68.8367702884,-32.8897799724,3,Parque O'Higgins,1531146.02653,0
38209,Morera,24/08/2010 11:29,Muy bajo (1 - 2 mts),12,Chico,-68.8474149291,-32.8739355463,6,Residencial Norte,2694682.37982,0
25350,Olmo comun,09/02/2011 09:22,Muy bajo (1 - 2 mts),20,Chico,-68.8391724554,-32.90053232,2,Barrio Civico,2366816.36021,0
33644,Fresno europeo,11/05/2011 13:52,Alto (> 8 mts),102,Grande,-68.8565195548,-32.8863711316,5,Residencial Sur,2423808.92355,0
27310,Morera,25/10/2011 09:36,Medio (4 - 8 mts),120,Grande,-68.8344017899,-32.8900533361,3,Parque O'Higgins,1531146.02653,1
24296,Paraiso,31/01/2011 07:29,Alto (> 8 mts),135,Grande,-68.8436324484,-32.9013498587,2,Barrio Civico,2366816.36021,0
19438,Caducifolio,09/08/2011 09:28,Medio (4 - 8 mts),34,Mediano,-68.839700242,-32.871887415,4,Cuarta Oeste,1173332.70145,0
17422,Morera,03/08/2011 07:49,Alto (> 8 mts),180,Grande,-68.8354307377,-32.8678998087,4,Cuarta Oeste,1173332.70145,1
27519,Morera,26/10/2011 09:56,Alto (> 8 mts),128,Grande,-68.8370934518,-32.8921264142,3,Parque O'Higgins,1531146.02653,0
6360,Morera,29/06/2011 09:41,Alto (> 8 mts),125,Grande,-68.8526045155,-32.891152045,5,Residencial Sur,2423808.92355,0
36341,Fresno americano,18/03/2011 09:58,Medio (4 - 8 mts),60,Mediano,-68.8519833846,-32.8789799466,6,Residencial Norte,2694682.37982,0
17844,Paraiso,02/08/2011 10:26,Alto (> 8 mts),110,Grande,-68.8363078985,-32.8669054887,4,Cuarta Oeste,1173332.70145,0
30433,Platano,21/02/2011 10:16,Alto (> 8 mts),215,Grande,-68.8416195232,-32.8880381884,3,Parque O'Higgins,1531146.02653,0
20251,Fresno europeo,26/05/2011 09:00,Alto (> 8 mts),140,Grande,-68.8590481026,-32.8945642098,5,Residencial Sur,2423808.92355,0
21763,Platano,23/05/2011 09:15,Alto (> 8 mts),170,Grande,-68.8569137533,-32.8950645065,5,Residencial Sur,2423808.92355,0
2914,Jacaranda,20/09/2011 09:41,Muy bajo (1 - 2 mts),33,Mediano,-68.8205321691,-32.8728630623,4,Cuarta Este Área Fundacional,1822015.85685,0
18248,Morera,29/07/2011 09:52,Alto (> 8 mts),160,Grande,-68.8394807055,-32.867631458,4,Cuarta Oeste,1173332.70145,1
38950,Morera,03/01/2011 09:25,Medio (4 - 8 mts),60,Mediano,-68.8559323194,-32.8711570429,6,Residencial Norte,2694682.37982,0
16252,Morera,20/07/2011 09:13,Alto (> 8 mts),170,Grande,-68.8430327031,-32.8648457621,4,Cuarta Oeste,1173332.70145,0
17586,Morera,28/07/2011 09:15,Medio (4 - 8 mts),90,Grande,-68.8399048776,-32.866467772,4,Cuarta Oeste,1173332.70145,0
19760,Morera,12/08/2011 09:17,Medio (4 - 8 mts),145,Grande,-68.833927881,-32.8691067244,4,Cuarta Oeste,1173332.70145,0
3213,Perenne,28/09/2011 11:37,Medio (4 - 8 mts),130,Grande,-68.8325551868,-32.8753130823,4,Cuarta Este Área Fundacional,1822015.85685,0
24346,Perenne,26/01/2011 12:13,Bajo (2 - 4 mts),65,Grande,-68.8441126346,-32.9028452796,2,Barrio Civico,2366816.36021,0
19869,Morera,29/06/2011 13:50,Alto (> 8 mts),146,Grande,-68.8340192902,-32.8623667669,4,Cuarta Oeste,1173332.70145,0
45715,Morera,24/08/2011 12:05,Alto (> 8 mts),197,Grande,-68.8221741105,-32.8694211298,4,Cuarta Este Área Fundacional,1822015.85685,0
22773,Fresno europeo,29/06/2011 16:28,Alto (> 8 mts),108,Grande,-68.8544081451,-32.9019657222,5,Residencial Sur,2423808.92355,0
11964,Fresno europeo,14/05/2010 10:09,Alto (> 8 mts),12,Chico,-68.851602625500007,-32.8684721453,6,Residencial Norte,2694682.37982,0
19265,Morera,03/08/2011 11:15,Medio (4 - 8 mts),86,Grande,-68.8370807383,-32.8704537636,4,Cuarta Oeste,1173332.70145,0
9802,Paraiso sombrilla,14/01/2011 08:49,Medio (4 - 8 mts),120,Grande,-68.8446954522,-32.8642476419,4,Cuarta Oeste,1173332.70145,0
21729,Fresno europeo,24/05/2011 09:48,Alto (> 8 mts),100,Grande,-68.8553869158,-32.894679911,5,Residencial Sur,2423808.92355,0
16487,Morera,05/08/2011 08:52,Alto (> 8 mts),160,Grande,-68.8421068254,-32.8659320782,4,Cuarta Oeste,1173332.70145,0
42777,Fresno americano,30/09/2011 13:04,Bajo (2 - 4 mts),40,Mediano,-68.8295404584,-32.8787879877,4,Cuarta Este Área Fundacional,1822015.85685,0
31880,Fresno europeo,01/06/2011 13:06,Bajo (2 - 4 mts),40,Mediano,-68.8578912745,-32.8849092077,5,Residencial Sur,2423808.92355,0
30055,Fresno americano,11/04/2011 14:58,Alto (> 8 mts),62,Grande,-68.8393796236,-32.8872138688,3,Parque O'Higgins,1531146.02653,0
5616,Platano,05/05/2011 13:34,Medio (4 - 8 mts),34,Mediano,-68.8396159944,-32.8764603667,1,Parque Central,1655357.93265,0
48193,Fresno europeo,02/09/2011 07:40,Medio (4 - 8 mts),120,Grande,-68.8290095404,-32.8692907166,4,Cuarta Este Área Fundacional,1822015.85685,0
35908,Morera,28/03/2011 09:24,Medio (4 - 8 mts),48,Mediano,-68.8535084307,-32.8755048117,6,Residencial Norte,2694682.37982,0
10803,Morera,01/04/2011 12:06,Medio (4 - 8 mts),30,Mediano,-68.858038473,-32.8772464374,7,Residencial Parque,1786336.08966,0
16687,Morera,21/07/2011 09:13,Alto (> 8 mts),198,Grande,-68.8409369198,-32.8630391484,4,Cuarta Oeste,1173332.70145,0
31782,Caducifolio,27/06/2011 11:00,Muy bajo (1 - 2 mts),8,Chico,-68.8589026049,-32.8896239793,5,Residencial Sur,2423808.92355,0
2984,Paraiso,16/09/2011 12:10,Medio (4 - 8 mts),120,Grande,-68.8247070857,-32.8719575234,4,Cuarta Este Área Fundacional,1822015.85685,0
43803,Fresno americano,18/10/2011 16:27,Bajo (2 - 4 mts),90,Grande,-68.8320003099,-32.8824967316,3,Parque O'Higgins,1531146.02653,0
18098,Morera,28/07/2011 10:51,Alto (> 8 mts),175,Grande,-68.8404926196,-32.8689203208,4,Cuarta Oeste,1173332.70145,0
13250,Morera,22/02/2011 13:25,Bajo (2 - 4 mts),38,Mediano,-68.8470854064,-32.8660721643,6,Residencial Norte,2694682.37982,0
14612,Paraiso,13/12/2011 12:25,Medio (4 - 8 mts),30,Mediano,-68.8802528511,-32.8661799804,8,Aeroparque,2203364.73622,0
21455,Ailanthus,12/05/2011 09:57,Alto (> 8 mts),180,Grande,-68.8567885615,-32.8922030418,5,Residencial Sur,2423808.92355,0
7972,Morera,21/02/2011 13:20,Muy bajo (1 - 2 mts),1,Chico,-68.8427583031,-32.8884567769,3,Parque O'Higgins,1531146.02653,0
8586,Perenne,11/02/2011 09:19,Alto (> 8 mts),70,Grande,-68.8366910063,-32.8995791606,2,Barrio Civico,2366816.36021,1
10505,Tilo,10/03/2011 13:10,Medio (4 - 8 mts),66,Grande,-68.8490178526,-32.8741395338,6,Residencial Norte,2694682.37982,0
4364,Morera,11/08/2011 10:04,Alto (> 8 mts),180,Grande,-68.8351827647,-32.8694649059,4,Cuarta Oeste,1173332.70145,0
38318,Fresno europeo,09/11/2010 11:01,Medio (4 - 8 mts),39,Mediano,-68.8531523103,-32.8700160747,6,Residencial Norte,2694682.37982,0
19611,Morera,11/07/2011 09:25,Alto (> 8 mts),168,Grande,-68.8370561772,-32.8718076704,4,Cuarta Oeste,1173332.70145,0
22415,Fresno europeo,15/06/2011 10:00,Medio (4 - 8 mts),77,Grande,-68.860874682,-32.8992908763,5,Residencial Sur,2423808.92355,0
35654,Morera,17/03/2011 12:06,Alto (> 8 mts),160,Grande,-68.8559791402,-32.8749114809,6,Residencial Norte,2694682.37982,0
15905,Fresno americano,24/11/2011 12:37,Bajo (2 - 4 mts),18,Chico,-68.8739696204,-32.8782449867,7,Residencial Parque,1786336.08966,0
27005,Platano,02/11/2011 16:28,Alto (> 8 mts),160,Grande,-68.8354109895,-32.8867669917,3,Parque O'Higgins,1531146.02653,0
33226,Platano,09/05/2011 12:06,Alto (> 8 mts),125,Grande,-68.8550869668,-32.8922076206,5,Residencial Sur,2423808.92355,0
30224,Morera,10/03/2011 09:29,Alto (> 8 mts),95,Grande,-68.8431213959,-32.8910562208,2,Barrio Civico,2366816.36021,0
24490,Prunas,10/01/2011 13:12,Muy bajo (1 - 2 mts),6,Chico,-68.8465946914,-32.9027186866,2,Barrio Civico,2366816.36021,0
29076,Fresno europeo,28/04/2011 09:35,Alto (> 8 mts),50,Mediano,-68.8447171851,-32.8862203063,1,Parque Central,1655357.93265,1
34340,Morera,28/03/2011 12:08,Medio (4 - 8 mts),180,Grande,-68.8517237304,-32.8747445295,6,Residencial Norte,2694682.37982,0
24118,Morera,11/01/2011 08:28,Alto (> 8 mts),83,Grande,-68.847149157,-32.9023237943,2,Barrio Civico,2366816.36021,0
16785,Fresno europeo,11/08/2011 12:02,Medio (4 - 8 mts),45,Mediano,-68.8401884695,-32.8629382687,4,Cuarta Oeste,1173332.70145,0
14631,Aguaribay,12/12/2011 12:48,Medio (4 - 8 mts),138,Grande,-68.8791653681,-32.8658712375,8,Aeroparque,2203364.73622,0
34287,Catalpa,04/03/2011 12:32,Muy bajo (1 - 2 mts),7,Chico,-68.8520353725,-32.874058925,6,Residencial Norte,2694682.37982,0
37749,Fresno europeo,13/01/2012 18:14,Medio (4 - 8 mts),100,Grande,-68.8505907023,-32.8723436284,6,Residencial Norte,2694682.37982,0
26434,Fresno europeo,09/11/2011 09:41,Medio (4 - 8 mts),80,Grande,-68.8344078658,-32.8915062203,3,Parque O'Higgins,1531146.02653,0
35472,Fresno europeo,23/03/2011 13:05,Medio (4 - 8 mts),75,Grande,-68.8546229686,-32.8820947852,6,Residencial Norte,2694682.37982,0
45759,Acacia SP,24/08/2011 10:46,Medio (4 - 8 mts),65,Grande,-68.8206402416,-32.8701867162,4,Cuarta Este Área Fundacional,1822015.85685,0
19878,Fresno europeo,29/06/2011 10:42,Alto (> 8 mts),120,Grande,-68.8348010654,-32.8625064995,4,Cuarta Oeste,1173332.70145,0
19028,Morera,13/07/2011 10:24,Medio (4 - 8 mts),65,Grande,-68.8398120904,-32.871795948,4,Cuarta Oeste,1173332.70145,0
44430,Morera,18/10/2011 10:30,Medio (4 - 8 mts),110,Grande,-68.836873643,-32.8835924271,3,Parque O'Higgins,1531146.02653,0
27813,Morera,03/11/2011 09:23,Alto (> 8 mts),130,Grande,-68.8354441542,-32.8943215853,3,Parque O'Higgins,1531146.02653,0
42770,Morera,30/09/2011 15:31,Alto (> 8 mts),170,Grande,-68.8302208326,-32.8789557262,4,Cuarta Este Área Fundacional,1822015.85685,0
21875,Fresno americano,06/06/2011 11:18,Medio (4 - 8 mts),96,Grande,-68.8591872593,-32.8961037416,5,Residencial Sur,2423808.92355,0
35528,Fresno americano,17/06/2011 09:01,Bajo (2 - 4 mts),60,Mediano,-68.8559041832,-32.8819879646,7,Residencial Parque,1786336.08966,0
18328,Platano,02/08/2011 10:27,Alto (> 8 mts),190,Grande,-68.8379003342,-32.8675425356,4,Cuarta Oeste,1173332.70145,0
27462,Morera,27/10/2011 09:45,Alto (> 8 mts),128,Grande,-68.837193579,-32.8914334146,3,Parque O'Higgins,1531146.02653,1
33056,Fresno europeo,17/05/2011 11:50,Medio (4 - 8 mts),79,Grande,-68.8536797441,-32.8877819218,5,Residencial Sur,2423808.92355,0
9349,Jacaranda,18/02/2011 13:23,Bajo (2 - 4 mts),14,Chico,-68.8468764354,-32.8645090519,4,Cuarta Oeste,1173332.70145,0
20573,Morera,30/05/2011 14:00,Alto (> 8 mts),150,Grande,-68.8625303265,-32.8980106522,5,Residencial Sur,2423808.92355,0
29991,Platano,28/04/2011 09:35,Alto (> 8 mts),142,Grande,-68.8409536453,-32.8860066484,3,Parque O'Higgins,1531146.02653,1
39990,Alamo blanco,25/04/2011 09:22,Medio (4 - 8 mts),100,Grande,-68.8449100925,-32.8770525088,1,Parque Central,1655357.93265,0
20185,Morera,12/05/2011 11:03,Alto (> 8 mts),123,Grande,-68.8603452677,-32.8915446583,5,Residencial Sur,2423808.92355,1
71,Conifera,02/03/2012 13:45,Medio (4 - 8 mts),80,Grande,-68.8570000164,-32.8961607332,5,Residencial Sur,2423808.92355,0
29126,Platano,26/04/2011 11:35,Alto (> 8 mts),180,Grande,-68.8447934927,-32.885947897,1,Parque Central,1655357.93265,0
33860,Morera,16/05/2011 09:34,Alto (> 8 mts),200,Grande,-68.8547124174,-32.8866112867,5,Residencial Sur,2423808.92355,0
41854,Conifera,05/05/2011 12:03,Medio (4 - 8 mts),45,Mediano,-68.8416996216,-32.8791123464,1,Parque Central,1655357.93265,0
31297,Acer,25/02/2011 12:57,Medio (4 - 8 mts),120,Grande,-68.8484619841,-32.8649406529,6,Residencial Norte,2694682.37982,0
45800,Morera,01/09/2011 11:08,Alto (> 8 mts),300,Grande,-68.8192814942,-32.8705922523,4,Cuarta Este Área Fundacional,1822015.85685,0
47225,Fresno americano,19/09/2011 10:18,Alto (> 8 mts),76,Grande,-68.833043129,-32.8751780946,4,Cuarta Este Área Fundacional,1822015.85685,0
25646,Morera,07/02/2011 12:21,Alto (> 8 mts),120,Grande,-68.8419337628,-32.9027771048,2,Barrio Civico,2366816.36021,0
34631,Prunas,31/03/2011 11:45,Medio (4 - 8 mts),50,Mediano,-68.8491833367,-32.8768376047,6,Residencial Norte,2694682.37982,0
134,Paraiso sombrilla,29/02/2012 10:12,Medio (4 - 8 mts),120,Grande,-68.8577134749,-32.8640769147,6,Residencial Norte,2694682.37982,0
46316,Morera,28/09/2011 08:04,Alto (> 8 mts),128,Grande,-68.8247249364,-32.8735817187,4,Cuarta Este Área Fundacional,1822015.85685,0
26474,Fresno europeo,09/11/2011 09:48,Medio (4 - 8 mts),110,Grande,-68.831699137,-32.8913887206,3,Parque O'Higgins,1531146.02653,0
8419,Acer,15/02/2011 15:49,Medio (4 - 8 mts),62,Grande,-68.8379970999,-32.9018533508,2,Barrio Civico,2366816.36021,0
26954,Morera,01/11/2011 16:37,Medio (4 - 8 mts),190,Grande,-68.8367746027,-32.8871354969,3,Parque O'Higgins,1531146.02653,1
1880,Olmo comun,15/11/2011 13:10,Medio (4 - 8 mts),58,Mediano,-68.8607852091,-32.8699150405,7,Residencial Parque,1786336.08966,0
14887,Paraiso sombrilla,16/12/2011 11:24,Bajo (2 - 4 mts),76,Grande,-68.8811062086,-32.8743299825,8,Aeroparque,2203364.73622,0
3129,Morera,09/09/2011 15:44,Medio (4 - 8 mts),140,Grande,-68.825939225,-32.8725069471,4,Cuarta Este Área Fundacional,1822015.85685,0
23274,Fresno europeo,26/01/2012 12:20,Bajo (2 - 4 mts),38,Mediano,-68.8525547287,-32.9011971319,2,Barrio Civico,2366816.36021,0
5634,Platano,05/05/2011 11:56,Alto (> 8 mts),70,Grande,-68.8386379186,-32.8770793782,1,Parque Central,1655357.93265,0
44089,Morera,14/10/2011 11:05,Medio (4 - 8 mts),100,Grande,-68.8305070957,-32.8861491849,3,Parque O'Higgins,1531146.02653,1
40175,Fresno europeo,14/04/2011 09:25,Medio (4 - 8 mts),100,Grande,-68.8437134738,-32.8804063738,1,Parque Central,1655357.93265,0
28465,Morera,25/02/2011 13:16,Alto (> 8 mts),68,Grande,-68.8482285524,-32.8900995492,2,Barrio Civico,2366816.36021,0
42311,Morera,03/05/2011 12:19,Alto (> 8 mts),120,Grande,-68.8418220558,-32.8729301299,4,Cuarta Oeste,1173332.70145,0
48022,Paraiso,29/08/2011 07:36,Alto (> 8 mts),126,Grande,-68.827367069,-32.8698997193,4,Cuarta Este Área Fundacional,1822015.85685,0
2357,Fresno americano,03/11/2011 17:38,Medio (4 - 8 mts),200,Grande,-68.8343639684,-32.8860745049,3,Parque O'Higgins,1531146.02653,0
45290,Paraiso,16/09/2011 09:33,Medio (4 - 8 mts),42,Mediano,-68.8245694587,-32.8719735682,4,Cuarta Este Área Fundacional,1822015.85685,0
5121,Acacia SP,08/08/2011 10:51,Bajo (2 - 4 mts),14,Chico,-68.843461644,-32.8699287726,4,Cuarta Oeste,1173332.70145,0
43294,Fresno europeo,07/10/2011 11:44,Alto (> 8 mts),115,Grande,-68.833059378,-32.8799214486,3,Parque O'Higgins,1531146.02653,0
3578,Paraiso,05/09/2011 07:46,Medio (4 - 8 mts),50,Mediano,-68.8304419826,-32.8690060133,4,Cuarta Este Área Fundacional,1822015.85685,0
21748,Paraiso,23/05/2011 11:20,Alto (> 8 mts),200,Grande,-68.8571670898,-32.8942571469,5,Residencial Sur,2423808.92355,0
4551,Morera,05/08/2011 13:34,Medio (4 - 8 mts),58,Mediano,-68.839978129,-32.8648806166,4,Cuarta Oeste,1173332.70145,0
40528,Platano,12/04/2011 10:00,Alto (> 8 mts),195,Grande,-68.8433091319,-32.8831878604,1,Parque Central,1655357.93265,0
8274,Fresno europeo,14/03/2011 17:20,Bajo (2 - 4 mts),22,Mediano,-68.8465673978,-32.8919990343,2,Barrio Civico,2366816.36021,0
43215,Fresno europeo,04/10/2011 09:50,Alto (> 8 mts),118,Grande,-68.8338726747,-32.8788300764,1,Parque Central,1655357.93265,0
26850,Morera,07/11/2011 09:23,Alto (> 8 mts),115,Grande,-68.8340325901,-32.8928322474,3,Parque O'Higgins,1531146.02653,0
32837,Morera,13/06/2011 09:52,Medio (4 - 8 mts),140,Grande,-68.8504042394,-32.8863036412,5,Residencial Sur,2423808.92355,1
1330,Paraiso sombrilla,29/11/2011 12:08,Medio (4 - 8 mts),82,Grande,-68.878121624,-32.8653030152,8,Aeroparque,2203364.73622,0
1083,Fresno europeo,14/12/2011 09:28,Bajo (2 - 4 mts),8,Chico,-68.881049699,-32.8679432125,8,Aeroparque,2203364.73622,0
17863,Fresno europeo,02/08/2011 09:20,Alto (> 8 mts),180,Grande,-68.8363366284,-32.8660973372,4,Cuarta Oeste,1173332.70145,0
33844,Morera,16/05/2011 13:12,Medio (4 - 8 mts),130,Grande,-68.8534399631,-32.8863319906,5,Residencial Sur,2423808.92355,1
5946,Morera,30/09/2011 10:39,Alto (> 8 mts),130,Grande,-68.8446137589,-32.874631954,1,Parque Central,1655357.93265,0
33754,Morera,12/05/2011 11:26,Alto (> 8 mts),170,Grande,-68.857667045,-32.8860600533,5,Residencial Sur,2423808.92355,0
14038,Paraiso,29/11/2011 15:59,Medio (4 - 8 mts),64,Grande,-68.8786843135,-32.8646520049,8,Aeroparque,2203364.73622,0
14314,Morera,06/12/2011 09:30,Medio (4 - 8 mts),120,Grande,-68.8769892806,-32.8674322977,8,Aeroparque,2203364.73622,0
784,Aguaribay,14/12/2011 10:33,Bajo (2 - 4 mts),35,Mediano,-68.879554013,-32.8673239091,8,Aeroparque,2203364.73622,0
25477,Morera,08/02/2011 10:05,Alto (> 8 mts),160,Grande,-68.8402392864,-32.8995925036,2,Barrio Civico,2366816.36021,1
35705,Morera,17/03/2011 12:25,Alto (> 8 mts),200,Grande,-68.8555750944,-32.8749946922,6,Residencial Norte,2694682.37982,0
36798,Platano,07/04/2011 15:32,Alto (> 8 mts),210,Grande,-68.859661097,-32.8811398255,7,Residencial Parque,1786336.08966,0
9618,Fresno europeo,27/01/2011 10:52,Muy bajo (1 - 2 mts),18,Chico,-68.850425241600007,-32.8641169671,6,Residencial Norte,2694682.37982,0
8432,Fresno americano,11/02/2011 12:32,Bajo (2 - 4 mts),38,Mediano,-68.8382976189,-32.9008113124,2,Barrio Civico,2366816.36021,0
28530,Morera,21/02/2011 12:11,Alto (> 8 mts),180,Grande,-68.8484987926,-32.8893471312,5,Residencial Sur,2423808.92355,0
11589,Fresno europeo,10/05/2010 12:26,Medio (4 - 8 mts),110,Grande,-68.8524008006,-32.8665848502,6,Residencial Norte,2694682.37982,0
43846,Morera,07/10/2011 09:29,Medio (4 - 8 mts),100,Grande,-68.829856554,-32.8844898196,3,Parque O'Higgins,1531146.02653,1
36377,Fresno europeo,17/03/2011 10:09,Alto (> 8 mts),98,Grande,-68.8529992194,-32.878251314,6,Residencial Norte,2694682.37982,0
31319,Paraiso,28/02/2011 11:39,Alto (> 8 mts),80,Grande,-68.84882407,-32.8652391788,6,Residencial Norte,2694682.37982,0
46805,Fresno europeo,07/09/2011 10:43,Medio (4 - 8 mts),186,Grande,-68.8330128394,-32.8718113679,4,Cuarta Este Área Fundacional,1822015.85685,0
27647,Morera,01/11/2011 10:31,Alto (> 8 mts),95,Grande,-68.8363308744,-32.8941725274,3,Parque O'Higgins,1531146.02653,0
18963,Morera,04/08/2011 11:24,Muy bajo (1 - 2 mts),8,Chico,-68.8374001925,-32.8687699043,4,Cuarta Oeste,1173332.70145,0
3123,Morera,09/09/2011 14:41,Medio (4 - 8 mts),38,Mediano,-68.8293398791,-32.8720198021,4,Cuarta Este Área Fundacional,1822015.85685,0
33867,Acacia visco,13/05/2011 12:02,Medio (4 - 8 mts),120,Grande,-68.8551684178,-32.886485218,5,Residencial Sur,2423808.92355,0
41330,Platano,19/04/2011 11:35,Alto (> 8 mts),175,Grande,-68.8404386539,-32.8835382357,1,Parque Central,1655357.93265,0
11790,Fresno europeo,02/03/2011 09:48,Alto (> 8 mts),185,Grande,-68.851094393,-32.8652344248,6,Residencial Norte,2694682.37982,0
46255,Fresno europeo,19/09/2011 13:08,Medio (4 - 8 mts),160,Grande,-68.8223325687,-32.8735452515,4,Cuarta Este Área Fundacional,1822015.85685,0
34704,Morera,01/04/2011 13:45,Alto (> 8 mts),190,Grande,-68.8508000402,-32.8769912084,6,Residencial Norte,2694682.37982,0
40777,Fresno europeo,25/04/2011 14:44,Alto (> 8 mts),132,Grande,-68.8408741645,-32.8846330402,1,Parque Central,1655357.93265,0
25321,Fresno europeo,09/02/2011 11:00,Medio (4 - 8 mts),70,Grande,-68.8392092188,-32.8994278871,2,Barrio Civico,2366816.36021,0
2254,Fresno europeo,28/10/2011 10:12,Muy bajo (1 - 2 mts),15,Chico,-68.838223731,-32.8912775569,3,Parque O'Higgins,1531146.02653,0
25759,Morera,03/02/2011 10:04,Alto (> 8 mts),137,Grande,-68.8418454457,-32.9032549941,2,Barrio Civico,2366816.36021,0
47644,Morera,08/09/2011 17:18,Muy bajo (1 - 2 mts),8,Chico,-68.8278951205,-32.8719986888,4,Cuarta Este Área Fundacional,1822015.85685,0
4839,Jacaranda,27/07/2011 13:54,Alto (> 8 mts),83,Grande,-68.838864072,-32.8654080749,4,Cuarta Oeste,1173332.70145,0
2970,Acacia SP,16/09/2011 09:41,Medio (4 - 8 mts),55,Mediano,-68.8245474974,-32.8717355109,4,Cuarta Este Área Fundacional,1822015.85685,0
18911,Platano,02/08/2011 09:53,Alto (> 8 mts),320,Grande,-68.8417372054,-32.870589946,4,Cuarta Oeste,1173332.70145,0
36808,Morera,07/04/2011 14:51,Alto (> 8 mts),126,Grande,-68.8584135781,-32.8813768236,7,Residencial Parque,1786336.08966,0
36838,Fresno americano,28/03/2011 17:10,Medio (4 - 8 mts),18,Chico,-68.8582874999,-32.8790296627,7,Residencial Parque,1786336.08966,0
21003,Morera,22/06/2011 09:26,Alto (> 8 mts),148,Grande,-68.8626277917,-32.9012031042,5,Residencial Sur,2423808.92355,0
23450,Fresno americano,18/01/2011 20:06,Medio (4 - 8 mts),60,Mediano,-68.8486812208,-32.9021097933,2,Barrio Civico,2366816.36021,0
45105,Morera,31/08/2011 16:09,Alto (> 8 mts),150,Grande,-68.8249976265,-32.8702089542,4,Cuarta Este Área Fundacional,1822015.85685,1
21388,Morera,09/05/2011 12:57,Alto (> 8 mts),28,Mediano,-68.8540866138,-32.8925592639,5,Residencial Sur,2423808.92355,0
32654,Acacia SP,24/06/2011 13:39,Alto (> 8 mts),180,Grande,-68.8505497747,-32.8907855772,5,Residencial Sur,2423808.92355,0
8663,Morera,02/02/2011 09:21,Medio (4 - 8 mts),24,Mediano,-68.840873593,-32.9040187301,2,Barrio Civico,2366816.36021,0
22125,Fresno europeo,13/06/2011 10:54,Medio (4 - 8 mts),25,Mediano,-68.8547242716,-32.8979850552,5,Residencial Sur,2423808.92355,0
15294,Paraiso,18/11/2011 11:43,Bajo (2 - 4 mts),30,Mediano,-68.8599176772,-32.8700748262,6,Residencial Norte,2694682.37982,0
18561,Morera,07/07/2011 11:09,Alto (> 8 mts),180,Grande,-68.8371467205,-32.8733454921,4,Cuarta Oeste,1173332.70145,1
30992,Morera,09/02/2011 13:26,Muy bajo (1 - 2 mts),5,Chico,-68.855489265,-32.8647684391,6,Residencial Norte,2694682.37982,0
46525,Morera,16/08/2011 13:35,Alto (> 8 mts),170,Grande,-68.8317396054,-32.8677103217,4,Cuarta Oeste,1173332.70145,0
37619,Fresno europeo,13/12/2010 11:40,Medio (4 - 8 mts),65,Grande,-68.8505174437,-32.8720641058,6,Residencial Norte,2694682.37982,0
19360,Morera,19/07/2011 10:46,Alto (> 8 mts),178,Grande,-68.8367496173,-32.8706480077,4,Cuarta Oeste,1173332.70145,0
28112,Morera,14/03/2011 16:52,Medio (4 - 8 mts),28,Mediano,-68.8470928215,-32.8925344601,2,Barrio Civico,2366816.36021,0
36112,Morera,05/04/2011 11:03,Alto (> 8 mts),170,Grande,-68.8561733037,-32.877090016,6,Residencial Norte,2694682.37982,0
3805,Jacaranda,02/09/2011 10:55,Medio (4 - 8 mts),65,Grande,-68.8316098612,-32.8706809918,4,Cuarta Este Área Fundacional,1822015.85685,0
7501,Perenne,16/06/2011 09:22,Medio (4 - 8 mts),240,Grande,-68.8569773301,-32.8817806673,7,Residencial Parque,1786336.08966,0
36877,Morera,07/04/2011 16:55,Alto (> 8 mts),92,Grande,-68.8584924024,-32.879505729,7,Residencial Parque,1786336.08966,0
5929,Morera,02/05/2011 11:31,Alto (> 8 mts),180,Grande,-68.8450385309,-32.8762699313,1,Parque Central,1655357.93265,1
12957,Prunas,11/01/2011 14:03,Bajo (2 - 4 mts),75,Grande,-68.8439470186,-32.8636024763,4,Cuarta Oeste,1173332.70145,0
27138,Platano,27/10/2011 10:38,Alto (> 8 mts),200,Grande,-68.8389334852,-32.8896180238,3,Parque O'Higgins,1531146.02653,0
19345,Morera,19/07/2011 10:48,Medio (4 - 8 mts),50,Mediano,-68.8366264927,-32.8705325031,4,Cuarta Oeste,1173332.70145,0
34719,Morera,31/03/2011 13:19,Alto (> 8 mts),170,Grande,-68.8509477931,-32.8773926382,6,Residencial Norte,2694682.37982,0
20691,Morera,31/05/2011 12:04,Alto (> 8 mts),144,Grande,-68.8613209352,-32.8980208666,5,Residencial Sur,2423808.92355,1
33095,Olmo comun,28/06/2011 09:16,Alto (> 8 mts),100,Grande,-68.8527715365,-32.8912863629,5,Residencial Sur,2423808.92355,0
32012,Morera,03/06/2011 10:45,Alto (> 8 mts),170,Grande,-68.8576623777,-32.8873751471,5,Residencial Sur,2423808.92355,0
46965,Alamo blanco,09/09/2011 08:49,Alto (> 8 mts),180,Grande,-68.8305932688,-32.8709054612,4,Cuarta Este Área Fundacional,1822015.85685,0
31914,Morera,01/06/2011 10:18,Medio (4 - 8 mts),80,Grande,-68.8574948165,-32.8840968726,5,Residencial Sur,2423808.92355,0
35496,Morera,06/04/2011 11:59,Alto (> 8 mts),110,Grande,-68.8561327005,-32.8808152703,7,Residencial Parque,1786336.08966,1
7442,Morera,17/06/2011 09:43,Alto (> 8 mts),120,Grande,-68.8610801127,-32.8996005622,5,Residencial Sur,2423808.92355,0
19783,Fresno americano,10/08/2011 12:05,Alto (> 8 mts),220,Grande,-68.8339161407,-32.8693588145,4,Cuarta Oeste,1173332.70145,0
46664,Morera,02/09/2011 11:03,Alto (> 8 mts),145,Grande,-68.8318644464,-32.8704624607,4,Cuarta Este Área Fundacional,1822015.85685,1
1890,Acacia SP,17/11/2011 12:25,Muy bajo (1 - 2 mts),3,Chico,-68.8584694018,-32.8698595052,6,Residencial Norte,2694682.37982,0
17506,Fresno europeo,28/07/2011 14:46,Alto (> 8 mts),155,Grande,-68.839208094,-32.8664451944,4,Cuarta Oeste,1173332.70145,0
12791,Fresno americano,21/01/2011 13:29,Bajo (2 - 4 mts),40,Mediano,-68.8480573674,-32.8636579893,6,Residencial Norte,2694682.37982,0
4271,Morera,11/07/2011 09:46,Alto (> 8 mts),76,Grande,-68.8364674215,-32.8715470808,4,Cuarta Oeste,1173332.70145,0
25049,Morera,14/02/2011 12:23,Alto (> 8 mts),120,Grande,-68.8365362506,-32.8960703463,2,Barrio Civico,2366816.36021,0
45816,Morera,01/09/2011 10:29,Medio (4 - 8 mts),250,Grande,-68.8204819397,-32.8708616036,4,Cuarta Este Área Fundacional,1822015.85685,1
22597,Fresno europeo,23/06/2011 11:51,Alto (> 8 mts),119,Grande,-68.8614987019,-32.9004796048,5,Residencial Sur,2423808.92355,0
2761,Morera,12/10/2011 16:54,Medio (4 - 8 mts),100,Grande,-68.8352679448,-32.8815455455,1,Parque Central,1655357.93265,0
33594,Morera,17/05/2011 11:44,Medio (4 - 8 mts),23,Mediano,-68.855025695,-32.8866491606,5,Residencial Sur,2423808.92355,0
14621,Acer,13/12/2011 11:02,Medio (4 - 8 mts),95,Grande,-68.8797506377,-32.8664389922,8,Aeroparque,2203364.73622,0
34257,Morera,04/03/2011 12:07,Alto (> 8 mts),170,Grande,-68.8526273181,-32.8744609678,6,Residencial Norte,2694682.37982,0
29047,Morera,18/04/2011 12:17,Alto (> 8 mts),195,Grande,-68.8438553,-32.8866711495,1,Parque Central,1655357.93265,1
7306,Morera,10/05/2011 10:12,Alto (> 8 mts),48,Mediano,-68.8561625455,-32.9016082931,5,Residencial Sur,2423808.92355,0
36118,Morera,05/04/2011 10:43,Medio (4 - 8 mts),135,Grande,-68.8552250907,-32.8772631293,6,Residencial Norte,2694682.37982,0
17546,Morera,28/07/2011 10:27,Muy bajo (1 - 2 mts),8,Chico,-68.839864101,-32.8671005292,4,Cuarta Oeste,1173332.70145,0
31514,Fresno europeo,19/05/2011 09:46,Alto (> 8 mts),120,Grande,-68.8581103891,-32.8911886596,5,Residencial Sur,2423808.92355,0
496,Morera,07/03/2012 09:42,Alto (> 8 mts),150,Grande,-68.8220500205,-32.867892716,4,Cuarta Este Área Fundacional,1822015.85685,0
23868,Morera,28/01/2011 10:17,Alto (> 8 mts),200,Grande,-68.8509112274,-32.8998316472,2,Barrio Civico,2366816.36021,0
40053,Morera,19/04/2011 11:37,Alto (> 8 mts),200,Grande,-68.844241805,-32.8792404225,1,Parque Central,1655357.93265,1
4794,Caducifolio,02/08/2011 13:29,Medio (4 - 8 mts),46,Mediano,-68.8374261936,-32.867424994,4,Cuarta Oeste,1173332.70145,0
22219,Morera,18/05/2011 08:50,Alto (> 8 mts),86,Grande,-68.8557430826,-32.8992588807,5,Residencial Sur,2423808.92355,0
33806,Morera,12/05/2011 13:01,Alto (> 8 mts),190,Grande,-68.8558097603,-32.8864045363,5,Residencial Sur,2423808.92355,0
22468,Fresno europeo,23/06/2011 12:44,Medio (4 - 8 mts),90,Grande,-68.8616850848,-32.8992828937,5,Residencial Sur,2423808.92355,0
10344,Morera,30/11/2010 11:22,Medio (4 - 8 mts),45,Mediano,-68.8556870063,-32.8727848053,6,Residencial Norte,2694682.37982,0
20186,Morera,12/05/2011 10:59,Alto (> 8 mts),90,Grande,-68.8602910674,-32.8914178831,5,Residencial Sur,2423808.92355,1
30007,Fresno americano,28/04/2011 12:31,Alto (> 8 mts),140,Grande,-68.8415719189,-32.8868034414,3,Parque O'Higgins,1531146.02653,0
46955,Alamo blanco,09/09/2011 11:12,Alto (> 8 mts),155,Grande,-68.8312680554,-32.8708334261,4,Cuarta Este Área Fundacional,1822015.85685,0
9187,Tilo,02/03/2011 13:13,Alto (> 8 mts),60,Mediano,-68.8504237201,-32.8658310645,6,Residencial Norte,2694682.37982,0
41609,Platano,04/05/2011 14:12,Bajo (2 - 4 mts),8,Chico,-68.8358596404,-32.8766711492,1,Parque Central,1655357.93265,0
11929,Morera,12/05/2010 11:48,Bajo (2 - 4 mts),109,Grande,-68.8510292001,-32.8675761628,6,Residencial Norte,2694682.37982,0
7510,Caducifolio,15/06/2011 13:13,Bajo (2 - 4 mts),30,Mediano,-68.8573859133,-32.8829316407,5,Residencial Sur,2423808.92355,0
11295,Fresno americano,10/01/2011 11:38,Medio (4 - 8 mts),73,Grande,-68.8472060264,-32.9031891262,2,Barrio Civico,2366816.36021,0
37893,Fresno europeo,24/11/2010 09:33,Alto (> 8 mts),95,Grande,-68.8508112789,-32.8732798501,6,Residencial Norte,2694682.37982,0
30220,Morera,10/03/2011 09:53,Alto (> 8 mts),82,Grande,-68.8432716381,-32.8905361756,2,Barrio Civico,2366816.36021,0
17444,Morera,29/07/2011 09:52,Alto (> 8 mts),112,Grande,-68.8346995032,-32.8670508009,4,Cuarta Oeste,1173332.70145,0
16047,Morera,15/08/2011 13:28,Alto (> 8 mts),170,Grande,-68.845214793,-32.8708614693,6,Residencial Norte,2694682.37982,0
7366,Caducifolio,23/06/2011 12:18,Medio (4 - 8 mts),90,Grande,-68.8613328329,-32.9007422041,5,Residencial Sur,2423808.92355,0
33736,Fresno europeo,11/05/2011 11:25,Medio (4 - 8 mts),95,Grande,-68.8589106161,-32.886700672,5,Residencial Sur,2423808.92355,0
17860,Platano,02/08/2011 09:34,Alto (> 8 mts),170,Grande,-68.8359919262,-32.866051801,4,Cuarta Oeste,1173332.70145,0
1770,Morera,25/11/2011 10:17,Medio (4 - 8 mts),30,Mediano,-68.8704729526,-32.8784394392,7,Residencial Parque,1786336.08966,0
3584,Ailanthus,02/09/2011 10:56,Medio (4 - 8 mts),48,Mediano,-68.83104799,-32.8685671941,4,Cuarta Este Área Fundacional,1822015.85685,0
10541,Conifera,18/03/2011 11:29,Medio (4 - 8 mts),50,Mediano,-68.8561479478,-32.8758149415,6,Residencial Norte,2694682.37982,1
33359,Platano,19/05/2011 10:06,Alto (> 8 mts),180,Grande,-68.8574948115,-32.8907259202,5,Residencial Sur,2423808.92355,0
42443,Olmo bola,26/09/2011 10:20,Alto (> 8 mts),72,Grande,-68.8323047372,-32.876439207,4,Cuarta Este Área Fundacional,1822015.85685,0
45153,Paraiso,01/09/2011 09:39,Medio (4 - 8 mts),96,Grande,-68.8244725482,-32.8710845965,4,Cuarta Este Área Fundacional,1822015.85685,0
18043,Fresno europeo,01/08/2011 09:39,Medio (4 - 8 mts),100,Grande,-68.8405312938,-32.8685366873,4,Cuarta Oeste,1173332.70145,0
4729,Prunas,09/08/2011 12:34,Bajo (2 - 4 mts),40,Mediano,-68.8337774481,-32.8664630384,4,Cuarta Oeste,1173332.70145,0
32540,Fresno europeo,23/06/2011 11:01,Medio (4 - 8 mts),41,Mediano,-68.8503529932,-32.8894283519,5,Residencial Sur,2423808.92355,0
28135,Platano,14/03/2011 15:59,Alto (> 8 mts),152,Grande,-68.8473804393,-32.8915216495,2,Barrio Civico,2366816.36021,0
18168,Fresno europeo,26/07/2011 13:35,Alto (> 8 mts),152,Grande,-68.8397048109,-32.8692294065,4,Cuarta Oeste,1173332.70145,0
19974,Morera,05/08/2011 08:53,Alto (> 8 mts),180,Grande,-68.8328399115,-32.8645955929,4,Cuarta Oeste,1173332.70145,0
29584,Morera,04/03/2011 09:20,Alto (> 8 mts),82,Grande,-68.8440042453,-32.8919942014,2,Barrio Civico,2366816.36021,0
21733,Morera,24/05/2011 09:42,Alto (> 8 mts),140,Grande,-68.8555721449,-32.8944894111,5,Residencial Sur,2423808.92355,0
43532,Tilo,19/10/2011 17:23,Muy bajo (1 - 2 mts),6,Chico,-68.8308722532,-32.8825542722,3,Parque O'Higgins,1531146.02653,0
24732,Morera,17/02/2011 10:03,Alto (> 8 mts),142,Grande,-68.8398214805,-32.8989365305,2,Barrio Civico,2366816.36021,0
23958,Fresno europeo,12/01/2011 11:45,Alto (> 8 mts),120,Grande,-68.8466787928,-32.9004968455,2,Barrio Civico,2366816.36021,0
16542,Fresno europeo,19/07/2011 10:36,Alto (> 8 mts),133,Grande,-68.8406855406,-32.8649422891,4,Cuarta Oeste,1173332.70145,0
9912,Aguaribay,11/02/2011 11:21,Medio (4 - 8 mts),40,Mediano,-68.8582343821,-32.8647806022,6,Residencial Norte,2694682.37982,0
4255,Morera,11/07/2011 11:08,Alto (> 8 mts),53,Mediano,-68.834598658,-32.8705105277,4,Cuarta Oeste,1173332.70145,0
29850,Fresno europeo,14/03/2011 09:37,Bajo (2 - 4 mts),18,Chico,-68.8413019527,-32.8924268149,2,Barrio Civico,2366816.36021,0
17240,Paraiso,12/08/2011 09:21,Medio (4 - 8 mts),120,Grande,-68.8362662351,-32.8645763562,4,Cuarta Oeste,1173332.70145,0
21851,Morera,07/06/2011 11:19,Alto (> 8 mts),76,Grande,-68.8575760196,-32.8960633163,5,Residencial Sur,2423808.92355,0
7089,Fresno europeo,02/06/2011 13:05,Alto (> 8 mts),105,Grande,-68.8597125409,-32.8969610033,5,Residencial Sur,2423808.92355,0
8689,Acer,09/02/2011 09:24,Medio (4 - 8 mts),88,Grande,-68.8392068607,-32.9005234799,2,Barrio Civico,2366816.36021,0
38781,Fresno europeo,01/11/2010 11:50,Bajo (2 - 4 mts),39,Mediano,-68.8501485228,-32.8697555071,6,Residencial Norte,2694682.37982,0
42130,Braquiquito,04/05/2011 11:06,Medio (4 - 8 mts),70,Grande,-68.8413430383,-32.8773696656,1,Parque Central,1655357.93265,0
43223,Platano,04/10/2011 09:21,Alto (> 8 mts),280,Grande,-68.8349617329,-32.8787992258,1,Parque Central,1655357.93265,0
19700,Morera,12/07/2011 09:39,Alto (> 8 mts),108,Grande,-68.8345734544,-32.8715761408,4,Cuarta Oeste,1173332.70145,1
46424,Morera,17/08/2011 12:40,Alto (> 8 mts),180,Grande,-68.8323712707,-32.8673173095,4,Cuarta Oeste,1173332.70145,0
6192,Platano,31/03/2011 16:17,Alto (> 8 mts),92,Grande,-68.8402177635,-32.8871924272,3,Parque O'Higgins,1531146.02653,0
25436,Morera,11/02/2011 09:52,Medio (4 - 8 mts),56,Mediano,-68.8368476667,-32.8996904659,2,Barrio Civico,2366816.36021,1
8163,Morera,04/03/2011 10:46,Muy bajo (1 - 2 mts),12,Chico,-68.8447278398,-32.8910163232,2,Barrio Civico,2366816.36021,0
7469,Morera,17/06/2011 07:47,Alto (> 8 mts),108,Grande,-68.8623903521,-32.9002113977,5,Residencial Sur,2423808.92355,1
36497,Morera,06/04/2011 11:43,Alto (> 8 mts),112,Grande,-68.8548839277,-32.8788167125,6,Residencial Norte,2694682.37982,0
14643,Aguaribay,12/12/2011 12:27,Bajo (2 - 4 mts),15,Chico,-68.8797616695,-32.8654532106,8,Aeroparque,2203364.73622,0
22530,Morera,17/06/2011 09:38,Alto (> 8 mts),150,Grande,-68.8611074576,-32.8998227402,5,Residencial Sur,2423808.92355,0
19080,Paraiso,29/07/2011 11:07,Bajo (2 - 4 mts),42,Mediano,-68.8436219844,-32.8719557681,4,Cuarta Oeste,1173332.70145,0
18924,Fresno americano,02/08/2011 09:23,Medio (4 - 8 mts),80,Grande,-68.8419543487,-32.8700337849,4,Cuarta Oeste,1173332.70145,0
45990,Morera,24/08/2011 11:23,Alto (> 8 mts),153,Grande,-68.8189636827,-32.8692453834,4,Cuarta Este Área Fundacional,1822015.85685,0
40273,Olmo comun,11/04/2011 10:37,Bajo (2 - 4 mts),80,Grande,-68.8458603224,-32.8812679906,1,Parque Central,1655357.93265,0
31564,Morera,18/05/2011 09:06,Alto (> 8 mts),82,Grande,-68.8590155089,-32.8913226828,5,Residencial Sur,2423808.92355,0
16581,Paraiso,27/07/2011 12:38,Alto (> 8 mts),122,Grande,-68.8417484871,-32.8652611251,4,Cuarta Oeste,1173332.70145,0
21214,Fresno europeo,10/05/2011 10:46,Medio (4 - 8 mts),29,Mediano,-68.8515551198,-32.8947944875,5,Residencial Sur,2423808.92355,0
6413,Palo borracho,16/05/2011 09:51,Medio (4 - 8 mts),33,Mediano,-68.8568823814,-32.886860122,5,Residencial Sur,2423808.92355,0
393,Morera,05/03/2012 11:30,Alto (> 8 mts),110,Grande,-68.8200503026,-32.8676485729,4,Cuarta Este Área Fundacional,1822015.85685,0
43054,Acacia SP,03/10/2011 10:16,Alto (> 8 mts),198,Grande,-68.8322059402,-32.8779466153,4,Cuarta Este Área Fundacional,1822015.85685,0
26267,Fresno europeo,25/10/2011 10:40,Medio (4 - 8 mts),65,Grande,-68.8303533533,-32.8889145035,3,Parque O'Higgins,1531146.02653,0
21695,Olmo comun,10/06/2011 08:09,Bajo (2 - 4 mts),66,Grande,-68.8573705452,-32.8953613863,5,Residencial Sur,2423808.92355,0
20613,Fresno europeo,02/06/2011 12:46,Alto (> 8 mts),83,Grande,-68.8605788728,-32.8957664707,5,Residencial Sur,2423808.92355,1
28676,Platano,02/03/2011 09:08,Alto (> 8 mts),140,Grande,-68.8465713197,-32.8915206206,2,Barrio Civico,2366816.36021,0
27092,Platano,27/10/2011 09:37,Alto (> 8 mts),175,Grande,-68.8374303196,-32.8896253481,3,Parque O'Higgins,1531146.02653,0
10412,Morera,11/03/2011 13:17,Alto (> 8 mts),70,Grande,-68.8574772866,-32.8729453965,6,Residencial Norte,2694682.37982,0
25972,Morera,31/01/2011 12:54,Alto (> 8 mts),190,Grande,-68.839242245,-32.903037394,2,Barrio Civico,2366816.36021,0
36782,Fresno europeo,21/03/2011 17:07,Medio (4 - 8 mts),42,Mediano,-68.8578359691,-32.8809919894,7,Residencial Parque,1786336.08966,0
26755,Fresno americano,11/01/2012 09:48,Alto (> 8 mts),140,Grande,-68.8347108214,-32.8956970643,3,Parque O'Higgins,1531146.02653,0
5260,Morera,02/05/2011 12:29,Medio (4 - 8 mts),150,Grande,-68.8434302088,-32.8739620246,1,Parque Central,1655357.93265,0
5491,Morera,08/04/2011 10:09,Medio (4 - 8 mts),160,Grande,-68.8449111937,-32.8812665621,1,Parque Central,1655357.93265,0
15380,Paraiso,15/11/2011 13:48,Medio (4 - 8 mts),42,Mediano,-68.8603870444,-32.869796582,6,Residencial Norte,2694682.37982,0
19421,Morera,04/07/2011 11:38,Alto (> 8 mts),120,Grande,-68.8357948228,-32.8718939813,4,Cuarta Oeste,1173332.70145,1
23151,Fresno europeo,10/01/2011 16:55,Alto (> 8 mts),284,Grande,-68.8479007634,-32.902885772,2,Barrio Civico,2366816.36021,0
28977,Morera,25/04/2011 09:44,Alto (> 8 mts),140,Grande,-68.8461967858,-32.8861822681,1,Parque Central,1655357.93265,0
7122,Fresno europeo,13/06/2011 12:33,Medio (4 - 8 mts),40,Mediano,-68.8520060583,-32.8965000175,5,Residencial Sur,2423808.92355,0
27929,Morera,03/11/2011 11:28,Alto (> 8 mts),145,Grande,-68.8382265362,-32.8937010717,2,Barrio Civico,2366816.36021,0
41044,Platano,12/04/2011 10:42,Alto (> 8 mts),196,Grande,-68.8395099229,-32.8804365774,1,Parque Central,1655357.93265,0
29236,Platano,25/02/2011 17:00,Alto (> 8 mts),200,Grande,-68.8464059563,-32.8871428038,1,Parque Central,1655357.93265,0
24194,Morera,26/01/2011 13:05,Alto (> 8 mts),164,Grande,-68.8452478293,-32.9007318664,2,Barrio Civico,2366816.36021,1
36142,Morera,01/04/2011 14:06,Alto (> 8 mts),135,Grande,-68.8512044579,-32.8778397076,6,Residencial Norte,2694682.37982,0
9270,Fresno europeo,22/02/2011 09:36,Medio (4 - 8 mts),54,Mediano,-68.847393833500007,-32.8645555209,4,Cuarta Oeste,1173332.70145,0
33156,Platano,09/06/2011 09:06,Alto (> 8 mts),180,Grande,-68.8529211166,-32.8918305294,5,Residencial Sur,2423808.92355,0
13658,Morera,25/02/2011 13:25,Alto (> 8 mts),180,Grande,-68.8520129823,-32.8653733154,6,Residencial Norte,2694682.37982,0
35711,Paraiso,04/03/2011 12:36,Medio (4 - 8 mts),98,Grande,-68.8551917796,-32.8730049136,6,Residencial Norte,2694682.37982,1
25960,Morera,01/02/2011 11:19,Alto (> 8 mts),190,Grande,-68.8387825342,-32.9042670672,2,Barrio Civico,2366816.36021,0
29988,Platano,28/04/2011 09:45,Alto (> 8 mts),220,Grande,-68.8412606722,-32.8858691643,1,Parque Central,1655357.93265,0
20340,Paraiso,13/05/2011 10:58,Alto (> 8 mts),155,Grande,-68.8612441755,-32.8915195802,5,Residencial Sur,2423808.92355,0
11164,Ailanthus,19/01/2011 12:01,Bajo (2 - 4 mts),10,Chico,-68.8440005088,-32.9005437631,2,Barrio Civico,2366816.36021,0
43930,Acacia SP,12/10/2011 14:36,Alto (> 8 mts),150,Grande,-68.8324853616,-32.8840320625,3,Parque O'Higgins,1531146.02653,0
266,Morera,07/03/2012 11:10,Medio (4 - 8 mts),104,Grande,-68.8225027702,-32.8667822706,4,Cuarta Este Área Fundacional,1822015.85685,0
12075,Paraiso,04/02/2010 11:00,Medio (4 - 8 mts),111,Grande,-68.8531902327,-32.8678233564,6,Residencial Norte,2694682.37982,0
4262,Morera,07/07/2011 12:16,Alto (> 8 mts),190,Grande,-68.8370314673,-32.8725597249,4,Cuarta Oeste,1173332.70145,0
18960,Morera,04/08/2011 11:27,Alto (> 8 mts),200,Grande,-68.8371960574,-32.8688009276,4,Cuarta Oeste,1173332.70145,0
22209,Morera,18/05/2011 10:15,Alto (> 8 mts),128,Grande,-68.856673511,-32.8993430469,5,Residencial Sur,2423808.92355,1
41779,Morera,27/04/2011 10:40,Medio (4 - 8 mts),150,Grande,-68.8419984978,-32.8783352845,1,Parque Central,1655357.93265,0
33078,Ligustro,18/05/2011 09:52,Alto (> 8 mts),60,Mediano,-68.8524389302,-32.8874902994,5,Residencial Sur,2423808.92355,0
18669,Morera,05/07/2011 10:07,Alto (> 8 mts),86,Grande,-68.8364932678,-32.8746520955,4,Cuarta Oeste,1173332.70145,0
43112,Fresno europeo,04/10/2011 09:33,Alto (> 8 mts),190,Grande,-68.8294187872,-32.8787640442,4,Cuarta Este Área Fundacional,1822015.85685,0
26040,Morera,08/11/2011 17:03,Medio (4 - 8 mts),120,Grande,-68.8313853523,-32.8866993347,3,Parque O'Higgins,1531146.02653,1
29823,Platano,04/03/2011 12:28,Alto (> 8 mts),195,Grande,-68.8423962168,-32.8915626194,2,Barrio Civico,2366816.36021,0
36937,Perenne,08/04/2011 11:11,Alto (> 8 mts),59,Mediano,-68.8577369082,-32.8790064448,7,Residencial Parque,1786336.08966,0
26166,Olmo comun,14/11/2011 17:16,Medio (4 - 8 mts),170,Grande,-68.8298679946,-32.8868356768,3,Parque O'Higgins,1531146.02653,0
42760,Morera,30/09/2011 15:43,Bajo (2 - 4 mts),15,Chico,-68.8308149807,-32.8783884648,4,Cuarta Este Área Fundacional,1822015.85685,0
24326,Fresno europeo,26/01/2011 13:25,Alto (> 8 mts),150,Grande,-68.8439508924,-32.9020681811,2,Barrio Civico,2366816.36021,0
18779,Paraiso,08/07/2011 13:32,Alto (> 8 mts),160,Grande,-68.8386635441,-32.8729061686,4,Cuarta Oeste,1173332.70145,0
20603,Acacia SP,30/05/2011 10:14,Alto (> 8 mts),144,Grande,-68.8621600571,-32.8973389359,5,Residencial Sur,2423808.92355,0
6472,Paraiso,27/05/2011 12:56,Alto (> 8 mts),50,Mediano,-68.8527070385,-32.888520758,5,Residencial Sur,2423808.92355,0
48360,Morera,17/08/2011 10:50,Medio (4 - 8 mts),96,Grande,-68.8285220222,-32.8665637365,4,Cuarta Este Área Fundacional,1822015.85685,1
1440,Paraiso sombrilla,25/11/2011 09:39,Muy bajo (1 - 2 mts),32,Mediano,-68.8716909494,-32.8755736363,7,Residencial Parque,1786336.08966,0
21322,Fresno americano,15/06/2011 11:52,Alto (> 8 mts),99,Grande,-68.8539343917,-32.8993893294,5,Residencial Sur,2423808.92355,0
21790,Prunas,13/05/2011 11:01,Bajo (2 - 4 mts),25,Mediano,-68.8564933122,-32.8932300931,5,Residencial Sur,2423808.92355,0
46704,Morera,05/09/2011 10:05,Medio (4 - 8 mts),86,Grande,-68.831981199,-32.8697987903,4,Cuarta Este Área Fundacional,1822015.85685,0
38566,Paraiso,20/12/2010 12:19,Alto (> 8 mts),180,Grande,-68.8524851629,-32.8704194969,6,Residencial Norte,2694682.37982,0
22587,Morera,24/06/2011 09:31,Alto (> 8 mts),135,Grande,-68.8613851209,-32.9012784666,5,Residencial Sur,2423808.92355,1
32529,Fresno europeo,23/06/2011 13:14,Medio (4 - 8 mts),94,Grande,-68.8502397516,-32.8900381206,5,Residencial Sur,2423808.92355,0
42601,Paraiso,23/09/2011 10:02,Medio (4 - 8 mts),178,Grande,-68.8266512773,-32.8764401561,4,Cuarta Este Área Fundacional,1822015.85685,0
42340,Eucalyptus,26/04/2011 13:59,Alto (> 8 mts),290,Grande,-68.8372275684,-32.8761154197,1,Parque Central,1655357.93265,0
30299,Morera,11/03/2011 09:01,Alto (> 8 mts),130,Grande,-68.8414100581,-32.890357493,2,Barrio Civico,2366816.36021,0
13209,Fresno europeo,22/02/2011 10:56,Bajo (2 - 4 mts),54,Mediano,-68.8471542408,-32.8648730841,4,Cuarta Oeste,1173332.70145,0
12343,Morera,18/01/2011 09:38,Alto (> 8 mts),160,Grande,-68.8470408566,-32.8662564163,6,Residencial Norte,2694682.37982,0
22921,Platano,19/05/2011 15:07,Alto (> 8 mts),158,Grande,-68.8556667086,-32.899822349,5,Residencial Sur,2423808.92355,0
41999,Morera,20/04/2011 13:04,Alto (> 8 mts),160,Grande,-68.8367411829,-32.8786295578,1,Parque Central,1655357.93265,0
33321,Morera,24/06/2011 09:50,Alto (> 8 mts),92,Grande,-68.8569998068,-32.8907031691,5,Residencial Sur,2423808.92355,0
15317,Paraiso,17/11/2011 12:37,Bajo (2 - 4 mts),50,Mediano,-68.8593157606,-32.8708015658,6,Residencial Norte,2694682.37982,0
40921,Caducifolio,11/04/2011 16:12,Bajo (2 - 4 mts),6,Chico,-68.8393194329,-32.8860382774,3,Parque O'Higgins,1531146.02653,0
10942,Fresno europeo,07/04/2011 15:59,Muy bajo (1 - 2 mts),12,Chico,-68.8588389673,-32.880112494,7,Residencial Parque,1786336.08966,0
17084,Morera,15/08/2011 11:52,Alto (> 8 mts),165,Grande,-68.8372829207,-32.8634202668,4,Cuarta Oeste,1173332.70145,1
34489,Morera,10/03/2011 12:12,Alto (> 8 mts),152,Grande,-68.8495594708,-32.8750045537,6,Residencial Norte,2694682.37982,1
40911,Platano,18/04/2011 18:45,Muy bajo (1 - 2 mts),4,Chico,-68.8383118476,-32.8860565455,3,Parque O'Higgins,1531146.02653,0
18100,Paraiso,28/07/2011 10:42,Alto (> 8 mts),175,Grande,-68.8405439717,-32.8691226363,4,Cuarta Oeste,1173332.70145,0
15580,Paraiso,16/11/2011 16:29,Bajo (2 - 4 mts),14,Chico,-68.8613195554,-32.8714595227,7,Residencial Parque,1786336.08966,0
29327,Fresno americano,25/04/2011 12:39,Medio (4 - 8 mts),175,Grande,-68.8430754911,-32.8866637715,1,Parque Central,1655357.93265,0
16805,Perenne,10/08/2011 07:55,Bajo (2 - 4 mts),60,Mediano,-68.8381536816,-32.8634750471,4,Cuarta Oeste,1173332.70145,0
37754,Fresno europeo,13/01/2012 18:00,Bajo (2 - 4 mts),38,Mediano,-68.8506387448,-32.8725591005,6,Residencial Norte,2694682.37982,0
46516,Paraiso,17/08/2011 09:14,Alto (> 8 mts),186,Grande,-68.8313301504,-32.8668030795,4,Cuarta Oeste,1173332.70145,0
23529,Acacia SP,01/02/2011 15:30,Medio (4 - 8 mts),62,Grande,-68.8516035858,-32.9024560282,2,Barrio Civico,2366816.36021,1
28434,Platano,28/02/2011 10:06,Alto (> 8 mts),225,Grande,-68.8459207973,-32.8896100987,2,Barrio Civico,2366816.36021,0
4182,Perenne,07/07/2011 09:26,Medio (4 - 8 mts),33,Mediano,-68.8367416903,-32.8750835684,1,Parque Central,1655357.93265,0
23034,Morera,10/06/2011 18:49,Alto (> 8 mts),56,Mediano,-68.8620923484,-32.9016469155,5,Residencial Sur,2423808.92355,0
43078,Fresno americano,03/10/2011 09:31,Medio (4 - 8 mts),46,Mediano,-68.8309570019,-32.8788499187,4,Cuarta Este Área Fundacional,1822015.85685,0
39052,Morera,22/12/2010 13:45,Alto (> 8 mts),190,Grande,-68.853843228,-32.8705437215,6,Residencial Norte,2694682.37982,0
13778,Fresno europeo,27/01/2011 10:34,Muy bajo (1 - 2 mts),6,Chico,-68.8504398988,-32.8638835663,6,Residencial Norte,2694682.37982,0
15574,Acacia SP,16/11/2011 16:50,Bajo (2 - 4 mts),50,Mediano,-68.8610861586,-32.8708672968,7,Residencial Parque,1786336.08966,0
33668,Morera,13/05/2011 10:55,Alto (> 8 mts),160,Grande,-68.8562203076,-32.8874229292,5,Residencial Sur,2423808.92355,0
16324,Morera,05/08/2011 14:20,Alto (> 8 mts),210,Grande,-68.8424109101,-32.8655053287,4,Cuarta Oeste,1173332.70145,0
20708,Acacia SP,31/05/2011 11:24,Alto (> 8 mts),130,Grande,-68.8620372602,-32.897470267,5,Residencial Sur,2423808.92355,0
32065,Morera,09/06/2011 09:22,Alto (> 8 mts),148,Grande,-68.8602349507,-32.8868952114,5,Residencial Sur,2423808.92355,0
11128,Ailanthus,27/01/2011 14:01,Alto (> 8 mts),150,Grande,-68.8427144338,-32.9022846531,2,Barrio Civico,2366816.36021,0
27927,Morera,03/11/2011 11:30,Medio (4 - 8 mts),85,Grande,-68.8382573686,-32.8937926053,2,Barrio Civico,2366816.36021,1
39160,Morera,24/11/2010 12:34,Medio (4 - 8 mts),85,Grande,-68.8533457029,-32.8730955653,6,Residencial Norte,2694682.37982,0
23882,Tilo,28/02/2012 13:12,Medio (4 - 8 mts),60,Mediano,-68.8521446866,-32.9005504208,2,Barrio Civico,2366816.36021,0
7084,Fresno europeo,02/06/2011 13:26,Medio (4 - 8 mts),80,Grande,-68.8602458138,-32.896959119900004,5,Residencial Sur,2423808.92355,0
23375,Fresno americano,28/01/2011 10:02,Alto (> 8 mts),108,Grande,-68.8494312422,-32.9029352941,2,Barrio Civico,2366816.36021,0
10378,Olmo bola,25/08/2010 11:44,Alto (> 8 mts),75,Grande,-68.8462745227,-32.8737981484,6,Residencial Norte,2694682.37982,0
2518,Platano,21/10/2011 13:41,Alto (> 8 mts),180,Grande,-68.8354612382,-32.8879755033,3,Parque O'Higgins,1531146.02653,0
17951,Morera,02/08/2011 13:43,Alto (> 8 mts),160,Grande,-68.837836278,-32.8674556194,4,Cuarta Oeste,1173332.70145,1
39006,Morera,27/12/2010 10:18,Alto (> 8 mts),160,Grande,-68.8547325292,-32.8705481838,6,Residencial Norte,2694682.37982,0
42137,Braquiquito,04/05/2011 11:16,Medio (4 - 8 mts),70,Grande,-68.8412155818,-32.8768745598,1,Parque Central,1655357.93265,0
31119,Fresno europeo,08/02/2011 09:09,Medio (4 - 8 mts),84,Grande,-68.8542714089,-32.8644471617,6,Residencial Norte,2694682.37982,0
22842,Paraiso,10/05/2011 11:20,Medio (4 - 8 mts),38,Mediano,-68.8565802305,-32.9005411529,5,Residencial Sur,2423808.92355,0
1777,Acer,25/11/2011 10:08,Medio (4 - 8 mts),40,Mediano,-68.870178055,-32.878382178,7,Residencial Parque,1786336.08966,0
2079,Platano,11/10/2011 15:24,Alto (> 8 mts),110,Grande,-68.8285037969,-32.8803660604,4,Cuarta Este Área Fundacional,1822015.85685,0
7493,Fresno europeo,23/06/2011 09:51,Bajo (2 - 4 mts),45,Mediano,-68.8626356331,-32.9003589062,5,Residencial Sur,2423808.92355,0
5758,Morera,06/05/2011 11:05,Bajo (2 - 4 mts),34,Mediano,-68.8406774335,-32.8790339745,1,Parque Central,1655357.93265,0
28684,Acer,01/03/2011 13:01,Medio (4 - 8 mts),37,Mediano,-68.8463086622,-32.8910496711,2,Barrio Civico,2366816.36021,0
36525,Fresno europeo,06/04/2011 10:00,Alto (> 8 mts),81,Grande,-68.8568819962,-32.8787806611,7,Residencial Parque,1786336.08966,0
32212,Morera,10/05/2011 09:54,Bajo (2 - 4 mts),44,Mediano,-68.8594004533,-32.8857380666,5,Residencial Sur,2423808.92355,1
2387,Paraiso,17/10/2011 12:42,Alto (> 8 mts),190,Grande,-68.8366376754,-32.8844497204,3,Parque O'Higgins,1531146.02653,0
31715,Prunas,18/05/2011 10:06,Medio (4 - 8 mts),55,Mediano,-68.8609553824,-32.8900961203,5,Residencial Sur,2423808.92355,0
19663,Morera,13/07/2011 09:32,Alto (> 8 mts),87,Grande,-68.8352697546,-32.8698714483,4,Cuarta Oeste,1173332.70145,0
36726,Morera,09/06/2011 14:38,Medio (4 - 8 mts),110,Grande,-68.8592883196,-32.8813448782,7,Residencial Parque,1786336.08966,0
7132,Paraiso,15/06/2011 09:44,Bajo (2 - 4 mts),22,Mediano,-68.8535719475,-32.8982552796,5,Residencial Sur,2423808.92355,0
47281,Fresno europeo,20/09/2011 11:12,Alto (> 8 mts),125,Grande,-68.83066572,-32.8732626772,4,Cuarta Este Área Fundacional,1822015.85685,0
1210,Acer,29/11/2011 12:21,Bajo (2 - 4 mts),40,Mediano,-68.8770786316,-32.8658213074,8,Aeroparque,2203364.73622,0
27357,Fresno europeo,20/10/2011 12:14,Alto (> 8 mts),130,Grande,-68.8368754446,-32.8883130819,3,Parque O'Higgins,1531146.02653,0
25747,Morera,03/02/2011 10:42,Alto (> 8 mts),82,Grande,-68.8412613541,-32.9026667175,2,Barrio Civico,2366816.36021,0
45409,Morera,15/09/2011 15:00,Alto (> 8 mts),110,Grande,-68.8258891093,-32.8719963636,4,Cuarta Este Área Fundacional,1822015.85685,0
38120,Fresno europeo,03/12/2010 11:37,Alto (> 8 mts),190,Grande,-68.846120221,-32.8729748951,6,Residencial Norte,2694682.37982,0
6816,Fresno europeo,24/05/2011 12:35,Medio (4 - 8 mts),18,Chico,-68.861277756,-32.8944475185,5,Residencial Sur,2423808.92355,0
32056,Morera,09/06/2011 09:46,Medio (4 - 8 mts),80,Grande,-68.8611846371,-32.8868648902,5,Residencial Sur,2423808.92355,0
47313,Paraiso,21/09/2011 11:07,Medio (4 - 8 mts),188,Grande,-68.8313872142,-32.875269361,4,Cuarta Este Área Fundacional,1822015.85685,1
12293,Paraiso,13/01/2011 10:41,Alto (> 8 mts),170,Grande,-68.8462484351,-32.8668785315,4,Cuarta Oeste,1173332.70145,0
3878,Fresno europeo,29/08/2011 14:22,Bajo (2 - 4 mts),30,Mediano,-68.8274344537,-32.8710351749,4,Cuarta Este Área Fundacional,1822015.85685,0
6113,Morera,27/04/2011 18:36,Alto (> 8 mts),98,Grande,-68.8388707659,-32.883138518,1,Parque Central,1655357.93265,0
30824,Morera,14/02/2011 12:46,Alto (> 8 mts),80,Grande,-68.8550674083,-32.8662178347,6,Residencial Norte,2694682.37982,0
12374,Morera,21/01/2011 14:10,Medio (4 - 8 mts),85,Grande,-68.8476007602,-32.867432853,6,Residencial Norte,2694682.37982,0
22570,Morera,16/06/2011 10:42,Alto (> 8 mts),72,Grande,-68.8614761931,-32.9003620688,5,Residencial Sur,2423808.92355,1
23441,Olmo comun,18/01/2011 15:17,Alto (> 8 mts),130,Grande,-68.8487176429,-32.9028169425,2,Barrio Civico,2366816.36021,0
24238,Perenne,27/01/2011 11:54,Alto (> 8 mts),125,Grande,-68.8447317884,-32.9010974931,2,Barrio Civico,2366816.36021,0
28727,Tipa,14/03/2011 08:59,Medio (4 - 8 mts),82,Grande,-68.8481583366,-32.8878045304,5,Residencial Sur,2423808.92355,0
4253,Morera,12/07/2011 09:55,Medio (4 - 8 mts),75,Grande,-68.8352170694,-32.8715277262,4,Cuarta Oeste,1173332.70145,0
31681,Platano,19/05/2011 09:02,Alto (> 8 mts),200,Grande,-68.8605163613,-32.8911906161,5,Residencial Sur,2423808.92355,0
33564,Fresno europeo,30/05/2011 09:55,Medio (4 - 8 mts),70,Grande,-68.854070039,-32.8887568363,5,Residencial Sur,2423808.92355,0
9220,Prunas,28/02/2011 10:30,Medio (4 - 8 mts),50,Mediano,-68.8493533991,-32.8646903152,6,Residencial Norte,2694682.37982,0
21234,Fresno europeo,10/05/2011 12:41,Bajo (2 - 4 mts),22,Mediano,-68.8531829299,-32.8938350263,5,Residencial Sur,2423808.92355,0
1877,Paraiso,15/11/2011 13:19,Medio (4 - 8 mts),45,Mediano,-68.8608442798,-32.8702075601,7,Residencial Parque,1786336.08966,0
20120,Morera,09/08/2011 12:16,Alto (> 8 mts),118,Grande,-68.8341900041,-32.8663922655,4,Cuarta Oeste,1173332.70145,1
44166,Fresno europeo,26/09/2011 11:46,Medio (4 - 8 mts),25,Mediano,-68.8349556344,-32.8771887037,1,Parque Central,1655357.93265,0
28568,Platano,23/02/2011 08:32,Alto (> 8 mts),200,Grande,-68.8491459316,-32.8910393129,5,Residencial Sur,2423808.92355,0
19539,Morera,26/07/2011 10:21,Medio (4 - 8 mts),160,Grande,-68.8370025495,-32.8705569057,4,Cuarta Oeste,1173332.70145,0
47492,Fresno europeo,31/08/2011 13:45,Muy bajo (1 - 2 mts),6,Chico,-68.8261925455,-32.8702114064,4,Cuarta Este Área Fundacional,1822015.85685,0
23572,Acer,24/01/2011 11:50,Alto (> 8 mts),200,Grande,-68.8515315633,-32.9018894055,2,Barrio Civico,2366816.36021,0
38725,Morera,15/12/2010 09:57,Alto (> 8 mts),180,Grande,-68.8510666036,-32.8712666712,6,Residencial Norte,2694682.37982,0
35260,Fresno americano,24/06/2011 12:37,Medio (4 - 8 mts),110,Grande,-68.8516530945,-32.8830135493,1,Parque Central,1655357.93265,0
34880,Fresno europeo,29/03/2011 12:42,Alto (> 8 mts),47,Mediano,-68.8511777849,-32.8805057375,1,Parque Central,1655357.93265,0
33196,Morera,11/05/2011 12:13,Alto (> 8 mts),200,Grande,-68.8563770124,-32.891199741,5,Residencial Sur,2423808.92355,0
45386,Fresno europeo,16/09/2011 12:49,Alto (> 8 mts),150,Grande,-68.8247205877,-32.8720562065,4,Cuarta Este Área Fundacional,1822015.85685,0
21789,Morera,13/05/2011 11:04,Alto (> 8 mts),160,Grande,-68.8563998741,-32.893246073,5,Residencial Sur,2423808.92355,0
11747,Acer,02/06/2010 11:14,Medio (4 - 8 mts),185,Grande,-68.8502525228,-32.8674256804,6,Residencial Norte,2694682.37982,0
32263,Acacia SP,29/06/2011 09:56,Alto (> 8 mts),150,Grande,-68.8512842912,-32.8913596013,5,Residencial Sur,2423808.92355,1
9428,Paraiso sombrilla,11/02/2011 12:43,Medio (4 - 8 mts),100,Grande,-68.8564623135,-32.8639963825,6,Residencial Norte,2694682.37982,0
32803,Morera,14/07/2011 09:32,Alto (> 8 mts),170,Grande,-68.8526674585,-32.8851408491,5,Residencial Sur,2423808.92355,0
37966,Jacaranda,27/08/2010 10:36,Bajo (2 - 4 mts),52,Mediano,-68.8481092186,-32.8741762031,6,Residencial Norte,2694682.37982,0
27151,Platano,27/10/2011 10:08,Alto (> 8 mts),220,Grande,-68.837361772,-32.8897380615,3,Parque O'Higgins,1531146.02653,0
33376,Platano,19/05/2011 09:19,Alto (> 8 mts),185,Grande,-68.8573815845,-32.8917769507,5,Residencial Sur,2423808.92355,0
24875,Fresno americano,16/02/2011 13:40,Alto (> 8 mts),90,Grande,-68.8390180416,-32.896483002,2,Barrio Civico,2366816.36021,0
34663,Fresno europeo,01/04/2011 13:12,Alto (> 8 mts),142,Grande,-68.850678567,-32.8763863886,6,Residencial Norte,2694682.37982,0
28397,Morera,14/03/2011 10:03,Alto (> 8 mts),200,Grande,-68.8493144183,-32.8879501715,5,Residencial Sur,2423808.92355,0
31887,Morera,01/06/2011 13:22,Medio (4 - 8 mts),100,Grande,-68.858621064,-32.8847767647,5,Residencial Sur,2423808.92355,1
11334,Fresno europeo,20/01/2011 19:42,Medio (4 - 8 mts),58,Mediano,-68.8484515675,-32.9001419103,2,Barrio Civico,2366816.36021,0
15396,Acacia SP,16/11/2011 12:19,Medio (4 - 8 mts),118,Grande,-68.8609685478,-32.8707749219,7,Residencial Parque,1786336.08966,0
4943,Fresno europeo,19/07/2011 10:38,Bajo (2 - 4 mts),16,Chico,-68.8428068903,-32.8659636743,4,Cuarta Oeste,1173332.70145,0
35355,Fresno europeo,22/06/2011 13:09,Medio (4 - 8 mts),100,Grande,-68.8527592091,-32.8837198267,5,Residencial Sur,2423808.92355,0
20517,Morera,03/06/2011 11:10,Alto (> 8 mts),138,Grande,-68.8585873093,-32.8980876778,5,Residencial Sur,2423808.92355,0
29009,Platano,20/04/2011 11:43,Alto (> 8 mts),210,Grande,-68.8451074696,-32.8864940814,1,Parque Central,1655357.93265,0
34392,Morera,23/03/2011 13:27,Alto (> 8 mts),200,Grande,-68.8505376381,-32.8752485525,6,Residencial Norte,2694682.37982,1
42024,Platano,08/04/2011 12:45,Alto (> 8 mts),140,Grande,-68.8408449793,-32.8806546896,1,Parque Central,1655357.93265,0
8639,Perenne,31/01/2011 12:30,Medio (4 - 8 mts),3,Chico,-68.8386857233,-32.9031349208,2,Barrio Civico,2366816.36021,0
3654,Morera,26/08/2011 10:26,Medio (4 - 8 mts),85,Grande,-68.8215049788,-32.868882438,4,Cuarta Este Área Fundacional,1822015.85685,0
39383,Paraiso,12/11/2010 11:02,Alto (> 8 mts),170,Grande,-68.8563562445,-32.8703969511,6,Residencial Norte,2694682.37982,0
32077,Morera,08/06/2011 09:23,Alto (> 8 mts),150,Grande,-68.8593617928,-32.8870540124,5,Residencial Sur,2423808.92355,0
24592,Platano,27/01/2011 09:25,Alto (> 8 mts),262,Grande,-68.8424211678,-32.9017967483,2,Barrio Civico,2366816.36021,0
39355,Morera,01/12/2010 10:04,Alto (> 8 mts),80,Grande,-68.8561060065,-32.8721149324,6,Residencial Norte,2694682.37982,0
5908,Fresno europeo,18/04/2011 12:11,Alto (> 8 mts),70,Grande,-68.8438968146,-32.8865106623,1,Parque Central,1655357.93265,0
37467,Morera,04/01/2011 12:21,Bajo (2 - 4 mts),35,Mediano,-68.857212215,-32.8707966603,6,Residencial Norte,2694682.37982,0
32362,Acer,06/05/2011 10:16,Alto (> 8 mts),103,Grande,-68.851542643,-32.8918300728,5,Residencial Sur,2423808.92355,0
33945,Fresno europeo,24/05/2011 11:36,Bajo (2 - 4 mts),80,Grande,-68.8528489993,-32.8845748,5,Residencial Sur,2423808.92355,0
4583,Morera,16/08/2011 10:41,Alto (> 8 mts),158,Grande,-68.8347428541,-32.8677141573,4,Cuarta Oeste,1173332.70145,1
35636,Paraiso,15/03/2011 12:36,Medio (4 - 8 mts),156,Grande,-68.8560411507,-32.8739644129,6,Residencial Norte,2694682.37982,0
38220,Morera,24/08/2010 10:00,Medio (4 - 8 mts),210,Grande,-68.8463617865,-32.8739822039,6,Residencial Norte,2694682.37982,0
36811,Platano,07/04/2011 12:44,Alto (> 8 mts),94,Grande,-68.8581269638,-32.8813241645,7,Residencial Parque,1786336.08966,0
18868,Morera,27/07/2011 09:07,Alto (> 8 mts),160,Grande,-68.8407769928,-32.8705084776,4,Cuarta Oeste,1173332.70145,0
13613,Morera,28/02/2011 11:40,Alto (> 8 mts),90,Grande,-68.8517782614,-32.866165917,6,Residencial Norte,2694682.37982,0
7808,Morera,12/05/2011 09:48,Medio (4 - 8 mts),120,Grande,-68.8577519672,-32.8856490746,5,Residencial Sur,2423808.92355,0
28689,Platano,01/03/2011 12:47,Alto (> 8 mts),118,Grande,-68.8462358509,-32.8907892398,2,Barrio Civico,2366816.36021,0
6471,Paraiso,27/05/2011 10:43,Alto (> 8 mts),153,Grande,-68.8527533529,-32.8886889997,5,Residencial Sur,2423808.92355,0
40590,Morera,15/04/2011 11:41,Alto (> 8 mts),180,Grande,-68.8467760059,-32.8836705974,1,Parque Central,1655357.93265,0
779,Aguaribay,14/12/2011 10:42,Alto (> 8 mts),130,Grande,-68.879753211,-32.867546219,8,Aeroparque,2203364.73622,0
14474,Jacaranda,02/12/2011 09:37,Bajo (2 - 4 mts),24,Mediano,-68.8786378338,-32.8668084586,8,Aeroparque,2203364.73622,0
33591,Acacia SP,16/05/2011 10:34,Medio (4 - 8 mts),145,Grande,-68.8552206198,-32.8867172838,5,Residencial Sur,2423808.92355,0
1583,Fresno europeo,30/11/2011 10:40,Bajo (2 - 4 mts),22,Mediano,-68.8724380476,-32.8756628692,7,Residencial Parque,1786336.08966,0
10605,Morera,01/04/2011 13:35,Bajo (2 - 4 mts),27,Mediano,-68.8508071936,-32.8768583271,6,Residencial Norte,2694682.37982,0
13583,Morera,28/02/2011 13:50,Alto (> 8 mts),180,Grande,-68.8518308054,-32.8648955692,6,Residencial Norte,2694682.37982,0
18981,Morera,03/08/2011 15:10,Alto (> 8 mts),160,Grande,-68.8374617725,-32.8698044082,4,Cuarta Oeste,1173332.70145,1
31467,Morera,19/05/2011 13:09,Medio (4 - 8 mts),76,Grande,-68.8584555328,-32.8914281793,5,Residencial Sur,2423808.92355,0
21118,Morera,21/06/2011 10:01,Alto (> 8 mts),126,Grande,-68.8631098266,-32.8992722121,5,Residencial Sur,2423808.92355,1
23635,Fresno europeo,20/01/2011 19:06,Alto (> 8 mts),98,Grande,-68.8480479482,-32.9007747947,2,Barrio Civico,2366816.36021,0
46014,Fresno americano,27/09/2011 09:51,Medio (4 - 8 mts),100,Grande,-68.8216157081,-32.8740172596,4,Cuarta Este Área Fundacional,1822015.85685,0
2634,Morera,21/10/2011 19:20,Muy bajo (1 - 2 mts),8,Chico,-68.8351090426,-32.8807217986,1,Parque Central,1655357.93265,0
33029,Morera,19/05/2011 10:26,Alto (> 8 mts),184,Grande,-68.8515514337,-32.8873039523,5,Residencial Sur,2423808.92355,1
3777,Morera,23/08/2011 12:55,Medio (4 - 8 mts),70,Grande,-68.8189771033,-32.8704630251,4,Cuarta Este Área Fundacional,1822015.85685,0
42479,Platano,30/09/2011 12:49,Alto (> 8 mts),230,Grande,-68.830904859,-32.8765107157,4,Cuarta Este Área Fundacional,1822015.85685,0
36489,Morera,06/04/2011 12:08,Alto (> 8 mts),130,Grande,-68.8550568537,-32.8794511821,6,Residencial Norte,2694682.37982,0
39213,Morera,26/11/2010 10:01,Alto (> 8 mts),185,Grande,-68.8551421053,-32.8724954647,6,Residencial Norte,2694682.37982,0
27126,Platano,27/10/2011 08:34,Alto (> 8 mts),168,Grande,-68.838947794,-32.8894817903,3,Parque O'Higgins,1531146.02653,0
32221,Morera,10/05/2011 09:34,Alto (> 8 mts),180,Grande,-68.8601741521,-32.8855959851,5,Residencial Sur,2423808.92355,0
20629,Fresno europeo,02/06/2011 12:07,Medio (4 - 8 mts),65,Grande,-68.8593517827,-32.8958382291,5,Residencial Sur,2423808.92355,0
39757,Platano,13/07/2011 14:06,Alto (> 8 mts),250,Grande,-68.8500339564,-32.8834148553,1,Parque Central,1655357.93265,0
19650,Morera,13/07/2011 10:01,Alto (> 8 mts),150,Grande,-68.8346748548,-32.8703992304,4,Cuarta Oeste,1173332.70145,1
21871,Fresno europeo,06/06/2011 12:28,Bajo (2 - 4 mts),26,Mediano,-68.8590726233,-32.8958516566,5,Residencial Sur,2423808.92355,0
16501,Morera,04/08/2011 13:38,Alto (> 8 mts),175,Grande,-68.8418336477,-32.8650768361,4,Cuarta Oeste,1173332.70145,1
22179,Fresno europeo,13/05/2011 14:13,Alto (> 8 mts),62,Grande,-68.8552432918,-32.8993635132,5,Residencial Sur,2423808.92355,0
3514,Morera,02/09/2011 11:32,Bajo (2 - 4 mts),56,Mediano,-68.8265055214,-32.868615302,4,Cuarta Este Área Fundacional,1822015.85685,0
19871,Paraiso,29/06/2011 13:42,Alto (> 8 mts),150,Grande,-68.8342753925,-32.8629354341,4,Cuarta Oeste,1173332.70145,0
47312,Morera,21/09/2011 11:03,Alto (> 8 mts),150,Grande,-68.8316038611,-32.8752545224,4,Cuarta Este Área Fundacional,1822015.85685,0
36507,Fresno europeo,06/04/2011 11:13,Alto (> 8 mts),116,Grande,-68.8555652983,-32.8784426609,6,Residencial Norte,2694682.37982,0
20880,Caducifolio,26/05/2011 10:35,Muy bajo (1 - 2 mts),4,Chico,-68.8606239035,-32.8951869708,5,Residencial Sur,2423808.92355,0
8964,Conifera,19/01/2011 11:26,Alto (> 8 mts),197,Grande,-68.846874433,-32.8676183591,6,Residencial Norte,2694682.37982,0
16648,Paraiso,19/07/2011 12:22,Alto (> 8 mts),195,Grande,-68.8410058731,-32.8637687581,4,Cuarta Oeste,1173332.70145,1
28868,Morera,26/04/2011 11:29,Alto (> 8 mts),155,Grande,-68.8461943765,-32.8855973374,1,Parque Central,1655357.93265,1
18920,Olmo bola,02/08/2011 09:35,Alto (> 8 mts),120,Grande,-68.8420205966,-32.8702738997,4,Cuarta Oeste,1173332.70145,0
47308,Jacaranda,21/09/2011 10:50,Alto (> 8 mts),90,Grande,-68.8319959462,-32.8752366551,4,Cuarta Este Área Fundacional,1822015.85685,0
19511,Morera,12/07/2011 12:28,Alto (> 8 mts),140,Grande,-68.8383222592,-32.8710803386,4,Cuarta Oeste,1173332.70145,0
22335,Morera,17/06/2011 10:59,Medio (4 - 8 mts),100,Grande,-68.8582761822,-32.8982530554,5,Residencial Sur,2423808.92355,0
2275,Tipa,03/11/2011 11:17,Bajo (2 - 4 mts),48,Mediano,-68.8379916116,-32.8932459222,2,Barrio Civico,2366816.36021,0
4065,Platano,04/10/2011 19:42,Alto (> 8 mts),145,Grande,-68.828396647899993,-32.879088479,4,Cuarta Este Área Fundacional,1822015.85685,0
10739,Morera,04/04/2011 13:28,Medio (4 - 8 mts),46,Mediano,-68.8577245641,-32.8765988324,7,Residencial Parque,1786336.08966,0
17657,Morera,20/07/2011 11:51,Alto (> 8 mts),135,Grande,-68.8412807535,-32.8662064106,4,Cuarta Oeste,1173332.70145,0
5358,Alamo blanco,25/04/2011 12:07,Bajo (2 - 4 mts),30,Mediano,-68.8432458246,-32.8784069145,1,Parque Central,1655357.93265,0
34710,Morera,01/04/2011 11:38,Alto (> 8 mts),120,Grande,-68.8505217427,-32.8771667136,6,Residencial Norte,2694682.37982,0
21062,Morera,23/06/2011 11:14,Alto (> 8 mts),200,Grande,-68.8631267635,-32.8993791712,5,Residencial Sur,2423808.92355,0
42950,Morera,07/10/2011 16:20,Medio (4 - 8 mts),160,Grande,-68.8348734647,-32.8777054458,1,Parque Central,1655357.93265,0
17101,Morera,16/08/2011 09:47,Alto (> 8 mts),90,Grande,-68.8377298601,-32.8632312207,4,Cuarta Oeste,1173332.70145,0
7701,Fresno europeo,24/05/2011 09:15,Alto (> 8 mts),130,Grande,-68.8523903996,-32.8839803995,5,Residencial Sur,2423808.92355,0
31051,Acer,16/02/2011 10:30,Bajo (2 - 4 mts),38,Mediano,-68.8551884192,-32.8648273362,6,Residencial Norte,2694682.37982,0
12976,Paraiso,15/02/2011 08:37,Alto (> 8 mts),128,Grande,-68.8439314947,-32.8644137492,4,Cuarta Oeste,1173332.70145,0
40010,Morera,20/04/2011 12:08,Alto (> 8 mts),220,Grande,-68.8448425356,-32.8781060591,1,Parque Central,1655357.93265,0
35769,Paraiso,18/03/2011 13:02,Medio (4 - 8 mts),120,Grande,-68.8545868382,-32.8743130388,6,Residencial Norte,2694682.37982,0
38229,Morera,18/01/2012 12:41,Medio (4 - 8 mts),35,Mediano,-68.8459658158,-32.8731171439,6,Residencial Norte,2694682.37982,0
10380,Morera,25/08/2010 11:39,Muy bajo (1 - 2 mts),6,Chico,-68.8463710777,-32.8737806921,6,Residencial Norte,2694682.37982,0
45521,Fresno europeo,19/09/2011 10:37,Bajo (2 - 4 mts),32,Mediano,-68.8219883868,-32.8725334226,4,Cuarta Este Área Fundacional,1822015.85685,0
27786,Fresno europeo,03/11/2011 10:18,Medio (4 - 8 mts),60,Mediano,-68.8348607543,-32.8949298182,3,Parque O'Higgins,1531146.02653,0
17144,Morera,15/08/2011 11:13,Alto (> 8 mts),170,Grande,-68.8377873781,-32.862506152,4,Cuarta Oeste,1173332.70145,0
15008,Aguaribay,19/12/2011 18:04,Muy bajo (1 - 2 mts),30,Mediano,-68.8805672351,-32.8716700679,8,Aeroparque,2203364.73622,0
26255,Acacia SP,25/10/2011 11:04,Alto (> 8 mts),110,Grande,-68.8305072672,-32.8898762371,3,Parque O'Higgins,1531146.02653,0
26743,Morera,11/01/2012 13:00,Alto (> 8 mts),155,Grande,-68.8338281886,-32.8951294164,3,Parque O'Higgins,1531146.02653,0
43289,Platano,07/10/2011 11:50,Alto (> 8 mts),230,Grande,-68.8327375843,-32.879945772,3,Parque O'Higgins,1531146.02653,0
31481,Paraiso,19/05/2011 11:17,Alto (> 8 mts),150,Grande,-68.8586759728,-32.8914009352,5,Residencial Sur,2423808.92355,1
25282,Morera,08/02/2011 09:24,Alto (> 8 mts),250,Grande,-68.8374986947,-32.8991969937,2,Barrio Civico,2366816.36021,0
35005,Paraiso,31/03/2011 10:11,Alto (> 8 mts),160,Grande,-68.8558594263,-32.8794899626,6,Residencial Norte,2694682.37982,0
5324,Paraiso,27/04/2011 11:15,Bajo (2 - 4 mts),80,Grande,-68.8418412271,-32.8777534765,1,Parque Central,1655357.93265,0
23524,Morera,20/01/2011 07:28,Alto (> 8 mts),116,Grande,-68.8482660535,-32.9033731887,2,Barrio Civico,2366816.36021,0
23406,Acer,27/01/2011 19:24,Medio (4 - 8 mts),52,Mediano,-68.8500400601,-32.9016143134,2,Barrio Civico,2366816.36021,0
4470,Morera,02/08/2011 10:35,Alto (> 8 mts),70,Grande,-68.8377005748,-32.8675814444,4,Cuarta Oeste,1173332.70145,1
19246,Morera,03/08/2011 12:39,Alto (> 8 mts),116,Grande,-68.8378850847,-32.8699926001,4,Cuarta Oeste,1173332.70145,0
33385,Fresno europeo,01/06/2011 11:56,Alto (> 8 mts),135,Grande,-68.8558109428,-32.8884431733,5,Residencial Sur,2423808.92355,0
26522,Conifera,07/11/2011 08:37,Bajo (2 - 4 mts),18,Chico,-68.8310465684,-32.8924605545,3,Parque O'Higgins,1531146.02653,0
9856,Conifera,06/01/2011 12:37,Bajo (2 - 4 mts),43,Mediano,-68.8431908851,-32.862827356,4,Cuarta Oeste,1173332.70145,0
11319,Fresno europeo,21/01/2011 09:35,Medio (4 - 8 mts),86,Grande,-68.8477338178,-32.8999493652,2,Barrio Civico,2366816.36021,0
42411,Fresno americano,28/09/2011 11:30,Alto (> 8 mts),120,Grande,-68.8328628507,-32.8752993435,4,Cuarta Este Área Fundacional,1822015.85685,0
46732,Paraiso,07/09/2011 13:54,Alto (> 8 mts),115,Grande,-68.8328745328,-32.8696423708,4,Cuarta Oeste,1173332.70145,0
5439,Morera,18/04/2011 09:14,Medio (4 - 8 mts),130,Grande,-68.8419487061,-32.8787771098,1,Parque Central,1655357.93265,0
27191,Acer,26/10/2011 12:34,Medio (4 - 8 mts),80,Grande,-68.8356980418,-32.890703343,3,Parque O'Higgins,1531146.02653,0
29,Fresno europeo,01/03/2012 13:38,Bajo (2 - 4 mts),70,Grande,-68.8557244552,-32.8959760507,5,Residencial Sur,2423808.92355,0
4530,Morera,04/08/2011 10:07,Bajo (2 - 4 mts),22,Mediano,-68.8392162877,-32.8689332068,4,Cuarta Oeste,1173332.70145,0
27506,Morera,26/10/2011 10:18,Medio (4 - 8 mts),168,Grande,-68.8363464459,-32.8928574091,3,Parque O'Higgins,1531146.02653,1
45730,Fresno americano,24/08/2011 11:30,Muy bajo (1 - 2 mts),7,Chico,-68.8218611766,-32.8687255875,4,Cuarta Este Área Fundacional,1822015.85685,0
3119,Fresno europeo,15/09/2011 10:17,Alto (> 8 mts),52,Mediano,-68.8296264947,-32.8729818511,4,Cuarta Este Área Fundacional,1822015.85685,0
46007,Fresno europeo,27/09/2011 10:06,Medio (4 - 8 mts),180,Grande,-68.821915065,-32.8735671478,4,Cuarta Este Área Fundacional,1822015.85685,1
26629,Morera,03/11/2011 10:47,Medio (4 - 8 mts),136,Grande,-68.8343005969,-32.890155168,3,Parque O'Higgins,1531146.02653,0
10844,Perenne,17/03/2011 11:57,Alto (> 8 mts),71,Grande,-68.8531110205,-32.878134631,6,Residencial Norte,2694682.37982,0
38707,Paraiso,14/12/2010 13:29,Alto (> 8 mts),170,Grande,-68.8504017517,-32.8707112457,6,Residencial Norte,2694682.37982,0
34031,Fresno europeo,27/05/2011 11:06,Medio (4 - 8 mts),110,Grande,-68.8547615027,-32.8844294285,5,Residencial Sur,2423808.92355,0
30538,Fresno europeo,08/02/2011 09:32,Medio (4 - 8 mts),38,Mediano,-68.8574729261,-32.866752025,6,Residencial Norte,2694682.37982,0
36514,Morera,06/04/2011 10:43,Alto (> 8 mts),152,Grande,-68.8562371496,-32.8783155811,6,Residencial Norte,2694682.37982,0
42731,Platano,26/09/2011 11:11,Alto (> 8 mts),240,Grande,-68.8278639265,-32.8770822133,4,Cuarta Este Área Fundacional,1822015.85685,0
41862,Conifera,05/05/2011 12:30,Alto (> 8 mts),71,Grande,-68.8415876524,-32.8786488417,1,Parque Central,1655357.93265,0
45187,Fresno europeo,28/09/2011 13:12,Alto (> 8 mts),219,Grande,-68.8222277813,-32.8727484284,4,Cuarta Este Área Fundacional,1822015.85685,0
46867,Morera,09/09/2011 13:01,Alto (> 8 mts),96,Grande,-68.8334083599,-32.8713498095,4,Cuarta Este Área Fundacional,1822015.85685,0
25281,Morera,08/02/2011 09:28,Alto (> 8 mts),200,Grande,-68.8375118658,-32.8992655808,2,Barrio Civico,2366816.36021,0
19064,Morera,26/07/2011 12:54,Alto (> 8 mts),200,Grande,-68.8417384073,-32.8717779296,4,Cuarta Oeste,1173332.70145,0
7243,Acacia SP,17/06/2011 11:05,Muy bajo (1 - 2 mts),12,Chico,-68.8630255021,-32.8981212371,5,Residencial Sur,2423808.92355,0
47806,Morera,23/09/2011 15:38,Alto (> 8 mts),178,Grande,-68.8268093965,-32.8742588192,4,Cuarta Este Área Fundacional,1822015.85685,1
44918,Morera,23/08/2011 10:49,Alto (> 8 mts),170,Grande,-68.8254881635,-32.8679760528,4,Cuarta Este Área Fundacional,1822015.85685,1
26535,Platano,21/10/2011 13:43,Alto (> 8 mts),176,Grande,-68.8314788279,-32.8902812373,3,Parque O'Higgins,1531146.02653,0
12051,Fresno europeo,04/02/2010 14:00,Bajo (2 - 4 mts),63,Grande,-68.8529790264,-32.8677328108,6,Residencial Norte,2694682.37982,0
5947,Morera,30/09/2011 10:35,Alto (> 8 mts),145,Grande,-68.8446264828,-32.8746872869,1,Parque Central,1655357.93265,1
20396,Prunas,24/05/2011 08:51,Medio (4 - 8 mts),20,Chico,-68.8624622964,-32.8933418017,5,Residencial Sur,2423808.92355,0
36389,Fresno europeo,21/03/2011 12:45,Alto (> 8 mts),87,Grande,-68.8516916511,-32.8796898647,6,Residencial Norte,2694682.37982,0
37639,Morera,29/02/2012 09:39,Alto (> 8 mts),140,Grande,-68.8523986007,-32.8719396922,6,Residencial Norte,2694682.37982,0
30335,Acacia SP,10/03/2011 12:08,Alto (> 8 mts),155,Grande,-68.8408803431,-32.8908243787,2,Barrio Civico,2366816.36021,0
33457,Fresno europeo,15/06/2011 11:00,Medio (4 - 8 mts),160,Grande,-68.8573757231,-32.8888615493,5,Residencial Sur,2423808.92355,0
12173,Morera,19/01/2011 12:19,Alto (> 8 mts),180,Grande,-68.8474439819,-32.8679834307,6,Residencial Norte,2694682.37982,1
11112,Olmo comun,29/03/2011 13:03,Alto (> 8 mts),70,Grande,-68.8520856165,-32.8817269528,1,Parque Central,1655357.93265,1
38841,Paraiso,09/12/2010 10:53,Medio (4 - 8 mts),170,Grande,-68.8494407116,-32.8716164759,6,Residencial Norte,2694682.37982,0
23641,Fresno americano,21/01/2011 14:14,Medio (4 - 8 mts),87,Grande,-68.8478521769,-32.8999367061,2,Barrio Civico,2366816.36021,0
16592,Morera,27/07/2011 12:14,Alto (> 8 mts),110,Grande,-68.841030337,-32.8649938539,4,Cuarta Oeste,1173332.70145,0
5137,Acacia SP,08/08/2011 11:08,Medio (4 - 8 mts),16,Chico,-68.8433860965,-32.8696431402,4,Cuarta Oeste,1173332.70145,0
47791,Morera,23/09/2011 12:43,Alto (> 8 mts),150,Grande,-68.8276476155,-32.8740062395,4,Cuarta Este Área Fundacional,1822015.85685,0
11584,Paraiso,10/05/2010 12:23,Medio (4 - 8 mts),170,Grande,-68.8520847947,-32.8665602214,6,Residencial Norte,2694682.37982,0
41204,Fresno europeo,18/04/2011 09:26,Medio (4 - 8 mts),71,Grande,-68.8371555621,-32.8812501974,1,Parque Central,1655357.93265,0
8981,Paraiso,12/01/2011 14:15,Alto (> 8 mts),120,Grande,-68.8467870595,-32.8663627546,6,Residencial Norte,2694682.37982,0
9882,Prunas,26/11/2010 10:07,Bajo (2 - 4 mts),38,Mediano,-68.8551066072,-32.8723468803,6,Residencial Norte,2694682.37982,0
25335,Morera,09/02/2011 10:21,Alto (> 8 mts),170,Grande,-68.8402056526,-32.8998707221,2,Barrio Civico,2366816.36021,0
19595,Morera,11/07/2011 09:59,Alto (> 8 mts),200,Grande,-68.836036828,-32.8715861448,4,Cuarta Oeste,1173332.70145,0
5109,Acacia SP,08/08/2011 14:22,Bajo (2 - 4 mts),5,Chico,-68.8430687241,-32.8682592536,4,Cuarta Oeste,1173332.70145,0
2825,Conifera,04/11/2011 09:36,Bajo (2 - 4 mts),36,Mediano,-68.8308950749,-32.8918897533,3,Parque O'Higgins,1531146.02653,0
4368,Morera,11/08/2011 08:58,Alto (> 8 mts),240,Grande,-68.8343728346,-32.8691767746,4,Cuarta Oeste,1173332.70145,0
43481,Acacia visco,10/11/2011 12:36,Bajo (2 - 4 mts),30,Mediano,-68.8296941573,-32.8839102614,3,Parque O'Higgins,1531146.02653,0
30263,Fresno europeo,04/03/2011 13:33,Medio (4 - 8 mts),44,Mediano,-68.8410098306,-32.889261225,3,Parque O'Higgins,1531146.02653,0
34438,Morera,09/03/2011 12:52,Alto (> 8 mts),160,Grande,-68.8503083839,-32.8738794169,6,Residencial Norte,2694682.37982,0
26996,Platano,02/11/2011 16:53,Alto (> 8 mts),190,Grande,-68.8354367269,-32.8874381403,3,Parque O'Higgins,1531146.02653,0
2592,Morera,07/10/2011 11:41,Medio (4 - 8 mts),104,Grande,-68.8309801475,-32.881172522,3,Parque O'Higgins,1531146.02653,0
11077,Braquiquito,22/03/2011 09:28,Medio (4 - 8 mts),28,Mediano,-68.8545564869,-32.8803981753,6,Residencial Norte,2694682.37982,0
32339,Platano,06/05/2011 10:34,Alto (> 8 mts),170,Grande,-68.8529235004,-32.8926031915,5,Residencial Sur,2423808.92355,0
38348,Paraiso,09/11/2010 11:35,Alto (> 8 mts),190,Grande,-68.8538185771,-32.8700304121,6,Residencial Norte,2694682.37982,0
22506,Morera,27/06/2011 14:20,Alto (> 8 mts),90,Grande,-68.8585873712,-32.9004028583,5,Residencial Sur,2423808.92355,0
39274,Morera,29/12/2010 10:40,Alto (> 8 mts),120,Grande,-68.855867405,-32.8715880682,6,Residencial Norte,2694682.37982,0
27779,Morera,03/11/2011 10:32,Alto (> 8 mts),128,Grande,-68.8351867678,-32.8940397061,3,Parque O'Higgins,1531146.02653,0
13533,Morera,01/02/2011 12:37,Alto (> 8 mts),140,Grande,-68.8513154087,-32.8643507954,6,Residencial Norte,2694682.37982,0
23196,Paraiso,18/01/2011 12:37,Medio (4 - 8 mts),120,Grande,-68.8485296424,-32.9011122505,2,Barrio Civico,2366816.36021,0
42639,Fresno europeo,26/09/2011 08:56,Alto (> 8 mts),57,Mediano,-68.8291128317,-32.8754871677,4,Cuarta Este Área Fundacional,1822015.85685,0
19301,Morera,13/07/2011 20:27,Alto (> 8 mts),160,Grande,-68.8355295365,-32.8703178322,4,Cuarta Oeste,1173332.70145,0
27698,Morera,28/10/2011 10:37,Alto (> 8 mts),110,Grande,-68.837382836,-32.8940757057,2,Barrio Civico,2366816.36021,1
37752,Prunas,13/01/2012 18:04,Bajo (2 - 4 mts),36,Mediano,-68.8506180389,-32.8724814399,6,Residencial Norte,2694682.37982,0
43963,Platano,12/10/2011 11:23,Alto (> 8 mts),190,Grande,-68.8322401675,-32.8848496588,3,Parque O'Higgins,1531146.02653,0
31661,Morera,14/06/2011 13:32,Muy bajo (1 - 2 mts),18,Chico,-68.858505819,-32.8893090804,5,Residencial Sur,2423808.92355,0
13020,Paraiso,15/02/2011 09:01,Alto (> 8 mts),184,Grande,-68.8439145428,-32.8649665159,4,Cuarta Oeste,1173332.70145,0
11440,Paraiso,01/02/2011 14:54,Alto (> 8 mts),140,Grande,-68.8507820212,-32.9024709472,2,Barrio Civico,2366816.36021,0
42910,Olmo comun,29/09/2011 11:10,Medio (4 - 8 mts),30,Mediano,-68.8336673466,-32.8767387655,4,Cuarta Este Área Fundacional,1822015.85685,0
13316,Fresno europeo,23/02/2011 09:42,Bajo (2 - 4 mts),28,Mediano,-68.8483453539,-32.8656924388,6,Residencial Norte,2694682.37982,0
32508,Morera,27/05/2011 10:01,Alto (> 8 mts),174,Grande,-68.85326709,-32.8881881014,5,Residencial Sur,2423808.92355,0
16683,Morera,21/07/2011 09:37,Alto (> 8 mts),120,Grande,-68.8409677501,-32.8627060833,4,Cuarta Oeste,1173332.70145,0
16620,Paraiso,26/07/2011 09:07,Alto (> 8 mts),89,Grande,-68.8400265978,-32.8658591935,4,Cuarta Oeste,1173332.70145,0
30566,Fresno europeo,09/02/2011 10:43,Bajo (2 - 4 mts),10,Chico,-68.8573683671,-32.8662097003,6,Residencial Norte,2694682.37982,0
4365,Morera,11/08/2011 09:46,Alto (> 8 mts),180,Grande,-68.835112496,-32.869198808,4,Cuarta Oeste,1173332.70145,0
4932,Jacaranda,19/07/2011 19:40,Medio (4 - 8 mts),40,Mediano,-68.8431871226,-32.8666859862,4,Cuarta Oeste,1173332.70145,0
1290,Morera,30/11/2011 18:04,Bajo (2 - 4 mts),60,Mediano,-68.8774757101,-32.86949197,8,Aeroparque,2203364.73622,0
34954,Morera,04/04/2011 11:54,Alto (> 8 mts),150,Grande,-68.8573555739,-32.8798919395,7,Residencial Parque,1786336.08966,0
20969,Fresno europeo,27/05/2011 10:18,Alto (> 8 mts),96,Grande,-68.8618954502,-32.8955274174,5,Residencial Sur,2423808.92355,0
9390,Fresno europeo,15/02/2011 11:28,Medio (4 - 8 mts),60,Mediano,-68.8444641091,-32.8658797194,4,Cuarta Oeste,1173332.70145,0
38917,Morera,28/10/2010 10:22,Alto (> 8 mts),195,Grande,-68.8478858869,-32.8700748616,6,Residencial Norte,2694682.37982,0
1835,Paraiso,18/11/2011 18:05,Bajo (2 - 4 mts),28,Mediano,-68.8608677693,-32.8719529927,7,Residencial Parque,1786336.08966,0
36799,Platano,07/04/2011 15:30,Alto (> 8 mts),210,Grande,-68.8595658185,-32.881162957,7,Residencial Parque,1786336.08966,0
43107,Fresno americano,04/10/2011 09:44,Medio (4 - 8 mts),100,Grande,-68.8293960429,-32.8782097506,4,Cuarta Este Área Fundacional,1822015.85685,0
35806,Morera,04/03/2011 09:22,Alto (> 8 mts),165,Grande,-68.8536372002,-32.8741339369,6,Residencial Norte,2694682.37982,0
6893,Caducifolio,24/05/2011 13:11,Medio (4 - 8 mts),40,Mediano,-68.8612576717,-32.8945604484,5,Residencial Sur,2423808.92355,0
8849,Fresno europeo,31/01/2011 13:37,Medio (4 - 8 mts),48,Mediano,-68.8538203077,-32.8676856245,6,Residencial Norte,2694682.37982,0
17489,Platano,16/01/2012 09:06,Alto (> 8 mts),130,Grande,-68.8353459161,-32.8680180337,4,Cuarta Oeste,1173332.70145,1
17292,Morera,04/08/2011 10:28,Medio (4 - 8 mts),35,Mediano,-68.8365707435,-32.8660074386,4,Cuarta Oeste,1173332.70145,0
17375,Paraiso,22/07/2011 13:43,Alto (> 8 mts),95,Grande,-68.8407838152,-32.8659470729,4,Cuarta Oeste,1173332.70145,0
47993,Morera,31/08/2011 09:37,Alto (> 8 mts),120,Grande,-68.8257851429,-32.8696426173,4,Cuarta Este Área Fundacional,1822015.85685,1
2164,Morera,07/11/2011 09:03,Medio (4 - 8 mts),100,Grande,-68.8397723676,-32.8942904622,2,Barrio Civico,2366816.36021,1
9713,Morera,24/01/2011 12:39,Alto (> 8 mts),200,Grande,-68.8485531769,-32.8642979745,6,Residencial Norte,2694682.37982,0
1304,Paraiso sombrilla,30/11/2011 12:21,Muy bajo (1 - 2 mts),13,Chico,-68.8783654728,-32.8662528831,8,Aeroparque,2203364.73622,0
9245,Prunas,01/03/2011 12:51,Medio (4 - 8 mts),60,Mediano,-68.8494589021,-32.8659195438,6,Residencial Norte,2694682.37982,0
47742,Platano,16/09/2011 13:51,Alto (> 8 mts),220,Grande,-68.8271149844,-32.8731628718,4,Cuarta Este Área Fundacional,1822015.85685,0
25621,Paraiso,15/02/2011 15:51,Alto (> 8 mts),106,Grande,-68.83800762,-32.9018978168,2,Barrio Civico,2366816.36021,1
26392,Fresno americano,25/10/2011 10:18,Alto (> 8 mts),130,Grande,-68.832824265,-32.8889663933,3,Parque O'Higgins,1531146.02653,0
35904,Fresno europeo,28/03/2011 09:30,Alto (> 8 mts),90,Grande,-68.8532978413,-32.8755474774,6,Residencial Norte,2694682.37982,0
44267,Platano,13/10/2011 10:51,Alto (> 8 mts),210,Grande,-68.8351818611,-32.8846894621,3,Parque O'Higgins,1531146.02653,0
6989,Morera,31/05/2011 10:09,Medio (4 - 8 mts),35,Mediano,-68.8625695062,-32.8968029896,5,Residencial Sur,2423808.92355,0
47381,Morera,21/09/2011 11:40,Medio (4 - 8 mts),180,Grande,-68.8292543336,-32.8747515286,4,Cuarta Este Área Fundacional,1822015.85685,0
42964,Fresno europeo,07/10/2011 14:56,Muy bajo (1 - 2 mts),10,Chico,-68.8346336934,-32.8786739983,1,Parque Central,1655357.93265,0
32599,Paraiso,23/06/2011 10:27,Alto (> 8 mts),95,Grande,-68.8514172166,-32.8902024608,5,Residencial Sur,2423808.92355,0
36208,Morera,30/03/2011 12:51,Alto (> 8 mts),140,Grande,-68.8546096296,-32.8775013643,6,Residencial Norte,2694682.37982,1
21780,Morera,13/05/2011 14:26,Alto (> 8 mts),140,Grande,-68.855388953,-32.8934411331,5,Residencial Sur,2423808.92355,0
9351,Jacaranda,18/02/2011 13:21,Muy bajo (1 - 2 mts),16,Chico,-68.8468576402,-32.8645069063,4,Cuarta Oeste,1173332.70145,0
30367,Morera,04/03/2011 09:30,Alto (> 8 mts),155,Grande,-68.8396310116,-32.8905266638,3,Parque O'Higgins,1531146.02653,1
25799,Olmo comun,02/02/2011 09:29,Alto (> 8 mts),110,Grande,-68.8406202122,-32.9041332681,2,Barrio Civico,2366816.36021,0
9581,Morera,31/01/2011 11:56,Alto (> 8 mts),160,Grande,-68.8511036933,-32.8633055534,6,Residencial Norte,2694682.37982,0
42655,Fresno europeo,26/09/2011 11:54,Muy bajo (1 - 2 mts),4,Chico,-68.8294806984,-32.8775980944,4,Cuarta Este Área Fundacional,1822015.85685,0
12963,Olmo bola,12/01/2011 12:01,Alto (> 8 mts),140,Grande,-68.8442611973,-32.8634041017,4,Cuarta Oeste,1173332.70145,0
37399,Conifera,26/11/2010 11:59,Medio (4 - 8 mts),40,Mediano,-68.8568793527,-32.8725415095,6,Residencial Norte,2694682.37982,0
32254,Morera,09/05/2011 10:36,Medio (4 - 8 mts),110,Grande,-68.8591276855,-32.8847976244,5,Residencial Sur,2423808.92355,0
679,Morera,31/01/2012 17:20,Bajo (2 - 4 mts),48,Mediano,-68.8524970357,-32.9017691095,2,Barrio Civico,2366816.36021,0
3663,Paraiso,26/08/2011 10:58,Medio (4 - 8 mts),195,Grande,-68.8203996353,-32.8691168843,4,Cuarta Este Área Fundacional,1822015.85685,0
31108,Fresno europeo,08/02/2011 12:40,Bajo (2 - 4 mts),50,Mediano,-68.8547864275,-32.8645542291,6,Residencial Norte,2694682.37982,0
24182,Morera,26/01/2011 13:24,Alto (> 8 mts),138,Grande,-68.8449958984,-32.9007823411,2,Barrio Civico,2366816.36021,0
8960,Morera,21/01/2011 09:24,Alto (> 8 mts),50,Mediano,-68.8483177988,-32.867087094,6,Residencial Norte,2694682.37982,0
19553,Morera,26/07/2011 09:55,Alto (> 8 mts),200,Grande,-68.8381345198,-32.8709059787,4,Cuarta Oeste,1173332.70145,1
19109,Morera,27/07/2011 09:02,Medio (4 - 8 mts),80,Grande,-68.841050569,-32.871021077100004,4,Cuarta Oeste,1173332.70145,0
25673,Platano,07/02/2011 09:21,Alto (> 8 mts),185,Grande,-68.8423102739,-32.9022483551,2,Barrio Civico,2366816.36021,0
3231,Paraiso,22/09/2011 08:06,Alto (> 8 mts),86,Grande,-68.821913749,-32.8718918696,4,Cuarta Este Área Fundacional,1822015.85685,0
13133,Paraiso sombrilla,17/02/2011 12:04,Medio (4 - 8 mts),70,Grande,-68.845793974,-32.8649547179,4,Cuarta Oeste,1173332.70145,0
2986,Fresno europeo,16/09/2011 12:08,Bajo (2 - 4 mts),18,Chico,-68.8247032272,-32.8719190382,4,Cuarta Este Área Fundacional,1822015.85685,0
19902,Morera,28/06/2011 14:12,Alto (> 8 mts),180,Grande,-68.8333342921,-32.8623358298,4,Cuarta Oeste,1173332.70145,0
42589,Morera,26/09/2011 10:08,Alto (> 8 mts),148,Grande,-68.8275184248,-32.876712494,4,Cuarta Este Área Fundacional,1822015.85685,1
39672,Morera,21/10/2010 13:32,Alto (> 8 mts),110,Grande,-68.847500671,-32.8691840756,6,Residencial Norte,2694682.37982,0
45469,Morera,19/09/2011 10:55,Medio (4 - 8 mts),45,Mediano,-68.8231666034,-32.8716694867,4,Cuarta Este Área Fundacional,1822015.85685,0
19894,Tilo,29/06/2011 09:27,Medio (4 - 8 mts),48,Mediano,-68.835042694,-32.8635553979,4,Cuarta Oeste,1173332.70145,0
7702,Jacaranda,23/05/2011 13:00,Medio (4 - 8 mts),80,Grande,-68.8514814144,-32.8842002299,1,Parque Central,1655357.93265,0
46447,Morera,17/08/2011 13:21,Medio (4 - 8 mts),70,Grande,-68.832484784,-32.8677489224,4,Cuarta Oeste,1173332.70145,0
29120,Platano,27/04/2011 09:04,Alto (> 8 mts),185,Grande,-68.8447092204,-32.8856074947,1,Parque Central,1655357.93265,0
35309,Morera,23/06/2011 13:33,Medio (4 - 8 mts),110,Grande,-68.8529244919,-32.8825419326,1,Parque Central,1655357.93265,1
38299,Platano,01/12/2010 12:36,Alto (> 8 mts),210,Grande,-68.8468104513,-32.8715668452,6,Residencial Norte,2694682.37982,0
20303,Fresno europeo,16/05/2011 09:55,Alto (> 8 mts),84,Grande,-68.8605351672,-32.8925438344,5,Residencial Sur,2423808.92355,0
18490,Paraiso,07/07/2011 10:42,Alto (> 8 mts),180,Grande,-68.838347794,-32.8737902325,4,Cuarta Oeste,1173332.70145,0
37424,Morera,04/01/2011 10:12,Alto (> 8 mts),95,Grande,-68.8569264629,-32.8706857861,6,Residencial Norte,2694682.37982,0
38315,Paraiso,09/11/2010 11:06,Alto (> 8 mts),160,Grande,-68.8531848636,-32.870232159,6,Residencial Norte,2694682.37982,0
31311,Morera,28/02/2011 10:54,Alto (> 8 mts),160,Grande,-68.8495453949,-32.8650928727,6,Residencial Norte,2694682.37982,0
29603,Olmo comun,03/03/2011 13:19,Alto (> 8 mts),106,Grande,-68.8442863199,-32.8909660694,2,Barrio Civico,2366816.36021,0
9599,Fresno europeo,28/01/2011 10:01,Medio (4 - 8 mts),60,Mediano,-68.8505551716,-32.8639877849,6,Residencial Norte,2694682.37982,0
21562,Morera,08/06/2011 09:39,Medio (4 - 8 mts),85,Grande,-68.8549749215,-32.8950631134,5,Residencial Sur,2423808.92355,0
4274,Morera,26/07/2011 10:51,Medio (4 - 8 mts),96,Grande,-68.837033204,-32.8711851848,4,Cuarta Oeste,1173332.70145,0
14424,Morera,02/12/2011 09:37,Bajo (2 - 4 mts),28,Mediano,-68.8787487338,-32.8684500339,8,Aeroparque,2203364.73622,0
11989,Fresno europeo,14/05/2010 12:33,Medio (4 - 8 mts),68,Grande,-68.8514294914,-32.8678936802,6,Residencial Norte,2694682.37982,0
7511,Jacaranda,15/06/2011 13:12,Bajo (2 - 4 mts),70,Grande,-68.8574739871,-32.8829206286,5,Residencial Sur,2423808.92355,0
25324,Morera,09/02/2011 10:51,Medio (4 - 8 mts),60,Mediano,-68.8395609414,-32.8993869514,2,Barrio Civico,2366816.36021,0
47417,Morera,22/09/2011 10:13,Medio (4 - 8 mts),138,Grande,-68.8277434423,-32.8752878582,4,Cuarta Este Área Fundacional,1822015.85685,0
40317,Fresno europeo,11/04/2011 11:50,Medio (4 - 8 mts),100,Grande,-68.8462188935,-32.8811783529,1,Parque Central,1655357.93265,0
4831,Paraiso,22/07/2011 13:44,Bajo (2 - 4 mts),37,Mediano,-68.8408648544,-32.8659547331,4,Cuarta Oeste,1173332.70145,0
4667,Perenne,15/08/2011 11:13,Bajo (2 - 4 mts),14,Chico,-68.8380673335,-32.8640137686,4,Cuarta Oeste,1173332.70145,0
35330,Acacia SP,23/06/2011 10:27,Medio (4 - 8 mts),100,Grande,-68.8541976368,-32.8828875092,5,Residencial Sur,2423808.92355,0
10185,Fresno europeo,17/12/2010 11:24,Muy bajo (1 - 2 mts),2,Chico,-68.8524088286,-32.8707419592,6,Residencial Norte,2694682.37982,0
2428,Fresno europeo,25/10/2011 08:56,Bajo (2 - 4 mts),20,Chico,-68.8351252474,-32.8910482678,3,Parque O'Higgins,1531146.02653,0
4560,Morera,08/08/2011 14:05,Alto (> 8 mts),80,Grande,-68.8383978631,-32.8646718248,4,Cuarta Oeste,1173332.70145,0
47435,Fresno americano,26/09/2011 09:17,Alto (> 8 mts),143,Grande,-68.8267995856,-32.874356368,4,Cuarta Este Área Fundacional,1822015.85685,0
40470,Platano,11/04/2011 09:53,Alto (> 8 mts),190,Grande,-68.8438583217,-32.8823276112,1,Parque Central,1655357.93265,0
1660,Morera,23/11/2011 08:26,Bajo (2 - 4 mts),32,Mediano,-68.8719119859,-32.8783447987,7,Residencial Parque,1786336.08966,0
32405,Fresno europeo,24/05/2011 13:15,Alto (> 8 mts),140,Grande,-68.8511409663,-32.8888292336,5,Residencial Sur,2423808.92355,0
12626,Morera,17/01/2011 09:38,Alto (> 8 mts),200,Grande,-68.8459305154,-32.8633607024,4,Cuarta Oeste,1173332.70145,0
2758,Fresno europeo,12/10/2011 17:14,Medio (4 - 8 mts),40,Mediano,-68.8352900497,-32.8810871857,1,Parque Central,1655357.93265,0
12281,Paraiso,12/01/2011 11:20,Alto (> 8 mts),215,Grande,-68.8465462083,-32.8674249581,6,Residencial Norte,2694682.37982,0
39808,Tipa,29/04/2011 10:56,Alto (> 8 mts),250,Grande,-68.8472688836,-32.8844405207,1,Parque Central,1655357.93265,0
15263,Alamo blanco,21/11/2011 12:46,Medio (4 - 8 mts),90,Grande,-68.8586228182,-32.8699390377,6,Residencial Norte,2694682.37982,0
22670,Morera,12/05/2011 12:11,Alto (> 8 mts),94,Grande,-68.8537279267,-32.9007100868,5,Residencial Sur,2423808.92355,1
45067,Fresno europeo,31/08/2011 12:21,Alto (> 8 mts),140,Grande,-68.8225125072,-32.8711865861,4,Cuarta Este Área Fundacional,1822015.85685,0
39282,Paraiso,29/12/2010 11:01,Alto (> 8 mts),190,Grande,-68.8557525264,-32.8719642633,6,Residencial Norte,2694682.37982,0
27808,Morera,03/11/2011 09:34,Alto (> 8 mts),95,Grande,-68.8351950321,-32.8944890619,3,Parque O'Higgins,1531146.02653,0
16188,Fresno americano,15/07/2011 12:02,Medio (4 - 8 mts),47,Mediano,-68.8435480571,-32.869635977,4,Cuarta Oeste,1173332.70145,0
17980,Morera,01/08/2011 09:15,Alto (> 8 mts),223,Grande,-68.8398136145,-32.8678445431,4,Cuarta Oeste,1173332.70145,0
31611,Morera,10/06/2011 09:39,Alto (> 8 mts),145,Grande,-68.8609309614,-32.887870987,5,Residencial Sur,2423808.92355,0
5558,Morera,12/04/2011 11:03,Medio (4 - 8 mts),108,Grande,-68.8396411916,-32.8798827177,1,Parque Central,1655357.93265,0
30901,Fresno europeo,17/02/2011 10:44,Medio (4 - 8 mts),65,Grande,-68.8540615267,-32.8665499102,6,Residencial Norte,2694682.37982,0
40079,Morera,20/04/2011 09:20,Medio (4 - 8 mts),170,Grande,-68.8454144418,-32.8781927428,1,Parque Central,1655357.93265,1
16121,Fresno europeo,18/07/2011 12:49,Alto (> 8 mts),102,Grande,-68.8445172272,-32.8730939203,6,Residencial Norte,2694682.37982,0
16045,Aguaribay,15/08/2011 13:23,Medio (4 - 8 mts),80,Grande,-68.8452478999,-32.8709939692,6,Residencial Norte,2694682.37982,1
17736,Paraiso,18/07/2011 09:59,Bajo (2 - 4 mts),140,Grande,-68.8423637409,-32.8671045154,4,Cuarta Oeste,1173332.70145,0
1331,Paraiso sombrilla,29/11/2011 12:07,Medio (4 - 8 mts),68,Grande,-68.8781329903,-32.8653449605,8,Aeroparque,2203364.73622,0
9952,Paraiso,12/11/2010 11:17,Medio (4 - 8 mts),170,Grande,-68.8561586255,-32.8704916237,6,Residencial Norte,2694682.37982,0
9324,Fresno europeo,17/02/2011 10:44,Bajo (2 - 4 mts),40,Mediano,-68.8458796045,-32.8644461564,4,Cuarta Oeste,1173332.70145,0
1901,Acacia SP,17/11/2011 11:14,Muy bajo (1 - 2 mts),2,Chico,-68.8589812231,-32.8693579051,6,Residencial Norte,2694682.37982,1
34158,Morera,10/03/2011 13:03,Alto (> 8 mts),85,Grande,-68.8567883993,-32.8728212913,6,Residencial Norte,2694682.37982,0
11278,Caducifolio,12/01/2011 10:58,Muy bajo (1 - 2 mts),49,Mediano,-68.8464412706,-32.8999804446,2,Barrio Civico,2366816.36021,0
3200,Morera,26/09/2011 08:55,Medio (4 - 8 mts),50,Mediano,-68.8262725226,-32.8745915381,4,Cuarta Este Área Fundacional,1822015.85685,0
47916,Fresno europeo,29/08/2011 12:18,Bajo (2 - 4 mts),32,Mediano,-68.828584166,-32.8710076968,4,Cuarta Este Área Fundacional,1822015.85685,0
23490,Morera,24/01/2011 16:36,Alto (> 8 mts),210,Grande,-68.8489310164,-32.9033060967,2,Barrio Civico,2366816.36021,1
22189,Paraiso,18/05/2011 09:42,Alto (> 8 mts),152,Grande,-68.8563237676,-32.8982788175,5,Residencial Sur,2423808.92355,0
1044,Aguaribay,15/12/2011 18:25,Bajo (2 - 4 mts),80,Grande,-68.88131227,-32.8679647266,8,Aeroparque,2203364.73622,0
7576,Paraiso,23/06/2011 10:26,Medio (4 - 8 mts),110,Grande,-68.8542107155,-32.8829171496,5,Residencial Sur,2423808.92355,0
7960,Morera,23/02/2011 12:49,Muy bajo (1 - 2 mts),11,Chico,-68.8429357384,-32.8885957485,3,Parque O'Higgins,1531146.02653,0
29290,Platano,22/02/2011 13:04,Alto (> 8 mts),220,Grande,-68.8433424086,-32.8877194463,1,Parque Central,1655357.93265,0
41626,Morera,05/05/2011 11:37,Alto (> 8 mts),126,Grande,-68.8367042783,-32.8785285867,1,Parque Central,1655357.93265,0
21590,Fresno europeo,12/05/2011 10:17,Alto (> 8 mts),160,Grande,-68.854653338,-32.8935739722,5,Residencial Sur,2423808.92355,0
16184,Fresno americano,15/07/2011 12:13,Medio (4 - 8 mts),100,Grande,-68.8434610755,-32.8692751002,4,Cuarta Oeste,1173332.70145,0
25853,Morera,03/02/2011 17:39,Medio (4 - 8 mts),98,Grande,-68.840371579,-32.9021118138,2,Barrio Civico,2366816.36021,0
5423,Morera,19/04/2011 09:48,Alto (> 8 mts),180,Grande,-68.8442228547,-32.8786452724,1,Parque Central,1655357.93265,0
46547,Morera,07/09/2011 11:18,Alto (> 8 mts),160,Grande,-68.8329047576,-32.8687379216,4,Cuarta Oeste,1173332.70145,0
7285,Morera,12/05/2011 10:46,Alto (> 8 mts),88,Grande,-68.8542555657,-32.9016211809,5,Residencial Sur,2423808.92355,0
7008,Paraiso sombrilla,10/06/2011 11:06,Medio (4 - 8 mts),85,Grande,-68.8546292386,-32.8977198009,5,Residencial Sur,2423808.92355,0
3193,Ailanthus,23/09/2011 09:10,Alto (> 8 mts),130,Grande,-68.8278677498,-32.8753405548,4,Cuarta Este Área Fundacional,1822015.85685,0
723,Paraiso,17/12/2011 09:26,Bajo (2 - 4 mts),45,Mediano,-68.8814215228,-32.8726969235,8,Aeroparque,2203364.73622,0
44070,Fresno americano,14/10/2011 11:35,Medio (4 - 8 mts),60,Mediano,-68.8304449283,-32.8850672507,3,Parque O'Higgins,1531146.02653,0
10237,Liquidambar,10/12/2010 10:53,Bajo (2 - 4 mts),45,Mediano,-68.8494996057,-32.8718137364,6,Residencial Norte,2694682.37982,0
29681,Platano,02/03/2011 19:12,Alto (> 8 mts),116,Grande,-68.8404962275,-32.8944687953,2,Barrio Civico,2366816.36021,0
22904,Fresno europeo,19/05/2011 16:18,Alto (> 8 mts),92,Grande,-68.8544881062,-32.8994866173,5,Residencial Sur,2423808.92355,0
33873,Acacia visco,13/05/2011 11:47,Alto (> 8 mts),170,Grande,-68.8550676454,-32.8860884468,5,Residencial Sur,2423808.92355,0
39791,Morera,14/07/2011 10:25,Alto (> 8 mts),127,Grande,-68.8503938444,-32.8840025126,1,Parque Central,1655357.93265,1
18387,Morera,02/08/2011 15:12,Alto (> 8 mts),155,Grande,-68.8391015119,-32.8694858854,4,Cuarta Oeste,1173332.70145,0
37319,Morera,16/03/2011 13:40,Medio (4 - 8 mts),40,Mediano,-68.858069523,-32.8746537315,6,Residencial Norte,2694682.37982,0
17436,Morera,29/07/2011 10:12,Alto (> 8 mts),95,Grande,-68.8348160954,-32.8674989168,4,Cuarta Oeste,1173332.70145,0
42885,Morera,03/10/2011 08:43,Alto (> 8 mts),129,Grande,-68.8331584262,-32.8765011624,4,Cuarta Este Área Fundacional,1822015.85685,0
11525,Acer,23/02/2011 09:40,Alto (> 8 mts),120,Grande,-68.8534976997,-32.8661710406,6,Residencial Norte,2694682.37982,0
18852,Paraiso,08/08/2011 10:09,Bajo (2 - 4 mts),20,Chico,-68.8396282113,-32.8702327138,4,Cuarta Oeste,1173332.70145,0
16424,Morera,02/08/2011 09:40,Alto (> 8 mts),200,Grande,-68.8344753773,-32.8661690077,4,Cuarta Oeste,1173332.70145,1
37855,Fresno europeo,24/11/2010 10:32,Medio (4 - 8 mts),100,Grande,-68.8524672625,-32.8729053569,6,Residencial Norte,2694682.37982,0
7468,Paraiso,17/06/2011 07:48,Alto (> 8 mts),98,Grande,-68.8623896115,-32.9001898862,5,Residencial Sur,2423808.92355,0
1126,Acer,01/12/2011 08:16,Alto (> 8 mts),100,Grande,-68.8758148771,-32.8667517424,8,Aeroparque,2203364.73622,0
37759,Fresno europeo,22/02/2012 08:09,Muy bajo (1 - 2 mts),3,Chico,-68.848639554,-32.8730716883,6,Residencial Norte,2694682.37982,0
15229,Paraiso,16/11/2011 12:37,Bajo (2 - 4 mts),32,Mediano,-68.8601895576,-32.868624527,6,Residencial Norte,2694682.37982,0
15717,Paraiso,15/11/2011 11:57,Medio (4 - 8 mts),90,Grande,-68.8609486456,-32.8690869732,7,Residencial Parque,1786336.08966,0
45403,Morera,15/09/2011 16:10,Alto (> 8 mts),132,Grande,-68.8258445964,-32.8714775572,4,Cuarta Este Área Fundacional,1822015.85685,1
41805,Paraiso,26/04/2011 12:30,Alto (> 8 mts),240,Grande,-68.8426244543,-32.8776827969,1,Parque Central,1655357.93265,0
41197,Morera,18/04/2011 09:09,Medio (4 - 8 mts),34,Mediano,-68.8379560023,-32.8811686419,1,Parque Central,1655357.93265,0
47934,Olmo comun,31/08/2011 11:34,Medio (4 - 8 mts),112,Grande,-68.8275171987,-32.870227061,4,Cuarta Este Área Fundacional,1822015.85685,0
23840,Morera,28/01/2011 13:24,Alto (> 8 mts),180,Grande,-68.8512769413,-32.9012471862,2,Barrio Civico,2366816.36021,1
13366,Fresno europeo,11/01/2011 10:17,Alto (> 8 mts),185,Grande,-68.8447414921,-32.866098514,4,Cuarta Oeste,1173332.70145,0
16234,Morera,20/07/2011 10:01,Alto (> 8 mts),93,Grande,-68.8425690376,-32.8656872194,4,Cuarta Oeste,1173332.70145,0
2474,Fresno europeo,25/10/2011 09:51,Bajo (2 - 4 mts),28,Mediano,-68.8356897665,-32.8926818372,3,Parque O'Higgins,1531146.02653,0
12788,Fresno americano,21/01/2011 13:36,Alto (> 8 mts),110,Grande,-68.8479956203,-32.8635473376,4,Cuarta Oeste,1173332.70145,0
36610,Morera,15/06/2011 10:09,Bajo (2 - 4 mts),26,Mediano,-68.8575535913,-32.8829120604,7,Residencial Parque,1786336.08966,0
8945,Fresno europeo,20/01/2011 13:28,Muy bajo (1 - 2 mts),5,Chico,-68.84819221,-32.8685216319,6,Residencial Norte,2694682.37982,0
43614,Platano,13/10/2011 08:25,Alto (> 8 mts),175,Grande,-68.833856418,-32.8830171431,3,Parque O'Higgins,1531146.02653,0
15981,Perenne,10/08/2011 10:35,Bajo (2 - 4 mts),100,Grande,-68.8438145419,-32.8721928837,4,Cuarta Oeste,1173332.70145,0
25970,Prunas,31/01/2011 13:00,Medio (4 - 8 mts),48,Mediano,-68.8393027057,-32.9032952648,2,Barrio Civico,2366816.36021,0
951,Morera,10/01/2012 12:42,Medio (4 - 8 mts),80,Grande,-68.8476529814,-32.872814277,6,Residencial Norte,2694682.37982,0
6551,Fresno europeo,23/05/2011 10:17,Medio (4 - 8 mts),56,Mediano,-68.8569580215,-32.8912145382,5,Residencial Sur,2423808.92355,0
6243,Jacaranda,13/07/2011 11:59,Bajo (2 - 4 mts),27,Mediano,-68.853918443,-32.8856585463,5,Residencial Sur,2423808.92355,0
30268,Fresno europeo,04/03/2011 13:16,Bajo (2 - 4 mts),40,Mediano,-68.8415138722,-32.8891661592,3,Parque O'Higgins,1531146.02653,0
16446,Morera,16/08/2011 09:09,Alto (> 8 mts),145,Grande,-68.8417654235,-32.864387764600004,4,Cuarta Oeste,1173332.70145,0
479,Paraiso,07/03/2012 10:46,Medio (4 - 8 mts),110,Grande,-68.8227185167,-32.8683589349,4,Cuarta Este Área Fundacional,1822015.85685,0
20571,Paraiso,30/05/2011 14:02,Medio (4 - 8 mts),120,Grande,-68.8623856092,-32.8980095914,5,Residencial Sur,2423808.92355,1
21756,Morera,23/05/2011 10:20,Bajo (2 - 4 mts),37,Mediano,-68.8572884338,-32.8948363281,5,Residencial Sur,2423808.92355,0
47892,Fresno europeo,21/09/2011 13:33,Medio (4 - 8 mts),90,Grande,-68.8303842283,-32.8730331313,4,Cuarta Este Área Fundacional,1822015.85685,0
8215,Olmo comun,03/03/2011 19:57,Alto (> 8 mts),118,Grande,-68.8415601227,-32.89339781,2,Barrio Civico,2366816.36021,0
45226,Morera,30/09/2011 10:45,Alto (> 8 mts),125,Grande,-68.8222145841,-32.8732334586,4,Cuarta Este Área Fundacional,1822015.85685,0
36066,Fresno europeo,18/03/2011 11:45,Bajo (2 - 4 mts),13,Chico,-68.8567701949,-32.8758648087,6,Residencial Norte,2694682.37982,0
4906,Morera,20/07/2011 10:52,Alto (> 8 mts),160,Grande,-68.8434369534,-32.8655721711,4,Cuarta Oeste,1173332.70145,0
28265,Morera,28/02/2011 16:07,Medio (4 - 8 mts),98,Grande,-68.8492451522,-32.8932803095,2,Barrio Civico,2366816.36021,1
19660,Morera,13/07/2011 09:40,Alto (> 8 mts),140,Grande,-68.8353406989,-32.870163394,4,Cuarta Oeste,1173332.70145,0
30275,Platano,04/03/2011 13:00,Alto (> 8 mts),228,Grande,-68.8417423058,-32.8896613185,3,Parque O'Higgins,1531146.02653,0
28766,Olmo comun,20/04/2011 10:43,Alto (> 8 mts),280,Grande,-68.8487902787,-32.8859222267,1,Parque Central,1655357.93265,0
105,Platano,29/02/2012 10:14,Medio (4 - 8 mts),180,Grande,-68.8566932262,-32.9017201088,5,Residencial Sur,2423808.92355,0
37651,Morera,29/02/2012 08:19,Medio (4 - 8 mts),100,Grande,-68.8529230787,-32.8724321219,6,Residencial Norte,2694682.37982,0
6916,Platano,10/06/2011 11:09,Alto (> 8 mts),280,Grande,-68.8542135274,-32.8960831747,5,Residencial Sur,2423808.92355,0
22264,Morera,15/06/2011 08:04,Alto (> 8 mts),190,Grande,-68.8567738994,-32.8976278499,5,Residencial Sur,2423808.92355,0
22267,Fresno europeo,14/06/2011 11:56,Alto (> 8 mts),82,Grande,-68.8567946161,-32.8978126345,5,Residencial Sur,2423808.92355,1
41554,Paraiso,06/05/2011 10:11,Medio (4 - 8 mts),89,Grande,-68.8403201009,-32.8797284672,1,Parque Central,1655357.93265,0
35148,Fresno europeo,23/03/2011 13:03,Alto (> 8 mts),88,Grande,-68.8537073132,-32.8809544285,6,Residencial Norte,2694682.37982,1
40862,Fresno americano,08/04/2011 09:50,Medio (4 - 8 mts),122,Grande,-68.8398996677,-32.8849417524,1,Parque Central,1655357.93265,0
41280,Morera,11/04/2011 13:19,Alto (> 8 mts),180,Grande,-68.8400777049,-32.8809566797,1,Parque Central,1655357.93265,1
18072,Paraiso,02/08/2011 08:03,Alto (> 8 mts),180,Grande,-68.8396558356,-32.8682418079,4,Cuarta Oeste,1173332.70145,1
19666,Morera,12/07/2011 10:50,Alto (> 8 mts),70,Grande,-68.8354795405,-32.8706020706,4,Cuarta Oeste,1173332.70145,0
37299,Acacia SP,17/03/2011 09:53,Alto (> 8 mts),135,Grande,-68.857841412,-32.8756635022,6,Residencial Norte,2694682.37982,0
23307,Paraiso sombrilla,18/01/2012 16:49,Bajo (2 - 4 mts),80,Grande,-68.8524588555,-32.9006791782,2,Barrio Civico,2366816.36021,0
29186,Fresno europeo,25/02/2011 18:40,Alto (> 8 mts),220,Grande,-68.8465637363,-32.8875668161,1,Parque Central,1655357.93265,0
11450,Paraiso,07/01/2011 11:37,Alto (> 8 mts),170,Grande,-68.8433745932,-32.8636549764,4,Cuarta Oeste,1173332.70145,0
20550,Fresno europeo,03/06/2011 13:32,Medio (4 - 8 mts),65,Grande,-68.8584795149,-32.8969807305,5,Residencial Sur,2423808.92355,0
43796,Paraiso sombrilla,18/10/2011 16:45,Bajo (2 - 4 mts),40,Mediano,-68.8324064762,-32.8823953853,3,Parque O'Higgins,1531146.02653,0
25266,Morera,08/02/2011 10:21,Alto (> 8 mts),128,Grande,-68.838733722,-32.8993518935,2,Barrio Civico,2366816.36021,0
19437,Perenne,09/08/2011 09:32,Alto (> 8 mts),100,Grande,-68.8397043609,-32.8719736222,4,Cuarta Oeste,1173332.70145,0
44980,Fresno europeo,29/08/2011 09:19,Bajo (2 - 4 mts),29,Mediano,-68.8243982039,-32.8691245484,4,Cuarta Este Área Fundacional,1822015.85685,0
12822,Morera,20/01/2011 12:21,Medio (4 - 8 mts),100,Grande,-68.8470693663,-32.863554407,4,Cuarta Oeste,1173332.70145,0
44993,Morera,26/08/2011 12:26,Medio (4 - 8 mts),200,Grande,-68.8251281763,-32.8687514481,4,Cuarta Este Área Fundacional,1822015.85685,1
23979,Morera,14/01/2011 18:06,Alto (> 8 mts),200,Grande,-68.8452697528,-32.8998029724,2,Barrio Civico,2366816.36021,0
45391,Morera,16/09/2011 09:16,Alto (> 8 mts),130,Grande,-68.8246572908,-32.8714391843,4,Cuarta Este Área Fundacional,1822015.85685,0
28173,Tipa,23/02/2011 14:39,Alto (> 8 mts),146,Grande,-68.8481487658,-32.8913642415,2,Barrio Civico,2366816.36021,0
29313,Fresno americano,22/02/2011 10:22,Alto (> 8 mts),112,Grande,-68.8437015174,-32.8886357873,2,Barrio Civico,2366816.36021,0
33437,Acacia SP,15/06/2011 13:39,Medio (4 - 8 mts),50,Mediano,-68.8560076782,-32.8891813446,5,Residencial Sur,2423808.92355,0
19213,Morera,06/07/2011 09:23,Alto (> 8 mts),180,Grande,-68.8387219022,-32.8726237062,4,Cuarta Oeste,1173332.70145,0
8669,Morera,02/02/2011 09:04,Bajo (2 - 4 mts),20,Chico,-68.8407747951,-32.9036620276,2,Barrio Civico,2366816.36021,0
2412,Fresno americano,20/10/2011 10:43,Medio (4 - 8 mts),74,Grande,-68.8314626639,-32.8878304064,3,Parque O'Higgins,1531146.02653,0
32154,Morera,10/05/2011 11:06,Alto (> 8 mts),180,Grande,-68.859193702,-32.8858912443,5,Residencial Sur,2423808.92355,0
7749,Acacia visco,18/05/2011 11:31,Medio (4 - 8 mts),100,Grande,-68.8510798808,-32.8871111996,5,Residencial Sur,2423808.92355,0
16843,Paraiso,05/08/2011 14:08,Alto (> 8 mts),193,Grande,-68.8394159223,-32.8641747661,4,Cuarta Oeste,1173332.70145,0
4146,Fresno europeo,04/10/2011 10:18,Muy bajo (1 - 2 mts),8,Chico,-68.8279730613,-32.8783339494,4,Cuarta Este Área Fundacional,1822015.85685,0
47251,Morera,16/09/2011 10:56,Alto (> 8 mts),148,Grande,-68.8323958287,-32.8739709433,4,Cuarta Este Área Fundacional,1822015.85685,0
26414,Fresno europeo,28/10/2011 09:25,Alto (> 8 mts),250,Grande,-68.8339804289,-32.8887586094,3,Parque O'Higgins,1531146.02653,0
13802,Morera,26/01/2011 13:06,Alto (> 8 mts),124,Grande,-68.8492252777,-32.8640533412,6,Residencial Norte,2694682.37982,0
9585,Morera,31/01/2011 11:28,Alto (> 8 mts),240,Grande,-68.8512639665,-32.8635115597,6,Residencial Norte,2694682.37982,0
16997,Fresno europeo,15/08/2011 11:12,Alto (> 8 mts),180,Grande,-68.8373941908,-32.8645060524,4,Cuarta Oeste,1173332.70145,0
43875,Morera,11/10/2011 10:00,Alto (> 8 mts),200,Grande,-68.8339366952,-32.8843232608,3,Parque O'Higgins,1531146.02653,0
42343,Platano,05/10/2011 11:29,Alto (> 8 mts),220,Grande,-68.8352376146,-32.876273406,1,Parque Central,1655357.93265,0
45353,Morera,16/09/2011 08:52,Medio (4 - 8 mts),40,Mediano,-68.8240789472,-32.8733427648,4,Cuarta Este Área Fundacional,1822015.85685,0
30485,Platano,17/02/2011 09:48,Alto (> 8 mts),260,Grande,-68.8394562744,-32.8884401995,3,Parque O'Higgins,1531146.02653,1
48409,Morera,01/09/2011 10:21,Medio (4 - 8 mts),108,Grande,-68.8300171504,-32.8686569364,4,Cuarta Este Área Fundacional,1822015.85685,0
14560,Perenne,15/12/2011 08:07,Bajo (2 - 4 mts),80,Grande,-68.8791608375,-32.8670249038,8,Aeroparque,2203364.73622,0
47018,Morera,15/09/2011 12:51,Alto (> 8 mts),190,Grande,-68.8306427217,-32.8727699606,4,Cuarta Este Área Fundacional,1822015.85685,1
47110,Morera,20/09/2011 12:09,Alto (> 8 mts),200,Grande,-68.8321304378,-32.8735132655,4,Cuarta Este Área Fundacional,1822015.85685,0
30564,Fresno europeo,09/02/2011 10:37,Medio (4 - 8 mts),52,Mediano,-68.8572452697,-32.8662009956,6,Residencial Norte,2694682.37982,0
37388,Paraiso,26/11/2010 13:09,Alto (> 8 mts),100,Grande,-68.8570322022,-32.8718437728,6,Residencial Norte,2694682.37982,0
44421,Fresno europeo,18/10/2011 10:53,Medio (4 - 8 mts),130,Grande,-68.8367504636,-32.8842722325,3,Parque O'Higgins,1531146.02653,0
41695,Morera,27/04/2011 14:03,Medio (4 - 8 mts),54,Mediano,-68.8385813842,-32.8775589818,1,Parque Central,1655357.93265,0
26016,Acacia SP,09/11/2011 17:18,Bajo (2 - 4 mts),46,Mediano,-68.8325967017,-32.8866540614,3,Parque O'Higgins,1531146.02653,0
19171,Morera,18/07/2011 10:29,Alto (> 8 mts),135,Grande,-68.8407055655,-32.8731636945,4,Cuarta Oeste,1173332.70145,0
41982,Olmo bola,25/04/2011 12:04,Alto (> 8 mts),160,Grande,-68.8372905342,-32.8799022522,1,Parque Central,1655357.93265,0
33065,Morera,18/05/2011 10:28,Alto (> 8 mts),167,Grande,-68.8531295438,-32.8879959697,5,Residencial Sur,2423808.92355,0
19870,Morera,29/06/2011 13:34,Alto (> 8 mts),96,Grande,-68.8341507579,-32.8623739916,4,Cuarta Oeste,1173332.70145,1
2727,Morera,14/10/2011 11:30,Alto (> 8 mts),190,Grande,-68.8311666888,-32.885146246,3,Parque O'Higgins,1531146.02653,1
34439,Morera,09/03/2011 12:47,Medio (4 - 8 mts),150,Grande,-68.8501878463,-32.8739469898,6,Residencial Norte,2694682.37982,0
6642,Morera,12/05/2011 09:59,Alto (> 8 mts),115,Grande,-68.8567995346,-32.8922540711,5,Residencial Sur,2423808.92355,1
34421,Fresno europeo,10/03/2011 09:12,Medio (4 - 8 mts),130,Grande,-68.8510755449,-32.8743549843,6,Residencial Norte,2694682.37982,0
8677,Fresno americano,02/02/2011 10:53,Medio (4 - 8 mts),50,Mediano,-68.8393635111,-32.9031681713,2,Barrio Civico,2366816.36021,0
22871,Platano,10/05/2011 10:03,Alto (> 8 mts),192,Grande,-68.8559234534,-32.9013740834,5,Residencial Sur,2423808.92355,0
41230,Morera,15/04/2011 12:59,Alto (> 8 mts),120,Grande,-68.838426808,-32.8814792529,1,Parque Central,1655357.93265,0
4461,Morera,03/08/2011 09:06,Alto (> 8 mts),130,Grande,-68.8377809694,-32.8685852447,4,Cuarta Oeste,1173332.70145,0
35599,Morera,17/03/2011 11:42,Muy bajo (1 - 2 mts),6,Chico,-68.8568470114,-32.874752531,6,Residencial Norte,2694682.37982,0
22253,Fresno europeo,14/06/2011 10:29,Alto (> 8 mts),104,Grande,-68.8563869518,-32.8970002973,5,Residencial Sur,2423808.92355,0
38287,Platano,01/12/2010 12:10,Alto (> 8 mts),260,Grande,-68.8459941993,-32.8712690052,6,Residencial Norte,2694682.37982,0
46325,Morera,27/09/2011 13:26,Alto (> 8 mts),185,Grande,-68.8235245234,-32.8738103234,4,Cuarta Este Área Fundacional,1822015.85685,1
41157,Morera,18/04/2011 11:40,Alto (> 8 mts),151,Grande,-68.8379622115,-32.8802815646,1,Parque Central,1655357.93265,0
43410,Fresno europeo,27/10/2011 13:00,Bajo (2 - 4 mts),42,Mediano,-68.8310775639,-32.881076315,3,Parque O'Higgins,1531146.02653,0
608,Acer,08/03/2012 08:15,Bajo (2 - 4 mts),18,Chico,-68.8193167519,-32.8679830369,4,Cuarta Este Área Fundacional,1822015.85685,0
2601,Fresno europeo,27/10/2011 17:21,Medio (4 - 8 mts),70,Grande,-68.829972417,-32.8813748819,3,Parque O'Higgins,1531146.02653,0
48048,Morera,27/09/2011 11:46,Alto (> 8 mts),160,Grande,-68.8255305218,-32.8665333105,4,Cuarta Este Área Fundacional,1822015.85685,0
14735,Caducifolio,05/12/2011 12:08,Muy bajo (1 - 2 mts),4,Chico,-68.8788695251,-32.8698986573,8,Aeroparque,2203364.73622,0
17696,Morera,14/07/2011 13:07,Alto (> 8 mts),245,Grande,-68.8421605827,-32.8702661415,4,Cuarta Oeste,1173332.70145,0
15253,Acacia SP,18/11/2011 17:04,Alto (> 8 mts),140,Grande,-68.8591695181,-32.8709815625,6,Residencial Norte,2694682.37982,0
32269,Platano,28/06/2011 10:49,Alto (> 8 mts),180,Grande,-68.8511460284,-32.8917906031,5,Residencial Sur,2423808.92355,0
24305,Paraiso,27/01/2011 13:41,Alto (> 8 mts),180,Grande,-68.843846854,-32.9019376245,2,Barrio Civico,2366816.36021,0
45686,Fresno europeo,26/08/2011 11:08,Alto (> 8 mts),110,Grande,-68.8229284815,-32.8699468956,4,Cuarta Este Área Fundacional,1822015.85685,0
8537,Morera,17/02/2011 10:33,Alto (> 8 mts),65,Grande,-68.8405303319,-32.8992271469,2,Barrio Civico,2366816.36021,0
14153,Morera,30/11/2011 10:58,Medio (4 - 8 mts),40,Mediano,-68.8763591721,-32.867447899,8,Aeroparque,2203364.73622,0
17867,Morera,01/08/2011 13:49,Alto (> 8 mts),155,Grande,-68.8369914721,-32.8662163142,4,Cuarta Oeste,1173332.70145,0
19127,Ailanthus,26/07/2011 11:41,Alto (> 8 mts),140,Grande,-68.8419259147,-32.8716063038,4,Cuarta Oeste,1173332.70145,0
7109,Paraiso,31/05/2011 12:08,Medio (4 - 8 mts),140,Grande,-68.861208432,-32.898020042,5,Residencial Sur,2423808.92355,0
14638,Acacia SP,12/12/2011 12:37,Medio (4 - 8 mts),40,Mediano,-68.8793491446,-32.8655346568,8,Aeroparque,2203364.73622,0
19635,Perenne,13/07/2011 10:39,Medio (4 - 8 mts),78,Grande,-68.8344586196,-32.869955291,4,Cuarta Oeste,1173332.70145,0
13528,Morera,01/02/2011 12:17,Medio (4 - 8 mts),110,Grande,-68.8513195365,-32.8647250859,6,Residencial Norte,2694682.37982,1
5682,Olmo bola,03/05/2011 12:24,Alto (> 8 mts),85,Grande,-68.8383796369,-32.8762897637,1,Parque Central,1655357.93265,0
5146,Morera,08/08/2011 10:42,Alto (> 8 mts),140,Grande,-68.8435203633,-32.8700342776,4,Cuarta Oeste,1173332.70145,0
6286,Morera,29/06/2011 10:21,Alto (> 8 mts),120,Grande,-68.8602575927,-32.8897829271,5,Residencial Sur,2423808.92355,0
41343,Platano,19/04/2011 10:19,Alto (> 8 mts),158,Grande,-68.8400790936,-32.8826826114,1,Parque Central,1655357.93265,0
43025,Acacia SP,05/10/2011 08:35,Medio (4 - 8 mts),104,Grande,-68.832326902,-32.8778340659,4,Cuarta Este Área Fundacional,1822015.85685,0
32867,Palo borracho,10/06/2011 10:55,Muy bajo (1 - 2 mts),6,Chico,-68.8498912744,-32.8853902021,1,Parque Central,1655357.93265,0
40146,Morera,14/04/2011 12:15,Alto (> 8 mts),150,Grande,-68.8434649803,-32.879456941,1,Parque Central,1655357.93265,1
10990,Morera,23/03/2011 12:42,Alto (> 8 mts),190,Grande,-68.8551268143,-32.8810104006,6,Residencial Norte,2694682.37982,1
27940,Fresno europeo,03/11/2011 11:06,Alto (> 8 mts),132,Grande,-68.8376308082,-32.8933053527,3,Parque O'Higgins,1531146.02653,0
27394,Platano,21/10/2011 10:25,Alto (> 8 mts),116,Grande,-68.8354518433,-32.8876979556,3,Parque O'Higgins,1531146.02653,1
20538,Fresno europeo,03/06/2011 09:04,Muy bajo (1 - 2 mts),6,Chico,-68.8593478219,-32.8971136276,5,Residencial Sur,2423808.92355,0
18886,Morera,26/07/2011 10:27,Alto (> 8 mts),185,Grande,-68.8399052392,-32.8706440429,4,Cuarta Oeste,1173332.70145,0
3336,Platano,05/10/2011 11:17,Alto (> 8 mts),140,Grande,-68.8295872378,-32.8797040757,4,Cuarta Este Área Fundacional,1822015.85685,0
46199,Acer,28/09/2011 11:18,Medio (4 - 8 mts),100,Grande,-68.8253685117,-32.8750537317,4,Cuarta Este Área Fundacional,1822015.85685,0
7138,Paraiso,15/06/2011 09:32,Alto (> 8 mts),120,Grande,-68.8529865549,-32.898276612,5,Residencial Sur,2423808.92355,0
4984,Jacaranda,28/06/2011 13:07,Medio (4 - 8 mts),32,Mediano,-68.8335456293,-32.8635547821,4,Cuarta Oeste,1173332.70145,0
47935,Morera,31/08/2011 11:29,Medio (4 - 8 mts),156,Grande,-68.8275766874,-32.8701528624,4,Cuarta Este Área Fundacional,1822015.85685,0
6765,Fresno europeo,23/05/2011 11:15,Muy bajo (1 - 2 mts),10,Chico,-68.8572215777,-32.894496701,5,Residencial Sur,2423808.92355,0
12328,Morera,13/01/2011 11:40,Alto (> 8 mts),150,Grande,-68.847237101,-32.8674678091,6,Residencial Norte,2694682.37982,0
28108,Morera,14/03/2011 16:45,Alto (> 8 mts),108,Grande,-68.8474424653,-32.8924675029,2,Barrio Civico,2366816.36021,1
40517,Platano,12/04/2011 10:22,Alto (> 8 mts),180,Grande,-68.844112974,-32.8833064456,1,Parque Central,1655357.93265,0
6674,Fresno europeo,10/05/2011 12:18,Alto (> 8 mts),120,Grande,-68.853330368,-32.8947575743,5,Residencial Sur,2423808.92355,0
17231,Jacaranda,12/08/2011 09:32,Alto (> 8 mts),70,Grande,-68.8356242448,-32.8646872218,4,Cuarta Oeste,1173332.70145,0
10686,Morera,29/03/2011 13:20,Medio (4 - 8 mts),120,Grande,-68.8501189238,-32.8760265729,6,Residencial Norte,2694682.37982,0
44340,Platano,18/10/2011 11:27,Alto (> 8 mts),190,Grande,-68.835362316,-32.8830652453,3,Parque O'Higgins,1531146.02653,0
423,Prunas,06/03/2012 12:17,Bajo (2 - 4 mts),36,Mediano,-68.8175928977,-32.8674337091,4,Cuarta Este Área Fundacional,1822015.85685,0
14602,Aguaribay,13/12/2011 13:00,Medio (4 - 8 mts),180,Grande,-68.8800776582,-32.8655371255,8,Aeroparque,2203364.73622,0
19240,Morera,03/08/2011 12:50,Alto (> 8 mts),180,Grande,-68.8372836645,-32.8699167081,4,Cuarta Oeste,1173332.70145,0
18826,Morera,09/08/2011 11:35,Alto (> 8 mts),180,Grande,-68.8357493047,-32.8689960567,4,Cuarta Oeste,1173332.70145,0
14426,Aguaribay,02/12/2011 09:33,Medio (4 - 8 mts),86,Grande,-68.8785937882,-32.8684784656,8,Aeroparque,2203364.73622,0
19608,Morera,11/07/2011 09:30,Alto (> 8 mts),98,Grande,-68.8370006498,-32.871595204,4,Cuarta Oeste,1173332.70145,1
40912,Platano,18/04/2011 18:46,Alto (> 8 mts),92,Grande,-68.8383430729,-32.8861633462,3,Parque O'Higgins,1531146.02653,0
38919,Fresno europeo,28/10/2010 10:10,Medio (4 - 8 mts),65,Grande,-68.8479203725,-32.870215658,6,Residencial Norte,2694682.37982,0
46580,Morera,07/09/2011 08:41,Alto (> 8 mts),105,Grande,-68.8328971849,-32.8695151756,4,Cuarta Oeste,1173332.70145,1
37483,Morera,15/11/2010 11:54,Alto (> 8 mts),80,Grande,-68.8570394494,-32.8704571554,6,Residencial Norte,2694682.37982,0
11390,Caducifolio,26/01/2011 14:34,Medio (4 - 8 mts),76,Grande,-68.8502247766,-32.8997682513,2,Barrio Civico,2366816.36021,1
28195,Morera,14/03/2011 17:51,Medio (4 - 8 mts),46,Mediano,-68.8469361734,-32.8933860222,2,Barrio Civico,2366816.36021,0
2545,Morera,17/10/2011 09:22,Bajo (2 - 4 mts),40,Mediano,-68.8326668494,-32.885477538400004,3,Parque O'Higgins,1531146.02653,0
24327,Jacaranda,26/01/2011 13:23,Alto (> 8 mts),70,Grande,-68.8439197008,-32.9020564869,2,Barrio Civico,2366816.36021,0
29886,Fresno europeo,11/03/2011 12:22,Bajo (2 - 4 mts),12,Chico,-68.8412990235,-32.8915125405,2,Barrio Civico,2366816.36021,0
12317,Paraiso,12/01/2011 13:55,Alto (> 8 mts),170,Grande,-68.8467489266,-32.8667293326,6,Residencial Norte,2694682.37982,0
28815,Morera,28/04/2011 12:56,Alto (> 8 mts),130,Grande,-68.8474869351,-32.885475118,1,Parque Central,1655357.93265,1
7213,Paraiso,28/06/2011 09:12,Alto (> 8 mts),150,Grande,-68.861333181,-32.8981475992,5,Residencial Sur,2423808.92355,0
39205,Fresno europeo,26/11/2010 11:49,Bajo (2 - 4 mts),60,Mediano,-68.8546576963,-32.872273756,6,Residencial Norte,2694682.37982,0
20935,Morera,30/05/2011 09:34,Alto (> 8 mts),140,Grande,-68.8620617163,-32.8955522171,5,Residencial Sur,2423808.92355,1
7383,Fresno europeo,22/06/2011 08:06,Muy bajo (1 - 2 mts),8,Chico,-68.8628038694,-32.9004733955,5,Residencial Sur,2423808.92355,0
28036,Morera,16/03/2011 18:58,Alto (> 8 mts),70,Grande,-68.8466668858,-32.8929936226,2,Barrio Civico,2366816.36021,1
21494,Fresno americano,11/05/2011 10:40,Alto (> 8 mts),140,Grande,-68.8573703308,-32.8929607235,5,Residencial Sur,2423808.92355,0
22938,Paraiso,19/05/2011 15:37,Alto (> 8 mts),92,Grande,-68.8550621054,-32.9004520213,5,Residencial Sur,2423808.92355,0
30137,Fresno europeo,16/03/2011 12:10,Muy bajo (1 - 2 mts),10,Chico,-68.8406365361,-32.8915115204,2,Barrio Civico,2366816.36021,0
43972,Morera,14/10/2011 11:52,Alto (> 8 mts),105,Grande,-68.8339829617,-32.8850718169,3,Parque O'Higgins,1531146.02653,0
14848,Paraiso,19/12/2011 08:02,Medio (4 - 8 mts),72,Grande,-68.8803696574,-32.8712855028,8,Aeroparque,2203364.73622,0
46791,Morera,07/09/2011 11:04,Medio (4 - 8 mts),189,Grande,-68.832066566,-32.8720687394,4,Cuarta Este Área Fundacional,1822015.85685,0
10134,Morera,28/12/2010 12:19,Muy bajo (1 - 2 mts),10,Chico,-68.8557554208,-32.8710055708,6,Residencial Norte,2694682.37982,0
36853,Fresno europeo,28/03/2011 16:37,Medio (4 - 8 mts),28,Mediano,-68.8573722096,-32.8795798824,7,Residencial Parque,1786336.08966,0
21351,Paraiso,09/05/2011 09:12,Medio (4 - 8 mts),68,Grande,-68.853233667,-32.8932923579,5,Residencial Sur,2423808.92355,0
26379,Platano,25/10/2011 09:49,Alto (> 8 mts),190,Grande,-68.8338080679,-32.889900141,3,Parque O'Higgins,1531146.02653,0
12410,Paraiso,21/01/2011 14:18,Alto (> 8 mts),94,Grande,-68.8484107002,-32.8673373945,6,Residencial Norte,2694682.37982,0
9100,Paraiso sombrilla,17/02/2011 10:11,Medio (4 - 8 mts),60,Mediano,-68.8539763216,-32.8661591396,6,Residencial Norte,2694682.37982,0
18048,Fresno europeo,01/08/2011 09:31,Alto (> 8 mts),138,Grande,-68.8409233215,-32.8685142915,4,Cuarta Oeste,1173332.70145,0
23650,Morera,20/01/2011 19:46,Medio (4 - 8 mts),110,Grande,-68.8483980719,-32.8997910249,2,Barrio Civico,2366816.36021,0
17582,Paraiso,28/07/2011 09:24,Medio (4 - 8 mts),110,Grande,-68.8401429097,-32.8664180323,4,Cuarta Oeste,1173332.70145,0
39167,Morera,24/11/2010 13:42,Alto (> 8 mts),160,Grande,-68.853154835,-32.8726595526,6,Residencial Norte,2694682.37982,0
42385,Morera,29/09/2011 11:40,Medio (4 - 8 mts),100,Grande,-68.8336577453,-32.8762725773,4,Cuarta Este Área Fundacional,1822015.85685,0
17950,Platano,02/08/2011 13:44,Alto (> 8 mts),160,Grande,-68.8379193257,-32.8674399473,4,Cuarta Oeste,1173332.70145,0
39111,Morera,16/01/2012 13:13,Medio (4 - 8 mts),100,Grande,-68.8530643984,-32.8724245551,6,Residencial Norte,2694682.37982,1
47482,Olmo comun,20/09/2011 11:03,Alto (> 8 mts),210,Grande,-68.8293697636,-32.8747373492,4,Cuarta Este Área Fundacional,1822015.85685,0
5392,Fresno americano,20/04/2011 12:03,Medio (4 - 8 mts),120,Grande,-68.8449626477,-32.8780834385,1,Parque Central,1655357.93265,0
23712,Morera,25/01/2011 13:00,Alto (> 8 mts),137,Grande,-68.8500653746,-32.9001207825,2,Barrio Civico,2366816.36021,0
21897,Acacia SP,03/06/2011 09:49,Medio (4 - 8 mts),107,Grande,-68.8580723634,-32.8968723367,5,Residencial Sur,2423808.92355,0
32682,Morera,18/05/2011 12:12,Medio (4 - 8 mts),60,Mediano,-68.8521008623,-32.8870773525,5,Residencial Sur,2423808.92355,0
20477,Fresno europeo,02/06/2011 12:58,Medio (4 - 8 mts),50,Mediano,-68.8594751232,-32.8971100738,5,Residencial Sur,2423808.92355,0
26231,Fresno americano,19/10/2011 09:55,Medio (4 - 8 mts),50,Mediano,-68.8302283237,-32.8885343223,3,Parque O'Higgins,1531146.02653,0
37404,Acer,29/11/2010 12:17,Muy bajo (1 - 2 mts),20,Chico,-68.8571202448,-32.8725282621,6,Residencial Norte,2694682.37982,0
37683,Morera,24/02/2012 08:51,Medio (4 - 8 mts),40,Mediano,-68.8521067048,-32.8723154486,6,Residencial Norte,2694682.37982,0
13376,Morera,11/01/2011 09:27,Alto (> 8 mts),150,Grande,-68.8452670817,-32.8664112454,4,Cuarta Oeste,1173332.70145,0
17058,Morera,16/08/2011 09:43,Medio (4 - 8 mts),93,Grande,-68.8369095992,-32.8644751734,4,Cuarta Oeste,1173332.70145,1
24620,Platano,07/02/2011 08:47,Alto (> 8 mts),310,Grande,-68.8429424336,-32.903807541,2,Barrio Civico,2366816.36021,0
30663,Olmo bola,02/02/2011 10:25,Medio (4 - 8 mts),160,Grande,-68.8547731479,-32.8678988427,6,Residencial Norte,2694682.37982,0
40239,Morera,14/04/2011 11:59,Alto (> 8 mts),120,Grande,-68.8452406037,-32.8819581023,1,Parque Central,1655357.93265,0
12252,Paraiso,17/01/2011 09:37,Alto (> 8 mts),145,Grande,-68.8459811288,-32.8679565846,4,Cuarta Oeste,1173332.70145,0
20893,Morera,27/05/2011 09:45,Alto (> 8 mts),160,Grande,-68.8613514151,-32.8955969047,5,Residencial Sur,2423808.92355,0
21891,Morera,03/06/2011 10:09,Alto (> 8 mts),128,Grande,-68.858669602,-32.8968644056,5,Residencial Sur,2423808.92355,0
23534,Paraiso,01/02/2011 15:12,Alto (> 8 mts),154,Grande,-68.8512855588,-32.9024410339,2,Barrio Civico,2366816.36021,0
3276,Morera,30/09/2011 12:04,Medio (4 - 8 mts),50,Mediano,-68.829208737,-32.8778045059,4,Cuarta Este Área Fundacional,1822015.85685,0
33154,Platano,09/06/2011 09:11,Alto (> 8 mts),180,Grande,-68.852962412,-32.8919993746,5,Residencial Sur,2423808.92355,0
30976,Fresno europeo,10/02/2011 12:58,Medio (4 - 8 mts),96,Grande,-68.8557356002,-32.8635416114,6,Residencial Norte,2694682.37982,0
32486,Fresno europeo,27/05/2011 10:59,Alto (> 8 mts),145,Grande,-68.8532773171,-32.8891805155,5,Residencial Sur,2423808.92355,0
10879,Morera,07/04/2011 10:11,Medio (4 - 8 mts),30,Mediano,-68.8593506155,-32.8777842886,7,Residencial Parque,1786336.08966,0
909,Morera,24/02/2012 08:50,Bajo (2 - 4 mts),15,Chico,-68.8521272959,-32.8723632519,6,Residencial Norte,2694682.37982,0
48312,Morera,19/08/2011 11:01,Alto (> 8 mts),250,Grande,-68.8279214292,-32.8683909568,4,Cuarta Este Área Fundacional,1822015.85685,0
41866,Conifera,04/05/2011 11:02,Alto (> 8 mts),47,Mediano,-68.8415003056,-32.8783444826,1,Parque Central,1655357.93265,0
37403,Morera,29/11/2010 12:18,Bajo (2 - 4 mts),25,Mediano,-68.8570850985,-32.8725339622,6,Residencial Norte,2694682.37982,0
6439,Acacia SP,23/05/2011 13:54,Muy bajo (1 - 2 mts),12,Chico,-68.8506236156,-32.889277569,5,Residencial Sur,2423808.92355,0
18092,Morera,01/08/2011 10:07,Medio (4 - 8 mts),65,Grande,-68.8400279866,-32.8679421102,4,Cuarta Oeste,1173332.70145,0
6794,Morera,02/06/2011 13:38,Alto (> 8 mts),140,Grande,-68.858210456,-32.8945691707,5,Residencial Sur,2423808.92355,0
28498,Morera,25/02/2011 09:56,Alto (> 8 mts),150,Grande,-68.8480808619,-32.8891417508,5,Residencial Sur,2423808.92355,0
32338,Platano,06/05/2011 10:33,Medio (4 - 8 mts),90,Grande,-68.8529731784,-32.8925928868,5,Residencial Sur,2423808.92355,0
10283,Fresno americano,07/12/2010 09:42,Bajo (2 - 4 mts),37,Mediano,-68.8476158257,-32.871960377,6,Residencial Norte,2694682.37982,0
19605,Morera,11/07/2011 09:36,Alto (> 8 mts),77,Grande,-68.8369131748,-32.8715172738,4,Cuarta Oeste,1173332.70145,1
20418,Liquidambar,17/05/2011 11:40,Medio (4 - 8 mts),40,Mediano,-68.8606265038,-32.8934431777,5,Residencial Sur,2423808.92355,0
29867,Morera,14/03/2011 08:39,Alto (> 8 mts),90,Grande,-68.8424014173,-32.8921783413,2,Barrio Civico,2366816.36021,0
45638,Paraiso,22/09/2011 08:09,Alto (> 8 mts),100,Grande,-68.8219042504,-32.8718205961,4,Cuarta Este Área Fundacional,1822015.85685,1
3107,Paraiso sombrilla,16/09/2011 11:05,Bajo (2 - 4 mts),100,Grande,-68.8222691508,-32.8713080216,4,Cuarta Este Área Fundacional,1822015.85685,0
42867,Fresno europeo,03/10/2011 10:58,Alto (> 8 mts),91,Grande,-68.832299866,-32.877267045,4,Cuarta Este Área Fundacional,1822015.85685,0
9197,Perenne,02/03/2011 12:55,Muy bajo (1 - 2 mts),7,Chico,-68.8504671712,-32.8653250211,6,Residencial Norte,2694682.37982,0
46307,Olmo comun,28/09/2011 08:22,Alto (> 8 mts),128,Grande,-68.8241038936,-32.8734582797,4,Cuarta Este Área Fundacional,1822015.85685,0
22416,Fresno europeo,15/06/2011 09:59,Medio (4 - 8 mts),77,Grande,-68.8608176346,-32.8992923294,5,Residencial Sur,2423808.92355,0
17943,Morera,03/08/2011 09:23,Alto (> 8 mts),148,Grande,-68.8385183948,-32.8673303546,4,Cuarta Oeste,1173332.70145,0
7848,Morera,02/06/2011 12:49,Medio (4 - 8 mts),110,Grande,-68.8592311116,-32.8836583034,5,Residencial Sur,2423808.92355,1
65,Fresno europeo,05/03/2012 10:38,Bajo (2 - 4 mts),60,Mediano,-68.8566745934,-32.8964536752,5,Residencial Sur,2423808.92355,0
21942,Paraiso,02/06/2011 13:24,Alto (> 8 mts),124,Grande,-68.8581074095,-32.894264596,5,Residencial Sur,2423808.92355,0
40131,Morera,15/04/2011 09:30,Bajo (2 - 4 mts),32,Mediano,-68.8458768768,-32.8799149306,1,Parque Central,1655357.93265,0
37069,Fresno europeo,04/04/2011 12:53,Bajo (2 - 4 mts),60,Mediano,-68.8570410337,-32.8769268124,6,Residencial Norte,2694682.37982,0
36344,Fresno americano,18/03/2011 09:51,Medio (4 - 8 mts),97,Grande,-68.8516672687,-32.8790367701,6,Residencial Norte,2694682.37982,0
9746,Tilo,19/01/2011 10:23,Alto (> 8 mts),100,Grande,-68.8467642531,-32.8643432145,4,Cuarta Oeste,1173332.70145,0
21607,Fresno europeo,11/05/2011 11:47,Medio (4 - 8 mts),75,Grande,-68.8552766369,-32.8949056994,5,Residencial Sur,2423808.92355,0
33587,Acacia SP,16/05/2011 10:41,Alto (> 8 mts),175,Grande,-68.8553011017,-32.8870401828,5,Residencial Sur,2423808.92355,0
46685,Morera,02/09/2011 10:07,Alto (> 8 mts),65,Grande,-68.8305021976,-32.8699175067,4,Cuarta Este Área Fundacional,1822015.85685,0
30543,Paraiso,08/02/2011 09:16,Alto (> 8 mts),135,Grande,-68.858049034,-32.8667809878,6,Residencial Norte,2694682.37982,0
43807,Fresno europeo,18/10/2011 16:20,Medio (4 - 8 mts),122,Grande,-68.8316890986,-32.8825093878,3,Parque O'Higgins,1531146.02653,0
6584,Fresno americano,06/05/2011 10:31,Alto (> 8 mts),115,Grande,-68.8523956862,-32.8933673589,5,Residencial Sur,2423808.92355,0
24412,Fresno europeo,21/01/2011 09:22,Alto (> 8 mts),117,Grande,-68.845182404,-32.9036274955,2,Barrio Civico,2366816.36021,0
665,Paraiso sombrilla,07/03/2012 16:19,Bajo (2 - 4 mts),160,Grande,-68.8184218796,-32.8680343759,4,Cuarta Este Área Fundacional,1822015.85685,1
3789,Paraiso sombrilla,05/09/2011 10:36,Bajo (2 - 4 mts),75,Grande,-68.8338513375,-32.869991835,4,Cuarta Oeste,1173332.70145,0
19956,Morera,05/08/2011 10:01,Alto (> 8 mts),104,Grande,-68.8338838204,-32.8643138881,4,Cuarta Oeste,1173332.70145,1
33497,Morera,17/06/2011 09:49,Medio (4 - 8 mts),54,Mediano,-68.8551959259,-32.8899412549,5,Residencial Sur,2423808.92355,0
17626,Paraiso,18/07/2011 11:56,Bajo (2 - 4 mts),43,Mediano,-68.8429915168,-32.8670222786,4,Cuarta Oeste,1173332.70145,0
819,Aguaribay,16/12/2011 11:35,Medio (4 - 8 mts),100,Grande,-68.8824613574,-32.8670222441,8,Aeroparque,2203364.73622,0
47686,Morera,15/09/2011 09:28,Alto (> 8 mts),200,Grande,-68.8292794559,-32.8722366492,4,Cuarta Este Área Fundacional,1822015.85685,0
16703,Paraiso,20/07/2011 12:42,Alto (> 8 mts),145,Grande,-68.8402233078,-32.8639465889,4,Cuarta Oeste,1173332.70145,1
3008,Caducifolio,16/09/2011 11:42,Bajo (2 - 4 mts),36,Mediano,-68.8246406187,-32.8727045403,4,Cuarta Este Área Fundacional,1822015.85685,0
3769,Morera,24/08/2011 14:16,Medio (4 - 8 mts),70,Grande,-68.8190172543,-32.8696918418,4,Cuarta Este Área Fundacional,1822015.85685,0
20734,Morera,31/05/2011 10:17,Medio (4 - 8 mts),105,Grande,-68.8632203172,-32.8971343343,5,Residencial Sur,2423808.92355,0
30862,Morera,15/02/2011 12:27,Alto (> 8 mts),95,Grande,-68.8552931256,-32.8661361616,6,Residencial Norte,2694682.37982,0
2899,Acer,20/09/2011 12:21,Medio (4 - 8 mts),52,Mediano,-68.8321125722,-32.8731792542,4,Cuarta Este Área Fundacional,1822015.85685,0
20716,Acacia SP,31/05/2011 11:08,Alto (> 8 mts),120,Grande,-68.861968314,-32.8969926554,5,Residencial Sur,2423808.92355,0
22769,Morera,29/06/2011 15:34,Alto (> 8 mts),168,Grande,-68.8552531781,-32.9017240766,5,Residencial Sur,2423808.92355,0
45227,Fresno europeo,30/09/2011 10:44,Medio (4 - 8 mts),115,Grande,-68.8222155666,-32.8732765609,4,Cuarta Este Área Fundacional,1822015.85685,0
46332,Fresno europeo,26/09/2011 09:52,Alto (> 8 mts),200,Grande,-68.8252008105,-32.8733891516,4,Cuarta Este Área Fundacional,1822015.85685,0
39163,Morera,24/11/2010 12:38,Medio (4 - 8 mts),55,Mediano,-68.8532753561,-32.8729238904,6,Residencial Norte,2694682.37982,0
9243,Morera,28/02/2011 13:41,Medio (4 - 8 mts),126,Grande,-68.8489587276,-32.8658265803,6,Residencial Norte,2694682.37982,0
43429,Morera,26/10/2011 15:49,Alto (> 8 mts),164,Grande,-68.8323340607,-32.8806151263,3,Parque O'Higgins,1531146.02653,0
14020,Acacia SP,29/11/2011 17:05,Muy bajo (1 - 2 mts),36,Mediano,-68.8788916867,-32.8654016403,8,Aeroparque,2203364.73622,0
16693,Paraiso,20/07/2011 14:15,Alto (> 8 mts),150,Grande,-68.8408765965,-32.8636740501,4,Cuarta Oeste,1173332.70145,0
3455,Paraiso,19/08/2011 10:43,Medio (4 - 8 mts),86,Grande,-68.8274053225,-32.8685222024,4,Cuarta Este Área Fundacional,1822015.85685,0
1279,Paraiso,02/12/2011 09:25,Bajo (2 - 4 mts),30,Mediano,-68.8783078853,-32.868533541,8,Aeroparque,2203364.73622,0
5067,Paraiso,11/08/2011 11:49,Medio (4 - 8 mts),30,Mediano,-68.840153774,-32.8632456746,4,Cuarta Oeste,1173332.70145,0
16400,Morera,02/08/2011 10:40,Medio (4 - 8 mts),128,Grande,-68.8356739109,-32.8662512895,4,Cuarta Oeste,1173332.70145,1
45175,Fresno europeo,31/08/2011 10:14,Alto (> 8 mts),78,Grande,-68.8231454545,-32.8704842957,4,Cuarta Este Área Fundacional,1822015.85685,0
17580,Morera,28/07/2011 09:26,Medio (4 - 8 mts),147,Grande,-68.8402591948,-32.8663967205,4,Cuarta Oeste,1173332.70145,0
40540,Fresno europeo,11/04/2011 12:11,Alto (> 8 mts),55,Mediano,-68.8433715161,-32.8841764153,1,Parque Central,1655357.93265,0
1800,Jacaranda,24/11/2011 13:27,Bajo (2 - 4 mts),16,Chico,-68.8702479827,-32.8794242485,7,Residencial Parque,1786336.08966,0
14802,Morera,05/12/2011 18:01,Medio (4 - 8 mts),110,Grande,-68.8798305456,-32.8689455845,8,Aeroparque,2203364.73622,0
36587,Fresno europeo,07/06/2011 13:15,Bajo (2 - 4 mts),34,Mediano,-68.8572494822,-32.8832119422,5,Residencial Sur,2423808.92355,0
1139,Prunas,30/11/2011 10:10,Medio (4 - 8 mts),18,Chico,-68.8765929012,-32.8666173879,8,Aeroparque,2203364.73622,0
7005,Jacaranda,10/06/2011 11:26,Alto (> 8 mts),115,Grande,-68.8545590039,-32.8969155509,5,Residencial Sur,2423808.92355,0
44689,Morera,19/08/2011 10:06,Alto (> 8 mts),155,Grande,-68.8236696856,-32.8672983997,4,Cuarta Este Área Fundacional,1822015.85685,0
1627,Prunas,24/11/2011 09:51,Bajo (2 - 4 mts),30,Mediano,-68.8712815596,-32.8782098732,7,Residencial Parque,1786336.08966,0
19868,Morera,29/06/2011 14:06,Alto (> 8 mts),176,Grande,-68.8339359593,-32.8623645824,4,Cuarta Oeste,1173332.70145,0
29237,Fresno europeo,25/11/2010 13:37,Bajo (2 - 4 mts),30,Mediano,-68.8441446136,-32.8882471268,2,Barrio Civico,2366816.36021,0
13705,Paraiso sombrilla,18/02/2011 14:15,Medio (4 - 8 mts),57,Mediano,-68.8533180113,-32.8655842205,6,Residencial Norte,2694682.37982,0
40945,Platano,18/04/2011 15:40,Alto (> 8 mts),92,Grande,-68.8408591423,-32.8856453049,1,Parque Central,1655357.93265,0
23287,Jacaranda,18/01/2012 17:38,Bajo (2 - 4 mts),9,Chico,-68.8522486091,-32.9011311275,2,Barrio Civico,2366816.36021,0
32526,Fresno europeo,23/06/2011 13:37,Alto (> 8 mts),93,Grande,-68.8504448267,-32.8901100505,5,Residencial Sur,2423808.92355,0
38261,Olmo comun,17/01/2012 08:03,Medio (4 - 8 mts),85,Grande,-68.8461978034,-32.8737131172,6,Residencial Norte,2694682.37982,0
7188,Fresno europeo,16/06/2011 10:22,Medio (4 - 8 mts),65,Grande,-68.8595591443,-32.8992526807,5,Residencial Sur,2423808.92355,0
1543,Fresno americano,23/11/2011 10:30,Muy bajo (1 - 2 mts),9,Chico,-68.8728458946,-32.8784178718,7,Residencial Parque,1786336.08966,0
13688,Paraiso,23/02/2011 12:23,Alto (> 8 mts),190,Grande,-68.8526629243,-32.8657033032,6,Residencial Norte,2694682.37982,0
31306,Morera,28/02/2011 09:34,Alto (> 8 mts),88,Grande,-68.8488217327,-32.8646412438,6,Residencial Norte,2694682.37982,1
6633,Prunas,11/05/2011 11:06,Medio (4 - 8 mts),52,Mediano,-68.8576794926,-32.8928943208,5,Residencial Sur,2423808.92355,0
15978,Perenne,10/08/2011 11:02,Alto (> 8 mts),220,Grande,-68.8438318745,-32.8717862116,4,Cuarta Oeste,1173332.70145,0
28219,Morera,10/03/2011 19:17,Alto (> 8 mts),158,Grande,-68.8479063727,-32.8926787932,2,Barrio Civico,2366816.36021,0
40363,Platano,11/04/2011 10:07,Alto (> 8 mts),164,Grande,-68.8448751948,-32.8827193094,1,Parque Central,1655357.93265,0
27023,Platano,28/10/2011 10:22,Alto (> 8 mts),155,Grande,-68.8383705922,-32.8911834561,3,Parque O'Higgins,1531146.02653,1
7789,Olmo comun,12/05/2011 12:20,Bajo (2 - 4 mts),28,Mediano,-68.855150738,-32.8858779123,5,Residencial Sur,2423808.92355,0
21903,Fresno europeo,03/06/2011 09:38,Alto (> 8 mts),113,Grande,-68.8575374121,-32.8968793927,5,Residencial Sur,2423808.92355,0
40454,Platano,11/04/2011 10:42,Alto (> 8 mts),190,Grande,-68.8430183153,-32.8830560136,1,Parque Central,1655357.93265,0
24548,Morera,27/01/2011 12:21,Alto (> 8 mts),180,Grande,-68.843616466,-32.9018684005,2,Barrio Civico,2366816.36021,0
9772,Fresno americano,18/01/2011 10:11,Medio (4 - 8 mts),9,Chico,-68.8456155017,-32.8636985355,4,Cuarta Oeste,1173332.70145,0
5890,Platano,14/04/2011 12:40,Alto (> 8 mts),185,Grande,-68.8457442848,-32.8827602608,1,Parque Central,1655357.93265,0
46639,Paraiso,02/09/2011 10:58,Medio (4 - 8 mts),90,Grande,-68.8310075653,-32.8685701087,4,Cuarta Este Área Fundacional,1822015.85685,0
16923,Morera,26/07/2011 15:41,Alto (> 8 mts),140,Grande,-68.8398826473,-32.8655599523,4,Cuarta Oeste,1173332.70145,0
34623,Morera,17/01/2012 20:13,Medio (4 - 8 mts),120,Grande,-68.8475959984,-32.8744173329,6,Residencial Norte,2694682.37982,0
226,Fresno americano,06/03/2012 09:44,Medio (4 - 8 mts),118,Grande,-68.8380796956,-32.8699463184,4,Cuarta Oeste,1173332.70145,0
46009,Fresno europeo,27/09/2011 10:03,Medio (4 - 8 mts),46,Mediano,-68.82214004,-32.8736420001,4,Cuarta Este Área Fundacional,1822015.85685,1
37794,Fresno europeo,24/01/2012 08:30,Muy bajo (1 - 2 mts),8,Chico,-68.8488460939,-32.87321566,6,Residencial Norte,2694682.37982,0
45149,Paraiso,01/09/2011 11:40,Medio (4 - 8 mts),70,Grande,-68.8244515089,-32.8708116026,4,Cuarta Este Área Fundacional,1822015.85685,0
6131,Platano,02/05/2011 15:17,Alto (> 8 mts),178,Grande,-68.8374172706,-32.8826171133,1,Parque Central,1655357.93265,1
19549,Morera,26/07/2011 10:04,Medio (4 - 8 mts),140,Grande,-68.8380142736,-32.8706342327,4,Cuarta Oeste,1173332.70145,1
46760,Morera,05/09/2011 11:05,Alto (> 8 mts),200,Grande,-68.8333129827,-32.870300381,4,Cuarta Oeste,1173332.70145,0
2723,Fresno europeo,12/10/2011 08:35,Medio (4 - 8 mts),50,Mediano,-68.8311674367,-32.8826890709,3,Parque O'Higgins,1531146.02653,0
20118,Paraiso,09/08/2011 12:25,Alto (> 8 mts),130,Grande,-68.8339901309,-32.8664314072,4,Cuarta Oeste,1173332.70145,0
47028,Fresno europeo,15/09/2011 12:35,Muy bajo (1 - 2 mts),8,Chico,-68.8314916134,-32.8728520791,4,Cuarta Este Área Fundacional,1822015.85685,0
32293,Acacia SP,28/06/2011 09:43,Medio (4 - 8 mts),97,Grande,-68.8511817986,-32.8907951314,5,Residencial Sur,2423808.92355,1
42405,Paraiso sombrilla,29/09/2011 10:40,Bajo (2 - 4 mts),38,Mediano,-68.8346844753,-32.8753221109,4,Cuarta Este Área Fundacional,1822015.85685,0
1059,Acacia SP,05/12/2011 13:03,Alto (> 8 mts),75,Grande,-68.8772617519,-32.8691746486,8,Aeroparque,2203364.73622,0
38444,Paraiso,03/11/2010 10:13,Alto (> 8 mts),130,Grande,-68.8508796344,-32.8691488189,6,Residencial Norte,2694682.37982,0
14025,Paraiso sombrilla,29/11/2011 16:33,Bajo (2 - 4 mts),100,Grande,-68.8788369589,-32.865219672,8,Aeroparque,2203364.73622,0
37451,Platano,04/01/2011 10:49,Medio (4 - 8 mts),70,Grande,-68.8582566915,-32.8713323303,6,Residencial Norte,2694682.37982,1
11656,Paraiso,26/01/2011 12:49,Alto (> 8 mts),170,Grande,-68.8500487436,-32.868514259,6,Residencial Norte,2694682.37982,0
19444,Tipa,08/08/2011 10:51,Alto (> 8 mts),130,Grande,-68.8396816996,-32.8715035401,4,Cuarta Oeste,1173332.70145,0
9432,Braquiquito,11/02/2011 12:18,Medio (4 - 8 mts),100,Grande,-68.8564926097,-32.864343909,6,Residencial Norte,2694682.37982,0
2194,Fresno europeo,03/11/2011 08:57,Medio (4 - 8 mts),100,Grande,-68.8343124108,-32.8903233482,3,Parque O'Higgins,1531146.02653,0
17480,Morera,16/01/2012 09:38,Alto (> 8 mts),105,Grande,-68.8351755839,-32.8689108133,4,Cuarta Oeste,1173332.70145,0
38855,Paraiso,09/12/2010 11:45,Medio (4 - 8 mts),90,Grande,-68.8492088851,-32.8707092725,6,Residencial Norte,2694682.37982,0
43546,Fresno europeo,19/10/2011 16:45,Medio (4 - 8 mts),100,Grande,-68.8297356222,-32.8823447997,3,Parque O'Higgins,1531146.02653,0
14039,Morera,29/11/2011 15:57,Medio (4 - 8 mts),120,Grande,-68.8786755968,-32.8646171125,8,Aeroparque,2203364.73622,0
28926,Platano,28/02/2011 12:44,Alto (> 8 mts),185,Grande,-68.8471376025,-32.887021364,1,Parque Central,1655357.93265,0
10871,Fresno europeo,30/03/2011 12:58,Bajo (2 - 4 mts),24,Mediano,-68.8504570635,-32.8788369259,6,Residencial Norte,2694682.37982,0
44504,Fresno americano,18/10/2011 10:23,Alto (> 8 mts),185,Grande,-68.8363461429,-32.8859012421,3,Parque O'Higgins,1531146.02653,0
47210,Morera,19/09/2011 10:56,Alto (> 8 mts),178,Grande,-68.832164645,-32.8743994788,4,Cuarta Este Área Fundacional,1822015.85685,0
30403,Morera,04/03/2011 09:35,Medio (4 - 8 mts),55,Mediano,-68.8398490878,-32.8904863572,3,Parque O'Higgins,1531146.02653,0
12538,Catalpa,10/01/2011 14:01,Medio (4 - 8 mts),110,Grande,-68.8443163774,-32.8626188631,4,Cuarta Oeste,1173332.70145,0
27339,Fresno europeo,25/10/2011 08:58,Bajo (2 - 4 mts),26,Mediano,-68.8353734895,-32.8910319063,3,Parque O'Higgins,1531146.02653,0
30438,Platano,21/02/2011 10:02,Alto (> 8 mts),226,Grande,-68.8419706054,-32.8879708253,3,Parque O'Higgins,1531146.02653,1
13186,Paraiso sombrilla,21/02/2011 10:16,Bajo (2 - 4 mts),64,Grande,-68.8470051088,-32.8656371795,4,Cuarta Oeste,1173332.70145,0
25767,Fresno europeo,03/02/2011 09:27,Alto (> 8 mts),55,Mediano,-68.8419544748,-32.9039768055,2,Barrio Civico,2366816.36021,0
35562,Paraiso,09/03/2011 10:37,Alto (> 8 mts),198,Grande,-68.8562467316,-32.8735705188,6,Residencial Norte,2694682.37982,0
45408,Morera,15/09/2011 15:06,Alto (> 8 mts),190,Grande,-68.8258842607,-32.8719579447,4,Cuarta Este Área Fundacional,1822015.85685,0
37986,Fresno europeo,10/01/2012 17:26,Medio (4 - 8 mts),130,Grande,-68.8482360486,-32.8733258946,6,Residencial Norte,2694682.37982,0
32488,Morera,27/05/2011 10:56,Alto (> 8 mts),120,Grande,-68.8531017868,-32.8892088029,5,Residencial Sur,2423808.92355,0
22967,Morera,01/06/2011 13:29,Alto (> 8 mts),92,Grande,-68.8565023804,-32.8994581155,5,Residencial Sur,2423808.92355,0
41461,Fresno europeo,07/04/2011 11:10,Alto (> 8 mts),112,Grande,-68.8417700421,-32.8807651413,1,Parque Central,1655357.93265,0
22594,Paraiso,23/06/2011 11:57,Medio (4 - 8 mts),68,Grande,-68.8613138225,-32.9005273698,5,Residencial Sur,2423808.92355,0
9378,Paraiso,16/02/2011 12:13,Medio (4 - 8 mts),90,Grande,-68.844851489,-32.8643866452,4,Cuarta Oeste,1173332.70145,0
26780,Morera,01/11/2011 10:09,Medio (4 - 8 mts),90,Grande,-68.8330471797,-32.8943331057,3,Parque O'Higgins,1531146.02653,0
22507,Morera,27/06/2011 13:26,Medio (4 - 8 mts),105,Grande,-68.8585044309,-32.9004011414,5,Residencial Sur,2423808.92355,0
38858,Acer,09/12/2010 12:58,Medio (4 - 8 mts),60,Mediano,-68.8486293204,-32.8707892552,6,Residencial Norte,2694682.37982,0
2880,Fresno europeo,09/09/2011 08:50,Bajo (2 - 4 mts),45,Mediano,-68.8306168001,-32.8709033587,4,Cuarta Este Área Fundacional,1822015.85685,0
44104,Fresno europeo,11/11/2011 09:19,Muy bajo (1 - 2 mts),15,Chico,-68.8296842876,-32.8851095164,3,Parque O'Higgins,1531146.02653,0
41788,Morera,27/04/2011 09:53,Alto (> 8 mts),160,Grande,-68.8424077829,-32.8785678966,1,Parque Central,1655357.93265,1
19054,Fresno europeo,26/07/2011 10:00,Medio (4 - 8 mts),75,Grande,-68.8413397236,-32.8720906731,4,Cuarta Oeste,1173332.70145,0
25633,Morera,15/02/2011 15:16,Medio (4 - 8 mts),42,Mediano,-68.837611156,-32.9009405033,2,Barrio Civico,2366816.36021,0
6217,Fresno americano,04/04/2011 16:10,Alto (> 8 mts),168,Grande,-68.8390700458,-32.8874038919,3,Parque O'Higgins,1531146.02653,0
38293,Morera,01/12/2010 12:26,Alto (> 8 mts),85,Grande,-68.8466220314,-32.8711568845,6,Residencial Norte,2694682.37982,0
27040,Platano,09/11/2011 10:50,Alto (> 8 mts),160,Grande,-68.839533405,-32.8915974836,3,Parque O'Higgins,1531146.02653,0
19835,Morera,04/08/2011 10:05,Alto (> 8 mts),105,Grande,-68.8348208538,-32.8647015952,4,Cuarta Oeste,1173332.70145,0
21216,Acer,10/05/2011 10:43,Bajo (2 - 4 mts),37,Mediano,-68.851512601,-32.8946550356,5,Residencial Sur,2423808.92355,0
25209,Morera,11/02/2011 14:00,Alto (> 8 mts),142,Grande,-68.8370834538,-32.8981725076,2,Barrio Civico,2366816.36021,1
5772,Morera,06/05/2011 10:37,Bajo (2 - 4 mts),22,Mediano,-68.8398140179,-32.8788968603,1,Parque Central,1655357.93265,0
28524,Morera,21/02/2011 12:22,Muy bajo (1 - 2 mts),7,Chico,-68.8486185979,-32.8897917057,5,Residencial Sur,2423808.92355,0
8170,Morera,03/03/2011 13:42,Alto (> 8 mts),67,Grande,-68.8436473159,-32.8913537451,2,Barrio Civico,2366816.36021,1
41856,Conifera,05/05/2011 12:00,Alto (> 8 mts),68,Grande,-68.8416840296,-32.8790468637,1,Parque Central,1655357.93265,0
25346,Morera,09/02/2011 09:33,Alto (> 8 mts),141,Grande,-68.8395290612,-32.90046975,2,Barrio Civico,2366816.36021,0
6140,Fresno europeo,07/04/2011 11:17,Medio (4 - 8 mts),60,Mediano,-68.8435876201,-32.8813037138,1,Parque Central,1655357.93265,0
14920,Paraiso sombrilla,19/12/2011 08:37,Bajo (2 - 4 mts),42,Mediano,-68.8810616634,-32.873961799,8,Aeroparque,2203364.73622,0
2516,Platano,21/10/2011 13:52,Alto (> 8 mts),180,Grande,-68.8354774478,-32.8881833835,3,Parque O'Higgins,1531146.02653,0
7824,Fresno europeo,10/05/2011 12:51,Medio (4 - 8 mts),110,Grande,-68.8587726673,-32.8850070993,5,Residencial Sur,2423808.92355,0
22788,Platano,17/06/2011 19:13,Alto (> 8 mts),168,Grande,-68.8586856655,-32.9016914333,5,Residencial Sur,2423808.92355,0
140,Fresno europeo,29/02/2012 09:51,Bajo (2 - 4 mts),36,Mediano,-68.8581197222,-32.8640958771,6,Residencial Norte,2694682.37982,0
21547,Paraiso,08/06/2011 11:52,Bajo (2 - 4 mts),70,Grande,-68.8544486538,-32.8950304576,5,Residencial Sur,2423808.92355,0
16936,Morera,16/08/2011 13:27,Alto (> 8 mts),205,Grande,-68.8368265431,-32.864970047,4,Cuarta Oeste,1173332.70145,0
44661,Morera,19/08/2011 10:31,Medio (4 - 8 mts),130,Grande,-68.8240706346,-32.867866946,4,Cuarta Este Área Fundacional,1822015.85685,0
12407,Morera,21/01/2011 09:04,Alto (> 8 mts),150,Grande,-68.8483016787,-32.8674142851,6,Residencial Norte,2694682.37982,0
12172,Morera,19/01/2011 11:46,Alto (> 8 mts),140,Grande,-68.8474582029,-32.8678575029,6,Residencial Norte,2694682.37982,0
40667,Fresno europeo,13/04/2011 09:16,Medio (4 - 8 mts),30,Mediano,-68.844200734,-32.8841489882,1,Parque Central,1655357.93265,0
7411,Fresno europeo,17/06/2011 18:31,Medio (4 - 8 mts),22,Mediano,-68.8582409286,-32.8996241512,5,Residencial Sur,2423808.92355,0
22919,Paraiso,19/05/2011 15:02,Alto (> 8 mts),88,Grande,-68.8556501494,-32.8996527599,5,Residencial Sur,2423808.92355,0
46696,Jacaranda,05/09/2011 10:21,Bajo (2 - 4 mts),20,Chico,-68.8326095605,-32.8697191501,4,Cuarta Este Área Fundacional,1822015.85685,0
35842,Morera,03/03/2011 12:31,Muy bajo (1 - 2 mts),4,Chico,-68.8545315816,-32.8740815323,6,Residencial Norte,2694682.37982,0
34247,Morera,22/03/2011 13:12,Alto (> 8 mts),150,Grande,-68.8530178039,-32.8754724064,6,Residencial Norte,2694682.37982,0
6260,Morera,14/07/2011 13:06,Alto (> 8 mts),85,Grande,-68.8506644455,-32.8839527001,1,Parque Central,1655357.93265,0
16469,Conifera,12/08/2011 09:36,Medio (4 - 8 mts),57,Mediano,-68.8414572788,-32.8626530537,4,Cuarta Oeste,1173332.70145,0
32983,Liquidambar,23/05/2011 09:54,Alto (> 8 mts),85,Grande,-68.8510347612,-32.887886821,5,Residencial Sur,2423808.92355,0
38401,Paraiso,04/11/2010 12:03,Alto (> 8 mts),187,Grande,-68.8522447085,-32.8695436677,6,Residencial Norte,2694682.37982,0
7270,Paraiso,17/06/2011 19:28,Alto (> 8 mts),132,Grande,-68.8574945372,-32.9017054678,5,Residencial Sur,2423808.92355,0
2848,Morera,03/11/2011 10:39,Medio (4 - 8 mts),60,Mediano,-68.8350795594,-32.8938363326,3,Parque O'Higgins,1531146.02653,1
19175,Morera,18/07/2011 10:17,Alto (> 8 mts),110,Grande,-68.8410242712,-32.8730040493,4,Cuarta Oeste,1173332.70145,0
24201,Paraiso,26/01/2011 12:36,Alto (> 8 mts),130,Grande,-68.8457321792,-32.9007519477,2,Barrio Civico,2366816.36021,0
37397,Acer,26/11/2010 12:02,Medio (4 - 8 mts),50,Mediano,-68.8568544328,-32.8724230885,6,Residencial Norte,2694682.37982,0
37303,Platano,17/03/2011 10:05,Alto (> 8 mts),160,Grande,-68.8581793946,-32.8755962101,7,Residencial Parque,1786336.08966,1
9116,Acacia SP,23/02/2011 10:07,Bajo (2 - 4 mts),12,Chico,-68.8538611562,-32.8658074342,6,Residencial Norte,2694682.37982,0
32412,Acacia SP,24/05/2011 13:37,Alto (> 8 mts),146,Grande,-68.850988515,-32.8892648225,5,Residencial Sur,2423808.92355,0
41682,Morera,26/04/2011 13:14,Medio (4 - 8 mts),54,Mediano,-68.83723926,-32.8762666489,1,Parque Central,1655357.93265,0
18002,Morera,29/07/2011 17:39,Alto (> 8 mts),200,Grande,-68.8403533565,-32.8678101571,4,Cuarta Oeste,1173332.70145,0
19348,Paraiso,19/07/2011 10:07,Medio (4 - 8 mts),42,Mediano,-68.8369189635,-32.8712735535,4,Cuarta Oeste,1173332.70145,0
15555,Paraiso,17/11/2011 16:46,Bajo (2 - 4 mts),28,Mediano,-68.8611100482,-32.8719206026,7,Residencial Parque,1786336.08966,0
45926,Fresno americano,25/08/2011 13:55,Muy bajo (1 - 2 mts),8,Chico,-68.8198553559,-32.8694958989,4,Cuarta Este Área Fundacional,1822015.85685,0
21326,Fresno americano,15/06/2011 11:33,Medio (4 - 8 mts),82,Grande,-68.8527434369,-32.8992268906,2,Barrio Civico,2366816.36021,0
20547,Morera,03/06/2011 13:38,Alto (> 8 mts),82,Grande,-68.8587058417,-32.8969757765,5,Residencial Sur,2423808.92355,0
48299,Morera,17/08/2011 09:38,Medio (4 - 8 mts),180,Grande,-68.8289530149,-32.8686243775,4,Cuarta Este Área Fundacional,1822015.85685,1
27320,Platano,25/10/2011 09:24,Alto (> 8 mts),300,Grande,-68.8352739755,-32.889890271,3,Parque O'Higgins,1531146.02653,0
31765,Fresno europeo,27/06/2011 11:59,Medio (4 - 8 mts),100,Grande,-68.8579125826,-32.8904409326,5,Residencial Sur,2423808.92355,1
24766,Morera,15/02/2011 12:50,Alto (> 8 mts),150,Grande,-68.8400542201,-32.8964681806,2,Barrio Civico,2366816.36021,0
31562,Morera,18/05/2011 09:10,Alto (> 8 mts),200,Grande,-68.8590164644,-32.8911242216,5,Residencial Sur,2423808.92355,0
5340,Fresno americano,26/04/2011 12:48,Medio (4 - 8 mts),50,Mediano,-68.8420430262,-32.8776650833,1,Parque Central,1655357.93265,0
16787,Fresno europeo,11/08/2011 11:56,Medio (4 - 8 mts),41,Mediano,-68.840173638,-32.8631062356,4,Cuarta Oeste,1173332.70145,0
42433,Morera,26/09/2011 10:41,Alto (> 8 mts),155,Grande,-68.8333065258,-32.8763775177,4,Cuarta Este Área Fundacional,1822015.85685,0
39486,Morera,10/11/2010 12:22,Alto (> 8 mts),185,Grande,-68.853889878,-32.8698534386,6,Residencial Norte,2694682.37982,0
48072,Olmo comun,29/09/2011 13:53,Alto (> 8 mts),170,Grande,-68.8271640406,-32.8667519775,4,Cuarta Este Área Fundacional,1822015.85685,0
43239,Morera,04/10/2011 08:47,Alto (> 8 mts),160,Grande,-68.8343866961,-32.8798213904,1,Parque Central,1655357.93265,0
3113,Conifera,09/09/2011 13:48,Medio (4 - 8 mts),27,Mediano,-68.8305016346,-32.8724883978,4,Cuarta Este Área Fundacional,1822015.85685,0
24675,Paraiso,19/01/2011 09:59,Medio (4 - 8 mts),110,Grande,-68.8412852614,-32.8967131154,2,Barrio Civico,2366816.36021,0
44955,Morera,26/08/2011 12:10,Medio (4 - 8 mts),280,Grande,-68.8254132068,-32.8687485388,4,Cuarta Este Área Fundacional,1822015.85685,1
32374,Platano,06/05/2011 09:37,Alto (> 8 mts),138,Grande,-68.8526514095,-32.8916228571,5,Residencial Sur,2423808.92355,1
17719,Paraiso,18/07/2011 09:26,Medio (4 - 8 mts),145,Grande,-68.8424479327,-32.8674683651,4,Cuarta Oeste,1173332.70145,0
27901,Platano,04/11/2011 10:54,Alto (> 8 mts),158,Grande,-68.8399952159,-32.8933931566,2,Barrio Civico,2366816.36021,0
24196,Fresno europeo,26/01/2011 12:58,Medio (4 - 8 mts),66,Grande,-68.8454456233,-32.9006938262,2,Barrio Civico,2366816.36021,0
25451,Morera,11/02/2011 08:31,Alto (> 8 mts),150,Grande,-68.8376924663,-32.9006586513,2,Barrio Civico,2366816.36021,1
30628,Paraiso,07/02/2011 13:30,Medio (4 - 8 mts),60,Mediano,-68.858103645,-32.8675878216,6,Residencial Norte,2694682.37982,0
45695,Morera,26/08/2011 10:46,Alto (> 8 mts),87,Grande,-68.8222453256,-32.8701436682,4,Cuarta Este Área Fundacional,1822015.85685,1
17186,Morera,04/07/2011 10:35,Alto (> 8 mts),145,Grande,-68.8362437957,-32.8630660776,4,Cuarta Oeste,1173332.70145,0
43401,Fresno europeo,27/10/2011 15:56,Muy bajo (1 - 2 mts),12,Chico,-68.8317862812,-32.881241829,3,Parque O'Higgins,1531146.02653,0
12049,Fresno europeo,07/04/2010 11:33,Bajo (2 - 4 mts),51,Mediano,-68.8533415972,-32.8671835397,6,Residencial Norte,2694682.37982,0
46959,Alamo blanco,09/09/2011 11:02,Alto (> 8 mts),180,Grande,-68.8309844183,-32.8708638812,4,Cuarta Este Área Fundacional,1822015.85685,0
27472,Paraiso,28/10/2011 08:41,Alto (> 8 mts),220,Grande,-68.8382085886,-32.8915976675,3,Parque O'Higgins,1531146.02653,0
46484,Fresno europeo,17/08/2011 13:35,Medio (4 - 8 mts),30,Mediano,-68.8304791518,-32.8684915613,4,Cuarta Este Área Fundacional,1822015.85685,0
27434,Fresno europeo,25/10/2011 09:17,Medio (4 - 8 mts),70,Grande,-68.8345667712,-32.8919754903,3,Parque O'Higgins,1531146.02653,0
28779,Platano,19/04/2011 12:48,Alto (> 8 mts),185,Grande,-68.8482712129,-32.8866795605,1,Parque Central,1655357.93265,0
1396,Acer,23/11/2011 10:54,Muy bajo (1 - 2 mts),18,Chico,-68.8709805925,-32.8794789447,7,Residencial Parque,1786336.08966,0
41041,Paraiso sombrilla,12/04/2011 10:34,Alto (> 8 mts),172,Grande,-68.8395935333,-32.8807676059,1,Parque Central,1655357.93265,0
11691,Morera,28/01/2011 13:07,Medio (4 - 8 mts),150,Grande,-68.8506573223,-32.867847373,6,Residencial Norte,2694682.37982,0
44251,Morera,13/10/2011 11:16,Alto (> 8 mts),240,Grande,-68.8340670349,-32.8843430005,3,Parque O'Higgins,1531146.02653,0
16345,Alamo blanco,12/08/2011 13:49,Alto (> 8 mts),136,Grande,-68.8418913421,-32.8629697374,4,Cuarta Oeste,1173332.70145,0
7220,Fresno americano,24/06/2011 10:12,Bajo (2 - 4 mts),30,Mediano,-68.8613161429,-32.8992860837,5,Residencial Sur,2423808.92355,0
46292,Morera,27/09/2011 09:34,Bajo (2 - 4 mts),35,Mediano,-68.8226119996,-32.8738084015,4,Cuarta Este Área Fundacional,1822015.85685,0
16917,Fresno europeo,27/07/2011 09:08,Medio (4 - 8 mts),30,Mediano,-68.8398130864,-32.8658205081,4,Cuarta Oeste,1173332.70145,0
36958,Perenne,08/04/2011 10:30,Medio (4 - 8 mts),77,Grande,-68.8578684252,-32.87800041,7,Residencial Parque,1786336.08966,0
34157,Morera,10/03/2011 13:04,Alto (> 8 mts),140,Grande,-68.8567806237,-32.8727574424,6,Residencial Norte,2694682.37982,0
45824,Morera,26/08/2011 11:20,Medio (4 - 8 mts),120,Grande,-68.8211354753,-32.869456889,4,Cuarta Este Área Fundacional,1822015.85685,0
10274,Conifera,06/12/2010 09:22,Bajo (2 - 4 mts),20,Chico,-68.8475076272,-32.8720995578,6,Residencial Norte,2694682.37982,0
10591,Morera,29/03/2011 13:32,Muy bajo (1 - 2 mts),5,Chico,-68.8523734643,-32.8766911585,6,Residencial Norte,2694682.37982,0
47081,Morera,23/09/2011 11:45,Alto (> 8 mts),118,Grande,-68.833509225,-32.8731121467,4,Cuarta Este Área Fundacional,1822015.85685,0
29371,Morera,03/03/2011 09:54,Alto (> 8 mts),150,Grande,-68.8453363134,-32.890778212,2,Barrio Civico,2366816.36021,0
45168,Fresno europeo,31/08/2011 13:54,Medio (4 - 8 mts),87,Grande,-68.8232127212,-32.871012649,4,Cuarta Este Área Fundacional,1822015.85685,0
39463,Paraiso,11/11/2010 11:49,Alto (> 8 mts),100,Grande,-68.8556358019,-32.8701729523,6,Residencial Norte,2694682.37982,0
35598,Morera,17/03/2011 11:40,Alto (> 8 mts),200,Grande,-68.856932999,-32.8747327777,6,Residencial Norte,2694682.37982,0
28900,Fresno americano,01/03/2011 11:50,Alto (> 8 mts),110,Grande,-68.8474161704,-32.8879471648,5,Residencial Sur,2423808.92355,0
24309,Paraiso,27/01/2011 13:08,Alto (> 8 mts),140,Grande,-68.8441595782,-32.9015292615,2,Barrio Civico,2366816.36021,0
15104,Paraiso,18/11/2011 09:17,Muy bajo (1 - 2 mts),25,Mediano,-68.8592976016,-32.8689301637,6,Residencial Norte,2694682.37982,0
12138,Morera,20/01/2011 13:17,Alto (> 8 mts),140,Grande,-68.8482245369,-32.8681074795,6,Residencial Norte,2694682.37982,0
15787,Morera,22/11/2011 18:37,Bajo (2 - 4 mts),70,Grande,-68.8729370055,-32.8786824356,7,Residencial Parque,1786336.08966,0
5653,Platano,02/05/2011 11:41,Bajo (2 - 4 mts),18,Chico,-68.8396332068,-32.8762200749,1,Parque Central,1655357.93265,0
37976,Olmo bola,10/01/2012 17:49,Medio (4 - 8 mts),180,Grande,-68.8484428229,-32.8728151553,6,Residencial Norte,2694682.37982,0
20617,Platano,02/06/2011 12:32,Muy bajo (1 - 2 mts),16,Chico,-68.8601869543,-32.8957848533,5,Residencial Sur,2423808.92355,0
16800,Paraiso,04/08/2011 12:25,Alto (> 8 mts),300,Grande,-68.8381823565,-32.8639846565,4,Cuarta Oeste,1173332.70145,0
31909,Morera,01/06/2011 10:00,Medio (4 - 8 mts),130,Grande,-68.8575519482,-32.8837340786,5,Residencial Sur,2423808.92355,0
27038,Platano,28/10/2011 10:38,Alto (> 8 mts),170,Grande,-68.8394940582,-32.8917271838,3,Parque O'Higgins,1531146.02653,0
48163,Morera,17/08/2011 10:01,Alto (> 8 mts),160,Grande,-68.8291147564,-32.8685683842,4,Cuarta Este Área Fundacional,1822015.85685,1
29923,Platano,14/03/2011 12:46,Alto (> 8 mts),180,Grande,-68.8404848029,-32.892653656,2,Barrio Civico,2366816.36021,0
37841,Morera,24/11/2010 11:51,Alto (> 8 mts),190,Grande,-68.8530053137,-32.8726161858,6,Residencial Norte,2694682.37982,0
40781,Platano,18/04/2011 19:08,Alto (> 8 mts),146,Grande,-68.8405574253,-32.8845334344,1,Parque Central,1655357.93265,0
46244,Morera,28/09/2011 10:12,Alto (> 8 mts),190,Grande,-68.8259978376,-32.8762046021,4,Cuarta Este Área Fundacional,1822015.85685,0
10884,Ligustro,08/04/2011 10:33,Bajo (2 - 4 mts),58,Mediano,-68.8579792676,-32.8779855272,7,Residencial Parque,1786336.08966,0
26491,Fresno europeo,09/11/2011 09:14,Medio (4 - 8 mts),100,Grande,-68.8323269287,-32.8926878186,3,Parque O'Higgins,1531146.02653,0
42261,Morera,03/05/2011 11:17,Medio (4 - 8 mts),70,Grande,-68.8382664242,-32.8757592341,1,Parque Central,1655357.93265,0
32547,Acacia SP,23/06/2011 10:48,Alto (> 8 mts),197,Grande,-68.8510208241,-32.8893857896,5,Residencial Sur,2423808.92355,0
8820,Morera,01/02/2011 13:21,Bajo (2 - 4 mts),45,Mediano,-68.8546019772,-32.8674808931,6,Residencial Norte,2694682.37982,0
32132,Morera,10/05/2011 09:30,Alto (> 8 mts),132,Grande,-68.8610052554,-32.8859645982,5,Residencial Sur,2423808.92355,0
46800,Morera,07/09/2011 10:49,Bajo (2 - 4 mts),42,Mediano,-68.8326039288,-32.8718371832,4,Cuarta Este Área Fundacional,1822015.85685,0
33521,Platano,16/06/2011 11:59,Alto (> 8 mts),190,Grande,-68.8547316334,-32.8890228717,5,Residencial Sur,2423808.92355,0
43071,Morera,03/10/2011 09:47,Medio (4 - 8 mts),178,Grande,-68.8319540807,-32.8788497736,4,Cuarta Este Área Fundacional,1822015.85685,1
34177,Morera,03/03/2011 12:54,Alto (> 8 mts),140,Grande,-68.8535243155,-32.8741625688,6,Residencial Norte,2694682.37982,0
33367,Fresno europeo,19/05/2011 09:41,Medio (4 - 8 mts),100,Grande,-68.8580174456,-32.8914333634,5,Residencial Sur,2423808.92355,0
6046,Platano,20/04/2011 12:11,Alto (> 8 mts),155,Grande,-68.8452746594,-32.8871094506,1,Parque Central,1655357.93265,0
44496,Platano,17/10/2011 09:07,Alto (> 8 mts),110,Grande,-68.8354092175,-32.8840256652,3,Parque O'Higgins,1531146.02653,0
5921,Morera,02/05/2011 10:44,Alto (> 8 mts),170,Grande,-68.8444917759,-32.874160203,1,Parque Central,1655357.93265,0
8811,Paraiso,03/02/2011 09:46,Muy bajo (1 - 2 mts),10,Chico,-68.854965314,-32.866726028,6,Residencial Norte,2694682.37982,0
15778,Prunas,23/11/2011 10:53,Bajo (2 - 4 mts),26,Mediano,-68.8727390388,-32.8781105164,7,Residencial Parque,1786336.08966,0
12845,Ligustro,18/01/2011 12:32,Bajo (2 - 4 mts),60,Mediano,-68.8469449705,-32.8637955729,4,Cuarta Oeste,1173332.70145,0
12045,Morera,05/05/2010 11:00,Bajo (2 - 4 mts),56,Mediano,-68.8537209058,-32.8671531693,6,Residencial Norte,2694682.37982,0
28446,Morera,28/02/2011 09:22,Alto (> 8 mts),170,Grande,-68.8467548321,-32.8894010988,2,Barrio Civico,2366816.36021,1
38447,Morera,03/11/2010 09:59,Bajo (2 - 4 mts),34,Mediano,-68.850851777,-32.8689395024,6,Residencial Norte,2694682.37982,0
33890,Perenne,14/07/2011 09:28,Bajo (2 - 4 mts),55,Mediano,-68.8543418699,-32.8852200855,5,Residencial Sur,2423808.92355,0
29802,Platano,09/03/2011 08:42,Alto (> 8 mts),151,Grande,-68.8433780555,-32.8921201947,2,Barrio Civico,2366816.36021,0
43997,Acacia SP,17/10/2011 09:12,Medio (4 - 8 mts),70,Grande,-68.8326849256,-32.8859981085,3,Parque O'Higgins,1531146.02653,0
41117,Platano,02/05/2011 14:50,Alto (> 8 mts),158,Grande,-68.8399381558,-32.8827331964,1,Parque Central,1655357.93265,0
23019,Morera,17/06/2011 17:54,Medio (4 - 8 mts),28,Mediano,-68.8582987892,-32.9003303963,5,Residencial Sur,2423808.92355,0
6251,Fresno americano,14/07/2011 09:46,Medio (4 - 8 mts),52,Mediano,-68.8538673932,-32.885202215,5,Residencial Sur,2423808.92355,0
34057,Morera,30/05/2011 12:39,Medio (4 - 8 mts),110,Grande,-68.8563532518,-32.8849732742,5,Residencial Sur,2423808.92355,0
3943,Morera,07/09/2011 09:30,Alto (> 8 mts),104,Grande,-68.8206350665,-32.8707526398,4,Cuarta Este Área Fundacional,1822015.85685,0
37341,Paraiso,29/11/2010 11:16,Muy bajo (1 - 2 mts),10,Chico,-68.8575739057,-32.871796601,6,Residencial Norte,2694682.37982,0
10500,Fresno europeo,10/03/2011 08:47,Medio (4 - 8 mts),94,Grande,-68.8509701851,-32.8738961256,6,Residencial Norte,2694682.37982,0
44564,Morera,20/10/2011 09:07,Muy bajo (1 - 2 mts),6,Chico,-68.8341124907,-32.8851808446,3,Parque O'Higgins,1531146.02653,0
26212,Morera,15/11/2011 07:50,Medio (4 - 8 mts),120,Grande,-68.8300251894,-32.8887437798,3,Parque O'Higgins,1531146.02653,0
17223,Morera,12/08/2011 09:59,Alto (> 8 mts),230,Grande,-68.8352960384,-32.8637463347,4,Cuarta Oeste,1173332.70145,1
8,Morera,02/03/2012 13:13,Medio (4 - 8 mts),54,Mediano,-68.8572185354,-32.895838834,5,Residencial Sur,2423808.92355,0
40904,Platano,18/04/2011 18:37,Alto (> 8 mts),122,Grande,-68.8381704041,-32.8854999284,3,Parque O'Higgins,1531146.02653,0
40513,Platano,12/04/2011 10:33,Alto (> 8 mts),260,Grande,-68.844195085,-32.8835895892,1,Parque Central,1655357.93265,0
26182,Fresno europeo,19/10/2011 12:48,Medio (4 - 8 mts),180,Grande,-68.8320237473,-32.8877465944,3,Parque O'Higgins,1531146.02653,0
33131,Fresno europeo,27/06/2011 10:14,Medio (4 - 8 mts),25,Mediano,-68.85430021,-32.8910350747,5,Residencial Sur,2423808.92355,0
11029,Morera,07/04/2011 16:37,Medio (4 - 8 mts),46,Mediano,-68.8585829696,-32.8798846518,7,Residencial Parque,1786336.08966,0
31916,Morera,01/06/2011 12:47,Medio (4 - 8 mts),110,Grande,-68.8575625782,-32.884358621,5,Residencial Sur,2423808.92355,1
29469,Morera,22/03/2011 08:26,Alto (> 8 mts),200,Grande,-68.8441875263,-32.8933755385,2,Barrio Civico,2366816.36021,0
13429,Morera,28/02/2011 11:51,Alto (> 8 mts),220,Grande,-68.848929772,-32.865331796,6,Residencial Norte,2694682.37982,0
31646,Paraiso,14/06/2011 14:24,Alto (> 8 mts),156,Grande,-68.857568164,-32.8890742235,5,Residencial Sur,2423808.92355,0
42077,Morera,12/04/2011 10:58,Alto (> 8 mts),180,Grande,-68.8423738828,-32.8796088586,1,Parque Central,1655357.93265,1
44928,Morera,23/08/2011 10:29,Alto (> 8 mts),88,Grande,-68.8253661135,-32.868646202,4,Cuarta Este Área Fundacional,1822015.85685,0
4824,Paraiso,19/07/2011 10:25,Medio (4 - 8 mts),62,Grande,-68.8403304869,-32.8650091841,4,Cuarta Oeste,1173332.70145,0
4519,Morera,01/08/2011 09:15,Medio (4 - 8 mts),40,Mediano,-68.841527484,-32.868405488,4,Cuarta Oeste,1173332.70145,0
10310,Perenne,01/12/2010 12:15,Muy bajo (1 - 2 mts),40,Mediano,-68.8462044868,-32.8712370726,6,Residencial Norte,2694682.37982,0
8920,Morera,26/01/2011 10:01,Alto (> 8 mts),210,Grande,-68.8489541953,-32.8686576786,6,Residencial Norte,2694682.37982,0
34366,Morera,23/03/2011 12:30,Medio (4 - 8 mts),126,Grande,-68.8515822802,-32.8757458181,6,Residencial Norte,2694682.37982,0
3660,Morera,26/08/2011 11:07,Muy bajo (1 - 2 mts),15,Chico,-68.8204344575,-32.8693954469,4,Cuarta Este Área Fundacional,1822015.85685,0
19187,Morera,18/07/2011 09:45,Alto (> 8 mts),102,Grande,-68.8412688325,-32.8724777706,4,Cuarta Oeste,1173332.70145,0
16381,Prunas,03/08/2011 09:29,Medio (4 - 8 mts),45,Mediano,-68.8344357627,-32.8658682681,4,Cuarta Oeste,1173332.70145,0
20850,Acacia SP,27/05/2011 09:29,Medio (4 - 8 mts),97,Grande,-68.859337633,-32.8949042029,5,Residencial Sur,2423808.92355,0
41988,Platano,25/04/2011 12:26,Alto (> 8 mts),240,Grande,-68.83659724,-32.8794847662,1,Parque Central,1655357.93265,1
44114,Morera,11/11/2011 08:44,Medio (4 - 8 mts),80,Grande,-68.829550662,-32.886195975,3,Parque O'Higgins,1531146.02653,0
7439,Perenne,17/06/2011 09:50,Muy bajo (1 - 2 mts),22,Mediano,-68.8610648271,-32.899466462,5,Residencial Sur,2423808.92355,0
4243,Acacia SP,12/07/2011 18:51,Alto (> 8 mts),110,Grande,-68.8362041364,-32.8729625212,4,Cuarta Oeste,1173332.70145,0
10099,Fresno europeo,30/08/2010 10:32,Bajo (2 - 4 mts),10,Chico,-68.8452166959,-32.8692717618,4,Cuarta Oeste,1173332.70145,0
45803,Fresno americano,01/09/2011 11:02,Medio (4 - 8 mts),158,Grande,-68.819307611,-32.870359112,4,Cuarta Este Área Fundacional,1822015.85685,0
23778,Morera,27/01/2011 17:10,Alto (> 8 mts),128,Grande,-68.8505894036,-32.8997268879,2,Barrio Civico,2366816.36021,0
18455,Morera,11/07/2011 09:42,Alto (> 8 mts),170,Grande,-68.8397517137,-32.8735675171,4,Cuarta Oeste,1173332.70145,0
31161,Morera,07/02/2011 12:58,Alto (> 8 mts),120,Grande,-68.8548361035,-32.86350178,6,Residencial Norte,2694682.37982,0
22239,Fresno europeo,14/06/2011 11:09,Alto (> 8 mts),98,Grande,-68.8555934002,-32.8974652716,5,Residencial Sur,2423808.92355,0
27846,Fresno europeo,02/11/2011 09:57,Alto (> 8 mts),52,Mediano,-68.8354876101,-32.8951546244,2,Barrio Civico,2366816.36021,0
28416,Morera,28/02/2011 12:29,Alto (> 8 mts),195,Grande,-68.8464583847,-32.8904341287,2,Barrio Civico,2366816.36021,0
339,Morera,07/03/2012 09:53,Bajo (2 - 4 mts),36,Mediano,-68.8211035386,-32.8677955611,4,Cuarta Este Área Fundacional,1822015.85685,0
12303,Paraiso,13/01/2011 09:40,Alto (> 8 mts),140,Grande,-68.8463759775,-32.8663106952,4,Cuarta Oeste,1173332.70145,0
4435,Prunas,01/08/2011 08:52,Muy bajo (1 - 2 mts),30,Mediano,-68.8372180131,-32.8686806476,4,Cuarta Oeste,1173332.70145,0
7607,Paraiso,03/06/2011 16:45,Medio (4 - 8 mts),100,Grande,-68.8595522369,-32.8823902748,7,Residencial Parque,1786336.08966,0
45425,Ailanthus,09/09/2011 15:42,Alto (> 8 mts),70,Grande,-68.8259429567,-32.8725416928,4,Cuarta Este Área Fundacional,1822015.85685,0
47476,Fresno europeo,20/09/2011 10:42,Muy bajo (1 - 2 mts),2,Chico,-68.8294573123,-32.8753732247,4,Cuarta Este Área Fundacional,1822015.85685,0
6037,Morera,25/04/2011 09:45,Alto (> 8 mts),140,Grande,-68.8461862413,-32.8861412904,1,Parque Central,1655357.93265,0
25508,Fresno europeo,04/03/2011 13:59,Medio (4 - 8 mts),62,Grande,-68.8403972338,-32.9015148377,2,Barrio Civico,2366816.36021,0
24671,Platano,17/01/2011 14:08,Alto (> 8 mts),260,Grande,-68.8421578291,-32.9008152874,2,Barrio Civico,2366816.36021,0
21879,Fresno europeo,06/06/2011 11:11,Alto (> 8 mts),88,Grande,-68.8592406379,-32.8964129014,5,Residencial Sur,2423808.92355,0
37227,Olmo comun,11/03/2011 12:57,Alto (> 8 mts),180,Grande,-68.8575633526,-32.8733846529,6,Residencial Norte,2694682.37982,0
39002,Paraiso,27/12/2010 10:40,Alto (> 8 mts),180,Grande,-68.8543593012,-32.870473351,6,Residencial Norte,2694682.37982,0
27924,Fresno europeo,03/11/2011 11:35,Muy bajo (1 - 2 mts),15,Chico,-68.8382994977,-32.8939601642,2,Barrio Civico,2366816.36021,0
46427,Morera,16/08/2011 13:24,Alto (> 8 mts),170,Grande,-68.8322711799,-32.866978498899996,4,Cuarta Oeste,1173332.70145,1
29546,Platano,25/02/2011 12:34,Alto (> 8 mts),142,Grande,-68.8427216514,-32.8928321595,2,Barrio Civico,2366816.36021,0
4878,Morera,21/07/2011 10:25,Alto (> 8 mts),160,Grande,-68.8441247216,-32.8725198642,6,Residencial Norte,2694682.37982,1
35533,Platano,16/06/2011 15:13,Medio (4 - 8 mts),110,Grande,-68.8564965702,-32.8818737493,7,Residencial Parque,1786336.08966,0
10029,Paraiso,01/11/2010 11:56,Alto (> 8 mts),98,Grande,-68.8501822128,-32.8699425589,6,Residencial Norte,2694682.37982,0
22667,Morera,12/05/2011 12:14,Medio (4 - 8 mts),32,Mediano,-68.8540204365,-32.900706161,5,Residencial Sur,2423808.92355,0
42039,Morera,08/04/2011 09:58,Alto (> 8 mts),170,Grande,-68.8415340945,-32.8797136562,1,Parque Central,1655357.93265,0
17177,Morera,04/07/2011 11:30,Medio (4 - 8 mts),140,Grande,-68.8361125412,-32.8635023262,4,Cuarta Oeste,1173332.70145,0
2062,Fresno europeo,11/10/2011 16:34,Bajo (2 - 4 mts),40,Mediano,-68.8285775793,-32.8814763038,3,Parque O'Higgins,1531146.02653,0
12695,Acacia visco,20/01/2011 10:08,Medio (4 - 8 mts),110,Grande,-68.8482309664,-32.8634508885,6,Residencial Norte,2694682.37982,0
3104,Fresno europeo,19/09/2011 08:45,Bajo (2 - 4 mts),12,Chico,-68.8220172843,-32.8717181496,4,Cuarta Este Área Fundacional,1822015.85685,0
19337,Morera,19/07/2011 11:51,Medio (4 - 8 mts),120,Grande,-68.8358412143,-32.8705226556,4,Cuarta Oeste,1173332.70145,0
43636,Palo borracho,14/10/2011 18:01,Bajo (2 - 4 mts),70,Grande,-68.8339524058,-32.882316836,3,Parque O'Higgins,1531146.02653,0
12375,Morera,21/01/2011 14:12,Alto (> 8 mts),87,Grande,-68.8476046307,-32.8673900615,6,Residencial Norte,2694682.37982,0
36030,Morera,18/03/2011 13:12,Alto (> 8 mts),160,Grande,-68.8562211281,-32.8750012974,6,Residencial Norte,2694682.37982,0
9805,Paraiso sombrilla,12/01/2011 13:37,Alto (> 8 mts),120,Grande,-68.8442175102,-32.8642235441,4,Cuarta Oeste,1173332.70145,0
9474,Morera,01/02/2011 12:14,Bajo (2 - 4 mts),14,Chico,-68.8514086967,-32.8647327219,6,Residencial Norte,2694682.37982,0
19840,Jacaranda,30/06/2011 11:18,Alto (> 8 mts),69,Grande,-68.8349073748,-32.863620907,4,Cuarta Oeste,1173332.70145,0
33192,Morera,11/05/2011 12:19,Alto (> 8 mts),70,Grande,-68.8564934075,-32.8916337235,5,Residencial Sur,2423808.92355,1
33977,Morera,26/05/2011 13:05,Bajo (2 - 4 mts),84,Grande,-68.8545511557,-32.88412333,5,Residencial Sur,2423808.92355,0
40300,Prunas,11/04/2011 13:04,Muy bajo (1 - 2 mts),7,Chico,-68.8452522985,-32.8803323646,1,Parque Central,1655357.93265,0
43866,Olmo bola,07/10/2011 08:57,Medio (4 - 8 mts),95,Grande,-68.8310834911,-32.8838667904,3,Parque O'Higgins,1531146.02653,0
27689,Morera,28/10/2011 10:52,Alto (> 8 mts),115,Grande,-68.8375162189,-32.8948165495,2,Barrio Civico,2366816.36021,1
29995,Platano,28/04/2011 09:27,Alto (> 8 mts),140,Grande,-68.8410092715,-32.8862554211,3,Parque O'Higgins,1531146.02653,0
551,Morera,08/03/2012 16:53,Medio (4 - 8 mts),150,Grande,-68.820472118,-32.8679453224,4,Cuarta Este Área Fundacional,1822015.85685,1
26967,Fresno americano,03/11/2011 18:04,Bajo (2 - 4 mts),160,Grande,-68.8350875768,-32.8860420571,3,Parque O'Higgins,1531146.02653,0
28086,Platano,21/02/2011 18:33,Alto (> 8 mts),98,Grande,-68.8492020744,-32.8920369191,2,Barrio Civico,2366816.36021,0
7725,Olmo bola,19/05/2011 10:27,Medio (4 - 8 mts),100,Grande,-68.8509167397,-32.8865838409,5,Residencial Sur,2423808.92355,0
17341,Morera,08/08/2011 09:43,Alto (> 8 mts),150,Grande,-68.8353392477,-32.8658610468,4,Cuarta Oeste,1173332.70145,0
31882,Platano,01/06/2011 13:10,Alto (> 8 mts),200,Grande,-68.8580913815,-32.8848762526,5,Residencial Sur,2423808.92355,0
1213,Paraiso sombrilla,29/11/2011 12:28,Medio (4 - 8 mts),65,Grande,-68.8762580158,-32.8647843879,8,Aeroparque,2203364.73622,0
23422,Morera,27/01/2011 15:05,Medio (4 - 8 mts),98,Grande,-68.8501681594,-32.9027912778,2,Barrio Civico,2366816.36021,0
39628,Prunas,26/10/2010 09:12,Bajo (2 - 4 mts),45,Mediano,-68.8489035933,-32.8695253399,6,Residencial Norte,2694682.37982,0
34333,Fresno europeo,09/03/2011 08:51,Medio (4 - 8 mts),100,Grande,-68.8511446084,-32.8740777956,6,Residencial Norte,2694682.37982,0
37176,Fresno europeo,01/04/2011 12:07,Alto (> 8 mts),92,Grande,-68.8588366345,-32.8778203562,7,Residencial Parque,1786336.08966,1
18148,Fresno europeo,27/07/2011 09:45,Alto (> 8 mts),125,Grande,-68.8409370893,-32.8686300902,4,Cuarta Oeste,1173332.70145,0
33690,Morera,10/05/2011 13:40,Alto (> 8 mts),170,Grande,-68.8583189686,-32.8860398003,5,Residencial Sur,2423808.92355,0
9342,Fresno europeo,18/02/2011 11:26,Medio (4 - 8 mts),134,Grande,-68.8465167428,-32.8657729564,4,Cuarta Oeste,1173332.70145,0
24124,Olmo comun,10/01/2011 13:55,Alto (> 8 mts),108,Grande,-68.847128081,-32.9017750001,2,Barrio Civico,2366816.36021,0
6319,Morera,27/06/2011 09:45,Alto (> 8 mts),145,Grande,-68.8563387997,-32.8905182094,5,Residencial Sur,2423808.92355,1
12496,Morera,25/01/2011 13:23,Alto (> 8 mts),150,Grande,-68.8489144112,-32.8677444482,6,Residencial Norte,2694682.37982,0
20779,Morera,31/05/2011 10:59,Alto (> 8 mts),128,Grande,-68.8608456729,-32.8959713607,5,Residencial Sur,2423808.92355,0
47919,Morera,29/08/2011 12:14,Medio (4 - 8 mts),78,Grande,-68.828257583,-32.8710338767,4,Cuarta Este Área Fundacional,1822015.85685,0
43380,Morera,25/10/2011 16:39,Medio (4 - 8 mts),170,Grande,-68.8336412858,-32.8811072889,3,Parque O'Higgins,1531146.02653,0
12258,Morera,17/01/2011 11:58,Alto (> 8 mts),5,Chico,-68.8459968314,-32.8683056013,6,Residencial Norte,2694682.37982,0
2448,Fresno europeo,27/10/2011 08:50,Medio (4 - 8 mts),70,Grande,-68.8357285868,-32.8912382185,3,Parque O'Higgins,1531146.02653,0
8436,Prunas,07/02/2011 17:11,Bajo (2 - 4 mts),8,Chico,-68.8382457896,-32.9018981116,2,Barrio Civico,2366816.36021,0
18171,Paraiso,26/07/2011 09:20,Alto (> 8 mts),168,Grande,-68.8397147169,-32.8694520422,4,Cuarta Oeste,1173332.70145,0
46089,Acer,27/09/2011 10:05,Medio (4 - 8 mts),70,Grande,-68.8222313501,-32.8739344589,4,Cuarta Este Área Fundacional,1822015.85685,0
2745,Platano,13/10/2011 11:49,Alto (> 8 mts),190,Grande,-68.8351241944,-32.8836803465,3,Parque O'Higgins,1531146.02653,0
22882,Morera,29/06/2011 16:44,Alto (> 8 mts),142,Grande,-68.8549347105,-32.9016245216,5,Residencial Sur,2423808.92355,0
27107,Fresno americano,27/10/2011 09:03,Bajo (2 - 4 mts),50,Mediano,-68.8370468069,-32.8886492512,3,Parque O'Higgins,1531146.02653,0
23939,Morera,19/01/2012 08:38,Alto (> 8 mts),138,Grande,-68.8515488688,-32.8967191707,2,Barrio Civico,2366816.36021,0
22850,Morera,10/05/2011 10:48,Muy bajo (1 - 2 mts),10,Chico,-68.8570368261,-32.9008431938,5,Residencial Sur,2423808.92355,0
16183,Paraiso,15/07/2011 12:17,Medio (4 - 8 mts),66,Grande,-68.8434023543,-32.8690062315,4,Cuarta Oeste,1173332.70145,0
48031,Morera,05/09/2011 10:00,Medio (4 - 8 mts),132,Grande,-68.8267809932,-32.8678708689,4,Cuarta Este Área Fundacional,1822015.85685,0
42739,Fresno americano,26/09/2011 10:57,Medio (4 - 8 mts),140,Grande,-68.8279086657,-32.87770814,4,Cuarta Este Área Fundacional,1822015.85685,0
13947,Paraiso sombrilla,29/11/2011 13:04,Medio (4 - 8 mts),130,Grande,-68.8763300531,-32.8652165021,8,Aeroparque,2203364.73622,0
21371,Fresno europeo,09/05/2011 11:50,Muy bajo (1 - 2 mts),4,Chico,-68.8546382876,-32.8934607213,5,Residencial Sur,2423808.92355,0
12747,Morera,24/01/2011 13:04,Alto (> 8 mts),150,Grande,-68.8482584199,-32.8644574843,6,Residencial Norte,2694682.37982,0
41291,Platano,11/04/2011 10:38,Alto (> 8 mts),158,Grande,-68.839809186,-32.8816555086,1,Parque Central,1655357.93265,0
42500,Fresno europeo,30/09/2011 08:51,Alto (> 8 mts),190,Grande,-68.8314073477,-32.875371027,4,Cuarta Este Área Fundacional,1822015.85685,0
33871,Acacia visco,13/05/2011 11:51,Alto (> 8 mts),120,Grande,-68.8551031026,-32.8862339309,5,Residencial Sur,2423808.92355,0
40378,Platano,11/04/2011 09:24,Alto (> 8 mts),220,Grande,-68.843906745500007,-32.8819535593,1,Parque Central,1655357.93265,0
47484,Morera,20/09/2011 11:07,Alto (> 8 mts),96,Grande,-68.8293668062,-32.8746077718,4,Cuarta Este Área Fundacional,1822015.85685,0
7464,Fresno europeo,17/06/2011 08:05,Medio (4 - 8 mts),47,Mediano,-68.8623429029,-32.8997759048,5,Residencial Sur,2423808.92355,1
22013,Fresno americano,17/05/2011 12:13,Alto (> 8 mts),90,Grande,-68.8588896233,-32.8931350308,5,Residencial Sur,2423808.92355,0
38718,Morera,15/12/2010 10:56,Alto (> 8 mts),250,Grande,-68.8509682923,-32.8705113616,6,Residencial Norte,2694682.37982,0
14715,Morera,05/12/2011 13:05,Medio (4 - 8 mts),78,Grande,-68.8772989364,-32.8693163278,8,Aeroparque,2203364.73622,0
36384,Fresno europeo,21/03/2011 12:55,Alto (> 8 mts),130,Grande,-68.8518112735,-32.8800933898,6,Residencial Norte,2694682.37982,1
10008,Morera,04/11/2010 09:42,Alto (> 8 mts),85,Grande,-68.8515871097,-32.8691241044,6,Residencial Norte,2694682.37982,0
6910,Fresno europeo,30/05/2011 09:25,Bajo (2 - 4 mts),24,Mediano,-68.8627382965,-32.895510189,5,Residencial Sur,2423808.92355,0
26808,Platano,01/11/2011 08:48,Alto (> 8 mts),150,Grande,-68.8339643311,-32.8950039223,3,Parque O'Higgins,1531146.02653,0
9783,Morera,17/01/2011 10:08,Muy bajo (1 - 2 mts),6,Chico,-68.8458819373,-32.8627112514,4,Cuarta Oeste,1173332.70145,0
37138,Fresno europeo,08/06/2011 14:16,Medio (4 - 8 mts),75,Grande,-68.8580023585,-32.8770868399,7,Residencial Parque,1786336.08966,0
11098,Fresno europeo,29/03/2011 09:23,Bajo (2 - 4 mts),22,Mediano,-68.853361704,-32.8811279586,6,Residencial Norte,2694682.37982,0
39744,Paraiso,02/05/2011 12:19,Alto (> 8 mts),160,Grande,-68.8460715525,-32.8799371428,1,Parque Central,1655357.93265,0
3166,Fresno europeo,16/09/2011 11:06,Medio (4 - 8 mts),40,Mediano,-68.8329260612,-32.8739376461,4,Cuarta Este Área Fundacional,1822015.85685,0
13088,Olmo comun,17/02/2011 09:45,Medio (4 - 8 mts),64,Grande,-68.8464684787,-32.8648457165,4,Cuarta Oeste,1173332.70145,0
27268,Fresno europeo,26/10/2011 08:58,Alto (> 8 mts),105,Grande,-68.836923189,-32.8892057872,3,Parque O'Higgins,1531146.02653,0
4086,Morera,30/09/2011 15:33,Bajo (2 - 4 mts),27,Mediano,-68.8304291311,-32.8789448864,4,Cuarta Este Área Fundacional,1822015.85685,0
27890,Paraiso,04/11/2011 10:38,Medio (4 - 8 mts),52,Mediano,-68.8388916273,-32.8930808871,2,Barrio Civico,2366816.36021,1
40678,Platano,12/04/2011 12:19,Alto (> 8 mts),200,Grande,-68.8444990125,-32.8848116704,1,Parque Central,1655357.93265,0
14557,Aguaribay,15/12/2011 08:10,Medio (4 - 8 mts),90,Grande,-68.8792763814,-32.867004215,8,Aeroparque,2203364.73622,1
8312,Morera,16/03/2011 12:33,Alto (> 8 mts),200,Grande,-68.8452961345,-32.8931615893,2,Barrio Civico,2366816.36021,0
30719,Fresno europeo,07/02/2011 09:08,Medio (4 - 8 mts),35,Mediano,-68.8562752882,-32.8667983743,6,Residencial Norte,2694682.37982,0
31612,Morera,10/06/2011 09:37,Alto (> 8 mts),135,Grande,-68.8608253499,-32.8878861081,5,Residencial Sur,2423808.92355,0
10515,Morera,11/03/2011 09:53,Bajo (2 - 4 mts),34,Mediano,-68.8500472067,-32.8740022313,6,Residencial Norte,2694682.37982,0
46033,Morera,20/09/2011 08:58,Bajo (2 - 4 mts),80,Grande,-68.8207114405,-32.8734172532,4,Cuarta Este Área Fundacional,1822015.85685,0
35889,Morera,28/03/2011 10:01,Medio (4 - 8 mts),64,Grande,-68.8534604726,-32.8764019408,6,Residencial Norte,2694682.37982,0
1920,Fresno europeo,18/11/2011 11:43,Muy bajo (1 - 2 mts),14,Chico,-68.8598075356,-32.8720157193,7,Residencial Parque,1786336.08966,0
47609,Morera,08/09/2011 11:09,Alto (> 8 mts),185,Grande,-68.8292450533,-32.8712313939,4,Cuarta Este Área Fundacional,1822015.85685,1
8073,Fresno americano,02/03/2011 13:01,Alto (> 8 mts),85,Grande,-68.8405302764,-32.890036565,3,Parque O'Higgins,1531146.02653,0
43944,Platano,12/10/2011 11:47,Alto (> 8 mts),270,Grande,-68.8314402205,-32.8838037024,3,Parque O'Higgins,1531146.02653,1
27237,Platano,26/10/2011 09:54,Alto (> 8 mts),180,Grande,-68.8364126557,-32.8897012924,3,Parque O'Higgins,1531146.02653,0
12899,Morera,12/01/2011 11:21,Medio (4 - 8 mts),104,Grande,-68.8448660302,-32.8634292188,4,Cuarta Oeste,1173332.70145,0
30111,Platano,26/04/2011 09:54,Alto (> 8 mts),195,Grande,-68.8412705026,-32.8872954452,3,Parque O'Higgins,1531146.02653,1
45117,Morera,31/08/2011 15:50,Alto (> 8 mts),130,Grande,-68.8257638553,-32.8706933318,4,Cuarta Este Área Fundacional,1822015.85685,1
36005,Morera,21/03/2011 09:15,Alto (> 8 mts),145,Grande,-68.8559686723,-32.8756359798,6,Residencial Norte,2694682.37982,0
10703,Morera,30/03/2011 12:37,Medio (4 - 8 mts),80,Grande,-68.8490764012,-32.875338887,6,Residencial Norte,2694682.37982,0
33152,Platano,09/06/2011 09:17,Alto (> 8 mts),190,Grande,-68.8530136351,-32.8921903743,5,Residencial Sur,2423808.92355,0
14234,Paraiso,07/12/2011 16:19,Muy bajo (1 - 2 mts),20,Chico,-68.8773754911,-32.866062594,8,Aeroparque,2203364.73622,0
36879,Morera,07/04/2011 16:58,Alto (> 8 mts),102,Grande,-68.8584698012,-32.8794272102,7,Residencial Parque,1786336.08966,0
44673,Morera,19/08/2011 11:01,Alto (> 8 mts),170,Grande,-68.8229955561,-32.8679165556,4,Cuarta Este Área Fundacional,1822015.85685,0
41216,Fresno europeo,18/04/2011 10:07,Alto (> 8 mts),155,Grande,-68.8377848734,-32.8821306163,1,Parque Central,1655357.93265,0
28653,Morera,23/02/2011 09:25,Alto (> 8 mts),138,Grande,-68.8486063956,-32.890336924,5,Residencial Sur,2423808.92355,0
11011,Platano,07/04/2011 15:52,Alto (> 8 mts),66,Grande,-68.8598615669,-32.8811020791,7,Residencial Parque,1786336.08966,0
9533,Paraiso sombrilla,04/02/2011 13:21,Medio (4 - 8 mts),94,Grande,-68.8534945327,-32.864570563,6,Residencial Norte,2694682.37982,0
1889,Alamo blanco,17/11/2011 12:26,Medio (4 - 8 mts),78,Grande,-68.8584074122,-32.8698663537,6,Residencial Norte,2694682.37982,0
39639,Morera,22/10/2010 11:08,Medio (4 - 8 mts),80,Grande,-68.8465092495,-32.8698244025,6,Residencial Norte,2694682.37982,0
47672,Morera,15/09/2011 10:24,Alto (> 8 mts),153,Grande,-68.8298767786,-32.8729631876,4,Cuarta Este Área Fundacional,1822015.85685,0
23210,Prunas,24/01/2011 09:49,Medio (4 - 8 mts),36,Mediano,-68.8511131461,-32.901648613,2,Barrio Civico,2366816.36021,0
20745,Acer,01/06/2011 11:29,Alto (> 8 mts),105,Grande,-68.8615797347,-32.8968289297,5,Residencial Sur,2423808.92355,0
38885,Morera,09/12/2010 09:59,Medio (4 - 8 mts),150,Grande,-68.8490274703,-32.8717085818,6,Residencial Norte,2694682.37982,0
13926,Fresno europeo,30/11/2011 12:02,Alto (> 8 mts),80,Grande,-68.8755486267,-32.8657344727,8,Aeroparque,2203364.73622,0
26584,Acacia SP,04/11/2011 08:15,Medio (4 - 8 mts),100,Grande,-68.8325462197,-32.8912206103,3,Parque O'Higgins,1531146.02653,0
32517,Morera,23/06/2011 13:57,Alto (> 8 mts),96,Grande,-68.8512264374,-32.8898251465,5,Residencial Sur,2423808.92355,0
37520,Paraiso,15/11/2010 10:59,Medio (4 - 8 mts),120,Grande,-68.8564199113,-32.8702739428,6,Residencial Norte,2694682.37982,0
12524,Paraiso sombrilla,10/01/2011 10:00,Bajo (2 - 4 mts),44,Mediano,-68.8439685252,-32.8631109484,4,Cuarta Oeste,1173332.70145,0
47392,Fresno europeo,21/09/2011 11:23,Alto (> 8 mts),220,Grande,-68.8286824613,-32.8754114175,4,Cuarta Este Área Fundacional,1822015.85685,0
24956,Fresno europeo,16/02/2011 12:05,Alto (> 8 mts),165,Grande,-68.8367229346,-32.8962522484,2,Barrio Civico,2366816.36021,0
28592,Morera,22/02/2011 09:20,Alto (> 8 mts),180,Grande,-68.8495449203,-32.8900029871,5,Residencial Sur,2423808.92355,0
35949,Morera,23/03/2011 10:01,Alto (> 8 mts),160,Grande,-68.854192823100007,-32.8753766881,6,Residencial Norte,2694682.37982,0
11574,Paraiso,10/05/2010 11:56,Medio (4 - 8 mts),146,Grande,-68.8518335174,-32.8671255573,6,Residencial Norte,2694682.37982,0
15348,Paraiso,16/11/2011 12:51,Bajo (2 - 4 mts),50,Mediano,-68.8600826152,-32.8703887482,6,Residencial Norte,2694682.37982,0
352,Morera,07/03/2012 09:26,Medio (4 - 8 mts),140,Grande,-68.8211573568,-32.8671462341,4,Cuarta Este Área Fundacional,1822015.85685,0
6416,Ligustro,13/05/2011 10:33,Medio (4 - 8 mts),78,Grande,-68.8554621621,-32.887083075,5,Residencial Sur,2423808.92355,0
8525,Fresno europeo,08/02/2011 10:49,Medio (4 - 8 mts),33,Mediano,-68.8396285666,-32.8992483609,2,Barrio Civico,2366816.36021,0
29487,Morera,18/02/2011 12:19,Medio (4 - 8 mts),58,Mediano,-68.8439122512,-32.8923283435,2,Barrio Civico,2366816.36021,0
32522,Acacia visco,23/06/2011 13:45,Alto (> 8 mts),120,Grande,-68.8508859551,-32.889953398,5,Residencial Sur,2423808.92355,0
7990,Fresno europeo,18/02/2011 13:33,Bajo (2 - 4 mts),15,Chico,-68.8403275244,-32.8886638858,3,Parque O'Higgins,1531146.02653,0
32376,Platano,06/05/2011 09:22,Alto (> 8 mts),145,Grande,-68.8527700001,-32.8917629952,5,Residencial Sur,2423808.92355,0
18164,Morera,26/07/2011 09:54,Alto (> 8 mts),170,Grande,-68.8396854831,-32.8688072986,4,Cuarta Oeste,1173332.70145,1
765,Aguaribay,14/12/2011 11:12,Medio (4 - 8 mts),35,Mediano,-68.8805341773,-32.8672805847,8,Aeroparque,2203364.73622,1
36380,Fresno europeo,17/03/2011 09:55,Medio (4 - 8 mts),140,Grande,-68.8530635084,-32.8785346114,6,Residencial Norte,2694682.37982,1
6168,Acacia SP,26/04/2011 17:25,Medio (4 - 8 mts),42,Mediano,-68.8391163366,-32.8840906533,1,Parque Central,1655357.93265,1
10442,Conifera,09/03/2011 09:44,Alto (> 8 mts),138,Grande,-68.8557190376,-32.8738328976,6,Residencial Norte,2694682.37982,0
21132,Paraiso,21/06/2011 09:25,Alto (> 8 mts),136,Grande,-68.8623660439,-32.8988426418,5,Residencial Sur,2423808.92355,0
27869,Morera,04/11/2011 08:28,Alto (> 8 mts),150,Grande,-68.83523009,-32.8936220422,3,Parque O'Higgins,1531146.02653,0
10068,Morera,21/10/2010 13:19,Medio (4 - 8 mts),50,Mediano,-68.8475552526,-32.8693910558,6,Residencial Norte,2694682.37982,0
45454,Fresno europeo,16/09/2011 11:18,Alto (> 8 mts),95,Grande,-68.8223857705,-32.871306400900004,4,Cuarta Este Área Fundacional,1822015.85685,0
24447,Fresno europeo,20/01/2011 10:02,Alto (> 8 mts),114,Grande,-68.8456255881,-32.9026891807,2,Barrio Civico,2366816.36021,0
36353,Morera,17/03/2011 13:30,Alto (> 8 mts),96,Grande,-68.8513841385,-32.8784931927,6,Residencial Norte,2694682.37982,0
17060,Fresno europeo,16/08/2011 09:38,Medio (4 - 8 mts),67,Grande,-68.8367675609,-32.8644980147,4,Cuarta Oeste,1173332.70145,0
42160,Morera,04/05/2011 13:01,Medio (4 - 8 mts),120,Grande,-68.8416188975,-32.8738135428,1,Parque Central,1655357.93265,0
22083,Fresno europeo,10/06/2011 11:27,Medio (4 - 8 mts),100,Grande,-68.8545460839,-32.896842406,5,Residencial Sur,2423808.92355,0
38334,Morera,10/11/2010 09:47,Alto (> 8 mts),180,Grande,-68.853566073,-32.8690558907,6,Residencial Norte,2694682.37982,0
18447,Morera,11/07/2011 09:55,Bajo (2 - 4 mts),28,Mediano,-68.8397496842,-32.8729731179,4,Cuarta Oeste,1173332.70145,0
20645,Morera,03/06/2011 14:20,Alto (> 8 mts),140,Grande,-68.8599537272,-32.8968453333,5,Residencial Sur,2423808.92355,0
17676,Morera,18/07/2011 11:46,Bajo (2 - 4 mts),22,Mediano,-68.8416224378,-32.8682521579,4,Cuarta Oeste,1173332.70145,0
34878,Morera,29/03/2011 10:32,Medio (4 - 8 mts),74,Grande,-68.8516699609,-32.8800996026,1,Parque Central,1655357.93265,0
10738,Paraiso,06/04/2011 12:20,Alto (> 8 mts),60,Mediano,-68.8587114619,-32.8766091925,7,Residencial Parque,1786336.08966,0
19313,Morera,13/07/2011 09:53,Alto (> 8 mts),210,Grande,-68.8362060657,-32.8704267148,4,Cuarta Oeste,1173332.70145,0
20943,Morera,27/05/2011 12:57,Medio (4 - 8 mts),85,Grande,-68.862793595,-32.8948833363,5,Residencial Sur,2423808.92355,0
39746,Acer,02/05/2011 12:09,Alto (> 8 mts),140,Grande,-68.846015269,-32.8797226906,1,Parque Central,1655357.93265,0
39292,Jacaranda,30/11/2010 09:46,Muy bajo (1 - 2 mts),15,Chico,-68.8552820638,-32.872450945,6,Residencial Norte,2694682.37982,0
3536,Paraiso,05/09/2011 10:51,Alto (> 8 mts),220,Grande,-68.8335743049,-32.8688578197,4,Cuarta Oeste,1173332.70145,0
28305,Platano,10/03/2011 17:47,Alto (> 8 mts),182,Grande,-68.8493428173,-32.8925838157,2,Barrio Civico,2366816.36021,0
37659,Fresno europeo,29/02/2012 07:48,Bajo (2 - 4 mts),40,Mediano,-68.8524600579,-32.872566361,6,Residencial Norte,2694682.37982,1
17091,Morera,15/08/2011 11:36,Alto (> 8 mts),195,Grande,-68.8379101579,-32.8633170254,4,Cuarta Oeste,1173332.70145,0
22663,Fresno europeo,21/06/2011 10:58,Alto (> 8 mts),100,Grande,-68.8608628202,-32.9004925143,5,Residencial Sur,2423808.92355,0
46832,Paraiso,16/09/2011 08:08,Muy bajo (1 - 2 mts),15,Chico,-68.8338456154,-32.8717382096,4,Cuarta Este Área Fundacional,1822015.85685,0
34385,Morera,28/03/2011 09:31,Alto (> 8 mts),190,Grande,-68.850756706,-32.8749207779,6,Residencial Norte,2694682.37982,0
22072,Platano,10/06/2011 12:00,Alto (> 8 mts),215,Grande,-68.8537936611,-32.8971555874,5,Residencial Sur,2423808.92355,0
27109,Fresno europeo,27/10/2011 09:00,Muy bajo (1 - 2 mts),6,Chico,-68.8375246475,-32.8886350185,3,Parque O'Higgins,1531146.02653,0
3178,Platano,21/09/2011 10:47,Bajo (2 - 4 mts),8,Chico,-68.8320852386,-32.8750597996,4,Cuarta Este Área Fundacional,1822015.85685,0
10203,Morera,16/12/2010 12:01,Medio (4 - 8 mts),36,Mediano,-68.8518162483,-32.8715501696,6,Residencial Norte,2694682.37982,0
28198,Morera,14/03/2011 18:02,Alto (> 8 mts),110,Grande,-68.8471941454,-32.8936611398,2,Barrio Civico,2366816.36021,0
10866,Paraiso,30/03/2011 10:04,Alto (> 8 mts),53,Mediano,-68.8513588188,-32.8789595923,6,Residencial Norte,2694682.37982,0
19148,Morera,20/07/2011 10:17,Alto (> 8 mts),115,Grande,-68.8398842693,-32.8723464326,4,Cuarta Oeste,1173332.70145,0
1374,Acer,23/11/2011 11:35,Medio (4 - 8 mts),58,Mediano,-68.8706111872,-32.8782749645,7,Residencial Parque,1786336.08966,0
31497,Caducifolio,19/05/2011 10:49,Alto (> 8 mts),95,Grande,-68.8588829962,-32.8905737686,5,Residencial Sur,2423808.92355,0
16547,Olmo comun,19/07/2011 10:29,Alto (> 8 mts),110,Grande,-68.8403818974,-32.8649997008,4,Cuarta Oeste,1173332.70145,0
43442,Morera,03/10/2011 10:48,Alto (> 8 mts),160,Grande,-68.8310028456,-32.8796760512,4,Cuarta Este Área Fundacional,1822015.85685,0
1565,Fresno americano,21/11/2011 16:40,Bajo (2 - 4 mts),26,Mediano,-68.873356944,-32.8782258453,7,Residencial Parque,1786336.08966,0
44972,Morera,29/08/2011 09:36,Medio (4 - 8 mts),205,Grande,-68.824683953,-32.869430894,4,Cuarta Este Área Fundacional,1822015.85685,0
40717,Platano,19/04/2011 09:01,Alto (> 8 mts),220,Grande,-68.8423590254,-32.8833536599,1,Parque Central,1655357.93265,0
995,Morera,19/04/2011 10:21,Alto (> 8 mts),123,Grande,-68.8391674428,-32.8797153558,1,Parque Central,1655357.93265,0
2870,Fresno europeo,04/11/2011 08:10,Medio (4 - 8 mts),50,Mediano,-68.8354433888,-32.8929868294,3,Parque O'Higgins,1531146.02653,0
37658,Fresno europeo,29/02/2012 07:50,Medio (4 - 8 mts),65,Grande,-68.8525218561,-32.8725577244,6,Residencial Norte,2694682.37982,0
32133,Morera,10/05/2011 09:33,Alto (> 8 mts),127,Grande,-68.8609809075,-32.8858565755,5,Residencial Sur,2423808.92355,0
8575,Paraiso,03/02/2011 11:27,Medio (4 - 8 mts),57,Mediano,-68.8407669709,-32.9033036195,2,Barrio Civico,2366816.36021,0
20082,Olmo comun,15/08/2011 09:06,Alto (> 8 mts),160,Grande,-68.8327619781,-32.8650239435,4,Cuarta Oeste,1173332.70145,1
2085,Morera,22/11/2011 12:03,Alto (> 8 mts),190,Grande,-68.8281239437,-32.8825989329,3,Parque O'Higgins,1531146.02653,0
16967,Morera,15/08/2011 12:37,Bajo (2 - 4 mts),42,Mediano,-68.8381717051,-32.8661968514,4,Cuarta Oeste,1173332.70145,0
2809,Morera,10/11/2011 11:58,Bajo (2 - 4 mts),37,Mediano,-68.8296041749,-32.884971544,3,Parque O'Higgins,1531146.02653,0
2181,Fresno europeo,04/11/2011 18:18,Muy bajo (1 - 2 mts),5,Chico,-68.8341043628,-32.8870446319,3,Parque O'Higgins,1531146.02653,0
38307,Paraiso,02/12/2010 09:36,Alto (> 8 mts),170,Grande,-68.8469468095,-32.8720546484,6,Residencial Norte,2694682.37982,0
14774,Paraiso,06/12/2011 13:21,Bajo (2 - 4 mts),38,Mediano,-68.8791979603,-32.8688969068,8,Aeroparque,2203364.73622,0
47630,Platano,08/09/2011 10:25,Alto (> 8 mts),170,Grande,-68.830450034,-32.8715046745,4,Cuarta Este Área Fundacional,1822015.85685,0
37890,Fresno europeo,24/11/2010 09:29,Alto (> 8 mts),110,Grande,-68.8507478144,-32.8730211686,6,Residencial Norte,2694682.37982,0
67,Olmo comun,05/03/2012 10:35,Medio (4 - 8 mts),110,Grande,-68.8567741669,-32.8963498613,5,Residencial Sur,2423808.92355,0
2137,Acacia SP,09/11/2011 10:08,Medio (4 - 8 mts),75,Grande,-68.8334809198,-32.8912713721,3,Parque O'Higgins,1531146.02653,1
3842,Fresno americano,31/08/2011 10:22,Alto (> 8 mts),223,Grande,-68.8290323724,-32.8698470941,4,Cuarta Este Área Fundacional,1822015.85685,0
7361,Fresno europeo,24/06/2011 09:27,Alto (> 8 mts),112,Grande,-68.8613695661,-32.9011444032,5,Residencial Sur,2423808.92355,0
10198,Prunas,16/12/2010 11:34,Muy bajo (1 - 2 mts),5,Chico,-68.8517111106,-32.8708702964,6,Residencial Norte,2694682.37982,0
47133,Platano,20/09/2011 10:58,Alto (> 8 mts),165,Grande,-68.8334068625,-32.8734646403,4,Cuarta Este Área Fundacional,1822015.85685,1
38053,Paraiso,07/12/2010 11:30,Alto (> 8 mts),195,Grande,-68.8471420124,-32.8710667203,6,Residencial Norte,2694682.37982,0
8817,Morera,01/02/2011 13:25,Alto (> 8 mts),155,Grande,-68.8545835459,-32.8676474463,6,Residencial Norte,2694682.37982,0
17656,Morera,20/07/2011 11:53,Alto (> 8 mts),160,Grande,-68.841406333,-32.86618538,4,Cuarta Oeste,1173332.70145,0
14390,Fresno europeo,02/12/2011 10:23,Bajo (2 - 4 mts),32,Mediano,-68.8781877945,-32.8672081188,8,Aeroparque,2203364.73622,0
33837,Fresno europeo,16/05/2011 13:26,Medio (4 - 8 mts),120,Grande,-68.8534529298,-32.8858558221,5,Residencial Sur,2423808.92355,0
15951,Morera,25/11/2011 09:20,Bajo (2 - 4 mts),50,Mediano,-68.8735410653,-32.8764238251,7,Residencial Parque,1786336.08966,0
48365,Morera,17/08/2011 10:40,Medio (4 - 8 mts),212,Grande,-68.8287602587,-32.8666251473,4,Cuarta Este Área Fundacional,1822015.85685,0
6200,Platano,31/03/2011 16:01,Alto (> 8 mts),92,Grande,-68.8410448517,-32.8880305271,3,Parque O'Higgins,1531146.02653,0
26197,Fresno americano,19/10/2011 12:25,Medio (4 - 8 mts),130,Grande,-68.8317271047,-32.8887491471,3,Parque O'Higgins,1531146.02653,0
46695,Morera,05/09/2011 10:23,Bajo (2 - 4 mts),7,Chico,-68.8326182178,-32.8697673014,4,Cuarta Este Área Fundacional,1822015.85685,0
20089,Caducifolio,10/08/2011 11:23,Bajo (2 - 4 mts),33,Mediano,-68.8342740115,-32.8659201439,4,Cuarta Oeste,1173332.70145,0
32919,Fresno americano,19/05/2011 10:23,Medio (4 - 8 mts),92,Grande,-68.8509194337,-32.8866094377,5,Residencial Sur,2423808.92355,0
2942,Morera,21/09/2011 09:11,Alto (> 8 mts),140,Grande,-68.8290692832,-32.8731254322,4,Cuarta Este Área Fundacional,1822015.85685,1
42174,Alamo criollo,06/05/2011 11:13,Alto (> 8 mts),182,Grande,-68.840599624,-32.874684717,1,Parque Central,1655357.93265,0
20405,Morera,23/05/2011 13:58,Alto (> 8 mts),105,Grande,-68.8617225322,-32.893373307,5,Residencial Sur,2423808.92355,0
1224,Morera,29/11/2011 10:55,Bajo (2 - 4 mts),50,Mediano,-68.876869597,-32.8658552085,8,Aeroparque,2203364.73622,0
35720,Fresno europeo,09/03/2011 09:08,Medio (4 - 8 mts),94,Grande,-68.8544454628,-32.8732059548,6,Residencial Norte,2694682.37982,0
34827,Morera,29/03/2011 12:59,Alto (> 8 mts),120,Grande,-68.8524906601,-32.8763269522,6,Residencial Norte,2694682.37982,0
7623,Morera,09/06/2011 10:29,Muy bajo (1 - 2 mts),6,Chico,-68.8586185287,-32.8833158962,7,Residencial Parque,1786336.08966,0
25391,Morera,11/02/2011 09:37,Alto (> 8 mts),182,Grande,-68.8363794303,-32.8998882394,2,Barrio Civico,2366816.36021,0
37853,Fresno europeo,24/11/2010 10:26,Medio (4 - 8 mts),110,Grande,-68.8524250304,-32.8727916936,6,Residencial Norte,2694682.37982,0
25892,Morera,07/02/2011 14:20,Medio (4 - 8 mts),102,Grande,-68.8383673637,-32.9027426759,2,Barrio Civico,2366816.36021,0
11821,Morera,02/03/2011 13:31,Alto (> 8 mts),150,Grande,-68.849641429,-32.8657466532,6,Residencial Norte,2694682.37982,0
32477,Morera,30/05/2011 09:37,Alto (> 8 mts),140,Grande,-68.853940908,-32.8887753506,5,Residencial Sur,2423808.92355,1
23402,Morera,28/01/2011 10:30,Alto (> 8 mts),210,Grande,-68.8499053186,-32.9014622323,2,Barrio Civico,2366816.36021,0
42986,Fresno europeo,07/10/2011 16:54,Bajo (2 - 4 mts),60,Mediano,-68.8339519042,-32.8776570673,4,Cuarta Este Área Fundacional,1822015.85685,0
32642,Morera,21/06/2011 09:47,Alto (> 8 mts),135,Grande,-68.8518490296,-32.89054423,5,Residencial Sur,2423808.92355,0
42699,Morera,30/09/2011 13:41,Alto (> 8 mts),117,Grande,-68.8293359589,-32.876859964,4,Cuarta Este Área Fundacional,1822015.85685,1
31298,Acer,25/02/2011 12:53,Medio (4 - 8 mts),130,Grande,-68.8484646315,-32.8649752902,6,Residencial Norte,2694682.37982,0
27538,Fresno europeo,27/10/2011 08:43,Alto (> 8 mts),140,Grande,-68.8358379674,-32.8910973241,3,Parque O'Higgins,1531146.02653,0
11993,Paraiso,12/05/2010 11:27,Alto (> 8 mts),164,Grande,-68.852446528,-32.8679410534,6,Residencial Norte,2694682.37982,0
44833,Morera,23/08/2011 09:28,Alto (> 8 mts),150,Grande,-68.825050726,-32.867109725,4,Cuarta Este Área Fundacional,1822015.85685,0
47849,Paraiso,21/09/2011 09:19,Alto (> 8 mts),135,Grande,-68.8286868424,-32.8731518805,4,Cuarta Este Área Fundacional,1822015.85685,0
43298,Fresno europeo,07/10/2011 11:35,Alto (> 8 mts),128,Grande,-68.8334204466,-32.8798956402,1,Parque Central,1655357.93265,0
9136,Prunas,23/02/2011 13:23,Muy bajo (1 - 2 mts),13,Chico,-68.8526191888,-32.8661768093,6,Residencial Norte,2694682.37982,0
23951,Morera,12/01/2011 12:27,Alto (> 8 mts),260,Grande,-68.8470388032,-32.9001200553,2,Barrio Civico,2366816.36021,0
16723,Paraiso,10/08/2011 13:31,Alto (> 8 mts),105,Grande,-68.840037396,-32.8639507696,4,Cuarta Oeste,1173332.70145,0
2648,Morera,07/10/2011 08:49,Bajo (2 - 4 mts),40,Mediano,-68.8311249151,-32.8844467345,3,Parque O'Higgins,1531146.02653,0
9445,Fresno americano,11/02/2011 10:26,Bajo (2 - 4 mts),40,Mediano,-68.8560389034,-32.8647991515,6,Residencial Norte,2694682.37982,0
39247,Morera,28/12/2010 09:54,Alto (> 8 mts),110,Grande,-68.8550458965,-32.8720065872,6,Residencial Norte,2694682.37982,0
7491,Alamo criollo,23/06/2011 10:30,Alto (> 8 mts),150,Grande,-68.8631778764,-32.9002614392,5,Residencial Sur,2423808.92355,0
9413,Paraiso sombrilla,14/02/2011 13:04,Medio (4 - 8 mts),170,Grande,-68.8565755655,-32.8652191843,6,Residencial Norte,2694682.37982,0
5156,Morera,11/08/2011 09:30,Medio (4 - 8 mts),30,Mediano,-68.8440124744,-32.8725383912,6,Residencial Norte,2694682.37982,0
16527,Morera,19/07/2011 11:22,Medio (4 - 8 mts),33,Mediano,-68.8416880776,-32.8646239109,4,Cuarta Oeste,1173332.70145,0
20028,Morera,10/08/2011 12:32,Alto (> 8 mts),100,Grande,-68.8339854466,-32.8681403287,4,Cuarta Oeste,1173332.70145,1
10088,Acer,20/10/2010 13:39,Medio (4 - 8 mts),50,Mediano,-68.845330538,-32.8707525904,6,Residencial Norte,2694682.37982,0
3932,Fresno europeo,01/09/2011 10:48,Bajo (2 - 4 mts),13,Chico,-68.8217266385,-32.8705449675,4,Cuarta Este Área Fundacional,1822015.85685,0
33466,Platano,15/06/2011 10:13,Alto (> 8 mts),130,Grande,-68.857252249,-32.8895414464,5,Residencial Sur,2423808.92355,0
16690,Paraiso,20/07/2011 14:28,Alto (> 8 mts),188,Grande,-68.8408991572,-32.863425008,4,Cuarta Oeste,1173332.70145,0
35826,Jacaranda,03/03/2011 13:17,Muy bajo (1 - 2 mts),10,Chico,-68.8541789613,-32.8731819623,6,Residencial Norte,2694682.37982,0
19510,Morera,18/07/2011 09:00,Medio (4 - 8 mts),34,Mediano,-68.838339232,-32.8711482581,4,Cuarta Oeste,1173332.70145,0
45655,Olmo bola,21/09/2011 12:53,Alto (> 8 mts),80,Grande,-68.8209835862,-32.8721975506,4,Cuarta Este Área Fundacional,1822015.85685,0
20599,Acacia SP,30/05/2011 10:27,Alto (> 8 mts),120,Grande,-68.8621176941,-32.8970184283,5,Residencial Sur,2423808.92355,0
41530,Morera,04/05/2011 09:42,Bajo (2 - 4 mts),70,Grande,-68.8388789995,-32.8781407773,1,Parque Central,1655357.93265,0
36883,Fresno americano,28/03/2011 17:13,Bajo (2 - 4 mts),16,Chico,-68.8583707961,-32.8790732376,7,Residencial Parque,1786336.08966,0
46563,Morera,07/09/2011 09:34,Alto (> 8 mts),120,Grande,-68.8319238846,-32.8685645958,4,Cuarta Este Área Fundacional,1822015.85685,0
27744,Fresno europeo,31/10/2011 09:24,Bajo (2 - 4 mts),30,Mediano,-68.8357008919,-32.8957599392,2,Barrio Civico,2366816.36021,0
19276,Platano,13/07/2011 22:00,Alto (> 8 mts),300,Grande,-68.8366672805,-32.870426895,4,Cuarta Oeste,1173332.70145,0
14911,Paraiso,19/12/2011 08:52,Medio (4 - 8 mts),110,Grande,-68.880675669,-32.8735833085,8,Aeroparque,2203364.73622,0
45305,Fresno americano,09/09/2011 12:56,Bajo (2 - 4 mts),52,Mediano,-68.8234647699,-32.8721502212,4,Cuarta Este Área Fundacional,1822015.85685,0
39950,Morera,28/04/2011 09:56,Medio (4 - 8 mts),150,Grande,-68.8450249423,-32.8766836521,1,Parque Central,1655357.93265,1
12382,Morera,21/01/2011 13:31,Alto (> 8 mts),150,Grande,-68.8476511984,-32.8668282523,6,Residencial Norte,2694682.37982,0
20122,Morera,09/08/2011 12:10,Alto (> 8 mts),145,Grande,-68.8343618959,-32.8662908569,4,Cuarta Oeste,1173332.70145,1
7585,Acer,24/06/2011 10:10,Medio (4 - 8 mts),100,Grande,-68.8521188473,-32.8826924066,1,Parque Central,1655357.93265,0
7924,Jacaranda,10/06/2011 09:54,Medio (4 - 8 mts),40,Mediano,-68.8614589267,-32.888226479,5,Residencial Sur,2423808.92355,0
20128,Morera,16/05/2011 11:16,Alto (> 8 mts),150,Grande,-68.8618346369,-32.8914643922,5,Residencial Sur,2423808.92355,1
17857,Platano,02/08/2011 09:45,Alto (> 8 mts),145,Grande,-68.8357778404,-32.8660936293,4,Cuarta Oeste,1173332.70145,0
1346,Fresno europeo,29/11/2011 13:01,Bajo (2 - 4 mts),30,Mediano,-68.8773163604,-32.8654169391,8,Aeroparque,2203364.73622,0
465,Morera,07/03/2012 11:08,Alto (> 8 mts),185,Grande,-68.8216020223,-32.8685321754,4,Cuarta Este Área Fundacional,1822015.85685,0
31694,Platano,18/05/2011 12:33,Alto (> 8 mts),240,Grande,-68.8616434263,-32.8909797398,5,Residencial Sur,2423808.92355,0
46756,Morera,05/09/2011 11:14,Medio (4 - 8 mts),145,Grande,-68.8331913421,-32.8698685779,4,Cuarta Oeste,1173332.70145,0
4926,Acer,18/07/2011 10:39,Bajo (2 - 4 mts),20,Chico,-68.8429982229,-32.8674670363,4,Cuarta Oeste,1173332.70145,0
41521,Morera,03/05/2011 14:17,Medio (4 - 8 mts),72,Grande,-68.8387160565,-32.8775416626,1,Parque Central,1655357.93265,0
19193,Morera,06/07/2011 10:07,Alto (> 8 mts),155,Grande,-68.8396559512,-32.8727487465,4,Cuarta Oeste,1173332.70145,0
29100,Morera,27/04/2011 11:36,Alto (> 8 mts),180,Grande,-68.8435800349,-32.8856813788,1,Parque Central,1655357.93265,0
35627,Paraiso,15/03/2011 13:16,Medio (4 - 8 mts),120,Grande,-68.8562405297,-32.8742353307,6,Residencial Norte,2694682.37982,0
20222,Morera,26/05/2011 12:45,Alto (> 8 mts),125,Grande,-68.8604601669,-32.8938221688,5,Residencial Sur,2423808.92355,1
42436,Platano,26/09/2011 10:35,Alto (> 8 mts),185,Grande,-68.8329812402,-32.8763955207,4,Cuarta Este Área Fundacional,1822015.85685,0
36453,Fresno americano,21/03/2011 09:14,Bajo (2 - 4 mts),52,Mediano,-68.8533147963,-32.878923804,6,Residencial Norte,2694682.37982,0
24420,Fresno europeo,12/07/2011 12:49,Alto (> 8 mts),116,Grande,-68.8456694737,-32.9032674759,2,Barrio Civico,2366816.36021,0
45782,Morera,23/08/2011 11:54,Alto (> 8 mts),150,Grande,-68.8216525803,-32.8699551063,4,Cuarta Este Área Fundacional,1822015.85685,1
11585,Paraiso,10/05/2010 12:20,Medio (4 - 8 mts),136,Grande,-68.8521637491,-32.8665625689,6,Residencial Norte,2694682.37982,0
25063,Caducifolio,14/02/2011 17:44,Medio (4 - 8 mts),220,Grande,-68.8353167242,-32.8971486674,2,Barrio Civico,2366816.36021,1
13403,Alamo blanco,06/04/2011 13:01,Alto (> 8 mts),160,Grande,-68.8437557808,-32.8652907025,4,Cuarta Oeste,1173332.70145,0
30294,Morera,11/03/2011 09:13,Alto (> 8 mts),114,Grande,-68.8410196886,-32.890431716,3,Parque O'Higgins,1531146.02653,0
36098,Fresno europeo,05/04/2011 13:57,Medio (4 - 8 mts),65,Grande,-68.8561058659,-32.876170752,6,Residencial Norte,2694682.37982,0
6179,Fresno europeo,08/04/2011 09:54,Bajo (2 - 4 mts),14,Chico,-68.8402614018,-32.8848733644,1,Parque Central,1655357.93265,0
10935,Fresno europeo,07/04/2011 16:56,Muy bajo (1 - 2 mts),15,Chico,-68.8592965002,-32.8788428898,7,Residencial Parque,1786336.08966,0
43300,Caducifolio,07/10/2011 11:32,Alto (> 8 mts),60,Mediano,-68.8336424905,-32.8798800669,1,Parque Central,1655357.93265,0
18967,Morera,04/08/2011 09:07,Alto (> 8 mts),250,Grande,-68.8376299076,-32.8688908494,4,Cuarta Oeste,1173332.70145,0
42229,Morera,02/05/2011 10:22,Alto (> 8 mts),162,Grande,-68.8402059004,-32.8745460752,1,Parque Central,1655357.93265,0
15413,Morera,17/11/2011 12:35,Medio (4 - 8 mts),100,Grande,-68.8593525947,-32.87175327,6,Residencial Norte,2694682.37982,0
13904,Paraiso,19/12/2011 12:05,Bajo (2 - 4 mts),30,Mediano,-68.8757568733,-32.8671615081,8,Aeroparque,2203364.73622,0
3778,Morera,23/08/2011 12:52,Medio (4 - 8 mts),48,Mediano,-68.818948369,-32.870437948,4,Cuarta Este Área Fundacional,1822015.85685,0
5740,Morera,04/05/2011 09:53,Medio (4 - 8 mts),50,Mediano,-68.8393788886,-32.8785807882,1,Parque Central,1655357.93265,0
7707,Paraiso,31/05/2011 12:34,Medio (4 - 8 mts),130,Grande,-68.8572912665,-32.8838632536,5,Residencial Sur,2423808.92355,0
27134,Platano,27/10/2011 10:43,Medio (4 - 8 mts),200,Grande,-68.8391024982,-32.8899369135,3,Parque O'Higgins,1531146.02653,0
32827,Fresno europeo,13/07/2011 11:34,Alto (> 8 mts),98,Grande,-68.8522015193,-32.88597716,5,Residencial Sur,2423808.92355,1
46780,Paraiso,07/09/2011 11:26,Alto (> 8 mts),213,Grande,-68.8327027475,-32.8727574039,4,Cuarta Este Área Fundacional,1822015.85685,0
22364,Fresno europeo,16/06/2011 09:57,Medio (4 - 8 mts),110,Grande,-68.8595160841,-32.8988544404,5,Residencial Sur,2423808.92355,0
41800,Jacaranda,26/04/2011 13:04,Medio (4 - 8 mts),120,Grande,-68.8419908829,-32.8777487234,1,Parque Central,1655357.93265,0
1597,Acacia SP,24/11/2011 10:31,Bajo (2 - 4 mts),70,Grande,-68.8719592647,-32.8796721428,7,Residencial Parque,1786336.08966,0
46247,Morera,28/09/2011 10:18,Alto (> 8 mts),175,Grande,-68.8263347327,-32.876391022,4,Cuarta Este Área Fundacional,1822015.85685,1
28117,Fresno europeo,14/03/2011 17:03,Medio (4 - 8 mts),38,Mediano,-68.8466603157,-32.8923629095,2,Barrio Civico,2366816.36021,0
17031,Olmo comun,09/08/2011 10:23,Alto (> 8 mts),190,Grande,-68.8382891154,-32.8637340872,4,Cuarta Oeste,1173332.70145,0
12800,Morera,21/01/2011 08:35,Alto (> 8 mts),160,Grande,-68.8474372339,-32.8643932867,4,Cuarta Oeste,1173332.70145,0
3246,Morera,27/09/2011 11:48,Medio (4 - 8 mts),70,Grande,-68.8254855896,-32.8666362764,4,Cuarta Este Área Fundacional,1822015.85685,0
15723,Paraiso,15/11/2011 13:15,Muy bajo (1 - 2 mts),8,Chico,-68.8610022353,-32.8694505492,7,Residencial Parque,1786336.08966,0
179,Braquiquito,26/02/2012 19:40,Medio (4 - 8 mts),54,Mediano,-68.8571762698,-32.8646124751,6,Residencial Norte,2694682.37982,0
5298,Acer,28/04/2011 13:24,Medio (4 - 8 mts),150,Grande,-68.8432097671,-32.8768736914,1,Parque Central,1655357.93265,0
34275,Morera,04/03/2011 09:46,Alto (> 8 mts),160,Grande,-68.852456873,-32.8735009136,6,Residencial Norte,2694682.37982,0
41133,Platano,27/04/2011 08:54,Alto (> 8 mts),146,Grande,-68.8396538501,-32.883670935,1,Parque Central,1655357.93265,0
6575,Platano,18/05/2011 10:17,Alto (> 8 mts),173,Grande,-68.859875654,-32.8903006876,5,Residencial Sur,2423808.92355,1
21342,Morera,09/05/2011 11:23,Alto (> 8 mts),165,Grande,-68.8535775246,-32.8936609215,5,Residencial Sur,2423808.92355,0
8743,Fresno europeo,14/02/2011 08:44,Bajo (2 - 4 mts),37,Mediano,-68.8363920187,-32.9005064608,2,Barrio Civico,2366816.36021,1
32591,Platano,17/06/2011 09:54,Alto (> 8 mts),199,Grande,-68.8536389387,-32.8892219211,5,Residencial Sur,2423808.92355,0
23339,Morera,31/01/2011 15:59,Alto (> 8 mts),120,Grande,-68.8506824297,-32.901431994,2,Barrio Civico,2366816.36021,0
10200,Prunas,16/12/2010 11:57,Muy bajo (1 - 2 mts),5,Chico,-68.851797307,-32.8714659894,6,Residencial Norte,2694682.37982,0
32793,Morera,14/07/2011 09:53,Medio (4 - 8 mts),50,Mediano,-68.8517652424,-32.885103535,5,Residencial Sur,2423808.92355,0
3039,Morera,15/09/2011 10:31,Medio (4 - 8 mts),240,Grande,-68.8282640237,-32.8720870902,4,Cuarta Este Área Fundacional,1822015.85685,0
27029,Morera,28/10/2011 10:57,Medio (4 - 8 mts),140,Grande,-68.83846497,-32.8919265346,3,Parque O'Higgins,1531146.02653,1
32184,Morera,10/05/2011 13:48,Alto (> 8 mts),200,Grande,-68.858734758,-32.88586208,5,Residencial Sur,2423808.92355,0
1415,Morera,23/11/2011 08:24,Muy bajo (1 - 2 mts),8,Chico,-68.8714483546,-32.8791498367,7,Residencial Parque,1786336.08966,0
27461,Tilo,25/10/2011 10:09,Alto (> 8 mts),128,Grande,-68.8356663523,-32.8923540273,3,Parque O'Higgins,1531146.02653,0
10259,Conifera,09/12/2010 12:57,Alto (> 8 mts),290,Grande,-68.8488854396,-32.8707406002,6,Residencial Norte,2694682.37982,0
11296,Fresno europeo,10/01/2011 09:50,Bajo (2 - 4 mts),20,Chico,-68.8466225038,-32.9032747846,2,Barrio Civico,2366816.36021,0
4747,Morera,02/08/2011 10:15,Alto (> 8 mts),80,Grande,-68.8353121533,-32.8668581358,4,Cuarta Oeste,1173332.70145,0
31341,Paraiso,25/02/2011 10:21,Alto (> 8 mts),160,Grande,-68.8490278097,-32.8662484117,6,Residencial Norte,2694682.37982,1
30936,Fresno europeo,11/02/2011 13:20,Medio (4 - 8 mts),90,Grande,-68.8562697163,-32.8635626343,6,Residencial Norte,2694682.37982,0
12179,Morera,19/01/2011 12:32,Medio (4 - 8 mts),76,Grande,-68.8474096935,-32.8684409187,6,Residencial Norte,2694682.37982,0
33506,Platano,16/06/2011 13:46,Alto (> 8 mts),101,Grande,-68.8544043917,-32.8900276196,5,Residencial Sur,2423808.92355,0
28374,Fresno americano,15/03/2011 12:21,Alto (> 8 mts),125,Grande,-68.8483306429,-32.888708838,5,Residencial Sur,2423808.92355,0
38422,Paraiso,04/11/2010 10:01,Medio (4 - 8 mts),110,Grande,-68.8516406205,-32.8695242877,6,Residencial Norte,2694682.37982,0
20817,Morera,30/05/2011 11:08,Medio (4 - 8 mts),32,Mediano,-68.8619363877,-32.8957496212,5,Residencial Sur,2423808.92355,0
34483,Morera,10/03/2011 12:28,Alto (> 8 mts),160,Grande,-68.8491279548,-32.8748997081,6,Residencial Norte,2694682.37982,0
25410,Morera,14/02/2011 12:46,Alto (> 8 mts),114,Grande,-68.8368299445,-32.9006520762,2,Barrio Civico,2366816.36021,0
45676,Fresno europeo,26/08/2011 11:32,Muy bajo (1 - 2 mts),18,Chico,-68.8223114499,-32.86954593,4,Cuarta Este Área Fundacional,1822015.85685,0
37594,Platano,17/11/2010 11:16,Alto (> 8 mts),90,Grande,-68.8581291144,-32.8699782435,6,Residencial Norte,2694682.37982,0
17487,Platano,16/01/2012 09:09,Alto (> 8 mts),148,Grande,-68.8351952417,-32.86804729,4,Cuarta Oeste,1173332.70145,1
43177,Platano,07/10/2011 13:39,Alto (> 8 mts),198,Grande,-68.8306490904,-32.8802105615,4,Cuarta Este Área Fundacional,1822015.85685,0
5289,Morera,28/04/2011 09:23,Bajo (2 - 4 mts),22,Mediano,-68.8440865225,-32.8772933056,1,Parque Central,1655357.93265,0
36216,Fresno europeo,30/03/2011 12:33,Alto (> 8 mts),125,Grande,-68.8547202465,-32.8781447609,6,Residencial Norte,2694682.37982,1
18380,Paraiso,29/07/2011 13:45,Bajo (2 - 4 mts),28,Mediano,-68.83752984,-32.868454119,4,Cuarta Oeste,1173332.70145,0
20201,Morera,26/05/2011 13:34,Alto (> 8 mts),115,Grande,-68.8594288077,-32.8947643629,5,Residencial Sur,2423808.92355,0
12712,Paraiso,20/01/2011 08:41,Alto (> 8 mts),180,Grande,-68.8471210808,-32.8631688196,4,Cuarta Oeste,1173332.70145,0
10232,Paraiso,14/12/2010 10:42,Muy bajo (1 - 2 mts),15,Chico,-68.8503600256,-32.8712100988,6,Residencial Norte,2694682.37982,0
39902,Morera,02/05/2011 11:47,Medio (4 - 8 mts),140,Grande,-68.8433436635,-32.8746037861,1,Parque Central,1655357.93265,0
11657,Paraiso,26/01/2011 12:16,Alto (> 8 mts),190,Grande,-68.8500430177,-32.8685714033,6,Residencial Norte,2694682.37982,0
42199,Fresno europeo,04/05/2011 10:42,Bajo (2 - 4 mts),30,Mediano,-68.8409183854,-32.8732406094,4,Cuarta Oeste,1173332.70145,0
2019,Morera,02/11/2011 08:51,Medio (4 - 8 mts),95,Grande,-68.8329485656,-32.8948666297,3,Parque O'Higgins,1531146.02653,1
3807,Morera,02/09/2011 10:33,Medio (4 - 8 mts),55,Mediano,-68.8306811076,-32.8707870028,4,Cuarta Este Área Fundacional,1822015.85685,0
18851,Paraiso,08/08/2011 10:10,Medio (4 - 8 mts),77,Grande,-68.8396235398,-32.8700974537,4,Cuarta Oeste,1173332.70145,0
17593,Morera,19/07/2011 11:06,Alto (> 8 mts),242,Grande,-68.8427854833,-32.8666065892,4,Cuarta Oeste,1173332.70145,0
46443,Morera,17/08/2011 09:33,Alto (> 8 mts),220,Grande,-68.8318733243,-32.8674062436,4,Cuarta Oeste,1173332.70145,0
28267,Morera,28/02/2011 16:03,Alto (> 8 mts),98,Grande,-68.8493615165,-32.8931684597,2,Barrio Civico,2366816.36021,1
4553,Jacaranda,09/08/2011 09:57,Medio (4 - 8 mts),60,Mediano,-68.839678078,-32.8651367547,4,Cuarta Oeste,1173332.70145,0
42401,Fresno europeo,29/09/2011 10:47,Medio (4 - 8 mts),66,Grande,-68.8344185776,-32.8752085083,4,Cuarta Este Área Fundacional,1822015.85685,0
32771,Fresno europeo,15/07/2011 08:27,Medio (4 - 8 mts),70,Grande,-68.8517959383,-32.8860515205,5,Residencial Sur,2423808.92355,0
17579,Morera,28/07/2011 09:28,Medio (4 - 8 mts),160,Grande,-68.8403124205,-32.8663871403,4,Cuarta Oeste,1173332.70145,0
46439,Morera,17/08/2011 09:43,Alto (> 8 mts),140,Grande,-68.8318604588,-32.8671385393,4,Cuarta Oeste,1173332.70145,1
660,Paraiso,07/03/2012 16:05,Medio (4 - 8 mts),120,Grande,-68.8180015417,-32.8680886557,4,Cuarta Este Área Fundacional,1822015.85685,0
5597,Fresno europeo,19/04/2011 10:04,Medio (4 - 8 mts),50,Mediano,-68.8371997255,-32.8800270906,1,Parque Central,1655357.93265,0
47185,Fresno americano,20/09/2011 10:57,Medio (4 - 8 mts),145,Grande,-68.8337278142,-32.8751432093,4,Cuarta Este Área Fundacional,1822015.85685,0
21720,Fresno europeo,09/06/2011 11:04,Medio (4 - 8 mts),72,Grande,-68.8554452469,-32.895609034,5,Residencial Sur,2423808.92355,0
33884,Morera,14/07/2011 09:53,Muy bajo (1 - 2 mts),2,Chico,-68.8535773796,-32.8851865263,5,Residencial Sur,2423808.92355,0
6542,Morera,19/05/2011 09:35,Alto (> 8 mts),140,Grande,-68.8580542554,-32.8915439516,5,Residencial Sur,2423808.92355,0
46211,Morera,27/09/2011 12:19,Medio (4 - 8 mts),160,Grande,-68.8260889064,-32.8755021556,4,Cuarta Este Área Fundacional,1822015.85685,0
45953,Caducifolio,24/08/2011 13:48,Muy bajo (1 - 2 mts),15,Chico,-68.8190467374,-32.8699125768,4,Cuarta Este Área Fundacional,1822015.85685,0
24984,Olmo comun,16/02/2011 09:01,Alto (> 8 mts),145,Grande,-68.8378408958,-32.896559387,2,Barrio Civico,2366816.36021,0
34879,Perenne,29/03/2011 12:44,Alto (> 8 mts),70,Grande,-68.8511503491,-32.8804418866,1,Parque Central,1655357.93265,0
41528,Morera,04/05/2011 09:38,Medio (4 - 8 mts),60,Mediano,-68.8388490692,-32.8780281172,1,Parque Central,1655357.93265,0
13774,Morera,27/01/2011 10:46,Alto (> 8 mts),160,Grande,-68.8504301578,-32.8640587766,6,Residencial Norte,2694682.37982,0
11341,Morera,19/01/2011 15:58,Medio (4 - 8 mts),58,Mediano,-68.8485633943,-32.9020836152,2,Barrio Civico,2366816.36021,0
41244,Morera,15/04/2011 10:54,Alto (> 8 mts),209,Grande,-68.8391145966,-32.8810536389,1,Parque Central,1655357.93265,0
2012,Caducifolio,14/11/2011 13:36,Alto (> 8 mts),90,Grande,-68.8322704842,-32.8942861161,3,Parque O'Higgins,1531146.02653,1
29701,Fresno americano,02/03/2011 15:19,Alto (> 8 mts),48,Mediano,-68.8418302687,-32.8936337206,2,Barrio Civico,2366816.36021,0
40746,Morera,15/04/2011 11:53,Alto (> 8 mts),185,Grande,-68.841923236,-32.8847350436,1,Parque Central,1655357.93265,0
1091,Paraiso sombrilla,13/12/2011 18:36,Bajo (2 - 4 mts),28,Mediano,-68.8808442976,-32.8674717379,8,Aeroparque,2203364.73622,0
16479,Paraiso,05/08/2011 09:06,Medio (4 - 8 mts),58,Mediano,-68.8422522397,-32.8653890806,4,Cuarta Oeste,1173332.70145,0
24585,Platano,28/01/2011 09:07,Alto (> 8 mts),225,Grande,-68.8425686879,-32.9023917789,2,Barrio Civico,2366816.36021,0
37809,Paraiso,10/12/2010 12:37,Alto (> 8 mts),170,Grande,-68.8488479344,-32.8718501113,6,Residencial Norte,2694682.37982,0
34824,Morera,29/03/2011 12:27,Alto (> 8 mts),160,Grande,-68.8524303021,-32.8761180478,6,Residencial Norte,2694682.37982,0
9972,Paraiso,10/11/2010 11:22,Medio (4 - 8 mts),80,Grande,-68.8546162754,-32.8701641117,6,Residencial Norte,2694682.37982,0
1003,Paraiso,19/04/2011 13:27,Medio (4 - 8 mts),54,Mediano,-68.8377638554,-32.8789473304,1,Parque Central,1655357.93265,0
8948,Morera,21/01/2011 10:05,Medio (4 - 8 mts),80,Grande,-68.8482338834,-32.8663376215,6,Residencial Norte,2694682.37982,0
3762,Prunas,29/08/2011 09:53,Bajo (2 - 4 mts),60,Mediano,-68.8185394572,-32.8696639952,4,Cuarta Este Área Fundacional,1822015.85685,0
35335,Morera,23/06/2011 10:08,Medio (4 - 8 mts),110,Grande,-68.8543304558,-32.8833529374,5,Residencial Sur,2423808.92355,0
21385,Platano,09/05/2011 13:01,Alto (> 8 mts),180,Grande,-68.854413021,-32.8925026584,5,Residencial Sur,2423808.92355,0
30906,Fresno europeo,17/02/2011 10:00,Medio (4 - 8 mts),30,Mediano,-68.8539853507,-32.8660504418,6,Residencial Norte,2694682.37982,0
29816,Platano,04/03/2011 12:46,Alto (> 8 mts),114,Grande,-68.8425203254,-32.8920305732,2,Barrio Civico,2366816.36021,0
20742,Fresno europeo,01/06/2011 11:36,Medio (4 - 8 mts),68,Grande,-68.8614043166,-32.896827253,5,Residencial Sur,2423808.92355,0
6452,Fresno europeo,26/05/2011 09:35,Bajo (2 - 4 mts),8,Chico,-68.8505966369,-32.8888343445,5,Residencial Sur,2423808.92355,0
43222,Morera,04/10/2011 09:31,Medio (4 - 8 mts),95,Grande,-68.8349077395,-32.8787574062,1,Parque Central,1655357.93265,1
42730,Platano,26/09/2011 11:12,Alto (> 8 mts),250,Grande,-68.8278586878,-32.8770282848,4,Cuarta Este Área Fundacional,1822015.85685,0
32614,Platano,22/06/2011 13:34,Alto (> 8 mts),210,Grande,-68.8520807351,-32.8895289623,5,Residencial Sur,2423808.92355,0
35564,Morera,09/03/2011 10:21,Medio (4 - 8 mts),94,Grande,-68.8562019584,-32.8733935396,6,Residencial Norte,2694682.37982,0
8949,Morera,21/01/2011 10:08,Alto (> 8 mts),92,Grande,-68.848131107,-32.8663316872,6,Residencial Norte,2694682.37982,0
48372,Fresno europeo,05/09/2011 09:00,Medio (4 - 8 mts),110,Grande,-68.8291450517,-32.8693317485,4,Cuarta Este Área Fundacional,1822015.85685,0
1117,Fresno americano,01/12/2011 12:33,Bajo (2 - 4 mts),16,Chico,-68.8762367349,-32.8661205219,8,Aeroparque,2203364.73622,0
46236,Morera,28/09/2011 09:57,Alto (> 8 mts),172,Grande,-68.8251825013,-32.8757656716,4,Cuarta Este Área Fundacional,1822015.85685,0
30717,Morera,07/02/2011 09:02,Alto (> 8 mts),135,Grande,-68.8560244487,-32.8667781584,6,Residencial Norte,2694682.37982,0
19598,Fresno europeo,11/07/2011 09:53,Alto (> 8 mts),131,Grande,-68.8362260682,-32.8715750575,4,Cuarta Oeste,1173332.70145,1
28417,Morera,28/02/2011 12:27,Alto (> 8 mts),162,Grande,-68.846411588,-32.8904446589,2,Barrio Civico,2366816.36021,0
18871,Morera,27/07/2011 09:01,Bajo (2 - 4 mts),15,Chico,-68.8407319704,-32.8703424635,4,Cuarta Oeste,1173332.70145,0
40850,Fresno americano,08/04/2011 09:29,Medio (4 - 8 mts),20,Chico,-68.8395530147,-32.885700082,3,Parque O'Higgins,1531146.02653,0
41552,Acer,06/05/2011 10:16,Bajo (2 - 4 mts),88,Grande,-68.8400218601,-32.8797424789,1,Parque Central,1655357.93265,0
31972,Paraiso,02/06/2011 12:56,Bajo (2 - 4 mts),46,Mediano,-68.8593223297,-32.8836562105,5,Residencial Sur,2423808.92355,1
37030,Morera,05/04/2011 10:40,Medio (4 - 8 mts),112,Grande,-68.8576623722,-32.8763475516,6,Residencial Norte,2694682.37982,1
38646,Morera,16/12/2010 13:25,Alto (> 8 mts),190,Grande,-68.8511273397,-32.8708854837,6,Residencial Norte,2694682.37982,0
19097,Platano,05/10/2011 13:49,Alto (> 8 mts),130,Grande,-68.8416367823,-32.8707014486,4,Cuarta Oeste,1173332.70145,0
37542,Acacia SP,16/11/2010 12:28,Medio (4 - 8 mts),80,Grande,-68.8576211768,-32.8698308705,6,Residencial Norte,2694682.37982,0
40608,Platano,15/04/2011 10:20,Alto (> 8 mts),240,Grande,-68.8452690686,-32.8849384377,1,Parque Central,1655357.93265,0
9643,Morera,27/01/2011 08:44,Alto (> 8 mts),130,Grande,-68.8492778775,-32.8634466114,6,Residencial Norte,2694682.37982,0
35653,Morera,15/03/2011 11:39,Medio (4 - 8 mts),126,Grande,-68.8559101246,-32.874903737,6,Residencial Norte,2694682.37982,0
13362,Fresno europeo,11/01/2011 13:31,Alto (> 8 mts),95,Grande,-68.845370166,-32.866696477,4,Cuarta Oeste,1173332.70145,0
34797,Morera,30/03/2011 10:20,Alto (> 8 mts),123,Grande,-68.8507917691,-32.8762515393,6,Residencial Norte,2694682.37982,0
15867,Acacia SP,28/11/2011 21:09,Bajo (2 - 4 mts),60,Mediano,-68.8726785774,-32.876968934,7,Residencial Parque,1786336.08966,0
36721,Platano,14/06/2011 10:14,Alto (> 8 mts),180,Grande,-68.859793174199993,-32.8812492192,7,Residencial Parque,1786336.08966,0
31057,Fresno europeo,16/02/2011 10:18,Medio (4 - 8 mts),80,Grande,-68.855051563200007,-32.865047479,6,Residencial Norte,2694682.37982,0
23720,Morera,25/01/2011 12:37,Medio (4 - 8 mts),74,Grande,-68.8500397327,-32.900698031,2,Barrio Civico,2366816.36021,0
15428,Paraiso,17/11/2011 13:04,Bajo (2 - 4 mts),66,Grande,-68.858663778,-32.8720218496,6,Residencial Norte,2694682.37982,0
17882,Platano,01/08/2011 10:45,Alto (> 8 mts),150,Grande,-68.8368648295,-32.8676344248,4,Cuarta Oeste,1173332.70145,0
253,Paraiso sombrilla,07/03/2012 11:49,Medio (4 - 8 mts),150,Grande,-68.8221276323,-32.8669915711,4,Cuarta Este Área Fundacional,1822015.85685,0
16440,Paraiso,12/08/2011 09:58,Medio (4 - 8 mts),73,Grande,-68.8417865271,-32.8633935821,4,Cuarta Oeste,1173332.70145,0
36609,Morera,15/06/2011 13:26,Medio (4 - 8 mts),120,Grande,-68.8571764226,-32.8829230466,5,Residencial Sur,2423808.92355,0
46811,Paraiso,07/09/2011 10:32,Alto (> 8 mts),232,Grande,-68.8333301447,-32.872092611,4,Cuarta Este Área Fundacional,1822015.85685,0
37053,Morera,05/04/2011 12:26,Medio (4 - 8 mts),140,Grande,-68.8562532664,-32.8762086122,6,Residencial Norte,2694682.37982,0
3145,Perenne,09/09/2011 15:56,Bajo (2 - 4 mts),30,Mediano,-68.8254897129,-32.8722017197,4,Cuarta Este Área Fundacional,1822015.85685,0
22699,Platano,10/05/2011 11:59,Alto (> 8 mts),146,Grande,-68.8538212218,-32.8995070481,5,Residencial Sur,2423808.92355,0
4309,Prunas,22/07/2011 08:54,Medio (4 - 8 mts),64,Grande,-68.8447098543,-32.8704509756,4,Cuarta Oeste,1173332.70145,0
38992,Morera,27/12/2010 13:03,Medio (4 - 8 mts),60,Mediano,-68.8549020894,-32.8706848385,6,Residencial Norte,2694682.37982,0
11422,Morera,28/01/2011 09:56,Alto (> 8 mts),123,Grande,-68.8511447144,-32.8997628577,2,Barrio Civico,2366816.36021,0
10067,Morera,21/10/2010 14:04,Alto (> 8 mts),94,Grande,-68.8474143021,-32.8688200644,6,Residencial Norte,2694682.37982,1
25537,Morera,11/02/2011 12:10,Medio (4 - 8 mts),98,Grande,-68.8379619204,-32.9011670796,2,Barrio Civico,2366816.36021,0
886,Acacia SP,17/01/2012 12:14,Medio (4 - 8 mts),30,Mediano,-68.8476830019,-32.8753616781,6,Residencial Norte,2694682.37982,1
34801,Morera,30/03/2011 10:30,Alto (> 8 mts),160,Grande,-68.8508601593,-32.8759949988,6,Residencial Norte,2694682.37982,0
28401,Olmo bola,14/03/2011 09:50,Alto (> 8 mts),370,Grande,-68.8494112593,-32.8883245552,5,Residencial Sur,2423808.92355,0
14895,Paraiso,16/12/2011 11:15,Bajo (2 - 4 mts),30,Mediano,-68.8813657126,-32.8742591762,8,Aeroparque,2203364.73622,0
9439,Morera,11/02/2011 10:39,Medio (4 - 8 mts),102,Grande,-68.8565297594,-32.8647104304,6,Residencial Norte,2694682.37982,0
14783,Paraiso,06/12/2011 12:59,Bajo (2 - 4 mts),102,Grande,-68.8792084241,-32.8684979799,8,Aeroparque,2203364.73622,0
14312,Prunas,06/12/2011 09:32,Bajo (2 - 4 mts),95,Grande,-68.8769496668,-32.8675495973,8,Aeroparque,2203364.73622,0
523,Morera,08/03/2012 18:18,Alto (> 8 mts),160,Grande,-68.8209459067,-32.8686236923,4,Cuarta Este Área Fundacional,1822015.85685,0
43056,Morera,03/10/2011 10:10,Medio (4 - 8 mts),90,Grande,-68.8322098169,-32.8781304604,4,Cuarta Este Área Fundacional,1822015.85685,0
47351,Morera,23/09/2011 09:09,Bajo (2 - 4 mts),40,Mediano,-68.8278656171,-32.8753051126,4,Cuarta Este Área Fundacional,1822015.85685,0
38201,Fresno europeo,25/08/2010 10:51,Alto (> 8 mts),132,Grande,-68.8470427757,-32.8736614854,6,Residencial Norte,2694682.37982,0
25518,Morera,17/02/2011 15:23,Alto (> 8 mts),112,Grande,-68.839221857,-32.9006440199,2,Barrio Civico,2366816.36021,1
2572,Acacia SP,17/10/2011 12:48,Alto (> 8 mts),180,Grande,-68.8362377865,-32.8823852246,3,Parque O'Higgins,1531146.02653,1
7930,Paraiso sombrilla,14/03/2011 09:31,Medio (4 - 8 mts),70,Grande,-68.8492191083,-32.8875531327,5,Residencial Sur,2423808.92355,0
21223,Morera,11/05/2011 09:47,Medio (4 - 8 mts),55,Mediano,-68.852010821,-32.8934621479,5,Residencial Sur,2423808.92355,0
26044,Morera,08/11/2011 16:47,Medio (4 - 8 mts),100,Grande,-68.831399051,-32.8870874512,3,Parque O'Higgins,1531146.02653,1
37764,Fresno europeo,22/02/2012 07:53,Muy bajo (1 - 2 mts),8,Chico,-68.8486593118,-32.8726228155,6,Residencial Norte,2694682.37982,0
23657,Prunas,20/01/2011 19:40,Bajo (2 - 4 mts),26,Mediano,-68.848461403300007,-32.900323189,2,Barrio Civico,2366816.36021,0
42940,Fresno europeo,29/09/2011 10:09,Muy bajo (1 - 2 mts),6,Chico,-68.8343353165,-32.877539003,1,Parque Central,1655357.93265,0
24744,Morera,14/02/2011 14:49,Alto (> 8 mts),152,Grande,-68.8345355286,-32.8972852007,2,Barrio Civico,2366816.36021,0
15837,Paraiso,25/11/2011 11:21,Medio (4 - 8 mts),58,Mediano,-68.8723390761,-32.8775957584,7,Residencial Parque,1786336.08966,0
20612,Acacia SP,30/05/2011 10:00,Alto (> 8 mts),104,Grande,-68.8622439425,-32.8979532285,5,Residencial Sur,2423808.92355,0
1947,Acacia SP,18/11/2011 17:01,Muy bajo (1 - 2 mts),8,Chico,-68.859195367,-32.8706653808,6,Residencial Norte,2694682.37982,0
22741,Morera,12/05/2011 10:51,Alto (> 8 mts),96,Grande,-68.8542107981,-32.9013186126,5,Residencial Sur,2423808.92355,0
222,Fresno europeo,06/03/2012 09:49,Alto (> 8 mts),125,Grande,-68.8384548507,-32.8699559989,4,Cuarta Oeste,1173332.70145,0
13520,Morera,01/02/2011 11:43,Alto (> 8 mts),80,Grande,-68.8519398904,-32.8644997053,6,Residencial Norte,2694682.37982,0
47810,Morera,23/09/2011 15:30,Alto (> 8 mts),95,Grande,-68.8265336703,-32.8742787244,4,Cuarta Este Área Fundacional,1822015.85685,0
33605,Acacia SP,17/05/2011 09:12,Medio (4 - 8 mts),70,Grande,-68.8537933357,-32.8868777477,5,Residencial Sur,2423808.92355,0
29297,Morera,22/02/2011 12:27,Muy bajo (1 - 2 mts),12,Chico,-68.8438515412,-32.8876797233,1,Parque Central,1655357.93265,0
38462,Paraiso,03/11/2010 12:17,Muy bajo (1 - 2 mts),170,Grande,-68.8515117584,-32.869462008,6,Residencial Norte,2694682.37982,0
30084,Morera,26/04/2011 11:00,Alto (> 8 mts),190,Grande,-68.8423944594,-32.8870619138,1,Parque Central,1655357.93265,1
3895,Morera,01/09/2011 11:21,Medio (4 - 8 mts),196,Grande,-68.8194260342,-32.8709315187,4,Cuarta Este Área Fundacional,1822015.85685,0
26263,Acacia SP,25/10/2011 10:46,Medio (4 - 8 mts),50,Mediano,-68.8303387974,-32.8892044424,3,Parque O'Higgins,1531146.02653,0
19487,Jacaranda,18/07/2011 10:22,Alto (> 8 mts),60,Mediano,-68.8392327763,-32.8721234773,4,Cuarta Oeste,1173332.70145,0
1840,Paraiso,17/11/2011 13:09,Bajo (2 - 4 mts),66,Grande,-68.8586080626,-32.871683213,6,Residencial Norte,2694682.37982,0
42564,Morera,26/09/2011 11:14,Alto (> 8 mts),140,Grande,-68.8270793134,-32.8755755739,4,Cuarta Este Área Fundacional,1822015.85685,0
8755,Morera,15/02/2011 09:37,Alto (> 8 mts),100,Grande,-68.840278714,-32.8951348319,2,Barrio Civico,2366816.36021,0
10845,Perenne,17/03/2011 10:28,Medio (4 - 8 mts),60,Mediano,-68.8530517649,-32.8779230665,6,Residencial Norte,2694682.37982,0
32729,Morera,17/05/2011 13:08,Bajo (2 - 4 mts),120,Grande,-68.8533829812,-32.886604325,5,Residencial Sur,2423808.92355,0
9655,Morera,25/01/2011 10:41,Medio (4 - 8 mts),110,Grande,-68.8491305176,-32.8637466488,6,Residencial Norte,2694682.37982,0
26165,Caducifolio,14/11/2011 17:23,Bajo (2 - 4 mts),150,Grande,-68.8298543631,-32.8867547765,3,Parque O'Higgins,1531146.02653,0
20342,Olmo comun,13/05/2011 10:47,Alto (> 8 mts),94,Grande,-68.8604331964,-32.8916375252,5,Residencial Sur,2423808.92355,0
44167,Morera,26/09/2011 11:44,Medio (4 - 8 mts),115,Grande,-68.8349465757,-32.8771231513,1,Parque Central,1655357.93265,0
26363,Morera,20/10/2011 11:48,Alto (> 8 mts),190,Grande,-68.8341988961,-32.888538387,3,Parque O'Higgins,1531146.02653,0
17937,Morera,03/08/2011 10:27,Medio (4 - 8 mts),50,Mediano,-68.8378730221,-32.8662813773,4,Cuarta Oeste,1173332.70145,0
1816,Morera,24/11/2011 13:04,Bajo (2 - 4 mts),20,Chico,-68.8708194101,-32.8798751141,7,Residencial Parque,1786336.08966,0
25708,Morera,04/02/2011 09:28,Medio (4 - 8 mts),56,Mediano,-68.8412569096,-32.902540973,2,Barrio Civico,2366816.36021,1
39010,Morera,27/12/2010 10:13,Alto (> 8 mts),185,Grande,-68.8547584821,-32.8706863535,6,Residencial Norte,2694682.37982,0
10992,Fresno europeo,22/03/2011 13:07,Medio (4 - 8 mts),27,Mediano,-68.8538876966,-32.881651071,6,Residencial Norte,2694682.37982,0
41980,Morera,20/04/2011 14:16,Alto (> 8 mts),190,Grande,-68.8376877355,-32.8798758401,1,Parque Central,1655357.93265,1
34841,Platano,30/03/2011 09:41,Alto (> 8 mts),205,Grande,-68.8517708274,-32.8768082846,6,Residencial Norte,2694682.37982,0
37969,Fresno europeo,27/08/2010 10:27,Bajo (2 - 4 mts),54,Mediano,-68.8482460321,-32.8741498774,6,Residencial Norte,2694682.37982,0
7638,Fresno europeo,21/06/2011 15:03,Bajo (2 - 4 mts),30,Mediano,-68.8543172245,-32.882285188,5,Residencial Sur,2423808.92355,0
36347,Morera,18/03/2011 09:32,Medio (4 - 8 mts),80,Grande,-68.8515180668,-32.8789721274,6,Residencial Norte,2694682.37982,0
30062,Fresno europeo,05/04/2011 09:26,Alto (> 8 mts),168,Grande,-68.8396462421,-32.8867050472,3,Parque O'Higgins,1531146.02653,0
18838,Perenne,09/08/2011 11:02,Bajo (2 - 4 mts),13,Chico,-68.8364412235,-32.8693596247,4,Cuarta Oeste,1173332.70145,0
12767,Paraiso sombrilla,21/01/2011 12:20,Medio (4 - 8 mts),70,Grande,-68.8479317311,-32.8644246889,6,Residencial Norte,2694682.37982,0
5695,Acer,29/04/2011 13:59,Muy bajo (1 - 2 mts),3,Chico,-68.8392843543,-32.8747951777,1,Parque Central,1655357.93265,0
10262,Fresno europeo,09/12/2010 12:49,Bajo (2 - 4 mts),20,Chico,-68.8490231397,-32.8707162079,6,Residencial Norte,2694682.37982,0
26057,Fresno europeo,08/11/2011 15:44,Alto (> 8 mts),130,Grande,-68.8339116976,-32.8875506157,3,Parque O'Higgins,1531146.02653,0
47761,Fresno americano,15/09/2011 14:18,Alto (> 8 mts),120,Grande,-68.8262026346,-32.8721801618,4,Cuarta Este Área Fundacional,1822015.85685,0
8852,Paraiso sombrilla,01/02/2011 12:39,Bajo (2 - 4 mts),25,Mediano,-68.8539175053,-32.8667734536,6,Residencial Norte,2694682.37982,0
32706,Fresno americano,18/05/2011 09:27,Bajo (2 - 4 mts),16,Chico,-68.851498454,-32.886221858,5,Residencial Sur,2423808.92355,0
12635,Fresno europeo,14/01/2011 13:56,Bajo (2 - 4 mts),16,Chico,-68.8463679358,-32.8626709924,4,Cuarta Oeste,1173332.70145,0
25211,Morera,11/02/2011 14:06,Alto (> 8 mts),148,Grande,-68.8370431192,-32.8980156727,2,Barrio Civico,2366816.36021,1
2671,Morera,12/10/2011 14:46,Medio (4 - 8 mts),50,Mediano,-68.8325139833,-32.8847678915,3,Parque O'Higgins,1531146.02653,0
15992,Braquiquito,10/08/2011 10:18,Alto (> 8 mts),132,Grande,-68.8437956907,-32.8724015122,4,Cuarta Oeste,1173332.70145,0
19474,Morera,11/07/2011 13:00,Alto (> 8 mts),156,Grande,-68.8395393018,-32.8710693721,4,Cuarta Oeste,1173332.70145,0
25533,Morera,04/03/2011 13:47,Alto (> 8 mts),82,Grande,-68.8406225952,-32.9010127036,2,Barrio Civico,2366816.36021,1
48305,Paraiso,19/08/2011 11:15,Medio (4 - 8 mts),160,Grande,-68.8284314899,-32.8686820029,4,Cuarta Este Área Fundacional,1822015.85685,0
2354,Prunas,03/11/2011 17:51,Bajo (2 - 4 mts),50,Mediano,-68.8346532094,-32.8860587374,3,Parque O'Higgins,1531146.02653,0
42572,Morera,26/09/2011 10:46,Medio (4 - 8 mts),88,Grande,-68.8277735539,-32.875659314400004,4,Cuarta Este Área Fundacional,1822015.85685,0
23179,Paraiso,19/01/2011 10:03,Alto (> 8 mts),240,Grande,-68.8479407064,-32.9015460601,2,Barrio Civico,2366816.36021,0
23413,Morera,26/01/2011 19:10,Alto (> 8 mts),118,Grande,-68.8501008692,-32.9021275534,2,Barrio Civico,2366816.36021,0
977,Morera,16/01/2012 10:22,Alto (> 8 mts),168,Grande,-68.8361746629,-32.8682360036,4,Cuarta Oeste,1173332.70145,0
10932,Morera,29/03/2011 10:43,Muy bajo (1 - 2 mts),38,Mediano,-68.8515551145,-32.8796731414,6,Residencial Norte,2694682.37982,1
33895,Morera,14/07/2011 09:09,Alto (> 8 mts),220,Grande,-68.8547450219,-32.8852298418,5,Residencial Sur,2423808.92355,0
23602,Morera,21/01/2011 10:09,Alto (> 8 mts),86,Grande,-68.8473747717,-32.9005936368,2,Barrio Civico,2366816.36021,0
24014,Fresno europeo,13/01/2011 09:39,Bajo (2 - 4 mts),25,Mediano,-68.8448767225,-32.9006703621,2,Barrio Civico,2366816.36021,0
47946,Morera,02/09/2011 10:47,Bajo (2 - 4 mts),29,Mediano,-68.8263067988,-32.8678774647,4,Cuarta Este Área Fundacional,1822015.85685,0
11155,Morera,07/02/2011 09:59,Alto (> 8 mts),100,Grande,-68.8439573903,-32.9031968468,2,Barrio Civico,2366816.36021,0
36091,Morera,06/04/2011 09:23,Medio (4 - 8 mts),50,Mediano,-68.8549816895,-32.8763318487,6,Residencial Norte,2694682.37982,0
30349,Acacia SP,03/03/2011 13:44,Alto (> 8 mts),130,Grande,-68.8405308129,-32.8894661791,3,Parque O'Higgins,1531146.02653,0
39078,Fresno europeo,22/12/2010 09:30,Medio (4 - 8 mts),65,Grande,-68.8533791808,-32.8713876153,6,Residencial Norte,2694682.37982,0
27186,Fresno europeo,26/10/2011 12:39,Bajo (2 - 4 mts),50,Mediano,-68.8358185117,-32.8909995841,3,Parque O'Higgins,1531146.02653,0
21571,Fresno europeo,07/06/2011 13:17,Medio (4 - 8 mts),80,Grande,-68.8553095227,-32.8956011225,5,Residencial Sur,2423808.92355,0
22366,Fresno europeo,16/06/2011 09:55,Medio (4 - 8 mts),120,Grande,-68.8594987048,-32.8986920264,5,Residencial Sur,2423808.92355,0
17221,Morera,12/08/2011 10:01,Alto (> 8 mts),190,Grande,-68.8354232158,-32.863726755,4,Cuarta Oeste,1173332.70145,0
18647,Paraiso,04/07/2011 13:30,Medio (4 - 8 mts),55,Mediano,-68.8368248605,-32.8759224737,1,Parque Central,1655357.93265,0
43322,Morera,05/10/2011 13:19,Medio (4 - 8 mts),35,Mediano,-68.8325701097,-32.8789148904,4,Cuarta Este Área Fundacional,1822015.85685,0
18824,Morera,09/08/2011 11:38,Medio (4 - 8 mts),83,Grande,-68.835612937,-32.8690123786,4,Cuarta Oeste,1173332.70145,0
29386,Morera,02/03/2011 13:52,Alto (> 8 mts),120,Grande,-68.8462384145,-32.8913747112,2,Barrio Civico,2366816.36021,0
36258,Morera,17/03/2011 12:23,Alto (> 8 mts),146,Grande,-68.8532342637,-32.8786027996,6,Residencial Norte,2694682.37982,1
35241,Morera,22/03/2011 11:29,Alto (> 8 mts),150,Grande,-68.8538302249,-32.8822440833,1,Parque Central,1655357.93265,0
40529,Platano,12/04/2011 09:57,Alto (> 8 mts),200,Grande,-68.8432375785,-32.8832018759,1,Parque Central,1655357.93265,0
39646,Morera,22/10/2010 10:45,Alto (> 8 mts),200,Grande,-68.8463834787,-32.8693344477,6,Residencial Norte,2694682.37982,0
11331,Caducifolio,21/01/2011 14:11,Medio (4 - 8 mts),106,Grande,-68.8478587341,-32.9000618453,2,Barrio Civico,2366816.36021,0
39342,Morera,30/12/2010 10:46,Muy bajo (1 - 2 mts),10,Chico,-68.8563067451,-32.8718717958,6,Residencial Norte,2694682.37982,0
26839,Morera,09/11/2011 11:34,Alto (> 8 mts),138,Grande,-68.8330240528,-32.8931587127,3,Parque O'Higgins,1531146.02653,1
32149,Morera,10/05/2011 10:15,Medio (4 - 8 mts),54,Mediano,-68.859644712,-32.885800032,5,Residencial Sur,2423808.92355,0
41223,Morera,15/04/2011 13:36,Alto (> 8 mts),160,Grande,-68.8385684523,-32.8819891005,1,Parque Central,1655357.93265,0
14398,Morera,02/12/2011 10:15,Bajo (2 - 4 mts),50,Mediano,-68.8786242417,-32.867180502,8,Aeroparque,2203364.73622,0
45823,Morera,26/08/2011 11:22,Bajo (2 - 4 mts),70,Grande,-68.821193177,-32.8694550779,4,Cuarta Este Área Fundacional,1822015.85685,1
32484,Fresno europeo,27/05/2011 11:03,Alto (> 8 mts),115,Grande,-68.853473977,-32.8891378454,5,Residencial Sur,2423808.92355,0
3366,Ailanthus,30/09/2011 17:19,Alto (> 8 mts),115,Grande,-68.8321320878,-32.8761184541,4,Cuarta Este Área Fundacional,1822015.85685,0
21702,Fresno europeo,09/06/2011 11:47,Medio (4 - 8 mts),78,Grande,-68.8570006741,-32.8957367886,5,Residencial Sur,2423808.92355,0
5589,Morera,15/04/2011 14:21,Alto (> 8 mts),151,Grande,-68.8383972175,-32.8819033655,1,Parque Central,1655357.93265,0
25295,Morera,08/02/2011 08:47,Alto (> 8 mts),130,Grande,-68.8373095168,-32.8984614329,2,Barrio Civico,2366816.36021,0
1452,Fresno europeo,25/11/2011 10:21,Muy bajo (1 - 2 mts),30,Mediano,-68.871209588,-32.8758629461,7,Residencial Parque,1786336.08966,0
9493,Acer,02/02/2011 08:32,Bajo (2 - 4 mts),24,Mediano,-68.8521444682,-32.8634426886,6,Residencial Norte,2694682.37982,0
1092,Paraiso sombrilla,13/12/2011 18:34,Bajo (2 - 4 mts),24,Mediano,-68.8807957673,-32.8674803966,8,Aeroparque,2203364.73622,0
22011,Fresno americano,17/05/2011 12:16,Alto (> 8 mts),115,Grande,-68.858889166,-32.893356125,5,Residencial Sur,2423808.92355,0
16328,Acacia SP,05/08/2011 11:31,Bajo (2 - 4 mts),10,Chico,-68.8423500192,-32.8652581876,4,Cuarta Oeste,1173332.70145,0
12827,Fresno europeo,20/01/2011 11:54,Medio (4 - 8 mts),100,Grande,-68.8474427737,-32.8635289184,4,Cuarta Oeste,1173332.70145,0
28567,Platano,23/02/2011 08:35,Alto (> 8 mts),190,Grande,-68.8492812755,-32.8910130241,5,Residencial Sur,2423808.92355,0
2753,Paraiso sombrilla,12/10/2011 18:01,Medio (4 - 8 mts),80,Grande,-68.8360424819,-32.8810297166,1,Parque Central,1655357.93265,0
15669,Acacia SP,15/11/2011 11:33,Alto (> 8 mts),85,Grande,-68.8621067978,-32.870643427,7,Residencial Parque,1786336.08966,0
19669,Morera,12/07/2011 10:46,Alto (> 8 mts),80,Grande,-68.8355180699,-32.8707412527,4,Cuarta Oeste,1173332.70145,0
29795,Morera,09/03/2011 09:10,Alto (> 8 mts),200,Grande,-68.843591853,-32.8916678151,2,Barrio Civico,2366816.36021,0
4131,Acer,28/09/2011 10:14,Medio (4 - 8 mts),70,Grande,-68.8237973567,-32.8747889228,4,Cuarta Este Área Fundacional,1822015.85685,0
44830,Morera,19/08/2011 09:25,Alto (> 8 mts),147,Grande,-68.8253841758,-32.8670625814,4,Cuarta Este Área Fundacional,1822015.85685,0
43183,Morera,07/10/2011 12:08,Alto (> 8 mts),180,Grande,-68.8309406975,-32.8808385341,3,Parque O'Higgins,1531146.02653,0
17260,Fresno europeo,05/08/2011 11:12,Alto (> 8 mts),140,Grande,-68.8356323557,-32.8647993257,4,Cuarta Oeste,1173332.70145,0
20277,Platano,16/05/2011 11:51,Alto (> 8 mts),160,Grande,-68.8591966819,-32.8936952082,5,Residencial Sur,2423808.92355,0
7210,Tilo,16/06/2011 09:16,Medio (4 - 8 mts),31,Mediano,-68.8604751324,-32.8981660753,5,Residencial Sur,2423808.92355,0
30900,Olmo bola,17/02/2011 10:46,Alto (> 8 mts),160,Grande,-68.8541042843,-32.8665522125,6,Residencial Norte,2694682.37982,0
9652,Paraiso,25/01/2011 11:04,Medio (4 - 8 mts),80,Grande,-68.8490983196,-32.8640762039,6,Residencial Norte,2694682.37982,0
36008,Fresno europeo,21/03/2011 09:07,Alto (> 8 mts),150,Grande,-68.8560450347,-32.8759188786,6,Residencial Norte,2694682.37982,0
17155,Fresno europeo,06/07/2011 13:37,Alto (> 8 mts),205,Grande,-68.8349792524,-32.8625932803,4,Cuarta Oeste,1173332.70145,0
20081,Morera,15/08/2011 09:08,Alto (> 8 mts),250,Grande,-68.832799027,-32.8651161147,4,Cuarta Oeste,1173332.70145,0
26612,Platano,03/11/2011 11:12,Alto (> 8 mts),200,Grande,-68.8329320631,-32.8900677749,3,Parque O'Higgins,1531146.02653,0
34080,Paraiso,31/05/2011 13:12,Muy bajo (1 - 2 mts),14,Chico,-68.8562534499,-32.8840392766,5,Residencial Sur,2423808.92355,0
3012,Morera,15/09/2011 17:05,Medio (4 - 8 mts),160,Grande,-68.8234526522,-32.8730170085,4,Cuarta Este Área Fundacional,1822015.85685,0
42740,Fresno americano,26/09/2011 10:35,Medio (4 - 8 mts),80,Grande,-68.827918044,-32.877831775,4,Cuarta Este Área Fundacional,1822015.85685,0
4548,Fresno europeo,05/08/2011 13:47,Medio (4 - 8 mts),115,Grande,-68.8400206943,-32.864540053,4,Cuarta Oeste,1173332.70145,0
23505,Fresno europeo,21/01/2011 13:48,Medio (4 - 8 mts),86,Grande,-68.8479929552,-32.9023704485,2,Barrio Civico,2366816.36021,0
36038,Morera,18/03/2011 09:54,Alto (> 8 mts),105,Grande,-68.8567763587,-32.8748990043,6,Residencial Norte,2694682.37982,0
6690,Morera,12/05/2011 09:52,Alto (> 8 mts),140,Grande,-68.8551013501,-32.8939572709,5,Residencial Sur,2423808.92355,0
33893,Morera,14/07/2011 09:13,Alto (> 8 mts),110,Grande,-68.8546096205,-32.8852303156,5,Residencial Sur,2423808.92355,0
5098,Acacia SP,09/08/2011 09:58,Bajo (2 - 4 mts),8,Chico,-68.8429649445,-32.8678375414,4,Cuarta Oeste,1173332.70145,0
20555,Fresno europeo,03/06/2011 13:24,Medio (4 - 8 mts),90,Grande,-68.8581831621,-32.8970297173,5,Residencial Sur,2423808.92355,0
45215,Morera,28/09/2011 10:08,Alto (> 8 mts),190,Grande,-68.8223853042,-32.8722739384,4,Cuarta Este Área Fundacional,1822015.85685,0
35980,Fresno europeo,22/03/2011 09:49,Alto (> 8 mts),130,Grande,-68.8550166429,-32.8753874074,6,Residencial Norte,2694682.37982,1
22258,Fresno europeo,14/06/2011 10:18,Alto (> 8 mts),91,Grande,-68.8567378594,-32.8970930194,5,Residencial Sur,2423808.92355,0
1464,Paraiso,25/11/2011 10:54,Medio (4 - 8 mts),140,Grande,-68.8714155793,-32.8764514854,7,Residencial Parque,1786336.08966,0
17272,Morera,05/08/2011 10:14,Alto (> 8 mts),142,Grande,-68.8366430296,-32.8647720658,4,Cuarta Oeste,1173332.70145,0
2564,Morera,20/10/2011 09:11,Alto (> 8 mts),105,Grande,-68.8341234692,-32.8854710444,3,Parque O'Higgins,1531146.02653,0
2708,Fresno americano,12/10/2011 14:28,Alto (> 8 mts),168,Grande,-68.8321568561,-32.8825985589,3,Parque O'Higgins,1531146.02653,0
20281,Fresno americano,17/05/2011 10:10,Bajo (2 - 4 mts),31,Mediano,-68.8594933192,-32.8936407479,5,Residencial Sur,2423808.92355,0
8223,Fresno europeo,03/03/2011 20:05,Medio (4 - 8 mts),42,Mediano,-68.8414790502,-32.893095292700004,2,Barrio Civico,2366816.36021,0
6663,Jacaranda,16/05/2011 09:29,Alto (> 8 mts),65,Grande,-68.8615824673,-32.8925847131,5,Residencial Sur,2423808.92355,1
4783,Liquidambar,03/08/2011 10:10,Bajo (2 - 4 mts),15,Chico,-68.8384288294,-32.8667210558,4,Cuarta Oeste,1173332.70145,0
47309,Morera,21/09/2011 10:53,Alto (> 8 mts),160,Grande,-68.8318921195,-32.875242804,4,Cuarta Este Área Fundacional,1822015.85685,0
39488,Paraiso,10/11/2010 12:27,Medio (4 - 8 mts),160,Grande,-68.8538649351,-32.8696867763,6,Residencial Norte,2694682.37982,0
7316,Fresno europeo,22/06/2011 10:10,Alto (> 8 mts),150,Grande,-68.8611970654,-32.9008012188,5,Residencial Sur,2423808.92355,0
7582,Fresno europeo,24/06/2011 09:04,Bajo (2 - 4 mts),60,Mediano,-68.8524393419,-32.8831130939,1,Parque Central,1655357.93265,0
34552,Prunas,31/03/2011 09:35,Bajo (2 - 4 mts),70,Grande,-68.8484573673,-32.8762804355,6,Residencial Norte,2694682.37982,0
19793,Olmo comun,10/08/2011 11:34,Medio (4 - 8 mts),180,Grande,-68.8345687276,-32.8698112558,4,Cuarta Oeste,1173332.70145,0
28045,Morera,23/03/2011 17:58,Alto (> 8 mts),128,Grande,-68.8464864541,-32.8937748401,2,Barrio Civico,2366816.36021,0
2152,Morera,07/11/2011 09:49,Bajo (2 - 4 mts),33,Mediano,-68.8376856406,-32.8948060872,2,Barrio Civico,2366816.36021,0
8076,Morera,02/03/2011 12:54,Alto (> 8 mts),55,Mediano,-68.8405872587,-32.8902682164,3,Parque O'Higgins,1531146.02653,0
39369,Paraiso,30/11/2010 11:57,Muy bajo (1 - 2 mts),20,Chico,-68.856714192,-32.8724549381,6,Residencial Norte,2694682.37982,0
40067,Morera,20/04/2011 10:11,Medio (4 - 8 mts),100,Grande,-68.8443515979,-32.8785894835,1,Parque Central,1655357.93265,0
15109,Paraiso,18/11/2011 09:10,Muy bajo (1 - 2 mts),27,Mediano,-68.8590878204,-32.8686970522,6,Residencial Norte,2694682.37982,0
34736,Morera,31/03/2011 12:34,Medio (4 - 8 mts),130,Grande,-68.8504727927,-32.8781670767,6,Residencial Norte,2694682.37982,0
36732,Fresno americano,09/06/2011 13:26,Bajo (2 - 4 mts),16,Chico,-68.8586251923,-32.8814679085,7,Residencial Parque,1786336.08966,0
1531,Fresno europeo,24/11/2011 09:56,Bajo (2 - 4 mts),60,Mediano,-68.8736292424,-32.8785791013,7,Residencial Parque,1786336.08966,0
6832,Fresno europeo,24/05/2011 09:57,Alto (> 8 mts),57,Mediano,-68.8622850244,-32.8942512724,5,Residencial Sur,2423808.92355,0
16993,Morera,15/08/2011 11:19,Medio (4 - 8 mts),149,Grande,-68.8376800629,-32.864461668,4,Cuarta Oeste,1173332.70145,0
37857,Fresno europeo,24/11/2010 10:34,Alto (> 8 mts),130,Grande,-68.8524994004,-32.8729847439,6,Residencial Norte,2694682.37982,0
17517,Prunas,28/07/2011 10:13,Medio (4 - 8 mts),35,Mediano,-68.8395560707,-32.8668682511,4,Cuarta Oeste,1173332.70145,0
12198,Paraiso,18/01/2011 12:19,Alto (> 8 mts),98,Grande,-68.8465039818,-32.8676023148,6,Residencial Norte,2694682.37982,0
20116,Platano,09/08/2011 12:36,Alto (> 8 mts),280,Grande,-68.8337023393,-32.8664826352,4,Cuarta Oeste,1173332.70145,1
12192,Paraiso,19/01/2011 11:15,Alto (> 8 mts),180,Grande,-68.8461075389,-32.8677721858,6,Residencial Norte,2694682.37982,0
38117,Paraiso,03/12/2010 11:28,Alto (> 8 mts),160,Grande,-68.8463787856,-32.8729234557,6,Residencial Norte,2694682.37982,0
27676,Acer,28/10/2011 11:15,Alto (> 8 mts),123,Grande,-68.8368637759,-32.8946104049,2,Barrio Civico,2366816.36021,0
12415,Morera,24/01/2011 09:17,Alto (> 8 mts),145,Grande,-68.8484321593,-32.8670590448,6,Residencial Norte,2694682.37982,0
35843,Morera,03/03/2011 12:25,Alto (> 8 mts),128,Grande,-68.8544536794,-32.8741283072,6,Residencial Norte,2694682.37982,0
47948,Paraiso sombrilla,02/09/2011 10:44,Medio (4 - 8 mts),118,Grande,-68.8263889202,-32.8680094064,4,Cuarta Este Área Fundacional,1822015.85685,0
32587,Caducifolio,17/06/2011 10:01,Bajo (2 - 4 mts),32,Mediano,-68.8532505031,-32.889303565,5,Residencial Sur,2423808.92355,0
24097,Fresno europeo,11/01/2011 11:13,Alto (> 8 mts),90,Grande,-68.846515393,-32.9011002363,2,Barrio Civico,2366816.36021,0
21327,Fresno americano,15/06/2011 11:31,Medio (4 - 8 mts),80,Grande,-68.8527059,-32.8991748189,2,Barrio Civico,2366816.36021,0
34641,Caducifolio,31/03/2011 13:33,Alto (> 8 mts),60,Mediano,-68.8488861185,-32.8763908518,6,Residencial Norte,2694682.37982,0
30397,Morera,04/03/2011 09:49,Alto (> 8 mts),140,Grande,-68.8404402581,-32.8903772355,3,Parque O'Higgins,1531146.02653,0
10269,Perenne,03/12/2010 12:00,Muy bajo (1 - 2 mts),20,Chico,-68.8471065784,-32.8722242622,6,Residencial Norte,2694682.37982,0
33383,Acer,01/06/2011 11:51,Medio (4 - 8 mts),30,Mediano,-68.8558665271,-32.8886308668,5,Residencial Sur,2423808.92355,0
9638,Fresno americano,26/01/2011 12:30,Medio (4 - 8 mts),70,Grande,-68.8493265211,-32.8645567841,6,Residencial Norte,2694682.37982,0
33015,Morera,18/05/2011 13:24,Alto (> 8 mts),166,Grande,-68.851331453,-32.888331921,5,Residencial Sur,2423808.92355,0
18357,Paraiso,01/08/2011 10:48,Alto (> 8 mts),140,Grande,-68.8363202284,-32.8682361824,4,Cuarta Oeste,1173332.70145,0
41843,Morera,25/04/2011 12:40,Medio (4 - 8 mts),120,Grande,-68.8440914346,-32.8781522521,1,Parque Central,1655357.93265,0
16793,Conifera,10/08/2011 07:58,Bajo (2 - 4 mts),30,Mediano,-68.8381141244,-32.8630189185,4,Cuarta Oeste,1173332.70145,0
18275,Morera,04/08/2011 10:10,Alto (> 8 mts),185,Grande,-68.8392322989,-32.8690036137,4,Cuarta Oeste,1173332.70145,1
5196,Ligustro,08/08/2011 09:39,Bajo (2 - 4 mts),36,Mediano,-68.8391481312,-32.8692175705,4,Cuarta Oeste,1173332.70145,0
13601,Paraiso,01/03/2011 13:25,Alto (> 8 mts),140,Grande,-68.8511961914,-32.8660134527,6,Residencial Norte,2694682.37982,1
13870,Perenne,16/12/2011 12:38,Muy bajo (1 - 2 mts),8,Chico,-68.8759795854,-32.8679090857,8,Aeroparque,2203364.73622,0
37629,Morera,13/12/2010 11:13,Alto (> 8 mts),130,Grande,-68.8497476142,-32.8722338742,6,Residencial Norte,2694682.37982,0
30850,Fresno europeo,15/02/2011 10:08,Alto (> 8 mts),115,Grande,-68.8555453943,-32.865717109,6,Residencial Norte,2694682.37982,0
21202,Morera,10/05/2011 11:16,Alto (> 8 mts),109,Grande,-68.8526531612,-32.8959097351,5,Residencial Sur,2423808.92355,0
1118,Jacaranda,01/12/2011 12:32,Bajo (2 - 4 mts),22,Mediano,-68.8762093887,-32.8661332079,8,Aeroparque,2203364.73622,0
10197,Fresno europeo,16/12/2010 11:28,Muy bajo (1 - 2 mts),2,Chico,-68.8516860192,-32.8706763952,6,Residencial Norte,2694682.37982,0
14594,Paraiso,14/12/2011 10:12,Medio (4 - 8 mts),70,Grande,-68.8793388675,-32.8683282318,8,Aeroparque,2203364.73622,0
39869,Morera,03/05/2011 13:03,Alto (> 8 mts),145,Grande,-68.8445110951,-32.8747704321,1,Parque Central,1655357.93265,0
6698,Prunas,11/05/2011 11:50,Bajo (2 - 4 mts),22,Mediano,-68.8552678255,-32.8948553145,5,Residencial Sur,2423808.92355,0
9509,Acer,03/02/2011 12:24,Bajo (2 - 4 mts),46,Mediano,-68.8534002596,-32.8648321318,6,Residencial Norte,2694682.37982,0
18257,Morera,08/08/2011 09:47,Muy bajo (1 - 2 mts),30,Mediano,-68.8390411438,-32.8687163919,4,Cuarta Oeste,1173332.70145,0
35471,Morera,23/03/2011 13:08,Alto (> 8 mts),153,Grande,-68.854542543,-32.8821001577,6,Residencial Norte,2694682.37982,0
27006,Platano,02/11/2011 16:23,Alto (> 8 mts),180,Grande,-68.8354061183,-32.8866271328,3,Parque O'Higgins,1531146.02653,0
9863,Fresno europeo,09/02/2011 12:05,Medio (4 - 8 mts),45,Mediano,-68.8576582976,-32.865879405,6,Residencial Norte,2694682.37982,0
14017,Morera,29/11/2011 17:10,Bajo (2 - 4 mts),60,Mediano,-68.8787389228,-32.8655031449,8,Aeroparque,2203364.73622,0
23544,Morera,01/02/2011 13:35,Medio (4 - 8 mts),118,Grande,-68.8503082193,-32.9027061457,2,Barrio Civico,2366816.36021,0
32792,Platano,14/07/2011 10:03,Alto (> 8 mts),220,Grande,-68.8514220108,-32.8850885203,5,Residencial Sur,2423808.92355,1
39729,Paraiso,29/04/2011 10:41,Alto (> 8 mts),180,Grande,-68.8464752346,-32.881438716,1,Parque Central,1655357.93265,0
8098,Platano,28/02/2011 10:40,Alto (> 8 mts),220,Grande,-68.8460870445,-32.8902178965,2,Barrio Civico,2366816.36021,0
25606,Fresno europeo,16/02/2011 18:17,Medio (4 - 8 mts),62,Grande,-68.836962415,-32.9012321447,2,Barrio Civico,2366816.36021,0
30266,Jacaranda,04/03/2011 13:23,Alto (> 8 mts),72,Grande,-68.8412409215,-32.8892141455,3,Parque O'Higgins,1531146.02653,0
40680,Platano,12/04/2011 12:15,Alto (> 8 mts),160,Grande,-68.8445561679,-32.8850057857,1,Parque Central,1655357.93265,0
7891,Olmo bola,15/06/2011 10:16,Medio (4 - 8 mts),30,Mediano,-68.8572823519,-32.8895312989,5,Residencial Sur,2423808.92355,0
13260,Fresno europeo,22/02/2011 11:33,Medio (4 - 8 mts),50,Mediano,-68.8471159025,-32.8655773432,4,Cuarta Oeste,1173332.70145,0
38525,Jacaranda,02/11/2010 11:16,Alto (> 8 mts),76,Grande,-68.8508954408,-32.8700468354,6,Residencial Norte,2694682.37982,0
21554,Morera,08/06/2011 10:51,Alto (> 8 mts),200,Grande,-68.8538604543,-32.8959190597,5,Residencial Sur,2423808.92355,1
37906,Morera,18/11/2010 10:45,Alto (> 8 mts),150,Grande,-68.8499880547,-32.8737420658,6,Residencial Norte,2694682.37982,0
34075,Acacia visco,31/05/2011 13:25,Bajo (2 - 4 mts),110,Grande,-68.8564228587,-32.8846854437,5,Residencial Sur,2423808.92355,0
26456,Fresno europeo,09/11/2011 09:12,Medio (4 - 8 mts),122,Grande,-68.8339472342,-32.8926531015,3,Parque O'Higgins,1531146.02653,0
43697,Morera,11/10/2011 09:49,Medio (4 - 8 mts),95,Grande,-68.831201179,-32.8834005039,3,Parque O'Higgins,1531146.02653,1
38823,Morera,13/12/2010 13:44,Alto (> 8 mts),190,Grande,-68.8497810223,-32.8715584552,6,Residencial Norte,2694682.37982,0
1178,Conifera,29/11/2011 10:07,Bajo (2 - 4 mts),14,Chico,-68.8761616545,-32.8650250147,8,Aeroparque,2203364.73622,0
36242,Fresno europeo,17/03/2011 13:05,Alto (> 8 mts),83,Grande,-68.8544965313,-32.8785086047,6,Residencial Norte,2694682.37982,0
28229,Morera,10/03/2011 19:02,Alto (> 8 mts),124,Grande,-68.8470786237,-32.8926721599,2,Barrio Civico,2366816.36021,0
23352,Morera,31/01/2011 16:34,Medio (4 - 8 mts),96,Grande,-68.8509838386,-32.901799905,2,Barrio Civico,2366816.36021,0
19612,Morera,11/07/2011 09:23,Medio (4 - 8 mts),50,Mediano,-68.8370915149,-32.8719549523,4,Cuarta Oeste,1173332.70145,1
3821,Morera,02/09/2011 13:53,Bajo (2 - 4 mts),8,Chico,-68.829660053,-32.8708935214,4,Cuarta Este Área Fundacional,1822015.85685,0
9467,Aguaribay,11/02/2011 12:32,Medio (4 - 8 mts),115,Grande,-68.8566813537,-32.8648148636,6,Residencial Norte,2694682.37982,0
42149,Acacia SP,05/05/2011 11:08,Bajo (2 - 4 mts),5,Chico,-68.8412996324,-32.8741529712,1,Parque Central,1655357.93265,0
47716,Morera,15/09/2011 12:38,Medio (4 - 8 mts),220,Grande,-68.8276826099,-32.8724872946,4,Cuarta Este Área Fundacional,1822015.85685,1
6203,Tilo,31/03/2011 16:06,Medio (4 - 8 mts),58,Mediano,-68.8412421078,-32.8877176877,3,Parque O'Higgins,1531146.02653,0
8404,Liquidambar,16/02/2011 17:02,Muy bajo (1 - 2 mts),6,Chico,-68.8375543138,-32.9021548955,2,Barrio Civico,2366816.36021,0
32175,Morera,11/05/2011 09:39,Medio (4 - 8 mts),120,Grande,-68.8579420715,-32.8858247537,5,Residencial Sur,2423808.92355,0
36455,Platano,21/03/2011 09:09,Alto (> 8 mts),180,Grande,-68.8534736743,-32.8788346351,6,Residencial Norte,2694682.37982,1
36510,Morera,06/04/2011 11:05,Alto (> 8 mts),185,Grande,-68.8558378041,-32.8783902325,6,Residencial Norte,2694682.37982,1
48232,Fresno europeo,02/09/2011 13:48,Alto (> 8 mts),95,Grande,-68.8293988846,-32.8709233804,4,Cuarta Este Área Fundacional,1822015.85685,0
25005,Morera,15/02/2011 12:14,Alto (> 8 mts),180,Grande,-68.8357026295,-32.8959766177,2,Barrio Civico,2366816.36021,0
42555,Fresno americano,28/09/2011 10:59,Alto (> 8 mts),145,Grande,-68.8295284504,-32.8754735737,4,Cuarta Este Área Fundacional,1822015.85685,0
6013,Fresno europeo,02/05/2011 12:05,Bajo (2 - 4 mts),35,Mediano,-68.8459426126,-32.8794760782,1,Parque Central,1655357.93265,0
46480,Platano,17/08/2011 13:49,Alto (> 8 mts),205,Grande,-68.8307616072,-32.8684606081,4,Cuarta Este Área Fundacional,1822015.85685,0
20107,Morera,10/08/2011 10:30,Alto (> 8 mts),190,Grande,-68.8330758809,-32.8661197507,4,Cuarta Oeste,1173332.70145,0
32794,Acer,14/07/2011 09:52,Alto (> 8 mts),67,Grande,-68.851849239,-32.8851040854,5,Residencial Sur,2423808.92355,0
15410,Tipa,17/11/2011 12:44,Medio (4 - 8 mts),110,Grande,-68.859288736,-32.8721735365,6,Residencial Norte,2694682.37982,0
100,Platano,29/02/2012 10:31,Bajo (2 - 4 mts),164,Grande,-68.8562884675,-32.901722976,5,Residencial Sur,2423808.92355,0
502,Morera,07/03/2012 09:13,Alto (> 8 mts),180,Grande,-68.8215956478,-32.8679084112,4,Cuarta Este Área Fundacional,1822015.85685,0
32504,Morera,27/05/2011 10:09,Alto (> 8 mts),165,Grande,-68.8529355793,-32.8882515518,5,Residencial Sur,2423808.92355,0
915,Fresno europeo,29/02/2012 09:48,Medio (4 - 8 mts),80,Grande,-68.8522419583,-32.8719658719,6,Residencial Norte,2694682.37982,0
2105,Fresno europeo,18/10/2011 11:35,Medio (4 - 8 mts),30,Mediano,-68.831206337,-32.8877761829,3,Parque O'Higgins,1531146.02653,0
20663,Morera,02/06/2011 13:55,Alto (> 8 mts),114,Grande,-68.8607171884,-32.8961303219,5,Residencial Sur,2423808.92355,1
46806,Fresno americano,07/09/2011 10:40,Medio (4 - 8 mts),150,Grande,-68.8331445607,-32.8717984113,4,Cuarta Este Área Fundacional,1822015.85685,0
33018,Acacia SP,18/05/2011 13:27,Alto (> 8 mts),90,Grande,-68.8512090124,-32.8881654719,5,Residencial Sur,2423808.92355,0
39840,Morera,02/05/2011 11:01,Alto (> 8 mts),155,Grande,-68.8443348767,-32.8735355235,6,Residencial Norte,2694682.37982,0
35442,Morera,28/03/2011 10:53,Alto (> 8 mts),77,Grande,-68.8549773056,-32.8810400292,6,Residencial Norte,2694682.37982,1
40013,Perenne,20/04/2011 11:55,Bajo (2 - 4 mts),60,Mediano,-68.8451746307,-32.8780463863,1,Parque Central,1655357.93265,0
8935,Morera,25/01/2011 10:20,Bajo (2 - 4 mts),40,Mediano,-68.8494217323,-32.8665358708,6,Residencial Norte,2694682.37982,0
10127,Paraiso,29/12/2010 10:36,Alto (> 8 mts),150,Grande,-68.8558523678,-32.8715194815,6,Residencial Norte,2694682.37982,0
32808,Morera,14/07/2011 09:17,Alto (> 8 mts),200,Grande,-68.8529537228,-32.8851604822,5,Residencial Sur,2423808.92355,0
40340,Fresno europeo,08/04/2011 11:54,Medio (4 - 8 mts),120,Grande,-68.8447191646,-32.8805180838,1,Parque Central,1655357.93265,0
24112,Fresno europeo,11/01/2011 09:02,Alto (> 8 mts),130,Grande,-68.8467202222,-32.902444817,2,Barrio Civico,2366816.36021,0
24714,Platano,17/02/2011 11:26,Alto (> 8 mts),250,Grande,-68.8413962567,-32.8987224929,2,Barrio Civico,2366816.36021,0
34020,Morera,27/05/2011 13:09,Medio (4 - 8 mts),120,Grande,-68.8553287503,-32.8838362312,5,Residencial Sur,2423808.92355,0
23330,Morera,31/01/2011 15:33,Alto (> 8 mts),160,Grande,-68.8501671121,-32.9015089833,2,Barrio Civico,2366816.36021,1
22288,Ailanthus,09/06/2011 12:18,Alto (> 8 mts),140,Grande,-68.8572779203,-32.8969969929,5,Residencial Sur,2423808.92355,0
45077,Fresno europeo,31/08/2011 11:58,Medio (4 - 8 mts),132,Grande,-68.8218893936,-32.8707406244,4,Cuarta Este Área Fundacional,1822015.85685,0
19936,Morera,08/08/2011 09:37,Alto (> 8 mts),158,Grande,-68.832643094,-32.8636382102,4,Cuarta Oeste,1173332.70145,1
11433,Prunas,24/01/2011 09:44,Muy bajo (1 - 2 mts),22,Mediano,-68.8511199554,-32.9017459847,2,Barrio Civico,2366816.36021,0
16462,Morera,16/08/2011 09:35,Alto (> 8 mts),75,Grande,-68.8415214758,-32.8632615991,4,Cuarta Oeste,1173332.70145,0
33477,Platano,16/06/2011 10:09,Muy bajo (1 - 2 mts),2,Chico,-68.8558258135,-32.8890301017,5,Residencial Sur,2423808.92355,0
31827,Fresno europeo,03/01/2012 09:11,Medio (4 - 8 mts),60,Mediano,-68.859025672,-32.8899666401,5,Residencial Sur,2423808.92355,0
47395,Fresno americano,21/09/2011 11:19,Medio (4 - 8 mts),80,Grande,-68.828486968000007,-32.8754205957,4,Cuarta Este Área Fundacional,1822015.85685,0
16773,Olmo comun,11/08/2011 13:39,Alto (> 8 mts),178,Grande,-68.8393900542,-32.8625218352,4,Cuarta Oeste,1173332.70145,0
6318,Morera,27/06/2011 09:46,Medio (4 - 8 mts),44,Mediano,-68.8563500221,-32.8905581528,5,Residencial Sur,2423808.92355,1
38695,Fresno europeo,15/12/2010 13:13,Medio (4 - 8 mts),80,Grande,-68.8506380084,-32.8720424288,6,Residencial Norte,2694682.37982,0
32152,Morera,10/05/2011 11:03,Muy bajo (1 - 2 mts),2,Chico,-68.8593088766,-32.8858697315,5,Residencial Sur,2423808.92355,0
32760,Fresno europeo,17/05/2011 09:20,Medio (4 - 8 mts),130,Grande,-68.8523830696,-32.8860527559,5,Residencial Sur,2423808.92355,0
39766,Ailanthus,13/07/2011 13:25,Alto (> 8 mts),191,Grande,-68.8504673662,-32.8829898654,1,Parque Central,1655357.93265,0
47383,Morera,21/09/2011 11:38,Alto (> 8 mts),280,Grande,-68.8292572813,-32.8748860653,4,Cuarta Este Área Fundacional,1822015.85685,0
25390,Morera,11/02/2011 09:38,Alto (> 8 mts),200,Grande,-68.8363107509,-32.8998961322,2,Barrio Civico,2366816.36021,0
35170,Fresno europeo,30/03/2011 09:47,Alto (> 8 mts),90,Grande,-68.8520528218,-32.8816301948,1,Parque Central,1655357.93265,0
13431,Morera,02/02/2011 12:31,Alto (> 8 mts),130,Grande,-68.8527874977,-32.8642565877,6,Residencial Norte,2694682.37982,0
16437,Paraiso,12/08/2011 10:05,Medio (4 - 8 mts),50,Mediano,-68.8418595834,-32.8637074644,4,Cuarta Oeste,1173332.70145,0
30708,Fresno europeo,04/02/2011 11:32,Bajo (2 - 4 mts),40,Mediano,-68.8556622929,-32.8674386647,6,Residencial Norte,2694682.37982,0
10659,Morera,21/03/2011 11:57,Medio (4 - 8 mts),62,Grande,-68.8538432362,-32.8748903429,6,Residencial Norte,2694682.37982,0
16071,Fresno europeo,15/07/2011 08:36,Alto (> 8 mts),102,Grande,-68.8438281413,-32.8706128196,4,Cuarta Oeste,1173332.70145,0
18155,Paraiso,26/07/2011 09:42,Alto (> 8 mts),122,Grande,-68.8402443201,-32.8686741118,4,Cuarta Oeste,1173332.70145,1
18448,Paraiso,11/07/2011 09:54,Alto (> 8 mts),178,Grande,-68.8397549006,-32.8730432764,4,Cuarta Oeste,1173332.70145,0
24655,Morera,19/01/2011 08:45,Alto (> 8 mts),131,Grande,-68.8433491789,-32.9008417003,2,Barrio Civico,2366816.36021,1
35253,Fresno europeo,24/06/2011 13:21,Bajo (2 - 4 mts),90,Grande,-68.8516872018,-32.8836445942,1,Parque Central,1655357.93265,0
6442,Caducifolio,23/05/2011 13:51,Muy bajo (1 - 2 mts),10,Chico,-68.8505761099,-32.8890859614,5,Residencial Sur,2423808.92355,0
44395,Platano,18/10/2011 11:30,Alto (> 8 mts),182,Grande,-68.8378132409,-32.8848613382,3,Parque O'Higgins,1531146.02653,0
22970,Paraiso,01/06/2011 13:34,Bajo (2 - 4 mts),66,Grande,-68.8568289225,-32.8994547135,5,Residencial Sur,2423808.92355,0
33252,Platano,30/06/2011 11:31,Alto (> 8 mts),175,Grande,-68.8556141004,-32.8899725438,5,Residencial Sur,2423808.92355,0
32462,Morera,26/05/2011 09:50,Alto (> 8 mts),165,Grande,-68.8518134991,-32.8884706909,5,Residencial Sur,2423808.92355,0
5684,Paraiso sombrilla,29/04/2011 13:51,Medio (4 - 8 mts),145,Grande,-68.8393959385,-32.8752187635,1,Parque Central,1655357.93265,0
45991,Morera,24/08/2011 11:21,Medio (4 - 8 mts),87,Grande,-68.8189742096,-32.8693231247,4,Cuarta Este Área Fundacional,1822015.85685,0
17408,Morera,22/07/2011 09:36,Bajo (2 - 4 mts),17,Chico,-68.8408771738,-32.8659832694,4,Cuarta Oeste,1173332.70145,0
15429,Paraiso,17/11/2011 13:03,Bajo (2 - 4 mts),65,Grande,-68.8586712329,-32.8720697425,6,Residencial Norte,2694682.37982,0
17061,Morera,16/08/2011 09:36,Alto (> 8 mts),180,Grande,-68.8367040749,-32.8644597081,4,Cuarta Oeste,1173332.70145,1
34025,Fresno europeo,27/05/2011 13:02,Medio (4 - 8 mts),130,Grande,-68.8547665269,-32.88386899,5,Residencial Sur,2423808.92355,0
7310,Fresno europeo,10/05/2011 11:25,Alto (> 8 mts),92,Grande,-68.8562891791,-32.9005490746,5,Residencial Sur,2423808.92355,0
12105,Morera,05/05/2010 11:32,Medio (4 - 8 mts),69,Grande,-68.8530382689,-32.8688970956,6,Residencial Norte,2694682.37982,0
25139,Morera,09/02/2011 15:42,Alto (> 8 mts),132,Grande,-68.8354852106,-32.8985029466,2,Barrio Civico,2366816.36021,0
30327,Fresno europeo,10/03/2011 12:55,Muy bajo (1 - 2 mts),10,Chico,-68.8412086802,-32.8914077187,2,Barrio Civico,2366816.36021,0
34191,Morera,04/03/2011 09:20,Medio (4 - 8 mts),146,Grande,-68.8532080653,-32.8733619446,6,Residencial Norte,2694682.37982,0
19803,Fresno europeo,08/08/2011 10:33,Medio (4 - 8 mts),118,Grande,-68.8351440783,-32.8640522601,4,Cuarta Oeste,1173332.70145,0
16832,Alamo criollo,08/08/2011 13:42,Alto (> 8 mts),195,Grande,-68.8385250144,-32.8643261862,4,Cuarta Oeste,1173332.70145,0
36963,Fresno europeo,08/04/2011 10:16,Medio (4 - 8 mts),48,Mediano,-68.8574763397,-32.8780808457,7,Residencial Parque,1786336.08966,0
36607,Platano,15/06/2011 13:39,Medio (4 - 8 mts),130,Grande,-68.8571528423,-32.8828335717,5,Residencial Sur,2423808.92355,0
47913,Morera,29/08/2011 12:26,Medio (4 - 8 mts),189,Grande,-68.8290617843,-32.8709637913,4,Cuarta Este Área Fundacional,1822015.85685,0
12025,Paraiso,28/04/2010 12:07,Medio (4 - 8 mts),166,Grande,-68.8530786706,-32.8666212651,6,Residencial Norte,2694682.37982,0
7367,Ligustro,23/06/2011 12:16,Bajo (2 - 4 mts),50,Mediano,-68.8613308007,-32.9007204396,5,Residencial Sur,2423808.92355,0
13545,Fresno europeo,28/01/2011 12:40,Muy bajo (1 - 2 mts),5,Chico,-68.8511607497,-32.8646724184,6,Residencial Norte,2694682.37982,0
13639,Morera,25/02/2011 09:20,Alto (> 8 mts),210,Grande,-68.8520598818,-32.8664089704,6,Residencial Norte,2694682.37982,0
11775,Morera,25/01/2011 12:59,Alto (> 8 mts),144,Grande,-68.8486990533,-32.8644913293,6,Residencial Norte,2694682.37982,0
29129,Platano,26/04/2011 11:29,Alto (> 8 mts),200,Grande,-68.844836948,-32.8860860911,1,Parque Central,1655357.93265,0
10631,Paraiso,16/03/2011 13:19,Alto (> 8 mts),220,Grande,-68.8568336635,-32.873834144,6,Residencial Norte,2694682.37982,0
17439,Morera,29/07/2011 10:03,Bajo (2 - 4 mts),18,Chico,-68.8347710957,-32.8673355604,4,Cuarta Oeste,1173332.70145,0
46462,Morera,17/08/2011 09:07,Alto (> 8 mts),155,Grande,-68.8319030379,-32.8680156749,4,Cuarta Oeste,1173332.70145,0
1097,Liquidambar,13/12/2011 18:05,Bajo (2 - 4 mts),38,Mediano,-68.8802114088,-32.8675918082,8,Aeroparque,2203364.73622,0
25270,Morera,08/02/2011 10:12,Alto (> 8 mts),120,Grande,-68.8383585258,-32.8993937308,2,Barrio Civico,2366816.36021,0
1595,Morera,24/11/2011 10:33,Medio (4 - 8 mts),55,Mediano,-68.8720950312,-32.8796496474,7,Residencial Parque,1786336.08966,0
2321,Morera,02/11/2011 10:10,Alto (> 8 mts),100,Grande,-68.8355706235,-32.8949906241,3,Parque O'Higgins,1531146.02653,0
35156,Fresno americano,30/03/2011 10:34,Alto (> 8 mts),118,Grande,-68.8515069551,-32.8822138449,1,Parque Central,1655357.93265,0
45475,Fresno europeo,19/09/2011 10:31,Alto (> 8 mts),140,Grande,-68.8230384111,-32.8721612506,4,Cuarta Este Área Fundacional,1822015.85685,0
26550,Platano,04/11/2011 09:01,Alto (> 8 mts),180,Grande,-68.8316269653,-32.8905578052,3,Parque O'Higgins,1531146.02653,0
21706,Fresno europeo,09/06/2011 11:32,Medio (4 - 8 mts),57,Mediano,-68.8566046335,-32.8957685255,5,Residencial Sur,2423808.92355,0
5481,Fresno europeo,11/04/2011 09:55,Bajo (2 - 4 mts),28,Mediano,-68.8452215974,-32.8813553829,1,Parque Central,1655357.93265,0
19227,Morera,05/07/2011 12:29,Alto (> 8 mts),112,Grande,-68.8395853697,-32.872188163,4,Cuarta Oeste,1173332.70145,0
16429,Paraiso,12/08/2011 10:16,Medio (4 - 8 mts),55,Mediano,-68.8420175838,-32.8643804188,4,Cuarta Oeste,1173332.70145,0
39961,Acer,27/04/2011 13:07,Medio (4 - 8 mts),130,Grande,-68.8435125897,-32.8774178215,1,Parque Central,1655357.93265,0
28468,Morera,25/02/2011 12:14,Alto (> 8 mts),108,Grande,-68.8479558031,-32.890150159,2,Barrio Civico,2366816.36021,0
18750,Morera,12/07/2011 09:56,Alto (> 8 mts),130,Grande,-68.8369292008,-32.8732692861,4,Cuarta Oeste,1173332.70145,0
6594,Fresno europeo,09/05/2011 11:58,Bajo (2 - 4 mts),25,Mediano,-68.8548508381,-32.8934208141,5,Residencial Sur,2423808.92355,0
10677,Palo borracho,23/03/2011 13:11,Muy bajo (1 - 2 mts),16,Chico,-68.8506275397,-32.875605929,6,Residencial Norte,2694682.37982,0
36735,Morera,09/06/2011 13:21,Medio (4 - 8 mts),120,Grande,-68.8584471127,-32.8814978254,7,Residencial Parque,1786336.08966,0
36410,Acer,21/03/2011 11:29,Alto (> 8 mts),115,Grande,-68.8527598863,-32.8789684305,6,Residencial Norte,2694682.37982,0
10517,Morera,17/03/2011 11:44,Bajo (2 - 4 mts),12,Chico,-68.8588426529,-32.8748711391,7,Residencial Parque,1786336.08966,0
13967,Tilo,29/11/2011 12:24,Medio (4 - 8 mts),40,Mediano,-68.8780017815,-32.8648758201,8,Aeroparque,2203364.73622,0
42697,Morera,30/09/2011 13:50,Alto (> 8 mts),92,Grande,-68.8288637258,-32.8767264245,4,Cuarta Este Área Fundacional,1822015.85685,0
252,Morera,07/03/2012 11:53,Muy bajo (1 - 2 mts),4,Chico,-68.822199023,-32.8669862615,4,Cuarta Este Área Fundacional,1822015.85685,0
16502,Morera,20/07/2011 10:11,Medio (4 - 8 mts),100,Grande,-68.8401106094,-32.8649301727,4,Cuarta Oeste,1173332.70145,1
20834,Morera,27/05/2011 09:02,Alto (> 8 mts),68,Grande,-68.8602998171,-32.8947288206,5,Residencial Sur,2423808.92355,0
5807,Paraiso,03/05/2011 11:44,Medio (4 - 8 mts),97,Grande,-68.8429729849,-32.8754813338,1,Parque Central,1655357.93265,0
19092,Fresno europeo,27/07/2011 09:42,Alto (> 8 mts),130,Grande,-68.842372027,-32.8706946227,4,Cuarta Oeste,1173332.70145,0
18185,Paraiso,26/07/2011 08:52,Alto (> 8 mts),168,Grande,-68.8402528743,-32.869848559,4,Cuarta Oeste,1173332.70145,1
40461,Platano,11/04/2011 10:31,Alto (> 8 mts),180,Grande,-68.8436023656,-32.8829437272,1,Parque Central,1655357.93265,0
18337,Morera,02/08/2011 10:07,Alto (> 8 mts),142,Grande,-68.8386230796,-32.8675204768,4,Cuarta Oeste,1173332.70145,0
35790,Morera,18/03/2011 11:22,Alto (> 8 mts),140,Grande,-68.8540035232,-32.8752902464,6,Residencial Norte,2694682.37982,0
15610,Paraiso,16/11/2011 13:25,Bajo (2 - 4 mts),17,Chico,-68.861717834,-32.8714124353,7,Residencial Parque,1786336.08966,0
31021,Morera,10/02/2011 09:37,Alto (> 8 mts),240,Grande,-68.8558323346,-32.8644051126,6,Residencial Norte,2694682.37982,0
7554,Fresno europeo,17/06/2011 09:47,Bajo (2 - 4 mts),46,Mediano,-68.8558595425,-32.8824742719,5,Residencial Sur,2423808.92355,0
20724,Caducifolio,31/05/2011 10:38,Bajo (2 - 4 mts),95,Grande,-68.8632666991,-32.8979950552,5,Residencial Sur,2423808.92355,0
25071,Fresno europeo,14/02/2011 18:19,Medio (4 - 8 mts),122,Grande,-68.8361534698,-32.8969924884,2,Barrio Civico,2366816.36021,0
21167,Fresno americano,06/05/2011 10:22,Alto (> 8 mts),97,Grande,-68.8521175325,-32.8933687688,5,Residencial Sur,2423808.92355,0
38184,Morera,21/10/2010 09:38,Alto (> 8 mts),220,Grande,-68.8455672084,-32.8703178171,6,Residencial Norte,2694682.37982,0
18314,Morera,03/08/2011 09:02,Alto (> 8 mts),140,Grande,-68.8377042679,-32.8685642647,4,Cuarta Oeste,1173332.70145,1
2177,Fresno europeo,04/11/2011 16:03,Bajo (2 - 4 mts),70,Grande,-68.8329956152,-32.8875866672,3,Parque O'Higgins,1531146.02653,0
31172,Olmo bola,07/02/2011 12:19,Bajo (2 - 4 mts),154,Grande,-68.8549544166,-32.8639005361,6,Residencial Norte,2694682.37982,0
35819,Morera,03/03/2011 13:46,Alto (> 8 mts),145,Grande,-68.8535515018,-32.8732900313,6,Residencial Norte,2694682.37982,0
11107,Tilo,28/03/2011 10:17,Bajo (2 - 4 mts),10,Chico,-68.8526832386,-32.8800947075,6,Residencial Norte,2694682.37982,0
30304,Morera,11/03/2011 08:48,Alto (> 8 mts),116,Grande,-68.8418580537,-32.8902756908,2,Barrio Civico,2366816.36021,1
16339,Morera,12/08/2011 14:33,Alto (> 8 mts),175,Grande,-68.8421638237,-32.8644559851,4,Cuarta Oeste,1173332.70145,0
16954,Olmo comun,16/08/2011 09:18,Medio (4 - 8 mts),96,Grande,-68.8372500547,-32.8660910177,4,Cuarta Oeste,1173332.70145,0
32198,Fresno americano,10/05/2011 11:09,Medio (4 - 8 mts),80,Grande,-68.8588960955,-32.8849388389,5,Residencial Sur,2423808.92355,0
17621,Morera,19/07/2011 19:32,Alto (> 8 mts),100,Grande,-68.8431258616,-32.866805209,4,Cuarta Oeste,1173332.70145,0
29994,Platano,28/04/2011 09:29,Alto (> 8 mts),180,Grande,-68.8409928254,-32.8861884739,3,Parque O'Higgins,1531146.02653,0
9255,Fresno europeo,25/02/2011 12:41,Medio (4 - 8 mts),80,Grande,-68.8484606271,-32.865162462,6,Residencial Norte,2694682.37982,0
28260,Morera,28/02/2011 16:17,Alto (> 8 mts),164,Grande,-68.8485778669,-32.893399127,2,Barrio Civico,2366816.36021,0
31167,Fresno europeo,07/02/2011 12:34,Medio (4 - 8 mts),82,Grande,-68.8549797936,-32.863683256,6,Residencial Norte,2694682.37982,0
10799,Morera,07/04/2011 10:22,Medio (4 - 8 mts),65,Grande,-68.8587218938,-32.8777196662,7,Residencial Parque,1786336.08966,0
27146,Platano,27/10/2011 10:19,Alto (> 8 mts),210,Grande,-68.8379806826,-32.8896868688,3,Parque O'Higgins,1531146.02653,0
8799,Morera,02/02/2011 09:47,Medio (4 - 8 mts),85,Grande,-68.854674678,-32.8688992588,6,Residencial Norte,2694682.37982,0
36943,Olmo comun,08/04/2011 11:00,Medio (4 - 8 mts),35,Mediano,-68.8583003532,-32.8788025055,7,Residencial Parque,1786336.08966,0
15175,Paraiso,21/11/2011 12:11,Bajo (2 - 4 mts),36,Mediano,-68.8595544218,-32.8697115111,6,Residencial Norte,2694682.37982,0
33027,Morera,19/05/2011 10:32,Alto (> 8 mts),169,Grande,-68.8513331843,-32.8873405714,5,Residencial Sur,2423808.92355,0
32676,Acacia visco,24/06/2011 10:33,Alto (> 8 mts),110,Grande,-68.8512500449,-32.8902156973,5,Residencial Sur,2423808.92355,0
10000,Acer,04/11/2010 11:21,Medio (4 - 8 mts),70,Grande,-68.8523342382,-32.8701358162,6,Residencial Norte,2694682.37982,0
7556,Morera,17/06/2011 09:18,Bajo (2 - 4 mts),60,Mediano,-68.855777174,-32.8821773694,7,Residencial Parque,1786336.08966,0
29084,Fresno americano,28/04/2011 09:21,Alto (> 8 mts),145,Grande,-68.8442210935,-32.886315257,1,Parque Central,1655357.93265,0
34119,Morera,10/03/2011 09:12,Bajo (2 - 4 mts),22,Mediano,-68.8555569474,-32.8729498816,6,Residencial Norte,2694682.37982,0
22326,Olmo comun,09/06/2011 09:09,Medio (4 - 8 mts),75,Grande,-68.8569229009,-32.897642874,5,Residencial Sur,2423808.92355,0
4931,Paraiso sombrilla,19/07/2011 19:50,Medio (4 - 8 mts),90,Grande,-68.8432821511,-32.866531314,4,Cuarta Oeste,1173332.70145,0
685,Paraiso,19/07/2011 11:17,Bajo (2 - 4 mts),44,Mediano,-68.8414102867,-32.8632141264,4,Cuarta Oeste,1173332.70145,0
15458,Paraiso,22/11/2011 07:09,Medio (4 - 8 mts),60,Mediano,-68.859851801,-32.8715592356,7,Residencial Parque,1786336.08966,0
40805,Platano,26/04/2011 16:45,Alto (> 8 mts),118,Grande,-68.8402979469,-32.8841149589,1,Parque Central,1655357.93265,0
25493,Platano,08/02/2011 09:04,Alto (> 8 mts),290,Grande,-68.8419971006,-32.9010404168,2,Barrio Civico,2366816.36021,0
4038,Morera,23/09/2011 14:39,Medio (4 - 8 mts),76,Grande,-68.8262199034,-32.8741045442,4,Cuarta Este Área Fundacional,1822015.85685,0
47073,Morera,23/09/2011 11:56,Alto (> 8 mts),145,Grande,-68.8335340741,-32.8736716194,4,Cuarta Este Área Fundacional,1822015.85685,0
47233,Morera,16/09/2011 13:19,Alto (> 8 mts),187,Grande,-68.833472874,-32.8748490083,4,Cuarta Este Área Fundacional,1822015.85685,0
39497,Morera,10/11/2010 09:55,Alto (> 8 mts),190,Grande,-68.8539450953,-32.8690687104,6,Residencial Norte,2694682.37982,0
8020,Morera,14/03/2011 09:47,Medio (4 - 8 mts),130,Grande,-68.8494327718,-32.8883963179,5,Residencial Sur,2423808.92355,1
44326,Morera,12/10/2011 16:27,Medio (4 - 8 mts),80,Grande,-68.8357153751,-32.8823022808,3,Parque O'Higgins,1531146.02653,0
20991,Caducifolio,22/06/2011 11:06,Medio (4 - 8 mts),58,Mediano,-68.8638077932,-32.9004621444,5,Residencial Sur,2423808.92355,0
47815,Morera,23/09/2011 14:37,Medio (4 - 8 mts),128,Grande,-68.8262168578,-32.8740001122,4,Cuarta Este Área Fundacional,1822015.85685,1
2929,Morera,21/09/2011 08:54,Alto (> 8 mts),76,Grande,-68.8292180938,-32.8736408569,4,Cuarta Este Área Fundacional,1822015.85685,0
3055,Fresno europeo,15/09/2011 14:17,Alto (> 8 mts),178,Grande,-68.8262874202,-32.8721773734,4,Cuarta Este Área Fundacional,1822015.85685,0
7004,Morera,30/05/2011 11:16,Alto (> 8 mts),115,Grande,-68.8624092845,-32.8956571763,5,Residencial Sur,2423808.92355,0
13093,Morera,17/02/2011 09:24,Alto (> 8 mts),162,Grande,-68.846420149,-32.8652142098,4,Cuarta Oeste,1173332.70145,0
29682,Platano,02/03/2011 19:10,Alto (> 8 mts),112,Grande,-68.8404768905,-32.8943802904,2,Barrio Civico,2366816.36021,0
25625,Morera,15/02/2011 15:39,Alto (> 8 mts),108,Grande,-68.8379185023,-32.9015313962,2,Barrio Civico,2366816.36021,0
38598,Fresno europeo,17/12/2010 11:04,Muy bajo (1 - 2 mts),10,Chico,-68.8520074179,-32.8703810092,6,Residencial Norte,2694682.37982,0
35737,Morera,04/03/2011 09:40,Alto (> 8 mts),105,Grande,-68.8550481794,-32.8740181793,6,Residencial Norte,2694682.37982,0
10386,Fresno europeo,25/08/2010 10:56,Medio (4 - 8 mts),109,Grande,-68.8469903461,-32.8736695194,6,Residencial Norte,2694682.37982,0
6928,Fresno europeo,07/06/2011 12:53,Alto (> 8 mts),122,Grande,-68.8553652272,-32.89641798,5,Residencial Sur,2423808.92355,0
33875,Acacia visco,13/05/2011 11:39,Alto (> 8 mts),160,Grande,-68.8550320412,-32.885967669,5,Residencial Sur,2423808.92355,0
23053,Acer,14/06/2011 13:31,Medio (4 - 8 mts),76,Grande,-68.8622588805,-32.9021308081,5,Residencial Sur,2423808.92355,0
42785,Fresno europeo,30/09/2011 12:52,Alto (> 8 mts),120,Grande,-68.8296239922,-32.87788213,4,Cuarta Este Área Fundacional,1822015.85685,1
3891,Morera,31/08/2011 13:06,Alto (> 8 mts),130,Grande,-68.8257955534,-32.8710069481,4,Cuarta Este Área Fundacional,1822015.85685,0
6871,Fresno europeo,07/06/2011 10:27,Medio (4 - 8 mts),90,Grande,-68.858307134,-32.8950732796,5,Residencial Sur,2423808.92355,0
2578,Fresno europeo,21/10/2011 09:02,Bajo (2 - 4 mts),45,Mediano,-68.8317049878,-32.8888581499,3,Parque O'Higgins,1531146.02653,0
43559,Paraiso,12/10/2011 08:09,Alto (> 8 mts),180,Grande,-68.8310765915,-32.8835605664,3,Parque O'Higgins,1531146.02653,0
7293,Fresno americano,10/05/2011 13:28,Alto (> 8 mts),88,Grande,-68.8532233242,-32.9009571718,2,Barrio Civico,2366816.36021,0
3833,Morera,02/09/2011 10:32,Medio (4 - 8 mts),73,Grande,-68.8298959689,-32.8699304572,4,Cuarta Este Área Fundacional,1822015.85685,0
20976,Alamo criollo,22/06/2011 12:04,Alto (> 8 mts),195,Grande,-68.8640388732,-32.9005537452,5,Residencial Sur,2423808.92355,0
8218,Morera,03/03/2011 19:54,Medio (4 - 8 mts),54,Mediano,-68.8417853518,-32.8935235195,2,Barrio Civico,2366816.36021,0
21407,Platano,10/05/2011 12:15,Alto (> 8 mts),180,Grande,-68.8558066464,-32.8922424318,5,Residencial Sur,2423808.92355,0
39615,Morera,25/10/2010 11:25,Alto (> 8 mts),170,Grande,-68.8487275209,-32.8688251416,6,Residencial Norte,2694682.37982,0
12167,Morera,19/01/2011 11:36,Medio (4 - 8 mts),90,Grande,-68.8473350685,-32.8676482776,6,Residencial Norte,2694682.37982,0
46714,Morera,05/09/2011 09:44,Alto (> 8 mts),182,Grande,-68.8322096744,-32.8706321722,4,Cuarta Este Área Fundacional,1822015.85685,0
45310,Fresno europeo,09/09/2011 12:48,Medio (4 - 8 mts),132,Grande,-68.8233316726,-32.8719147814,4,Cuarta Este Área Fundacional,1822015.85685,0
35798,Morera,21/03/2011 11:53,Medio (4 - 8 mts),100,Grande,-68.8538221391,-32.8748003246,6,Residencial Norte,2694682.37982,0
44808,Fresno europeo,26/08/2011 10:37,Medio (4 - 8 mts),75,Grande,-68.8230852187,-32.8701132996,4,Cuarta Este Área Fundacional,1822015.85685,0
17915,Paraiso,29/07/2011 14:00,Alto (> 8 mts),180,Grande,-68.837278151,-32.8673777997,4,Cuarta Oeste,1173332.70145,0
15979,Morera,10/08/2011 10:59,Medio (4 - 8 mts),58,Mediano,-68.8439002632,-32.8718326684,4,Cuarta Oeste,1173332.70145,0
40860,Fresno americano,08/04/2011 09:47,Alto (> 8 mts),182,Grande,-68.839730241,-32.8849656105,1,Parque Central,1655357.93265,0
38854,Morera,09/12/2010 11:43,Alto (> 8 mts),75,Grande,-68.8492250203,-32.8707718695,6,Residencial Norte,2694682.37982,0
36245,Fresno europeo,17/03/2011 12:59,Medio (4 - 8 mts),85,Grande,-68.8543120907,-32.8785463522,6,Residencial Norte,2694682.37982,1
28457,Fresno americano,28/02/2011 08:57,Alto (> 8 mts),93,Grande,-68.8471525623,-32.88982357,2,Barrio Civico,2366816.36021,0
7381,Caducifolio,22/06/2011 09:15,Muy bajo (1 - 2 mts),6,Chico,-68.8625845292,-32.9008246813,5,Residencial Sur,2423808.92355,0
46091,Morera,05/10/2011 12:04,Medio (4 - 8 mts),145,Grande,-68.8242901405,-32.874616343,4,Cuarta Este Área Fundacional,1822015.85685,0
32006,Morera,03/06/2011 11:09,Alto (> 8 mts),160,Grande,-68.8583863212,-32.8872356846,5,Residencial Sur,2423808.92355,0
39036,Fresno europeo,23/12/2010 14:15,Medio (4 - 8 mts),55,Mediano,-68.8541163831,-32.8712975864,6,Residencial Norte,2694682.37982,0
31189,Morera,04/02/2011 10:26,Medio (4 - 8 mts),94,Grande,-68.8537467587,-32.8634391537,6,Residencial Norte,2694682.37982,0
18784,Morera,08/07/2011 13:08,Alto (> 8 mts),136,Grande,-68.8381339576,-32.8730348577,4,Cuarta Oeste,1173332.70145,0
19619,Morera,11/07/2011 09:13,Medio (4 - 8 mts),52,Mediano,-68.837203373,-32.8723882717,4,Cuarta Oeste,1173332.70145,1
5246,Ailanthus,05/05/2011 11:33,Bajo (2 - 4 mts),10,Chico,-68.8407082054,-32.8749277987,1,Parque Central,1655357.93265,0
32600,Paraiso,23/06/2011 10:25,Alto (> 8 mts),153,Grande,-68.8514091866,-32.8901470874,5,Residencial Sur,2423808.92355,0
40943,Platano,14/04/2011 15:52,Alto (> 8 mts),142,Grande,-68.8409337969,-32.8857307901,1,Parque Central,1655357.93265,0
20644,Acer,03/06/2011 14:22,Alto (> 8 mts),130,Grande,-68.8598397892,-32.8968470992,5,Residencial Sur,2423808.92355,0
29106,Platano,27/04/2011 10:02,Alto (> 8 mts),175,Grande,-68.8438492055,-32.8854188403,1,Parque Central,1655357.93265,1
10346,Prunas,30/11/2010 09:39,Bajo (2 - 4 mts),35,Mediano,-68.8554491383,-32.8727518866,6,Residencial Norte,2694682.37982,0
39079,Fresno europeo,22/12/2010 09:28,Medio (4 - 8 mts),40,Mediano,-68.8533860582,-32.8714288308,6,Residencial Norte,2694682.37982,0
17428,Platano,03/08/2011 07:35,Alto (> 8 mts),150,Grande,-68.8350130519,-32.8679777565,4,Cuarta Oeste,1173332.70145,0
43785,Morera,19/10/2011 08:41,Alto (> 8 mts),162,Grande,-68.8323653199,-32.8816079723,3,Parque O'Higgins,1531146.02653,0
24945,Morera,09/02/2011 10:08,Alto (> 8 mts),142,Grande,-68.8369134552,-32.8969778168,2,Barrio Civico,2366816.36021,1
2011,Morera,14/11/2011 13:38,Alto (> 8 mts),105,Grande,-68.8323094571,-32.8943463238,3,Parque O'Higgins,1531146.02653,0
20457,Fresno europeo,17/05/2011 09:44,Medio (4 - 8 mts),67,Grande,-68.8605697415,-32.8926270991,5,Residencial Sur,2423808.92355,0
15221,Paraiso,16/11/2011 12:47,Bajo (2 - 4 mts),30,Mediano,-68.8605094875,-32.8689299871,6,Residencial Norte,2694682.37982,0
35117,Morera,28/03/2011 12:08,Alto (> 8 mts),111,Grande,-68.8519710279,-32.8807565379,1,Parque Central,1655357.93265,0
42016,Morera,08/04/2011 12:24,Alto (> 8 mts),140,Grande,-68.841571831,-32.880666432699996,1,Parque Central,1655357.93265,0
21487,Fresno europeo,11/05/2011 11:23,Medio (4 - 8 mts),75,Grande,-68.8582088109,-32.8927974556,5,Residencial Sur,2423808.92355,0
11253,Fresno europeo,25/01/2011 11:38,Muy bajo (1 - 2 mts),10,Chico,-68.8460312297,-32.9020150988,2,Barrio Civico,2366816.36021,0
22791,Platano,17/06/2011 18:15,Alto (> 8 mts),162,Grande,-68.8589796279,-32.9016921772,5,Residencial Sur,2423808.92355,0
17387,Morera,22/07/2011 13:18,Medio (4 - 8 mts),32,Mediano,-68.8400305575,-32.8659216247,4,Cuarta Oeste,1173332.70145,0
31987,Platano,06/06/2011 11:54,Alto (> 8 mts),204,Grande,-68.8584988965,-32.8882073312,5,Residencial Sur,2423808.92355,0
26644,Fresno europeo,02/11/2011 09:50,Bajo (2 - 4 mts),30,Mediano,-68.8335433689,-32.8911569296,3,Parque O'Higgins,1531146.02653,0
14387,Prunas,02/12/2011 10:26,Bajo (2 - 4 mts),26,Mediano,-68.8780330292,-32.8672358529,8,Aeroparque,2203364.73622,0
29604,Olmo comun,03/03/2011 13:17,Medio (4 - 8 mts),97,Grande,-68.8443600416,-32.8909501255,2,Barrio Civico,2366816.36021,0
19069,Morera,27/07/2011 11:01,Alto (> 8 mts),105,Grande,-68.8422306526,-32.8726925085,4,Cuarta Oeste,1173332.70145,0
44211,Platano,14/10/2011 09:55,Alto (> 8 mts),75,Grande,-68.8352425089,-32.8829804988,3,Parque O'Higgins,1531146.02653,0
45356,Paraiso,16/09/2011 08:47,Medio (4 - 8 mts),120,Grande,-68.8238123151,-32.873357446,4,Cuarta Este Área Fundacional,1822015.85685,0
47284,Acer,20/09/2011 11:06,Alto (> 8 mts),108,Grande,-68.8306706507,-32.8735305058,4,Cuarta Este Área Fundacional,1822015.85685,0
12815,Fresno europeo,20/01/2011 12:51,Medio (4 - 8 mts),100,Grande,-68.8470749144,-32.8638452547,4,Cuarta Oeste,1173332.70145,0
4585,Morera,16/08/2011 07:42,Alto (> 8 mts),140,Grande,-68.834647311,-32.8673429396,4,Cuarta Oeste,1173332.70145,0
38557,Morera,21/12/2010 12:33,Alto (> 8 mts),190,Grande,-68.8525735844,-32.8710952408,6,Residencial Norte,2694682.37982,0
16700,Fresno europeo,20/07/2011 13:40,Medio (4 - 8 mts),50,Mediano,-68.8403723573,-32.8641821216,4,Cuarta Oeste,1173332.70145,0
24809,Morera,18/02/2011 09:29,Alto (> 8 mts),144,Grande,-68.8401573478,-32.8973556056,2,Barrio Civico,2366816.36021,0
17569,Fresno europeo,28/07/2011 09:44,Muy bajo (1 - 2 mts),20,Chico,-68.8410129849,-32.8664985119,4,Cuarta Oeste,1173332.70145,0
23380,Caducifolio,28/01/2011 09:48,Medio (4 - 8 mts),110,Grande,-68.8494115318,-32.9025817178,2,Barrio Civico,2366816.36021,0
39208,Fresno europeo,26/11/2010 11:44,Muy bajo (1 - 2 mts),5,Chico,-68.8548151462,-32.8722430477,6,Residencial Norte,2694682.37982,0
41296,Fresno europeo,11/04/2011 10:24,Medio (4 - 8 mts),76,Grande,-68.8399608408,-32.8819430443,1,Parque Central,1655357.93265,0
45369,Olmo comun,15/09/2011 16:59,Bajo (2 - 4 mts),140,Grande,-68.823430341,-32.8728085893,4,Cuarta Este Área Fundacional,1822015.85685,0
32066,Morera,09/06/2011 09:20,Alto (> 8 mts),145,Grande,-68.8603065761,-32.8868805036,5,Residencial Sur,2423808.92355,0
46661,Morera,02/09/2011 11:10,Alto (> 8 mts),138,Grande,-68.8318591108,-32.8701740917,4,Cuarta Este Área Fundacional,1822015.85685,1
22830,Caducifolio,14/06/2011 11:58,Medio (4 - 8 mts),42,Mediano,-68.8572432555,-32.9017554892,5,Residencial Sur,2423808.92355,0
26770,Morera,11/01/2012 08:37,Alto (> 8 mts),150,Grande,-68.8331413361,-32.8953329917,3,Parque O'Higgins,1531146.02653,1
10548,Paraiso,21/03/2011 09:14,Bajo (2 - 4 mts),8,Chico,-68.8559759282,-32.8756707963,6,Residencial Norte,2694682.37982,0
38984,Perenne,27/12/2010 11:58,Medio (4 - 8 mts),50,Mediano,-68.8550257497,-32.8712790696,6,Residencial Norte,2694682.37982,0
43175,Morera,07/10/2011 13:54,Medio (4 - 8 mts),60,Mediano,-68.8303594616,-32.8802291045,4,Cuarta Este Área Fundacional,1822015.85685,0
19399,Morera,05/07/2011 09:48,Alto (> 8 mts),162,Grande,-68.8354872369,-32.8735510708,4,Cuarta Oeste,1173332.70145,0
19982,Fresno europeo,05/08/2011 08:34,Alto (> 8 mts),128,Grande,-68.8325555219,-32.8638228576,4,Cuarta Oeste,1173332.70145,0
17678,Morera,18/07/2011 11:49,Alto (> 8 mts),168,Grande,-68.8416758299,-32.8684501474,4,Cuarta Oeste,1173332.70145,0
8607,Morera,31/01/2011 10:26,Alto (> 8 mts),147,Grande,-68.8384293784,-32.9035507078,2,Barrio Civico,2366816.36021,0
39653,Morera,22/10/2010 10:17,Alto (> 8 mts),140,Grande,-68.8462228727,-32.8687231719,6,Residencial Norte,2694682.37982,0
13593,Paraiso,01/03/2011 11:42,Alto (> 8 mts),180,Grande,-68.8512413194,-32.8654814675,6,Residencial Norte,2694682.37982,0
17118,Morera,15/08/2011 14:15,Alto (> 8 mts),150,Grande,-68.8364118796,-32.8632207164,4,Cuarta Oeste,1173332.70145,0
13712,Fresno europeo,31/01/2011 11:47,Alto (> 8 mts),160,Grande,-68.851250704,-32.8633325159,6,Residencial Norte,2694682.37982,0
40048,Morera,19/04/2011 12:00,Alto (> 8 mts),160,Grande,-68.8435505278,-32.8793379921,1,Parque Central,1655357.93265,1
30691,Morera,03/02/2011 10:21,Medio (4 - 8 mts),60,Mediano,-68.8555911785,-32.8670319082,6,Residencial Norte,2694682.37982,0
20932,Morera,24/05/2011 12:33,Bajo (2 - 4 mts),29,Mediano,-68.8607769394,-32.8953332152,5,Residencial Sur,2423808.92355,0
43093,Fresno americano,04/10/2011 10:31,Medio (4 - 8 mts),180,Grande,-68.8274774523,-32.8780051948,4,Cuarta Este Área Fundacional,1822015.85685,0
47043,Paraiso,15/09/2011 10:02,Alto (> 8 mts),188,Grande,-68.8319374243,-32.8719901186,4,Cuarta Este Área Fundacional,1822015.85685,0
3965,Morera,26/09/2011 11:01,Medio (4 - 8 mts),170,Grande,-68.8279067766,-32.8775769762,4,Cuarta Este Área Fundacional,1822015.85685,0
19333,Morera,19/07/2011 12:26,Alto (> 8 mts),115,Grande,-68.8356123333,-32.8706135164,4,Cuarta Oeste,1173332.70145,0
34804,Morera,30/03/2011 12:58,Alto (> 8 mts),160,Grande,-68.8511417039,-32.8759436672,6,Residencial Norte,2694682.37982,0
6342,Platano,30/06/2011 14:34,Medio (4 - 8 mts),120,Grande,-68.8543389416,-32.8902176957,5,Residencial Sur,2423808.92355,0
444,Morera,06/03/2012 10:57,Medio (4 - 8 mts),85,Grande,-68.8182770218,-32.8679105784,4,Cuarta Este Área Fundacional,1822015.85685,0
26470,Fresno europeo,09/11/2011 09:52,Medio (4 - 8 mts),90,Grande,-68.8320598953,-32.8913585481,3,Parque O'Higgins,1531146.02653,0
43010,Morera,05/10/2011 11:26,Medio (4 - 8 mts),90,Grande,-68.8329971517,-32.8787841748,4,Cuarta Este Área Fundacional,1822015.85685,1
8800,Morera,02/02/2011 09:48,Medio (4 - 8 mts),60,Mediano,-68.8546787198,-32.8688581886,6,Residencial Norte,2694682.37982,0
34711,Morera,01/04/2011 11:35,Medio (4 - 8 mts),50,Mediano,-68.8505695213,-32.8771587456,6,Residencial Norte,2694682.37982,1
2262,Morera,27/10/2011 10:16,Alto (> 8 mts),120,Grande,-68.8376404566,-32.8929088818,3,Parque O'Higgins,1531146.02653,0
43690,Acacia SP,13/10/2011 16:28,Medio (4 - 8 mts),80,Grande,-68.8339502699,-32.8823733692,3,Parque O'Higgins,1531146.02653,0
29499,Platano,18/02/2011 11:11,Alto (> 8 mts),178,Grande,-68.844850243,-32.891986163,2,Barrio Civico,2366816.36021,0
11437,Paraiso,01/02/2011 15:10,Alto (> 8 mts),58,Mediano,-68.8512490259,-32.9024421356,2,Barrio Civico,2366816.36021,0
1987,Fresno europeo,18/10/2011 16:33,Muy bajo (1 - 2 mts),14,Chico,-68.8321721014,-32.8824902528,3,Parque O'Higgins,1531146.02653,0
31140,Fresno europeo,08/02/2011 09:48,Bajo (2 - 4 mts),36,Mediano,-68.8549178663,-32.8643092557,6,Residencial Norte,2694682.37982,0
34653,Morera,01/04/2011 09:38,Alto (> 8 mts),97,Grande,-68.8494739619,-32.876853013,6,Residencial Norte,2694682.37982,0
16989,Morera,15/08/2011 11:31,Medio (4 - 8 mts),75,Grande,-68.8381309951,-32.8645537157,4,Cuarta Oeste,1173332.70145,0
32845,Fresno europeo,10/06/2011 12:33,Bajo (2 - 4 mts),50,Mediano,-68.8495623656,-32.8864401494,5,Residencial Sur,2423808.92355,0
12702,Morera,20/01/2011 09:31,Bajo (2 - 4 mts),34,Mediano,-68.847587182,-32.863427834,4,Cuarta Oeste,1173332.70145,0
30679,Fresno europeo,02/02/2011 13:39,Bajo (2 - 4 mts),43,Mediano,-68.8548659607,-32.8669551904,6,Residencial Norte,2694682.37982,0
17388,Morera,22/07/2011 10:08,Alto (> 8 mts),165,Grande,-68.8398256326,-32.8662737079,4,Cuarta Oeste,1173332.70145,0
30884,Paraiso,17/02/2011 09:28,Alto (> 8 mts),70,Grande,-68.8540272488,-32.8656433501,6,Residencial Norte,2694682.37982,0
12893,Fresno europeo,18/01/2011 09:53,Muy bajo (1 - 2 mts),5,Chico,-68.8458096238,-32.8634539691,4,Cuarta Oeste,1173332.70145,0
39715,Morera,30/08/2010 10:35,Medio (4 - 8 mts),180,Grande,-68.8452704708,-32.8692567024,4,Cuarta Oeste,1173332.70145,1
28344,Morera,11/03/2011 09:40,Alto (> 8 mts),180,Grande,-68.8470226763,-32.8887584889,2,Barrio Civico,2366816.36021,0
39765,Fresno europeo,13/07/2011 13:42,Alto (> 8 mts),177,Grande,-68.8503470994,-32.8830162314,1,Parque Central,1655357.93265,0
17285,Morera,04/08/2011 13:19,Medio (4 - 8 mts),27,Mediano,-68.8368876617,-32.8657847179,4,Cuarta Oeste,1173332.70145,0
41580,Platano,04/05/2011 11:37,Alto (> 8 mts),120,Grande,-68.8412373364,-32.8777757704,1,Parque Central,1655357.93265,0
16467,Conifera,12/08/2011 09:37,Medio (4 - 8 mts),65,Grande,-68.8414031285,-32.8626431566,4,Cuarta Oeste,1173332.70145,0
20679,Fresno europeo,01/06/2011 10:40,Alto (> 8 mts),120,Grande,-68.8609684356,-32.8971322115,5,Residencial Sur,2423808.92355,0
37401,Paraiso,29/11/2010 12:20,Alto (> 8 mts),120,Grande,-68.8569853178,-32.8725547638,6,Residencial Norte,2694682.37982,0
26930,Platano,01/11/2011 17:50,Bajo (2 - 4 mts),180,Grande,-68.8355459081,-32.8870112589,3,Parque O'Higgins,1531146.02653,0
36361,Platano,17/03/2011 12:56,Alto (> 8 mts),300,Grande,-68.8518325133,-32.8780283507,6,Residencial Norte,2694682.37982,0
1507,Jacaranda,24/11/2011 07:32,Medio (4 - 8 mts),40,Mediano,-68.8718354012,-32.8759603641,7,Residencial Parque,1786336.08966,0
14624,Acer,13/12/2011 10:59,Medio (4 - 8 mts),100,Grande,-68.8795044986,-32.8664848501,8,Aeroparque,2203364.73622,0
14601,Aguaribay,14/12/2011 10:00,Alto (> 8 mts),70,Grande,-68.8802260243,-32.8664742853,8,Aeroparque,2203364.73622,1
38207,Paraiso,25/08/2010 09:55,Alto (> 8 mts),133,Grande,-68.8473645822,-32.8737476386,6,Residencial Norte,2694682.37982,0
15076,Acacia SP,17/11/2011 12:08,Muy bajo (1 - 2 mts),1,Chico,-68.8590208842,-32.8696076606,6,Residencial Norte,2694682.37982,0
43467,Fresno europeo,03/10/2011 09:45,Medio (4 - 8 mts),105,Grande,-68.83225663,-32.8791173513,4,Cuarta Este Área Fundacional,1822015.85685,0
8861,Paraiso sombrilla,14/05/2010 12:16,Medio (4 - 8 mts),80,Grande,-68.8509910899,-32.8680721614,6,Residencial Norte,2694682.37982,0
36168,Acer,04/04/2011 10:26,Bajo (2 - 4 mts),57,Mediano,-68.8526856042,-32.8770792665,6,Residencial Norte,2694682.37982,0
32507,Morera,27/05/2011 10:02,Alto (> 8 mts),180,Grande,-68.8531941806,-32.8882024429,5,Residencial Sur,2423808.92355,0
22744,Morera,12/05/2011 10:47,Alto (> 8 mts),98,Grande,-68.8542467516,-32.9015690954,5,Residencial Sur,2423808.92355,0
16694,Morera,20/07/2011 14:10,Medio (4 - 8 mts),52,Mediano,-68.8408692882,-32.8638177989,4,Cuarta Oeste,1173332.70145,0
18968,Morera,04/08/2011 09:03,Alto (> 8 mts),220,Grande,-68.8376478126,-32.8689743696,4,Cuarta Oeste,1173332.70145,0
45012,Morera,31/08/2011 12:43,Alto (> 8 mts),170,Grande,-68.8253121423,-32.8695249178,4,Cuarta Este Área Fundacional,1822015.85685,0
23515,Morera,19/01/2011 19:03,Alto (> 8 mts),200,Grande,-68.848585887,-32.9025437514,2,Barrio Civico,2366816.36021,0
21889,Fresno europeo,03/06/2011 10:17,Medio (4 - 8 mts),42,Mediano,-68.8589100273,-32.8968593355,5,Residencial Sur,2423808.92355,0
10419,Paraiso,23/03/2011 10:36,Medio (4 - 8 mts),70,Grande,-68.8523102398,-32.882029362,1,Parque Central,1655357.93265,0
6281,Morera,13/07/2011 11:51,Alto (> 8 mts),93,Grande,-68.8500013108,-32.8842715538,1,Parque Central,1655357.93265,0
33861,Morera,16/05/2011 09:31,Alto (> 8 mts),160,Grande,-68.8548332155,-32.8865889748,5,Residencial Sur,2423808.92355,1
42409,Fresno europeo,28/09/2011 11:38,Alto (> 8 mts),250,Grande,-68.8325074439,-32.8753158893,4,Cuarta Este Área Fundacional,1822015.85685,0
145,Fresno europeo,28/02/2012 18:20,Muy bajo (1 - 2 mts),4,Chico,-68.8581808708,-32.8642127881,6,Residencial Norte,2694682.37982,0
9207,Paraiso,02/03/2011 09:57,Alto (> 8 mts),190,Grande,-68.8502782884,-32.8655577283,6,Residencial Norte,2694682.37982,0
47607,Fresno americano,08/09/2011 11:27,Alto (> 8 mts),95,Grande,-68.829252058,-32.8714790988,4,Cuarta Este Área Fundacional,1822015.85685,0
18373,Caducifolio,29/07/2011 14:17,Bajo (2 - 4 mts),25,Mediano,-68.8373975157,-32.8678918848,4,Cuarta Oeste,1173332.70145,0
41908,Morera,18/04/2011 10:15,Medio (4 - 8 mts),90,Grande,-68.8429264671,-32.8788158835,1,Parque Central,1655357.93265,0
23799,Tipa,27/01/2011 19:08,Bajo (2 - 4 mts),72,Grande,-68.8502198976,-32.9003732138,2,Barrio Civico,2366816.36021,0
2363,Morera,03/11/2011 16:16,Medio (4 - 8 mts),80,Grande,-68.8342403723,-32.8874285317,3,Parque O'Higgins,1531146.02653,0
35293,Morera,23/06/2011 16:34,Medio (4 - 8 mts),60,Mediano,-68.8526639191,-32.8833771137,1,Parque Central,1655357.93265,0
21149,Fresno europeo,17/06/2011 11:02,Bajo (2 - 4 mts),28,Mediano,-68.8632069939,-32.8981186054,5,Residencial Sur,2423808.92355,0
29765,Morera,15/03/2011 08:58,Medio (4 - 8 mts),64,Grande,-68.8410876444,-32.8936570346,2,Barrio Civico,2366816.36021,1
37758,Olmo bola,22/02/2012 08:12,Medio (4 - 8 mts),120,Grande,-68.8486578493,-32.8731439623,6,Residencial Norte,2694682.37982,0
23498,Fresno europeo,21/01/2011 13:32,Alto (> 8 mts),117,Grande,-68.8480306228,-32.9030335969,2,Barrio Civico,2366816.36021,0
8751,Morera,15/02/2011 12:47,Muy bajo (1 - 2 mts),10,Chico,-68.8401229573,-32.8964662866,2,Barrio Civico,2366816.36021,0
29814,Platano,04/03/2011 12:50,Alto (> 8 mts),180,Grande,-68.8425532351,-32.8921558596,2,Barrio Civico,2366816.36021,0
4963,Prunas,15/07/2011 10:53,Bajo (2 - 4 mts),22,Mediano,-68.8441438014,-32.870452296,4,Cuarta Oeste,1173332.70145,0
30685,Morera,03/02/2011 09:56,Alto (> 8 mts),108,Grande,-68.8552601496,-32.8667443169,6,Residencial Norte,2694682.37982,0
21284,Fresno americano,13/06/2011 12:06,Medio (4 - 8 mts),79,Grande,-68.8521543347,-32.8970914126,5,Residencial Sur,2423808.92355,0
37020,Fresno europeo,07/04/2011 17:46,Alto (> 8 mts),44,Mediano,-68.8566382931,-32.8776545592,6,Residencial Norte,2694682.37982,0
24416,Morera,21/01/2011 09:06,Alto (> 8 mts),120,Grande,-68.8454564709,-32.9036448287,2,Barrio Civico,2366816.36021,0
16385,Fresno europeo,03/08/2011 09:22,Medio (4 - 8 mts),47,Mediano,-68.8346297497,-32.8658905882,4,Cuarta Oeste,1173332.70145,0
2551,Morera,18/10/2011 12:46,Alto (> 8 mts),58,Mediano,-68.8325376857,-32.8853625197,3,Parque O'Higgins,1531146.02653,0
38312,Paraiso,09/11/2010 11:11,Alto (> 8 mts),160,Grande,-68.8534230589,-32.8702901612,6,Residencial Norte,2694682.37982,0
13158,Fresno europeo,18/02/2011 12:31,Medio (4 - 8 mts),140,Grande,-68.8466024196,-32.86506555,4,Cuarta Oeste,1173332.70145,0
568,Morera,08/03/2012 11:16,Alto (> 8 mts),180,Grande,-68.8192733885,-32.8686792788,4,Cuarta Este Área Fundacional,1822015.85685,0
31450,Fresno europeo,13/07/2011 12:18,Alto (> 8 mts),154,Grande,-68.8493161956,-32.8843950565,1,Parque Central,1655357.93265,1
22929,Morera,19/05/2011 15:25,Medio (4 - 8 mts),40,Mediano,-68.8557012519,-32.9003376147,5,Residencial Sur,2423808.92355,0
2571,Morera,17/10/2011 12:55,Alto (> 8 mts),100,Grande,-68.8367333503,-32.882354581,1,Parque Central,1655357.93265,0
41544,Morera,06/05/2011 10:38,Alto (> 8 mts),106,Grande,-68.8392188939,-32.8793963714,1,Parque Central,1655357.93265,0
11532,Morera,23/02/2011 09:13,Alto (> 8 mts),150,Grande,-68.8527854391,-32.8660380836,6,Residencial Norte,2694682.37982,0
27562,Platano,28/10/2011 11:40,Alto (> 8 mts),147,Grande,-68.8397647794,-32.8927918872,2,Barrio Civico,2366816.36021,0
46339,Prunas,26/09/2011 09:34,Bajo (2 - 4 mts),30,Mediano,-68.8259362619,-32.8733545756,4,Cuarta Este Área Fundacional,1822015.85685,0
23691,Fresno europeo,24/01/2011 19:59,Medio (4 - 8 mts),102,Grande,-68.8491501308,-32.8999690264,2,Barrio Civico,2366816.36021,0
36565,Morera,09/06/2011 12:39,Medio (4 - 8 mts),170,Grande,-68.8586325385,-32.8834055736,5,Residencial Sur,2423808.92355,0
17848,Morera,02/08/2011 10:17,Alto (> 8 mts),150,Grande,-68.8359573484,-32.8668427224,4,Cuarta Oeste,1173332.70145,1
32677,Acacia visco,24/06/2011 10:27,Alto (> 8 mts),150,Grande,-68.8512551972,-32.8902662883,5,Residencial Sur,2423808.92355,0
41076,Platano,28/04/2011 11:54,Alto (> 8 mts),158,Grande,-68.8387303772,-32.8838375084,1,Parque Central,1655357.93265,0
20902,Fresno europeo,27/05/2011 09:25,Bajo (2 - 4 mts),42,Mediano,-68.8617233049,-32.8952968451,5,Residencial Sur,2423808.92355,0
27316,Platano,25/10/2011 09:29,Alto (> 8 mts),185,Grande,-68.8348683487,-32.8899145326,3,Parque O'Higgins,1531146.02653,0
17677,Morera,18/07/2011 11:48,Alto (> 8 mts),170,Grande,-68.8416541647,-32.8683760909,4,Cuarta Oeste,1173332.70145,0
10087,Acer,20/10/2010 13:18,Bajo (2 - 4 mts),58,Mediano,-68.845417543,-32.8710842158,6,Residencial Norte,2694682.37982,0
41094,Platano,02/05/2011 15:23,Muy bajo (1 - 2 mts),4,Chico,-68.8375728788,-32.883172878,1,Parque Central,1655357.93265,0
20536,Fresno europeo,03/06/2011 09:08,Alto (> 8 mts),70,Grande,-68.8593567066,-32.8972403252,5,Residencial Sur,2423808.92355,0
30582,Paraiso sombrilla,09/02/2011 12:10,Medio (4 - 8 mts),100,Grande,-68.8577929944,-32.865886229,6,Residencial Norte,2694682.37982,0
17333,Morera,08/08/2011 09:59,Alto (> 8 mts),145,Grande,-68.8346473256,-32.8657783071,4,Cuarta Oeste,1173332.70145,1
22050,Morera,16/05/2011 09:45,Medio (4 - 8 mts),80,Grande,-68.8577837342,-32.8939607191,5,Residencial Sur,2423808.92355,0
45470,Fresno europeo,19/09/2011 10:54,Medio (4 - 8 mts),148,Grande,-68.8231740217,-32.8717003351,4,Cuarta Este Área Fundacional,1822015.85685,0
34791,Morera,30/03/2011 10:09,Alto (> 8 mts),115,Grande,-68.8508981515,-32.8766622974,6,Residencial Norte,2694682.37982,0
42014,Morera,08/04/2011 11:44,Alto (> 8 mts),120,Grande,-68.8417516233,-32.880637716,1,Parque Central,1655357.93265,0
8299,Fresno americano,02/03/2011 15:46,Medio (4 - 8 mts),38,Mediano,-68.8418489265,-32.8945286156,2,Barrio Civico,2366816.36021,0
29151,Paraiso,10/03/2011 12:49,Medio (4 - 8 mts),65,Grande,-68.8468246119,-32.88861923,2,Barrio Civico,2366816.36021,0
39889,Acer,02/05/2011 12:44,Bajo (2 - 4 mts),34,Mediano,-68.8436091312,-32.8736167626,1,Parque Central,1655357.93265,0
39695,Morera,19/10/2010 12:05,Bajo (2 - 4 mts),25,Mediano,-68.8462785904,-32.8700563958,6,Residencial Norte,2694682.37982,0
20903,Fresno europeo,27/05/2011 09:24,Medio (4 - 8 mts),53,Mediano,-68.8617159965,-32.895254187,5,Residencial Sur,2423808.92355,0
29013,Fresno europeo,20/04/2011 11:29,Muy bajo (1 - 2 mts),12,Chico,-68.8452406376,-32.8862567,1,Parque Central,1655357.93265,0
30092,Morera,26/04/2011 10:43,Bajo (2 - 4 mts),20,Chico,-68.8425252551,-32.8876126516,3,Parque O'Higgins,1531146.02653,1
46878,Morera,09/09/2011 10:13,Alto (> 8 mts),145,Grande,-68.8339216822,-32.8705405002,4,Cuarta Oeste,1173332.70145,0
18437,Morera,11/07/2011 10:25,Alto (> 8 mts),100,Grande,-68.8392845123,-32.8729379863,4,Cuarta Oeste,1173332.70145,0
2552,Ailanthus,18/10/2011 12:41,Medio (4 - 8 mts),15,Chico,-68.8325460185,-32.8855197436,3,Parque O'Higgins,1531146.02653,0
12492,Fresno americano,25/01/2011 13:46,Muy bajo (1 - 2 mts),8,Chico,-68.8493173154,-32.8678435174,6,Residencial Norte,2694682.37982,0
45441,Morera,09/09/2011 09:05,Alto (> 8 mts),250,Grande,-68.824907144,-32.873297632,4,Cuarta Este Área Fundacional,1822015.85685,1
37830,Paraiso,10/12/2010 10:19,Alto (> 8 mts),230,Grande,-68.8491062708,-32.8724352621,6,Residencial Norte,2694682.37982,0
9875,Paraiso,25/11/2010 13:51,Alto (> 8 mts),170,Grande,-68.8543833463,-32.8729346258,6,Residencial Norte,2694682.37982,0
30342,Fresno europeo,04/03/2011 10:16,Alto (> 8 mts),61,Grande,-68.8406811404,-32.8900424488,3,Parque O'Higgins,1531146.02653,0
6150,Morera,19/04/2011 10:30,Medio (4 - 8 mts),52,Mediano,-68.840488211,-32.8837127205,1,Parque Central,1655357.93265,0
22550,Acacia SP,17/06/2011 09:22,Medio (4 - 8 mts),70,Grande,-68.862308689,-32.8993974465,5,Residencial Sur,2423808.92355,0
17591,Morera,19/07/2011 11:10,Alto (> 8 mts),200,Grande,-68.8428165769,-32.866726734,4,Cuarta Oeste,1173332.70145,0
29456,Morera,15/03/2011 13:23,Muy bajo (1 - 2 mts),12,Chico,-68.8446063733,-32.8941207437,2,Barrio Civico,2366816.36021,0
32711,Fresno europeo,18/05/2011 09:00,Medio (4 - 8 mts),100,Grande,-68.8519710554,-32.8862682242,5,Residencial Sur,2423808.92355,0
35455,Morera,28/03/2011 10:23,Alto (> 8 mts),61,Grande,-68.8539543893,-32.881338568,6,Residencial Norte,2694682.37982,0
42768,Fresno americano,30/09/2011 15:34,Medio (4 - 8 mts),180,Grande,-68.8305328943,-32.8789390173,4,Cuarta Este Área Fundacional,1822015.85685,0
27823,Morera,02/11/2011 10:50,Alto (> 8 mts),120,Grande,-68.8360782718,-32.894315926,3,Parque O'Higgins,1531146.02653,1
46456,Morera,17/08/2011 13:37,Alto (> 8 mts),170,Grande,-68.8320316132,-32.8683350474,4,Cuarta Oeste,1173332.70145,0
46491,Morera,17/08/2011 13:04,Alto (> 8 mts),180,Grande,-68.8303960151,-32.8680476347,4,Cuarta Este Área Fundacional,1822015.85685,0
30003,Fresno americano,28/04/2011 12:43,Alto (> 8 mts),140,Grande,-68.8412174241,-32.8868691761,3,Parque O'Higgins,1531146.02653,0
25037,Fresno europeo,15/02/2011 08:26,Medio (4 - 8 mts),83,Grande,-68.8364522404,-32.8968155413,2,Barrio Civico,2366816.36021,0
5046,Perenne,15/08/2011 13:36,Bajo (2 - 4 mts),20,Chico,-68.8367765744,-32.8624901514,4,Cuarta Oeste,1173332.70145,0
6233,Fresno europeo,11/04/2011 15:02,Medio (4 - 8 mts),18,Chico,-68.8391343809,-32.8872592261,3,Parque O'Higgins,1531146.02653,0
35683,Morera,18/03/2011 09:28,Medio (4 - 8 mts),160,Grande,-68.8548878678,-32.8741684862,6,Residencial Norte,2694682.37982,0
14490,Morera,30/11/2011 18:10,Bajo (2 - 4 mts),24,Mediano,-68.8792636417,-32.8668201018,8,Aeroparque,2203364.73622,0
2299,Fresno americano,04/11/2011 10:22,Muy bajo (1 - 2 mts),10,Chico,-68.8384947983,-32.8941509889,2,Barrio Civico,2366816.36021,0
992,Platano,16/01/2012 09:05,Alto (> 8 mts),135,Grande,-68.8354210723,-32.868004554,4,Cuarta Oeste,1173332.70145,1
30982,Morera,11/02/2011 09:47,Muy bajo (1 - 2 mts),10,Chico,-68.855901906,-32.8636584663,6,Residencial Norte,2694682.37982,0
36400,Fresno europeo,21/03/2011 12:04,Alto (> 8 mts),100,Grande,-68.8519106927,-32.879124943,6,Residencial Norte,2694682.37982,0
43504,Ailanthus,10/11/2011 12:10,Medio (4 - 8 mts),25,Mediano,-68.8283516546,-32.8834970741,3,Parque O'Higgins,1531146.02653,0
43372,Morera,25/10/2011 17:04,Medio (4 - 8 mts),130,Grande,-68.8337365,-32.8806219081,3,Parque O'Higgins,1531146.02653,0
28786,Morera,19/04/2011 12:35,Alto (> 8 mts),140,Grande,-68.8477515501,-32.8865309613,1,Parque Central,1655357.93265,0
27798,Platano,03/11/2011 09:53,Alto (> 8 mts),125,Grande,-68.8350600554,-32.8950601212,3,Parque O'Higgins,1531146.02653,0
24792,Platano,18/02/2011 08:10,Alto (> 8 mts),240,Grande,-68.8411164532,-32.8976473959,2,Barrio Civico,2366816.36021,0
33656,Paraiso,16/05/2011 09:40,Medio (4 - 8 mts),136,Grande,-68.8569557404,-32.8871043202,5,Residencial Sur,2423808.92355,1
23749,Acer,25/01/2011 11:11,Alto (> 8 mts),114,Grande,-68.8492917818,-32.9005201299,2,Barrio Civico,2366816.36021,0
15731,Acer,23/11/2011 10:01,Bajo (2 - 4 mts),30,Mediano,-68.8711056458,-32.8776876339,7,Residencial Parque,1786336.08966,0
18810,Morera,10/08/2011 10:41,Alto (> 8 mts),120,Grande,-68.8355979163,-32.8697408377,4,Cuarta Oeste,1173332.70145,0
18690,Morera,04/07/2011 11:31,Medio (4 - 8 mts),86,Grande,-68.8358486391,-32.8735954581,4,Cuarta Oeste,1173332.70145,0
21692,Morera,10/06/2011 08:16,Alto (> 8 mts),150,Grande,-68.8570134091,-32.8951944361,5,Residencial Sur,2423808.92355,0
12794,Morera,21/01/2011 13:14,Alto (> 8 mts),150,Grande,-68.8480509169,-32.8637879536,6,Residencial Norte,2694682.37982,0
25588,Morera,08/02/2011 17:52,Alto (> 8 mts),108,Grande,-68.8392533531,-32.901622026,2,Barrio Civico,2366816.36021,0
21509,Fresno europeo,11/05/2011 10:38,Alto (> 8 mts),75,Grande,-68.853321297,-32.8938815356,5,Residencial Sur,2423808.92355,0
37867,Morera,24/11/2010 09:55,Alto (> 8 mts),190,Grande,-68.8508699463,-32.8736597136,6,Residencial Norte,2694682.37982,0
45108,Morera,31/08/2011 16:05,Alto (> 8 mts),170,Grande,-68.8252919317,-32.8702088453,4,Cuarta Este Área Fundacional,1822015.85685,0
17667,Fresno europeo,15/07/2011 08:58,Medio (4 - 8 mts),65,Grande,-68.8412976676,-32.867027876,4,Cuarta Oeste,1173332.70145,0
4843,Palo borracho,27/07/2011 13:11,Medio (4 - 8 mts),122,Grande,-68.838526464,-32.8655656112,4,Cuarta Oeste,1173332.70145,0
25185,Morera,09/02/2011 17:25,Alto (> 8 mts),138,Grande,-68.836328517,-32.8983603356,2,Barrio Civico,2366816.36021,0
39255,Fresno europeo,28/12/2010 10:17,Bajo (2 - 4 mts),50,Mediano,-68.8543671468,-32.8722213037,6,Residencial Norte,2694682.37982,0
30015,Platano,29/04/2011 11:15,Alto (> 8 mts),134,Grande,-68.8409423371,-32.886931128,3,Parque O'Higgins,1531146.02653,0
395,Morera,05/03/2012 11:26,Alto (> 8 mts),165,Grande,-68.820035821,-32.8675542845,4,Cuarta Este Área Fundacional,1822015.85685,0
30274,Platano,04/03/2011 13:02,Alto (> 8 mts),240,Grande,-68.841728139,-32.8895812105,3,Parque O'Higgins,1531146.02653,0
14464,Morera,02/12/2011 10:21,Bajo (2 - 4 mts),15,Chico,-68.8785002808,-32.8662730534,8,Aeroparque,2203364.73622,0
3900,Morera,01/09/2011 11:05,Medio (4 - 8 mts),140,Grande,-68.819270866,-32.8704389346,4,Cuarta Este Área Fundacional,1822015.85685,0
44620,Paraiso,26/08/2011 07:48,Alto (> 8 mts),130,Grande,-68.8232640647,-32.8671982145,4,Cuarta Este Área Fundacional,1822015.85685,0
32159,Platano,11/05/2011 11:19,Alto (> 8 mts),180,Grande,-68.8584741129,-32.8849172625,5,Residencial Sur,2423808.92355,1
12620,Morera,17/01/2011 09:16,Medio (4 - 8 mts),90,Grande,-68.8462861604,-32.8633770999,4,Cuarta Oeste,1173332.70145,0
29068,Platano,20/04/2011 12:08,Alto (> 8 mts),160,Grande,-68.8450787858,-32.8870100842,1,Parque Central,1655357.93265,0
24458,Perenne,20/01/2011 09:39,Alto (> 8 mts),180,Grande,-68.8462461923,-32.902620335,2,Barrio Civico,2366816.36021,0
35623,Paraiso,15/03/2011 13:26,Medio (4 - 8 mts),70,Grande,-68.8561797915,-32.8739985662,6,Residencial Norte,2694682.37982,0
30601,Paraiso sombrilla,11/02/2011 09:41,Medio (4 - 8 mts),125,Grande,-68.8583558323,-32.8653504607,6,Residencial Norte,2694682.37982,0
33210,Platano,09/05/2011 12:40,Alto (> 8 mts),180,Grande,-68.8550088799,-32.8911993714,5,Residencial Sur,2423808.92355,0
2501,Fresno europeo,20/10/2011 12:10,Alto (> 8 mts),60,Mediano,-68.8368843356,-32.8884516889,3,Parque O'Higgins,1531146.02653,0
30611,Aguaribay,11/02/2011 12:31,Alto (> 8 mts),205,Grande,-68.857863499,-32.8634746462,6,Residencial Norte,2694682.37982,0
47840,Platano,21/09/2011 09:49,Alto (> 8 mts),220,Grande,-68.8277581583,-32.8736202172,4,Cuarta Este Área Fundacional,1822015.85685,0
41774,Paraiso,27/04/2011 11:04,Medio (4 - 8 mts),130,Grande,-68.84188981,-32.8779209093,1,Parque Central,1655357.93265,0
47953,Paraiso,02/09/2011 10:34,Alto (> 8 mts),280,Grande,-68.8264115489,-32.8684049209,4,Cuarta Este Área Fundacional,1822015.85685,0
35272,Morera,24/06/2011 09:37,Medio (4 - 8 mts),110,Grande,-68.8523858797,-32.8829067506,1,Parque Central,1655357.93265,0
6017,Morera,11/04/2011 12:23,Bajo (2 - 4 mts),12,Chico,-68.8431339924,-32.8839989648,1,Parque Central,1655357.93265,0
34289,Fresno europeo,04/03/2011 12:27,Medio (4 - 8 mts),140,Grande,-68.8520684821,-32.8741966528,6,Residencial Norte,2694682.37982,0
1763,Acacia SP,25/11/2011 10:29,Alto (> 8 mts),105,Grande,-68.8706452822,-32.8789506677,7,Residencial Parque,1786336.08966,0
17987,Fresno europeo,29/07/2011 18:06,Medio (4 - 8 mts),124,Grande,-68.8396064163,-32.8674337468,4,Cuarta Oeste,1173332.70145,0
28460,Fresno europeo,28/02/2011 08:50,Medio (4 - 8 mts),13,Chico,-68.847222891,-32.8900794658,2,Barrio Civico,2366816.36021,0
19754,Morera,12/08/2011 09:28,Muy bajo (1 - 2 mts),4,Chico,-68.8344028467,-32.8690505176,4,Cuarta Oeste,1173332.70145,0
24343,Morera,26/01/2011 12:24,Alto (> 8 mts),164,Grande,-68.8440108615,-32.902804702,2,Barrio Civico,2366816.36021,0
44890,Fresno europeo,23/08/2011 10:02,Medio (4 - 8 mts),120,Grande,-68.8243206947,-32.8672506286,4,Cuarta Este Área Fundacional,1822015.85685,0
457,Morera,07/03/2012 11:20,Alto (> 8 mts),140,Grande,-68.8215354939,-32.8680489861,4,Cuarta Este Área Fundacional,1822015.85685,0
29755,Platano,15/03/2011 10:10,Alto (> 8 mts),132,Grande,-68.8402176428,-32.8933710818,2,Barrio Civico,2366816.36021,0
22917,Platano,19/05/2011 14:59,Alto (> 8 mts),152,Grande,-68.8556356708,-32.8995387704,5,Residencial Sur,2423808.92355,0
2905,Fresno europeo,19/09/2011 11:33,Medio (4 - 8 mts),180,Grande,-68.8220715502,-32.8731007189,4,Cuarta Este Área Fundacional,1822015.85685,0
5718,Morera,04/05/2011 13:14,Medio (4 - 8 mts),36,Mediano,-68.8406642405,-32.8789032104,1,Parque Central,1655357.93265,0
23382,Olmo comun,28/01/2011 09:32,Alto (> 8 mts),60,Mediano,-68.8494095823,-32.9024073286,2,Barrio Civico,2366816.36021,0
6622,Jacaranda,11/05/2011 11:47,Bajo (2 - 4 mts),10,Chico,-68.858889213,-32.8925855568,5,Residencial Sur,2423808.92355,0
10565,Acacia SP,23/03/2011 10:41,Alto (> 8 mts),70,Grande,-68.854933707,-32.8756105995,6,Residencial Norte,2694682.37982,0
41852,Conifera,05/05/2011 12:05,Medio (4 - 8 mts),22,Mediano,-68.8417218264,-32.8791848706,1,Parque Central,1655357.93265,0
31820,Fresno europeo,03/01/2012 09:32,Medio (4 - 8 mts),60,Mediano,-68.8590364675,-32.8894258175,5,Residencial Sur,2423808.92355,0
29977,Morera,28/04/2011 12:17,Alto (> 8 mts),180,Grande,-68.8421777299,-32.8862773488,1,Parque Central,1655357.93265,0
48404,Morera,01/09/2011 11:24,Alto (> 8 mts),76,Grande,-68.8303308629,-32.8688765641,4,Cuarta Este Área Fundacional,1822015.85685,0
30703,Paraiso,03/02/2011 12:48,Alto (> 8 mts),150,Grande,-68.8555345485,-32.8676927708,6,Residencial Norte,2694682.37982,1
40681,Morera,19/04/2011 12:11,Alto (> 8 mts),200,Grande,-68.8427578015,-32.8835689298,1,Parque Central,1655357.93265,0
38041,Morera,06/12/2010 11:59,Alto (> 8 mts),96,Grande,-68.8469764308,-32.8716677676,6,Residencial Norte,2694682.37982,0
42930,Morera,29/09/2011 10:27,Medio (4 - 8 mts),180,Grande,-68.8348375273,-32.8772046882,1,Parque Central,1655357.93265,0
10450,Caducifolio,09/03/2011 10:39,Alto (> 8 mts),83,Grande,-68.8562493728,-32.8735944763,6,Residencial Norte,2694682.37982,0
28422,Platano,28/02/2011 10:45,Alto (> 8 mts),160,Grande,-68.8461283539,-32.8903756749,2,Barrio Civico,2366816.36021,0
33805,Morera,12/05/2011 13:06,Alto (> 8 mts),140,Grande,-68.8559434034,-32.8863796052,5,Residencial Sur,2423808.92355,0
33816,Acacia visco,12/05/2011 12:26,Alto (> 8 mts),160,Grande,-68.8551937581,-32.8860833631,5,Residencial Sur,2423808.92355,0
23234,Acer,31/01/2012 17:57,Bajo (2 - 4 mts),60,Mediano,-68.8518611343,-32.9019089176,2,Barrio Civico,2366816.36021,0
32248,Morera,09/05/2011 10:51,Medio (4 - 8 mts),100,Grande,-68.859707607,-32.8846897125,5,Residencial Sur,2423808.92355,0
24736,Morera,17/02/2011 09:48,Alto (> 8 mts),110,Grande,-68.8395341279,-32.8985117825,2,Barrio Civico,2366816.36021,1
3031,Morera,15/09/2011 12:49,Medio (4 - 8 mts),90,Grande,-68.8279094596,-32.8731050435,4,Cuarta Este Área Fundacional,1822015.85685,0
45114,Morera,31/08/2011 15:55,Alto (> 8 mts),168,Grande,-68.8257335149,-32.8703630891,4,Cuarta Este Área Fundacional,1822015.85685,1
22182,Fresno europeo,18/05/2011 09:10,Bajo (2 - 4 mts),22,Mediano,-68.8557413456,-32.8983009543,5,Residencial Sur,2423808.92355,0
27387,Platano,21/10/2011 14:20,Alto (> 8 mts),200,Grande,-68.8354895073,-32.8883845271,3,Parque O'Higgins,1531146.02653,0
20195,Platano,12/05/2011 10:36,Alto (> 8 mts),160,Grande,-68.8593477325,-32.8915728507,5,Residencial Sur,2423808.92355,0
15127,Morera,18/11/2011 08:51,Bajo (2 - 4 mts),22,Mediano,-68.8591191573,-32.8694810417,6,Residencial Norte,2694682.37982,0
45765,Acacia SP,24/08/2011 10:23,Alto (> 8 mts),38,Mediano,-68.820479919,-32.86974341,4,Cuarta Este Área Fundacional,1822015.85685,0
29163,Morera,10/03/2011 09:48,Alto (> 8 mts),140,Grande,-68.8461002163,-32.8893111951,2,Barrio Civico,2366816.36021,0
39164,Prunas,24/11/2010 12:40,Muy bajo (1 - 2 mts),30,Mediano,-68.8532388269,-32.8728503595,6,Residencial Norte,2694682.37982,0
37560,Morera,16/11/2010 11:11,Alto (> 8 mts),180,Grande,-68.8569554595,-32.8693963058,6,Residencial Norte,2694682.37982,0
34035,Fresno europeo,27/05/2011 10:51,Bajo (2 - 4 mts),70,Grande,-68.8548640184,-32.8848037499,5,Residencial Sur,2423808.92355,0
37216,Paraiso,11/03/2011 11:12,Alto (> 8 mts),120,Grande,-68.8571338896,-32.8736643195,6,Residencial Norte,2694682.37982,0
28649,Morera,23/02/2011 09:42,Alto (> 8 mts),180,Grande,-68.8484213368,-32.8901940026,2,Barrio Civico,2366816.36021,0
33417,Morera,02/06/2011 13:40,Medio (4 - 8 mts),160,Grande,-68.8572177677,-32.8882613832,5,Residencial Sur,2423808.92355,0
18363,Caducifolio,01/08/2011 10:31,Muy bajo (1 - 2 mts),6,Chico,-68.8366579707,-32.8677758282,4,Cuarta Oeste,1173332.70145,0
29115,Platano,27/04/2011 09:13,Alto (> 8 mts),160,Grande,-68.8446453461,-32.8853745074,1,Parque Central,1655357.93265,0
25510,Morera,17/02/2011 15:11,Bajo (2 - 4 mts),30,Mediano,-68.8393897724,-32.9015736237,2,Barrio Civico,2366816.36021,1
7417,Morera,17/06/2011 17:56,Medio (4 - 8 mts),36,Mediano,-68.8582963478,-32.9003009408,5,Residencial Sur,2423808.92355,0
42653,Morera,26/09/2011 08:23,Medio (4 - 8 mts),73,Grande,-68.8293150503,-32.8765237094,4,Cuarta Este Área Fundacional,1822015.85685,0
21617,Paraiso,11/05/2011 11:26,Medio (4 - 8 mts),60,Mediano,-68.8544049786,-32.8949058228,5,Residencial Sur,2423808.92355,0
41290,Platano,11/04/2011 10:40,Alto (> 8 mts),163,Grande,-68.839795462,-32.8815620757,1,Parque Central,1655357.93265,0
43231,Platano,04/10/2011 09:04,Alto (> 8 mts),260,Grande,-68.8350258075,-32.8795712605,1,Parque Central,1655357.93265,0
1868,Perenne,16/11/2011 12:26,Muy bajo (1 - 2 mts),180,Grande,-68.8611983978,-32.8707083489,7,Residencial Parque,1786336.08966,0
5170,Morera,15/08/2011 12:40,Alto (> 8 mts),140,Grande,-68.8438363461,-32.872850493,6,Residencial Norte,2694682.37982,0
35398,Morera,21/06/2011 09:41,Bajo (2 - 4 mts),50,Mediano,-68.8557346656,-32.8826241037,5,Residencial Sur,2423808.92355,0
3280,Morera,30/09/2011 11:46,Alto (> 8 mts),70,Grande,-68.8280280006,-32.8777307391,4,Cuarta Este Área Fundacional,1822015.85685,0
30621,Alamo blanco,07/02/2011 12:31,Alto (> 8 mts),270,Grande,-68.8572497457,-32.8691130589,6,Residencial Norte,2694682.37982,0
46855,Morera,15/09/2011 13:12,Alto (> 8 mts),118,Grande,-68.8338929175,-32.8726709378,4,Cuarta Este Área Fundacional,1822015.85685,1
19903,Morera,28/06/2011 14:10,Alto (> 8 mts),198,Grande,-68.8333865283,-32.8623403177,4,Cuarta Oeste,1173332.70145,0
12633,Morera,14/01/2011 13:51,Alto (> 8 mts),140,Grande,-68.8462039595,-32.862657536,4,Cuarta Oeste,1173332.70145,0
30576,Fresno europeo,09/02/2011 13:31,Medio (4 - 8 mts),40,Mediano,-68.8583573616,-32.8662139096,6,Residencial Norte,2694682.37982,0
466,Morera,07/03/2012 11:07,Alto (> 8 mts),148,Grande,-68.8217680874,-32.8686025603,4,Cuarta Este Área Fundacional,1822015.85685,0
39760,Fresno europeo,13/07/2011 13:51,Alto (> 8 mts),143,Grande,-68.8499579129,-32.8831310095,1,Parque Central,1655357.93265,0
6028,Morera,18/04/2011 09:16,Alto (> 8 mts),41,Mediano,-68.8432071601,-32.8852054027,1,Parque Central,1655357.93265,0
37719,Acer,14/01/2012 10:26,Medio (4 - 8 mts),90,Grande,-68.8514761282,-32.8726963435,6,Residencial Norte,2694682.37982,0
34167,Paraiso,10/03/2011 12:11,Alto (> 8 mts),150,Grande,-68.8568997268,-32.8734383885,6,Residencial Norte,2694682.37982,0
21508,Fresno europeo,11/05/2011 10:40,Alto (> 8 mts),125,Grande,-68.853337253,-32.893992282,5,Residencial Sur,2423808.92355,0
38205,Fresno europeo,25/08/2010 10:27,Alto (> 8 mts),173,Grande,-68.8472572184,-32.8736184841,6,Residencial Norte,2694682.37982,0
26726,Acer,02/11/2011 08:16,Bajo (2 - 4 mts),36,Mediano,-68.832860968,-32.8949359996,3,Parque O'Higgins,1531146.02653,0
4603,Acer,29/07/2011 09:14,Bajo (2 - 4 mts),10,Chico,-68.8357545177,-32.8669936118,4,Cuarta Oeste,1173332.70145,0
20414,Morera,23/05/2011 11:39,Alto (> 8 mts),123,Grande,-68.8608856319,-32.8935296184,5,Residencial Sur,2423808.92355,1
17977,Morera,01/08/2011 09:20,Medio (4 - 8 mts),110,Grande,-68.840005577,-32.8678324202,4,Cuarta Oeste,1173332.70145,0
13531,Paraiso,01/02/2011 12:33,Muy bajo (1 - 2 mts),6,Chico,-68.8513078586,-32.8644440488,6,Residencial Norte,2694682.37982,0
17715,Paraiso,18/07/2011 09:21,Medio (4 - 8 mts),70,Grande,-68.8424623589,-32.8675276247,4,Cuarta Oeste,1173332.70145,0
38411,Paraiso,04/11/2010 11:12,Alto (> 8 mts),185,Grande,-68.8522393996,-32.8702462691,6,Residencial Norte,2694682.37982,0
38031,Fresno europeo,07/12/2010 09:39,Alto (> 8 mts),130,Grande,-68.8474866296,-32.8719879511,6,Residencial Norte,2694682.37982,0
17409,Morera,03/08/2011 12:53,Alto (> 8 mts),135,Grande,-68.835871891,-32.8670646075,4,Cuarta Oeste,1173332.70145,0
8536,Ailanthus,17/02/2011 10:48,Muy bajo (1 - 2 mts),6,Chico,-68.8410502574,-32.8992382703,2,Barrio Civico,2366816.36021,0
23444,Olmo comun,18/01/2011 15:38,Alto (> 8 mts),140,Grande,-68.8487041163,-32.9025999796,2,Barrio Civico,2366816.36021,0
39968,Morera,02/05/2011 11:58,Alto (> 8 mts),180,Grande,-68.84558654,-32.8782807631,1,Parque Central,1655357.93265,0
28744,Platano,11/03/2011 13:14,Alto (> 8 mts),184,Grande,-68.8485450057,-32.8867661843,1,Parque Central,1655357.93265,0
28309,Platano,10/03/2011 15:10,Alto (> 8 mts),112,Grande,-68.8492673176,-32.8923088541,2,Barrio Civico,2366816.36021,1
27712,Olmo comun,01/11/2011 11:25,Alto (> 8 mts),130,Grande,-68.8366928714,-32.8951449142,2,Barrio Civico,2366816.36021,0
38850,Platano,09/12/2010 11:20,Alto (> 8 mts),110,Grande,-68.849273904,-32.8709708476,6,Residencial Norte,2694682.37982,0
12079,Fresno europeo,02/02/2010 11:29,Muy bajo (1 - 2 mts),0.2,Chico,-68.8536129342,-32.867847019,6,Residencial Norte,2694682.37982,0
19115,Morera,27/07/2011 08:53,Alto (> 8 mts),180,Grande,-68.8411905991,-32.8715288186,4,Cuarta Oeste,1173332.70145,0
23058,Morera,14/06/2011 13:39,Alto (> 8 mts),62,Grande,-68.8625930805,-32.9020163005,5,Residencial Sur,2423808.92355,0
40446,Morera,11/04/2011 10:45,Muy bajo (1 - 2 mts),8,Chico,-68.845383837,-32.8830448191,1,Parque Central,1655357.93265,0
35032,Fresno europeo,23/03/2011 09:40,Muy bajo (1 - 2 mts),3,Chico,-68.8543456847,-32.8809437599,6,Residencial Norte,2694682.37982,0
23894,Morera,28/02/2012 12:27,Bajo (2 - 4 mts),65,Grande,-68.8516670898,-32.9001613367,2,Barrio Civico,2366816.36021,0
11482,Morera,06/01/2011 10:26,Alto (> 8 mts),160,Grande,-68.8435067858,-32.8625658802,4,Cuarta Oeste,1173332.70145,1
31327,Acer,25/02/2011 12:13,Medio (4 - 8 mts),110,Grande,-68.8484688017,-32.8656600309,6,Residencial Norte,2694682.37982,0
25929,Morera,16/02/2011 16:26,Alto (> 8 mts),106,Grande,-68.8382220836,-32.902694428,2,Barrio Civico,2366816.36021,0
7675,Morera,26/05/2011 13:40,Medio (4 - 8 mts),60,Mediano,-68.8546997534,-32.8851163004,5,Residencial Sur,2423808.92355,0
27675,Caducifolio,28/10/2011 11:18,Medio (4 - 8 mts),50,Mediano,-68.8367751081,-32.8944597059,2,Barrio Civico,2366816.36021,0
21565,Morera,08/06/2011 09:23,Medio (4 - 8 mts),60,Mediano,-68.8552723375,-32.8951355364,5,Residencial Sur,2423808.92355,0
8037,Morera,11/03/2011 10:25,Medio (4 - 8 mts),55,Mediano,-68.8472797512,-32.8891041826,2,Barrio Civico,2366816.36021,0
16333,Morera,05/08/2011 09:20,Alto (> 8 mts),200,Grande,-68.8422696325,-32.8649190489,4,Cuarta Oeste,1173332.70145,0
46027,Fresno americano,20/09/2011 09:20,Alto (> 8 mts),223,Grande,-68.8215932931,-32.8734716129,4,Cuarta Este Área Fundacional,1822015.85685,0
21925,Paraiso,06/06/2011 10:39,Alto (> 8 mts),109,Grande,-68.858088965,-32.8957108875,5,Residencial Sur,2423808.92355,0
36766,Morera,28/03/2011 16:00,Alto (> 8 mts),92,Grande,-68.8570578502,-32.881631604,7,Residencial Parque,1786336.08966,0
37181,Platano,01/04/2011 11:56,Alto (> 8 mts),80,Grande,-68.8584059718,-32.8779026449,7,Residencial Parque,1786336.08966,0
31444,Fresno europeo,13/07/2011 12:30,Alto (> 8 mts),200,Grande,-68.8487813621,-32.8845168978,1,Parque Central,1655357.93265,0
48359,Morera,17/08/2011 10:55,Medio (4 - 8 mts),196,Grande,-68.8283566358,-32.8665911602,4,Cuarta Este Área Fundacional,1822015.85685,0
23020,Morera,17/06/2011 17:53,Alto (> 8 mts),104,Grande,-68.8582362324,-32.9004008827,5,Residencial Sur,2423808.92355,0
1538,Alamo criollo,23/11/2011 11:28,Medio (4 - 8 mts),84,Grande,-68.8726514257,-32.8775461067,7,Residencial Parque,1786336.08966,0
27602,Fresno europeo,07/11/2011 09:06,Alto (> 8 mts),190,Grande,-68.8394925004,-32.8942974142,2,Barrio Civico,2366816.36021,0
8363,Fresno europeo,03/02/2011 16:32,Bajo (2 - 4 mts),58,Mediano,-68.8398142925,-32.9017426661,2,Barrio Civico,2366816.36021,0
6847,Fresno europeo,09/06/2011 13:58,Muy bajo (1 - 2 mts),2,Chico,-68.8573912204,-32.8955632209,5,Residencial Sur,2423808.92355,0
35604,Fresno europeo,16/03/2011 13:06,Muy bajo (1 - 2 mts),5,Chico,-68.856616405,-32.8739263007,6,Residencial Norte,2694682.37982,0
31440,Fresno europeo,14/07/2011 09:05,Alto (> 8 mts),170,Grande,-68.848859819,-32.8848071879,1,Parque Central,1655357.93265,0
28105,Morera,14/03/2011 16:39,Alto (> 8 mts),96,Grande,-68.8477103023,-32.8924157062,2,Barrio Civico,2366816.36021,0
20931,Olmo comun,24/05/2011 12:34,Alto (> 8 mts),155,Grande,-68.8607713958,-32.8952558439,5,Residencial Sur,2423808.92355,0
7261,Fresno europeo,29/06/2011 16:20,Medio (4 - 8 mts),32,Mediano,-68.8546563923,-32.9023134899,5,Residencial Sur,2423808.92355,0
24331,Fresno europeo,26/01/2011 13:04,Alto (> 8 mts),110,Grande,-68.8438693346,-32.9022342354,2,Barrio Civico,2366816.36021,0
15989,Perenne,10/08/2011 10:34,Medio (4 - 8 mts),45,Mediano,-68.8437981351,-32.8722262259,4,Cuarta Oeste,1173332.70145,0
43816,Fresno europeo,18/10/2011 13:26,Medio (4 - 8 mts),140,Grande,-68.8311345962,-32.8821639233,3,Parque O'Higgins,1531146.02653,0
25725,Fresno americano,03/02/2011 12:45,Bajo (2 - 4 mts),11,Chico,-68.8405670228,-32.9016045921,2,Barrio Civico,2366816.36021,0
38036,Fresno europeo,07/12/2010 09:25,Alto (> 8 mts),220,Grande,-68.847110353,-32.8720533218,6,Residencial Norte,2694682.37982,0
3446,Fresno americano,17/08/2011 10:13,Alto (> 8 mts),180,Grande,-68.8289107556,-32.8672824604,4,Cuarta Este Área Fundacional,1822015.85685,0
17047,Paraiso,16/08/2011 10:11,Alto (> 8 mts),220,Grande,-68.8378202892,-32.8643235614,4,Cuarta Oeste,1173332.70145,0
19056,Acacia SP,26/07/2011 10:02,Alto (> 8 mts),145,Grande,-68.8412986328,-32.8719443662,4,Cuarta Oeste,1173332.70145,0
8336,Morera,16/03/2011 18:32,Alto (> 8 mts),142,Grande,-68.8456193712,-32.8929452592,2,Barrio Civico,2366816.36021,0
48254,Fresno europeo,02/09/2011 10:17,Bajo (2 - 4 mts),7,Chico,-68.8303690603,-32.8701288537,4,Cuarta Este Área Fundacional,1822015.85685,0
24306,Fresno europeo,27/01/2011 13:39,Medio (4 - 8 mts),115,Grande,-68.8439010564,-32.9019346138,2,Barrio Civico,2366816.36021,1
33461,Morera,15/06/2011 10:21,Medio (4 - 8 mts),86,Grande,-68.8574742922,-32.8892964999,5,Residencial Sur,2423808.92355,0
20243,Platano,26/05/2011 11:32,Alto (> 8 mts),145,Grande,-68.859095207,-32.8938398442,5,Residencial Sur,2423808.92355,0
33639,Morera,13/05/2011 09:44,Alto (> 8 mts),198,Grande,-68.8560057554,-32.8864717578,5,Residencial Sur,2423808.92355,0
3091,Fresno europeo,15/09/2011 10:24,Bajo (2 - 4 mts),14,Chico,-68.8300318459,-32.871882923,4,Cuarta Este Área Fundacional,1822015.85685,0
3361,Fresno europeo,04/10/2011 10:16,Medio (4 - 8 mts),85,Grande,-68.835530763,-32.8787177815,1,Parque Central,1655357.93265,0
26639,Acacia SP,02/11/2011 09:56,Medio (4 - 8 mts),110,Grande,-68.8341970901,-32.8911146972,3,Parque O'Higgins,1531146.02653,0
42325,Platano,05/05/2011 12:23,Bajo (2 - 4 mts),30,Mediano,-68.841825675,-32.8738561669,1,Parque Central,1655357.93265,0
2927,Platano,16/09/2011 08:16,Alto (> 8 mts),150,Grande,-68.8334363495,-32.8718160686,4,Cuarta Este Área Fundacional,1822015.85685,0
12310,Paraiso,12/01/2011 14:18,Alto (> 8 mts),115,Grande,-68.8467965684,-32.8663082119,6,Residencial Norte,2694682.37982,0
44106,Paraiso,11/11/2011 09:15,Medio (4 - 8 mts),75,Grande,-68.8294740314,-32.8851233639,3,Parque O'Higgins,1531146.02653,0
35418,Fresno europeo,17/06/2011 15:37,Bajo (2 - 4 mts),84,Grande,-68.8549668387,-32.8836793873,5,Residencial Sur,2423808.92355,0
39826,Morera,29/04/2011 10:16,Alto (> 8 mts),95,Grande,-68.8468252826,-32.8827629203,1,Parque Central,1655357.93265,1
42821,Morera,07/10/2011 18:39,Alto (> 8 mts),120,Grande,-68.8308677082,-32.8766761307,4,Cuarta Este Área Fundacional,1822015.85685,0
19344,Fresno europeo,19/07/2011 10:51,Alto (> 8 mts),63,Grande,-68.8365486571,-32.8705330678,4,Cuarta Oeste,1173332.70145,0
13571,Morera,31/01/2011 12:08,Alto (> 8 mts),180,Grande,-68.8507801104,-32.8632867219,6,Residencial Norte,2694682.37982,0
29519,Morera,18/02/2011 12:06,Alto (> 8 mts),118,Grande,-68.8440995168,-32.893035439,2,Barrio Civico,2366816.36021,0
7860,Morera,21/06/2011 13:58,Alto (> 8 mts),150,Grande,-68.85280321,-32.8894500376,5,Residencial Sur,2423808.92355,0
32121,Morera,09/05/2011 13:29,Alto (> 8 mts),200,Grande,-68.8604409618,-32.8866433283,5,Residencial Sur,2423808.92355,0
40246,Morera,14/04/2011 11:39,Alto (> 8 mts),106,Grande,-68.8454865558,-32.8826010428,1,Parque Central,1655357.93265,1
4344,Fresno europeo,27/07/2011 09:29,Bajo (2 - 4 mts),30,Mediano,-68.8405686083,-32.8699527793,4,Cuarta Oeste,1173332.70145,0
38826,Morera,13/12/2010 14:11,Medio (4 - 8 mts),70,Grande,-68.84957096,-32.8715547763,6,Residencial Norte,2694682.37982,0
13855,Aguaribay,19/12/2011 07:55,Bajo (2 - 4 mts),80,Grande,-68.8752240724,-32.8684294232,8,Aeroparque,2203364.73622,0
18656,Fresno europeo,05/07/2011 10:46,Alto (> 8 mts),120,Grande,-68.8366537771,-32.8752853843,1,Parque Central,1655357.93265,0
20496,Morera,01/06/2011 12:39,Alto (> 8 mts),200,Grande,-68.8603769704,-32.8980344902,5,Residencial Sur,2423808.92355,0
17220,Morera,12/08/2011 10:02,Alto (> 8 mts),190,Grande,-68.8354710972,-32.863717801,4,Cuarta Oeste,1173332.70145,1
47346,Platano,21/09/2011 10:35,Alto (> 8 mts),205,Grande,-68.8320691447,-32.874668416,4,Cuarta Este Área Fundacional,1822015.85685,0
5850,Morera,06/05/2011 13:42,Alto (> 8 mts),110,Grande,-68.8415752528,-32.8790144733,1,Parque Central,1655357.93265,0
43482,Acacia SP,10/11/2011 12:23,Medio (4 - 8 mts),140,Grande,-68.829621539,-32.8827669971,3,Parque O'Higgins,1531146.02653,0
41568,Fresno europeo,06/05/2011 13:19,Alto (> 8 mts),160,Grande,-68.8415427342,-32.8788992733,1,Parque Central,1655357.93265,0
11918,Morera,12/05/2010 12:01,Medio (4 - 8 mts),120,Grande,-68.8510865947,-32.8668856555,6,Residencial Norte,2694682.37982,0
33855,Morera,16/05/2011 09:47,Medio (4 - 8 mts),170,Grande,-68.8542288961,-32.8867052214,5,Residencial Sur,2423808.92355,0
15941,Fresno europeo,25/11/2011 09:36,Bajo (2 - 4 mts),32,Mediano,-68.872971922,-32.876657935,7,Residencial Parque,1786336.08966,0
24940,Morera,09/02/2011 10:32,Alto (> 8 mts),130,Grande,-68.8369997709,-32.8972937915,2,Barrio Civico,2366816.36021,0
20727,Morera,31/05/2011 10:29,Medio (4 - 8 mts),140,Grande,-68.8633427249,-32.8977422077,5,Residencial Sur,2423808.92355,0
10435,Paraiso,11/03/2011 09:53,Alto (> 8 mts),150,Grande,-68.8563686481,-32.8734927805,6,Residencial Norte,2694682.37982,0
29965,Fresno americano,28/04/2011 09:58,Alto (> 8 mts),160,Grande,-68.8426534558,-32.8866091397,1,Parque Central,1655357.93265,0
24999,Morera,15/02/2011 12:26,Muy bajo (1 - 2 mts),3,Chico,-68.8363119507,-32.8958612791,2,Barrio Civico,2366816.36021,0
2178,Caducifolio,04/11/2011 16:01,Bajo (2 - 4 mts),60,Mediano,-68.8330901877,-32.8875820163,3,Parque O'Higgins,1531146.02653,0
2779,Fresno europeo,20/10/2011 15:57,Bajo (2 - 4 mts),86,Grande,-68.8297478096,-32.881481453,3,Parque O'Higgins,1531146.02653,0
29361,Morera,20/04/2011 10:48,Alto (> 8 mts),120,Grande,-68.84257589,-32.8872537067,1,Parque Central,1655357.93265,1
19535,Morera,26/07/2011 10:29,Medio (4 - 8 mts),160,Grande,-68.8369252195,-32.8707745641,4,Cuarta Oeste,1173332.70145,0
34406,Morera,23/03/2011 12:43,Alto (> 8 mts),144,Grande,-68.8511650957,-32.8758215155,6,Residencial Norte,2694682.37982,0
21406,Platano,10/05/2011 12:16,Alto (> 8 mts),195,Grande,-68.8556979446,-32.8922606883,5,Residencial Sur,2423808.92355,0
34436,Morera,09/03/2011 12:59,Medio (4 - 8 mts),126,Grande,-68.8504294842,-32.8738583719,6,Residencial Norte,2694682.37982,0
23004,Acacia SP,24/06/2011 13:33,Alto (> 8 mts),92,Grande,-68.8574030161,-32.899453155,5,Residencial Sur,2423808.92355,0
44746,Morera,23/08/2011 13:05,Bajo (2 - 4 mts),15,Chico,-68.8234648629,-32.8686566982,4,Cuarta Este Área Fundacional,1822015.85685,0
45868,Morera,25/08/2011 13:33,Alto (> 8 mts),130,Grande,-68.8192157616,-32.8700925135,4,Cuarta Este Área Fundacional,1822015.85685,0
3674,Prunas,25/08/2011 13:21,Bajo (2 - 4 mts),50,Mediano,-68.8196079034,-32.8695004358,4,Cuarta Este Área Fundacional,1822015.85685,0
40377,Platano,11/04/2011 09:26,Alto (> 8 mts),176,Grande,-68.8439574191,-32.8821858084,1,Parque Central,1655357.93265,0
263,Fresno europeo,07/03/2012 11:34,Bajo (2 - 4 mts),14,Chico,-68.8223245902,-32.8667496333,4,Cuarta Este Área Fundacional,1822015.85685,0
21472,Platano,12/05/2011 09:23,Alto (> 8 mts),180,Grande,-68.8586872445,-32.891692637,5,Residencial Sur,2423808.92355,0
28881,Platano,26/04/2011 10:57,Alto (> 8 mts),170,Grande,-68.8467468948,-32.8848446518,1,Parque Central,1655357.93265,0
45860,Morera,25/08/2011 13:05,Muy bajo (1 - 2 mts),28,Mediano,-68.8195488609,-32.8696282721,4,Cuarta Este Área Fundacional,1822015.85685,0
8110,Acacia SP,10/03/2011 12:38,Alto (> 8 mts),90,Grande,-68.841017589,-32.8913212986,2,Barrio Civico,2366816.36021,0
46727,Prunas,08/09/2011 10:27,Medio (4 - 8 mts),31,Mediano,-68.8327741577,-32.8702352809,4,Cuarta Este Área Fundacional,1822015.85685,0
44020,Paraiso,19/10/2011 09:54,Muy bajo (1 - 2 mts),190,Grande,-68.831301262,-32.8853443265,3,Parque O'Higgins,1531146.02653,0
42440,Morera,26/09/2011 10:26,Alto (> 8 mts),138,Grande,-68.8325809846,-32.8764172052,4,Cuarta Este Área Fundacional,1822015.85685,1
18430,Morera,11/07/2011 10:52,Alto (> 8 mts),154,Grande,-68.8388791734,-32.8730235766,4,Cuarta Oeste,1173332.70145,0
35446,Morera,28/03/2011 10:43,Alto (> 8 mts),120,Grande,-68.8545268788,-32.8811256241,6,Residencial Norte,2694682.37982,0
42446,Acacia SP,26/09/2011 10:14,Medio (4 - 8 mts),52,Mediano,-68.8322601888,-32.8762633171,4,Cuarta Este Área Fundacional,1822015.85685,0
8814,Fresno europeo,01/02/2011 13:28,Medio (4 - 8 mts),50,Mediano,-68.8545662758,-32.8677871925,6,Residencial Norte,2694682.37982,0
19030,Morera,13/07/2011 10:16,Alto (> 8 mts),130,Grande,-68.8398216325,-32.8719550434,4,Cuarta Oeste,1173332.70145,0
43213,Platano,04/10/2011 09:53,Alto (> 8 mts),158,Grande,-68.833776727,-32.8789936847,1,Parque Central,1655357.93265,1
28516,Morera,21/02/2011 12:42,Alto (> 8 mts),200,Grande,-68.8490006919,-32.8899580942,5,Residencial Sur,2423808.92355,0
37770,Fresno europeo,25/01/2012 08:47,Alto (> 8 mts),120,Grande,-68.8491259657,-32.8725412349,6,Residencial Norte,2694682.37982,0
25546,Morera,11/02/2011 12:35,Medio (4 - 8 mts),42,Mediano,-68.8383382394,-32.9008038521,2,Barrio Civico,2366816.36021,0
42593,Morera,23/09/2011 10:21,Alto (> 8 mts),170,Grande,-68.8271679124,-32.8767238223,4,Cuarta Este Área Fundacional,1822015.85685,1
28479,Morera,25/02/2011 11:28,Alto (> 8 mts),290,Grande,-68.8473445967,-32.8899424536,2,Barrio Civico,2366816.36021,0
42888,Morera,03/10/2011 08:38,Alto (> 8 mts),115,Grande,-68.8334132276,-32.8764847576,4,Cuarta Este Área Fundacional,1822015.85685,1
44459,Platano,17/10/2011 13:09,Alto (> 8 mts),240,Grande,-68.8357882091,-32.8836530431,3,Parque O'Higgins,1531146.02653,1
37101,Morera,06/04/2011 13:58,Alto (> 8 mts),160,Grande,-68.85900284,-32.8765653104,7,Residencial Parque,1786336.08966,1
15273,Fresno europeo,21/11/2011 12:28,Muy bajo (1 - 2 mts),20,Chico,-68.8583970749,-32.8705935028,6,Residencial Norte,2694682.37982,0
7193,Fresno europeo,17/06/2011 10:48,Medio (4 - 8 mts),70,Grande,-68.8583116199,-32.8986688651,5,Residencial Sur,2423808.92355,0
33545,Morera,30/05/2011 10:56,Alto (> 8 mts),150,Grande,-68.8549541171,-32.8878806087,5,Residencial Sur,2423808.92355,0
16933,Morera,16/08/2011 13:32,Alto (> 8 mts),220,Grande,-68.836791849,-32.8648370919,4,Cuarta Oeste,1173332.70145,0
25450,Morera,11/02/2011 08:36,Alto (> 8 mts),150,Grande,-68.8376831463,-32.9006132635,2,Barrio Civico,2366816.36021,1
1655,Aguaribay,23/11/2011 08:41,Alto (> 8 mts),110,Grande,-68.8717857924,-32.8780327619,7,Residencial Parque,1786336.08966,1
41492,Morera,07/04/2011 12:50,Alto (> 8 mts),190,Grande,-68.8423605266,-32.8811172838,1,Parque Central,1655357.93265,1
10347,Fresno europeo,30/11/2010 10:07,Alto (> 8 mts),80,Grande,-68.8555312606,-32.8721160751,6,Residencial Norte,2694682.37982,0
16273,Morera,21/07/2011 10:30,Alto (> 8 mts),180,Grande,-68.8427967992,-32.8637657229,4,Cuarta Oeste,1173332.70145,0
5581,Fresno europeo,15/04/2011 13:51,Bajo (2 - 4 mts),20,Chico,-68.8389544709,-32.8820287568,1,Parque Central,1655357.93265,0
8172,Morera,03/03/2011 13:36,Muy bajo (1 - 2 mts),8,Chico,-68.8435994725,-32.8911688097,2,Barrio Civico,2366816.36021,1
9766,Ligustro,18/01/2011 12:24,Medio (4 - 8 mts),44,Mediano,-68.8467825066,-32.8638805806,4,Cuarta Oeste,1173332.70145,0
35544,Paraiso,16/06/2011 14:33,Muy bajo (1 - 2 mts),20,Chico,-68.8569588868,-32.882698547,5,Residencial Sur,2423808.92355,0
1153,Morera,01/12/2011 13:09,Alto (> 8 mts),95,Grande,-68.8769370791,-32.8679349902,8,Aeroparque,2203364.73622,0
44492,Platano,17/10/2011 10:29,Alto (> 8 mts),220,Grande,-68.8354255944,-32.8843004324,3,Parque O'Higgins,1531146.02653,1
13185,Morera,21/02/2011 10:46,Medio (4 - 8 mts),90,Grande,-68.8470038719,-32.8656730655,4,Cuarta Oeste,1173332.70145,0
2370,Fresno europeo,01/11/2011 16:14,Bajo (2 - 4 mts),26,Mediano,-68.8367145032,-32.8861701491,3,Parque O'Higgins,1531146.02653,0
41794,Morera,26/04/2011 13:31,Medio (4 - 8 mts),160,Grande,-68.8421423358,-32.8783318593,1,Parque Central,1655357.93265,0
5431,Morera,18/04/2011 12:33,Medio (4 - 8 mts),60,Mediano,-68.8427940898,-32.8794290227,1,Parque Central,1655357.93265,0
34586,Paraiso,17/01/2012 19:21,Medio (4 - 8 mts),140,Grande,-68.8489561996,-32.8747970684,6,Residencial Norte,2694682.37982,0
18615,Morera,06/07/2011 11:30,Alto (> 8 mts),130,Grande,-68.8377777358,-32.8745962696,1,Parque Central,1655357.93265,1
8142,Perenne,01/03/2011 12:12,Alto (> 8 mts),28,Mediano,-68.8470563043,-32.8904530756,2,Barrio Civico,2366816.36021,0
3459,Fresno americano,19/08/2011 09:33,Medio (4 - 8 mts),56,Mediano,-68.8273327449,-32.867303603,4,Cuarta Este Área Fundacional,1822015.85685,0
9383,Morera,15/02/2011 09:45,Medio (4 - 8 mts),88,Grande,-68.8438998181,-32.8653755767,4,Cuarta Oeste,1173332.70145,0
46041,Fresno europeo,20/09/2011 09:43,Medio (4 - 8 mts),180,Grande,-68.8204693603,-32.872861993,4,Cuarta Este Área Fundacional,1822015.85685,0
39501,Morera,10/11/2010 10:10,Alto (> 8 mts),95,Grande,-68.8542720773,-32.8690843025,6,Residencial Norte,2694682.37982,1
2615,Braquiquito,27/10/2011 16:31,Bajo (2 - 4 mts),30,Mediano,-68.8296408563,-32.8805413028,4,Cuarta Este Área Fundacional,1822015.85685,0
39632,Morera,21/10/2010 11:30,Alto (> 8 mts),90,Grande,-68.8471604773,-32.8698951714,6,Residencial Norte,2694682.37982,0
26796,Morera,01/11/2011 09:25,Muy bajo (1 - 2 mts),8,Chico,-68.8346080946,-32.8942387892,3,Parque O'Higgins,1531146.02653,0
17313,Morera,04/08/2011 09:29,Alto (> 8 mts),181,Grande,-68.835515395,-32.8649463954,4,Cuarta Oeste,1173332.70145,0
6403,Morera,17/05/2011 11:36,Medio (4 - 8 mts),90,Grande,-68.854888482,-32.8866759612,5,Residencial Sur,2423808.92355,0
6905,Morera,27/05/2011 09:06,Medio (4 - 8 mts),53,Mediano,-68.8616425154,-32.8947609573,5,Residencial Sur,2423808.92355,0
11096,Fresno europeo,23/03/2011 13:21,Medio (4 - 8 mts),85,Grande,-68.853494592,-32.8801572037,6,Residencial Norte,2694682.37982,0
29749,Platano,15/03/2011 09:59,Alto (> 8 mts),210,Grande,-68.8401494384,-32.8928449481,2,Barrio Civico,2366816.36021,0
21618,Platano,11/05/2011 11:25,Alto (> 8 mts),220,Grande,-68.8543348341,-32.8948999126,5,Residencial Sur,2423808.92355,0
19548,Platano,26/07/2011 10:06,Medio (4 - 8 mts),160,Grande,-68.8378529605,-32.8706178834,4,Cuarta Oeste,1173332.70145,0
31037,Paraiso sombrilla,16/02/2011 11:07,Bajo (2 - 4 mts),42,Mediano,-68.8557753794,-32.8650043489,6,Residencial Norte,2694682.37982,0
37391,Paraiso,26/11/2010 13:02,Medio (4 - 8 mts),70,Grande,-68.8567886112,-32.8718919152,6,Residencial Norte,2694682.37982,0
36060,Platano,18/03/2011 12:04,Alto (> 8 mts),230,Grande,-68.8572731544,-32.8757764261,6,Residencial Norte,2694682.37982,0
21332,Fresno americano,15/06/2011 11:22,Medio (4 - 8 mts),53,Mediano,-68.8526141956,-32.8988625664,2,Barrio Civico,2366816.36021,0
42304,Morera,03/05/2011 11:52,Alto (> 8 mts),200,Grande,-68.8423321074,-32.872844121,4,Cuarta Oeste,1173332.70145,0
42078,Morera,12/04/2011 10:55,Alto (> 8 mts),170,Grande,-68.8425322849,-32.8795890405,1,Parque Central,1655357.93265,0
28556,Morera,21/02/2011 08:50,Alto (> 8 mts),200,Grande,-68.8497283448,-32.8895928775,5,Residencial Sur,2423808.92355,0
2963,Morera,19/09/2011 14:38,Alto (> 8 mts),150,Grande,-68.8260151821,-32.871245135,4,Cuarta Este Área Fundacional,1822015.85685,1
35364,Paraiso sombrilla,21/06/2011 15:25,Medio (4 - 8 mts),80,Grande,-68.8543754659,-32.8829486708,5,Residencial Sur,2423808.92355,0
23070,Morera,15/06/2011 19:42,Medio (4 - 8 mts),36,Mediano,-68.8612465557,-32.9016601093,5,Residencial Sur,2423808.92355,0
12385,Morera,21/01/2011 13:12,Alto (> 8 mts),180,Grande,-68.847666821,-32.8666809704,6,Residencial Norte,2694682.37982,0
9430,Aguaribay,11/02/2011 12:24,Alto (> 8 mts),210,Grande,-68.8564758412,-32.8641320536,6,Residencial Norte,2694682.37982,0
130,Liquidambar,29/02/2012 10:19,Bajo (2 - 4 mts),24,Mediano,-68.8572705072,-32.8640573664,6,Residencial Norte,2694682.37982,0
7792,Fresno americano,13/05/2011 10:55,Medio (4 - 8 mts),60,Mediano,-68.8560039763,-32.8853911677,5,Residencial Sur,2423808.92355,0
36093,Platano,06/04/2011 09:19,Alto (> 8 mts),140,Grande,-68.8551964112,-32.8762962939,6,Residencial Norte,2694682.37982,0
41436,Morera,07/04/2011 13:54,Alto (> 8 mts),128,Grande,-68.8416685726,-32.8817905152,1,Parque Central,1655357.93265,1
18956,Morera,04/08/2011 11:32,Alto (> 8 mts),160,Grande,-68.8368352492,-32.8688508623,4,Cuarta Oeste,1173332.70145,1
30495,Platano,17/02/2011 09:10,Alto (> 8 mts),208,Grande,-68.8391238031,-32.8891830294,3,Parque O'Higgins,1531146.02653,0
42648,Olmo comun,26/09/2011 08:39,Alto (> 8 mts),150,Grande,-68.8292946119,-32.8760369475,4,Cuarta Este Área Fundacional,1822015.85685,0
26597,Platano,03/11/2011 11:40,Alto (> 8 mts),160,Grande,-68.8316406996,-32.8909245415,3,Parque O'Higgins,1531146.02653,0
23247,Morera,27/01/2012 13:03,Medio (4 - 8 mts),90,Grande,-68.8526909335,-32.9016300135,2,Barrio Civico,2366816.36021,0
15446,Paraiso,18/11/2011 12:03,Bajo (2 - 4 mts),28,Mediano,-68.8596968038,-32.8713113447,6,Residencial Norte,2694682.37982,0
21964,Morera,30/05/2011 12:07,Medio (4 - 8 mts),80,Grande,-68.8574600639,-32.8949898113,5,Residencial Sur,2423808.92355,0
47475,Morera,20/09/2011 10:41,Alto (> 8 mts),155,Grande,-68.8295170181,-32.8753685091,4,Cuarta Este Área Fundacional,1822015.85685,0
25398,Morera,14/02/2011 13:18,Alto (> 8 mts),155,Grande,-68.8374544369,-32.9008420614,2,Barrio Civico,2366816.36021,0
18580,Morera,07/07/2011 09:53,Alto (> 8 mts),110,Grande,-68.83651248,-32.8741981179,4,Cuarta Oeste,1173332.70145,1
33551,Morera,30/05/2011 10:37,Alto (> 8 mts),148,Grande,-68.8543367611,-32.887990619,5,Residencial Sur,2423808.92355,0
20468,Olmo comun,02/06/2011 13:34,Medio (4 - 8 mts),115,Grande,-68.860545358,-32.8969536564,5,Residencial Sur,2423808.92355,0
9589,Morera,28/01/2011 12:58,Alto (> 8 mts),180,Grande,-68.8511964412,-32.8642439356,6,Residencial Norte,2694682.37982,0
20725,Morera,31/05/2011 10:32,Bajo (2 - 4 mts),49,Mediano,-68.8633728055,-32.8979206852,5,Residencial Sur,2423808.92355,0
20409,Fresno europeo,23/05/2011 13:49,Medio (4 - 8 mts),18,Chico,-68.8614060466,-32.8934293574,5,Residencial Sur,2423808.92355,0
42724,Morera,26/09/2011 11:21,Medio (4 - 8 mts),160,Grande,-68.8275310692,-32.8768046645,4,Cuarta Este Área Fundacional,1822015.85685,1
41896,Morera,18/04/2011 09:14,Medio (4 - 8 mts),130,Grande,-68.8420107735,-32.8787643256,1,Parque Central,1655357.93265,0
20542,Acer,03/06/2011 08:54,Alto (> 8 mts),92,Grande,-68.8591300997,-32.8969701399,5,Residencial Sur,2423808.92355,0
17488,Fresno europeo,16/01/2012 09:07,Muy bajo (1 - 2 mts),4,Chico,-68.8352809058,-32.8680316845,4,Cuarta Oeste,1173332.70145,0
224,Platano,06/03/2012 09:46,Alto (> 8 mts),200,Grande,-68.8383028656,-32.8699520163,4,Cuarta Oeste,1173332.70145,0
1939,Acacia SP,18/11/2011 16:44,Medio (4 - 8 mts),110,Grande,-68.8595587427,-32.8709423967,6,Residencial Norte,2694682.37982,0
11863,Paraiso,02/03/2011 10:10,Bajo (2 - 4 mts),44,Mediano,-68.8502931057,-32.8653839316,6,Residencial Norte,2694682.37982,0
33598,Morera,17/05/2011 11:07,Alto (> 8 mts),205,Grande,-68.8545085051,-32.886746123099996,5,Residencial Sur,2423808.92355,1
35476,Morera,08/04/2011 11:28,Alto (> 8 mts),103,Grande,-68.8556770446,-32.8818163288,7,Residencial Parque,1786336.08966,0
6358,Fresno europeo,27/06/2011 11:03,Alto (> 8 mts),93,Grande,-68.8540981184,-32.8903374689,5,Residencial Sur,2423808.92355,1
38961,Morera,27/12/2010 13:19,Alto (> 8 mts),120,Grande,-68.8552391571,-32.8705377262,6,Residencial Norte,2694682.37982,0
5519,Morera,27/04/2011 12:45,Bajo (2 - 4 mts),10,Chico,-68.8382064971,-32.8761794386,1,Parque Central,1655357.93265,0
39510,Fresno europeo,10/11/2010 10:41,Alto (> 8 mts),65,Grande,-68.8545043668,-32.8694249409,6,Residencial Norte,2694682.37982,0
18189,Morera,26/07/2011 08:45,Bajo (2 - 4 mts),34,Mediano,-68.8405085351,-32.8698338035,4,Cuarta Oeste,1173332.70145,1
28918,Ligustro,28/02/2011 13:10,Bajo (2 - 4 mts),30,Mediano,-68.8466366657,-32.8872533864,1,Parque Central,1655357.93265,0
39605,Morera,25/10/2010 10:35,Alto (> 8 mts),160,Grande,-68.8481744063,-32.868744686,6,Residencial Norte,2694682.37982,1
43391,Morera,25/10/2011 12:33,Medio (4 - 8 mts),140,Grande,-68.8326101965,-32.8811812586,3,Parque O'Higgins,1531146.02653,0
48395,Morera,01/09/2011 11:41,Alto (> 8 mts),125,Grande,-68.830353159,-32.8695121987,4,Cuarta Este Área Fundacional,1822015.85685,0
48411,Morera,01/09/2011 10:18,Muy bajo (1 - 2 mts),10,Chico,-68.8298056721,-32.8686753969,4,Cuarta Este Área Fundacional,1822015.85685,0
14705,Aguaribay,06/12/2011 08:13,Muy bajo (1 - 2 mts),12,Chico,-68.877490109,-32.8700304169,8,Aeroparque,2203364.73622,1
43214,Platano,04/10/2011 09:52,Alto (> 8 mts),190,Grande,-68.8337674557,-32.8788655418,1,Parque Central,1655357.93265,1
22778,Acacia SP,17/06/2011 19:26,Alto (> 8 mts),40,Mediano,-68.8575574805,-32.9017029292,5,Residencial Sur,2423808.92355,0
12488,Morera,25/01/2011 09:42,Medio (4 - 8 mts),48,Mediano,-68.8493511178,-32.8674236135,6,Residencial Norte,2694682.37982,0
18625,Platano,04/07/2011 11:08,Alto (> 8 mts),280,Grande,-68.8357223452,-32.8761614635,1,Parque Central,1655357.93265,0
31013,Fresno europeo,10/02/2011 10:17,Alto (> 8 mts),100,Grande,-68.8555280282,-32.8641294063,6,Residencial Norte,2694682.37982,0
39560,Morera,28/10/2010 12:54,Alto (> 8 mts),180,Grande,-68.849972992,-32.8688545038,6,Residencial Norte,2694682.37982,1
36999,Morera,01/04/2011 11:43,Alto (> 8 mts),72,Grande,-68.8579502982,-32.8774629439,7,Residencial Parque,1786336.08966,0
8516,Morera,10/02/2011 09:17,Alto (> 8 mts),48,Mediano,-68.8379405044,-32.8966655775,2,Barrio Civico,2366816.36021,0
20737,Morera,31/05/2011 10:06,Bajo (2 - 4 mts),55,Mediano,-68.8630080649,-32.8969292513,5,Residencial Sur,2423808.92355,0
31651,Morera,14/06/2011 14:12,Medio (4 - 8 mts),95,Grande,-68.8576471805,-32.8893744028,5,Residencial Sur,2423808.92355,0
2508,Fresno americano,20/10/2011 13:02,Alto (> 8 mts),105,Grande,-68.8355978567,-32.8882529098,3,Parque O'Higgins,1531146.02653,1
35814,Morera,03/03/2011 13:54,Alto (> 8 mts),130,Grande,-68.8535101823,-32.8736139616,6,Residencial Norte,2694682.37982,0
14817,Acer,07/12/2011 10:29,Bajo (2 - 4 mts),22,Mediano,-68.8778446518,-32.868758682,8,Aeroparque,2203364.73622,0
2029,Acacia SP,01/11/2011 09:20,Medio (4 - 8 mts),90,Grande,-68.834635671,-32.8947646754,3,Parque O'Higgins,1531146.02653,1
34568,Fresno europeo,30/03/2011 13:05,Bajo (2 - 4 mts),60,Mediano,-68.848368919,-32.875381622,6,Residencial Norte,2694682.37982,0
33037,Morera,18/05/2011 09:28,Muy bajo (1 - 2 mts),2,Chico,-68.852736375,-32.88708494,5,Residencial Sur,2423808.92355,0
3383,Morera,26/09/2011 12:11,Alto (> 8 mts),200,Grande,-68.8307150239,-32.8763813933,4,Cuarta Este Área Fundacional,1822015.85685,0
28762,Morera,20/04/2011 10:51,Alto (> 8 mts),170,Grande,-68.848721702,-32.885651546,1,Parque Central,1655357.93265,1
30522,Platano,04/04/2011 16:01,Alto (> 8 mts),98,Grande,-68.8387081473,-32.8876311407,3,Parque O'Higgins,1531146.02653,0
46690,Fresno europeo,05/09/2011 10:43,Medio (4 - 8 mts),70,Grande,-68.8326774647,-32.8701817452,4,Cuarta Este Área Fundacional,1822015.85685,0
7818,Morera,11/05/2011 09:41,Medio (4 - 8 mts),120,Grande,-68.8579333861,-32.8857894679,5,Residencial Sur,2423808.92355,0
28500,Morera,25/02/2011 09:53,Alto (> 8 mts),155,Grande,-68.8482245103,-32.8891142893,5,Residencial Sur,2423808.92355,0
24006,Morera,13/01/2011 10:22,Alto (> 8 mts),170,Grande,-68.8457789091,-32.9005074508,2,Barrio Civico,2366816.36021,1
1144,Morera,01/12/2011 13:23,Alto (> 8 mts),135,Grande,-68.877035257,-32.8683027403,8,Aeroparque,2203364.73622,0
43404,Ailanthus,27/10/2011 13:39,Alto (> 8 mts),150,Grande,-68.8314245446,-32.8812730095,3,Parque O'Higgins,1531146.02653,0
3973,Morera,26/09/2011 10:14,Medio (4 - 8 mts),110,Grande,-68.8271291091,-32.8777909666,4,Cuarta Este Área Fundacional,1822015.85685,0
4765,Fresno europeo,02/08/2011 10:00,Bajo (2 - 4 mts),15,Chico,-68.8359090492,-32.8666436821,4,Cuarta Oeste,1173332.70145,0
25655,Morera,07/02/2011 10:33,Alto (> 8 mts),108,Grande,-68.8410808827,-32.9017532136,2,Barrio Civico,2366816.36021,0
48269,Fresno europeo,31/08/2011 10:46,Medio (4 - 8 mts),78,Grande,-68.8278997242,-32.8694839959,4,Cuarta Este Área Fundacional,1822015.85685,0
1102,Aguaribay,13/12/2011 17:32,Medio (4 - 8 mts),86,Grande,-68.8797914944,-32.8676662101,8,Aeroparque,2203364.73622,0
10779,Caducifolio,31/03/2011 10:18,Muy bajo (1 - 2 mts),26,Mediano,-68.8500526516,-32.8779713698,6,Residencial Norte,2694682.37982,0
27666,Morera,28/10/2011 11:35,Alto (> 8 mts),145,Grande,-68.8367660375,-32.8950703686,2,Barrio Civico,2366816.36021,1
15980,Tilo,10/08/2011 10:52,Alto (> 8 mts),92,Grande,-68.8438817109,-32.8719111882,4,Cuarta Oeste,1173332.70145,0
30739,Morera,04/02/2011 13:03,Alto (> 8 mts),120,Grande,-68.8556010783,-32.8690508434,6,Residencial Norte,2694682.37982,0
15060,Morera,28/09/2011 09:04,Alto (> 8 mts),138,Grande,-68.8610350047,-32.8642735047,8,Aeroparque,2203364.73622,1
9577,Paraiso,11/02/2011 09:29,Muy bajo (1 - 2 mts),8,Chico,-68.8558653011,-32.8639385295,6,Residencial Norte,2694682.37982,0
10812,Platano,07/04/2011 17:13,Medio (4 - 8 mts),32,Mediano,-68.8577070797,-32.8769261706,7,Residencial Parque,1786336.08966,0
27016,Acacia SP,09/11/2011 10:38,Medio (4 - 8 mts),100,Grande,-68.8389508799,-32.8908041455,3,Parque O'Higgins,1531146.02653,0
46673,Morera,02/09/2011 10:37,Medio (4 - 8 mts),48,Mediano,-68.8309788903,-32.8707549626,4,Cuarta Este Área Fundacional,1822015.85685,0
43528,Morera,19/10/2011 17:34,Medio (4 - 8 mts),164,Grande,-68.8310169581,-32.8823230935,3,Parque O'Higgins,1531146.02653,0
45884,Morera,25/08/2011 12:37,Alto (> 8 mts),200,Grande,-68.8203271085,-32.8697519371,4,Cuarta Este Área Fundacional,1822015.85685,1
11414,Fresno europeo,28/01/2011 13:45,Alto (> 8 mts),114,Grande,-68.8513915896,-32.9007147843,2,Barrio Civico,2366816.36021,0
42092,Morera,12/04/2011 10:08,Alto (> 8 mts),180,Grande,-68.8433108626,-32.8802608779,1,Parque Central,1655357.93265,0
16551,Morera,27/07/2011 10:04,Medio (4 - 8 mts),120,Grande,-68.8407853796,-32.8651546753,4,Cuarta Oeste,1173332.70145,0
23754,Fresno europeo,25/01/2011 10:41,Medio (4 - 8 mts),65,Grande,-68.8492768684,-32.9001747646,2,Barrio Civico,2366816.36021,0
35428,Fresno europeo,23/03/2011 12:26,Medio (4 - 8 mts),74,Grande,-68.8554086499,-32.8813573898,6,Residencial Norte,2694682.37982,0
43922,Acacia SP,12/10/2011 14:44,Alto (> 8 mts),200,Grande,-68.8325102614,-32.8846569685,3,Parque O'Higgins,1531146.02653,0
1323,Paraiso sombrilla,29/11/2011 12:46,Medio (4 - 8 mts),90,Grande,-68.8779399523,-32.8646406021,8,Aeroparque,2203364.73622,0
14683,Paraiso sombrilla,14/12/2011 17:15,Bajo (2 - 4 mts),34,Mediano,-68.8810477054,-32.867514165,8,Aeroparque,2203364.73622,0
43827,Morera,18/10/2011 12:47,Alto (> 8 mts),140,Grande,-68.8315184683,-32.8813632872,3,Parque O'Higgins,1531146.02653,0
24977,Morera,16/02/2011 09:20,Alto (> 8 mts),190,Grande,-68.8379066528,-32.896172804,2,Barrio Civico,2366816.36021,0
40025,Fresno europeo,19/04/2011 09:39,Muy bajo (1 - 2 mts),12,Chico,-68.8441801056,-32.8784700292,1,Parque Central,1655357.93265,0
47720,Fresno europeo,15/09/2011 12:32,Medio (4 - 8 mts),110,Grande,-68.8278230285,-32.872107892,4,Cuarta Este Área Fundacional,1822015.85685,0
31712,Platano,18/05/2011 10:12,Alto (> 8 mts),220,Grande,-68.8611936663,-32.8900530128,5,Residencial Sur,2423808.92355,0
36700,Morera,14/06/2011 18:17,Medio (4 - 8 mts),110,Grande,-68.8590142798,-32.8823806896,7,Residencial Parque,1786336.08966,0
46668,Morera,02/09/2011 10:52,Alto (> 8 mts),112,Grande,-68.8315560095,-32.8706869138,4,Cuarta Este Área Fundacional,1822015.85685,0
32689,Morera,18/05/2011 11:48,Medio (4 - 8 mts),64,Grande,-68.8512323527,-32.8872446918,5,Residencial Sur,2423808.92355,0
11587,Paraiso,10/05/2010 12:22,Medio (4 - 8 mts),154,Grande,-68.8522815769,-32.8665757827,6,Residencial Norte,2694682.37982,0
48087,Morera,29/09/2011 10:59,Alto (> 8 mts),170,Grande,-68.8269756656,-32.8677324171,4,Cuarta Este Área Fundacional,1822015.85685,0
2949,Morera,20/09/2011 12:03,Alto (> 8 mts),35,Mediano,-68.8320102807,-32.8735205215,4,Cuarta Este Área Fundacional,1822015.85685,0
26572,Acacia SP,04/11/2011 08:33,Alto (> 8 mts),200,Grande,-68.8327512829,-32.8903256857,3,Parque O'Higgins,1531146.02653,0
19747,Morera,12/08/2011 09:54,Alto (> 8 mts),145,Grande,-68.8350050376,-32.8688050001,4,Cuarta Oeste,1173332.70145,0
38627,Fresno europeo,17/12/2010 10:03,Medio (4 - 8 mts),45,Mediano,-68.8520541237,-32.8718403288,6,Residencial Norte,2694682.37982,0
30176,Morera,09/03/2011 13:18,Alto (> 8 mts),160,Grande,-68.8422987111,-32.8900143826,2,Barrio Civico,2366816.36021,0
21663,Morera,08/06/2011 09:11,Alto (> 8 mts),125,Grande,-68.8553542063,-32.8961880848,5,Residencial Sur,2423808.92355,1
21854,Morera,07/06/2011 09:50,Alto (> 8 mts),97,Grande,-68.8575603701,-32.8958910756,5,Residencial Sur,2423808.92355,0
46571,Morera,07/09/2011 09:09,Alto (> 8 mts),108,Grande,-68.8319532166,-32.8695302399,4,Cuarta Este Área Fundacional,1822015.85685,0
24075,Fresno europeo,11/01/2011 12:06,Alto (> 8 mts),126,Grande,-68.8468708379,-32.9006373838,2,Barrio Civico,2366816.36021,0
33992,Morera,26/05/2011 10:04,Medio (4 - 8 mts),130,Grande,-68.8530819489,-32.8839386593,5,Residencial Sur,2423808.92355,0
14598,Morera,14/12/2011 10:05,Medio (4 - 8 mts),40,Mediano,-68.8795549117,-32.8682904624,8,Aeroparque,2203364.73622,0
20506,Fresno europeo,01/06/2011 12:06,Medio (4 - 8 mts),93,Grande,-68.8608721139,-32.8976361991,5,Residencial Sur,2423808.92355,0
12,Morera,02/03/2012 13:07,Medio (4 - 8 mts),100,Grande,-68.8569486959,-32.8958654194,5,Residencial Sur,2423808.92355,0
6429,Acer,09/05/2011 10:00,Alto (> 8 mts),68,Grande,-68.8589941087,-32.8861654143,5,Residencial Sur,2423808.92355,0
46607,Fresno europeo,05/09/2011 10:04,Medio (4 - 8 mts),60,Mediano,-68.8318118313,-32.869182976,4,Cuarta Este Área Fundacional,1822015.85685,0
40537,Morera,11/04/2011 12:25,Alto (> 8 mts),180,Grande,-68.8431042163,-32.8839019811,1,Parque Central,1655357.93265,0
22280,Morera,14/06/2011 08:06,Alto (> 8 mts),66,Grande,-68.8561235761,-32.8981743862,5,Residencial Sur,2423808.92355,0
35600,Morera,17/03/2011 11:44,Medio (4 - 8 mts),150,Grande,-68.8567775705,-32.8747713727,6,Residencial Norte,2694682.37982,0
35797,Morera,21/03/2011 11:55,Alto (> 8 mts),170,Grande,-68.8538327492,-32.8748462333,6,Residencial Norte,2694682.37982,0
21124,Fresno europeo,21/06/2011 09:53,Alto (> 8 mts),120,Grande,-68.8625380201,-32.8992719058,5,Residencial Sur,2423808.92355,1
35219,Morera,22/03/2011 13:44,Alto (> 8 mts),70,Grande,-68.8531455405,-32.8813835603,6,Residencial Norte,2694682.37982,0
13202,Fresno europeo,22/02/2011 09:10,Alto (> 8 mts),110,Grande,-68.8475359194,-32.8646306998,4,Cuarta Oeste,1173332.70145,0
24544,Paraiso,27/01/2011 12:32,Alto (> 8 mts),250,Grande,-68.8435499341,-32.9016228638,2,Barrio Civico,2366816.36021,0
30310,Platano,11/03/2011 08:33,Alto (> 8 mts),220,Grande,-68.842008773,-32.8906939957,2,Barrio Civico,2366816.36021,0
42650,Morera,26/09/2011 08:33,Alto (> 8 mts),145,Grande,-68.8293049513,-32.8762175708,4,Cuarta Este Área Fundacional,1822015.85685,1
12795,Paraiso,21/01/2011 13:11,Medio (4 - 8 mts),80,Grande,-68.848046493,-32.8638303388,6,Residencial Norte,2694682.37982,0
15440,Fresno americano,18/11/2011 12:22,Medio (4 - 8 mts),70,Grande,-68.8593972362,-32.8711546717,6,Residencial Norte,2694682.37982,0
2434,Fresno europeo,26/10/2011 12:40,Bajo (2 - 4 mts),36,Mediano,-68.8358832525,-32.8909945069,3,Parque O'Higgins,1531146.02653,0
32989,Acacia SP,23/05/2011 10:13,Alto (> 8 mts),80,Grande,-68.8510753177,-32.8883108593,5,Residencial Sur,2423808.92355,0
41405,Morera,15/04/2011 10:56,Alto (> 8 mts),98,Grande,-68.8424089625,-32.8821875387,1,Parque Central,1655357.93265,0
46761,Morera,05/09/2011 11:02,Alto (> 8 mts),193,Grande,-68.8333360978,-32.8703955405,4,Cuarta Oeste,1173332.70145,0
31647,Fresno europeo,14/06/2011 14:19,Alto (> 8 mts),110,Grande,-68.8575841203,-32.8891301303,5,Residencial Sur,2423808.92355,0
40527,Platano,12/04/2011 10:02,Alto (> 8 mts),200,Grande,-68.8434580952,-32.8831603307,1,Parque Central,1655357.93265,0
26428,Fresno europeo,09/11/2011 09:29,Medio (4 - 8 mts),120,Grande,-68.8344499057,-32.8921752406,3,Parque O'Higgins,1531146.02653,0
1071,Aguaribay,14/12/2011 13:33,Bajo (2 - 4 mts),130,Grande,-68.8802367208,-32.8681655532,8,Aeroparque,2203364.73622,0
44105,Fresno europeo,11/11/2011 09:18,Bajo (2 - 4 mts),35,Mediano,-68.8296123341,-32.8851145355,3,Parque O'Higgins,1531146.02653,0
23391,Fresno europeo,28/01/2011 08:58,Alto (> 8 mts),122,Grande,-68.8493695482,-32.9018102715,2,Barrio Civico,2366816.36021,0
5888,Olmo comun,11/04/2011 09:17,Alto (> 8 mts),100,Grande,-68.8430452544,-32.881770278,1,Parque Central,1655357.93265,1
5070,Caducifolio,11/08/2011 11:43,Medio (4 - 8 mts),50,Mediano,-68.8401238018,-32.8635667859,4,Cuarta Oeste,1173332.70145,0
38461,Paraiso,03/11/2010 12:19,Alto (> 8 mts),180,Grande,-68.8515026782,-32.8693968047,6,Residencial Norte,2694682.37982,0
37863,Morera,24/11/2010 12:22,Alto (> 8 mts),180,Grande,-68.8529650954,-32.8732889827,6,Residencial Norte,2694682.37982,0
27884,Platano,04/11/2011 07:36,Alto (> 8 mts),180,Grande,-68.8382622121,-32.8932592118,2,Barrio Civico,2366816.36021,0
40084,Morera,20/04/2011 09:03,Medio (4 - 8 mts),130,Grande,-68.8455206938,-32.8785689847,1,Parque Central,1655357.93265,0
34347,Fresno europeo,28/03/2011 12:23,Medio (4 - 8 mts),72,Grande,-68.8520986186,-32.8748379732,6,Residencial Norte,2694682.37982,0
23878,Morera,28/02/2012 13:16,Alto (> 8 mts),190,Grande,-68.8524656912,-32.9005525871,2,Barrio Civico,2366816.36021,0
43059,Acacia SP,03/10/2011 10:06,Alto (> 8 mts),220,Grande,-68.8322129341,-32.8783181222,4,Cuarta Este Área Fundacional,1822015.85685,0
29228,Platano,25/02/2011 17:42,Alto (> 8 mts),280,Grande,-68.8457693891,-32.8872745565,1,Parque Central,1655357.93265,0
13293,Acer,23/02/2011 10:13,Alto (> 8 mts),114,Grande,-68.8483365436,-32.8650421328,6,Residencial Norte,2694682.37982,0
34468,Acer,11/03/2011 09:38,Medio (4 - 8 mts),70,Grande,-68.8496405516,-32.8740187401,6,Residencial Norte,2694682.37982,0
20328,Alamo criollo,13/05/2011 11:26,Alto (> 8 mts),107,Grande,-68.8622331999,-32.8921371602,5,Residencial Sur,2423808.92355,0
11841,Paraiso,02/03/2011 12:32,Alto (> 8 mts),170,Grande,-68.8497243607,-32.8647700294,6,Residencial Norte,2694682.37982,0
22441,Olmo comun,28/06/2011 09:31,Alto (> 8 mts),140,Grande,-68.8618783254,-32.8981365014,5,Residencial Sur,2423808.92355,0
3140,Morera,09/09/2011 08:51,Medio (4 - 8 mts),156,Grande,-68.8247822323,-32.8727803773,4,Cuarta Este Área Fundacional,1822015.85685,0
39151,Fresno europeo,14/01/2012 18:29,Medio (4 - 8 mts),80,Grande,-68.8536369289,-32.8723481314,6,Residencial Norte,2694682.37982,0
45691,Morera,26/08/2011 10:59,Alto (> 8 mts),110,Grande,-68.8225526657,-32.8701319849,4,Cuarta Este Área Fundacional,1822015.85685,1
30264,Acer,04/03/2011 13:31,Alto (> 8 mts),135,Grande,-68.8410795722,-32.8892503491,3,Parque O'Higgins,1531146.02653,0
28252,Morera,28/02/2011 16:39,Bajo (2 - 4 mts),22,Mediano,-68.8481914135,-32.8931787666,2,Barrio Civico,2366816.36021,0
7125,Acer,13/06/2011 12:16,Muy bajo (1 - 2 mts),45,Mediano,-68.8521408633,-32.8970399705,5,Residencial Sur,2423808.92355,0
15832,Paraiso,25/11/2011 10:57,Bajo (2 - 4 mts),50,Mediano,-68.8718447893,-32.8772862109,7,Residencial Parque,1786336.08966,0
559,Morera,09/03/2012 07:46,Medio (4 - 8 mts),180,Grande,-68.8189861651,-32.8683121851,4,Cuarta Este Área Fundacional,1822015.85685,1
22003,Fresno europeo,27/05/2011 10:26,Muy bajo (1 - 2 mts),2,Chico,-68.858952259,-32.894797821,5,Residencial Sur,2423808.92355,0
45802,Fresno europeo,01/09/2011 11:04,Medio (4 - 8 mts),120,Grande,-68.8192679871,-32.870403328,4,Cuarta Este Área Fundacional,1822015.85685,0
24680,Prunas,20/01/2011 11:39,Medio (4 - 8 mts),110,Grande,-68.8432166444,-32.8964446841,2,Barrio Civico,2366816.36021,0
17683,Morera,18/07/2011 11:55,Alto (> 8 mts),170,Grande,-68.8418059678,-32.8689325383,4,Cuarta Oeste,1173332.70145,0
22188,Fresno europeo,18/05/2011 09:41,Muy bajo (1 - 2 mts),6,Chico,-68.8562263795,-32.8982865846,5,Residencial Sur,2423808.92355,0
20412,Platano,23/05/2011 11:41,Alto (> 8 mts),168,Grande,-68.8610710551,-32.8934947235,5,Residencial Sur,2423808.92355,0
10674,Morera,23/03/2011 12:28,Bajo (2 - 4 mts),18,Chico,-68.8516447993,-32.8757336527,6,Residencial Norte,2694682.37982,0
16270,Morera,21/07/2011 10:35,Alto (> 8 mts),140,Grande,-68.84297351,-32.8637684695,4,Cuarta Oeste,1173332.70145,0
45790,Fresno europeo,01/09/2011 11:36,Alto (> 8 mts),232,Grande,-68.8200216567,-32.871271844,4,Cuarta Este Área Fundacional,1822015.85685,0
45063,Perenne,31/08/2011 12:30,Muy bajo (1 - 2 mts),5,Chico,-68.8228726116,-32.871174223,4,Cuarta Este Área Fundacional,1822015.85685,0
828,Aguaribay,15/12/2011 08:15,Bajo (2 - 4 mts),76,Grande,-68.8819675737,-32.8671167033,8,Aeroparque,2203364.73622,0
16891,Paraiso,27/07/2011 14:05,Alto (> 8 mts),90,Grande,-68.839363485,-32.8653105578,4,Cuarta Oeste,1173332.70145,0
43134,Fresno europeo,04/10/2011 08:40,Muy bajo (1 - 2 mts),22,Mediano,-68.8293188165,-32.8779040263,4,Cuarta Este Área Fundacional,1822015.85685,0
26991,Fresno europeo,02/11/2011 17:06,Muy bajo (1 - 2 mts),3,Chico,-68.8349394994,-32.8875136942,3,Parque O'Higgins,1531146.02653,0
16681,Morera,19/07/2011 10:36,Alto (> 8 mts),74,Grande,-68.8416033069,-32.864047981,4,Cuarta Oeste,1173332.70145,0
3365,Morera,04/10/2011 09:49,Medio (4 - 8 mts),50,Mediano,-68.8354292608,-32.8797470135,1,Parque Central,1655357.93265,0
25873,Acer,07/02/2011 16:09,Alto (> 8 mts),158,Grande,-68.8387825085,-32.9019215923,2,Barrio Civico,2366816.36021,1
37779,Fresno europeo,25/01/2012 08:32,Alto (> 8 mts),180,Grande,-68.8496967158,-32.8726357883,6,Residencial Norte,2694682.37982,0
46748,Morera,05/09/2011 11:25,Medio (4 - 8 mts),176,Grande,-68.8335271779,-32.8695770566,4,Cuarta Oeste,1173332.70145,0
39517,Liquidambar,10/11/2010 11:00,Bajo (2 - 4 mts),45,Mediano,-68.8545580262,-32.8698129133,6,Residencial Norte,2694682.37982,0
14278,Jacaranda,07/12/2011 09:54,Medio (4 - 8 mts),40,Mediano,-68.8779534124,-32.8685936742,8,Aeroparque,2203364.73622,0
44775,Fresno europeo,23/08/2011 13:52,Alto (> 8 mts),150,Grande,-68.8229342771,-32.8689033381,4,Cuarta Este Área Fundacional,1822015.85685,0
19457,Fresno europeo,12/07/2011 12:06,Medio (4 - 8 mts),60,Mediano,-68.8383967475,-32.8706604257,4,Cuarta Oeste,1173332.70145,0
47787,Platano,23/09/2011 13:31,Alto (> 8 mts),250,Grande,-68.8276175551,-32.8735271283,4,Cuarta Este Área Fundacional,1822015.85685,0
48262,Fresno europeo,31/08/2011 11:14,Bajo (2 - 4 mts),22,Mediano,-68.8274959971,-32.8699410036,4,Cuarta Este Área Fundacional,1822015.85685,0
3210,Ailanthus,26/09/2011 10:39,Medio (4 - 8 mts),52,Mediano,-68.8332037628,-32.8763839369,4,Cuarta Este Área Fundacional,1822015.85685,0
43976,Fresno europeo,14/10/2011 12:01,Medio (4 - 8 mts),50,Mediano,-68.8340102004,-32.885531294,3,Parque O'Higgins,1531146.02653,0
43699,Morera,11/10/2011 09:44,Alto (> 8 mts),115,Grande,-68.8312139909,-32.8835516601,3,Parque O'Higgins,1531146.02653,1
27401,Fresno americano,19/10/2011 12:35,Medio (4 - 8 mts),125,Grande,-68.8342611329,-32.8878291989,3,Parque O'Higgins,1531146.02653,0
8946,Morera,20/01/2011 13:26,Bajo (2 - 4 mts),20,Chico,-68.8481937709,-32.8684972709,6,Residencial Norte,2694682.37982,0
5323,Morera,27/04/2011 11:17,Bajo (2 - 4 mts),50,Mediano,-68.8418313875,-32.8777186244,1,Parque Central,1655357.93265,0
18613,Morera,06/07/2011 11:33,Alto (> 8 mts),190,Grande,-68.8377980718,-32.8746822256,1,Parque Central,1655357.93265,1
25913,Morera,07/02/2011 14:50,Medio (4 - 8 mts),122,Grande,-68.8389943974,-32.9029634972,2,Barrio Civico,2366816.36021,0
26544,Fresno europeo,21/10/2011 10:23,Bajo (2 - 4 mts),29,Mediano,-68.8315203417,-32.8910469192,3,Parque O'Higgins,1531146.02653,0
41659,Morera,03/05/2011 12:05,Alto (> 8 mts),90,Grande,-68.8369450157,-32.8764227149,1,Parque Central,1655357.93265,0
7304,Platano,10/05/2011 10:29,Alto (> 8 mts),162,Grande,-68.8568640637,-32.9015990777,5,Residencial Sur,2423808.92355,0
9041,Fresno europeo,11/01/2011 11:00,Bajo (2 - 4 mts),56,Mediano,-68.8439100716,-32.8660368187,4,Cuarta Oeste,1173332.70145,0
47316,Platano,21/09/2011 11:16,Alto (> 8 mts),250,Grande,-68.8307625313,-32.8752588791,4,Cuarta Este Área Fundacional,1822015.85685,0
24634,Caducifolio,17/01/2011 12:19,Medio (4 - 8 mts),104,Grande,-68.8419550658,-32.9000334464,2,Barrio Civico,2366816.36021,0
25340,Fresno europeo,09/02/2011 09:46,Alto (> 8 mts),155,Grande,-68.8400379995,-32.9003786101,2,Barrio Civico,2366816.36021,0
20861,Fresno europeo,26/05/2011 12:00,Alto (> 8 mts),86,Grande,-68.8592258779,-32.8956221839,5,Residencial Sur,2423808.92355,0
18689,Morera,04/07/2011 11:35,Alto (> 8 mts),115,Grande,-68.8359210042,-32.8735815768,4,Cuarta Oeste,1173332.70145,1
32224,Morera,10/05/2011 09:20,Alto (> 8 mts),130,Grande,-68.8605235992,-32.8855340683,5,Residencial Sur,2423808.92355,0
38797,Morera,14/12/2010 09:55,Muy bajo (1 - 2 mts),4,Chico,-68.8501312584,-32.8705099712,6,Residencial Norte,2694682.37982,0
21515,Morera,12/05/2011 10:52,Alto (> 8 mts),160,Grande,-68.853806074,-32.8937234741,5,Residencial Sur,2423808.92355,0
31672,Fresno europeo,14/06/2011 10:23,Alto (> 8 mts),86,Grande,-68.8589184214,-32.8887888194,5,Residencial Sur,2423808.92355,0
35047,Morera,22/03/2011 13:21,Alto (> 8 mts),115,Grande,-68.8537224179,-32.8804796516,6,Residencial Norte,2694682.37982,1
6298,Fresno europeo,27/06/2011 11:54,Bajo (2 - 4 mts),40,Mediano,-68.8580965378,-32.8904983142,5,Residencial Sur,2423808.92355,0
46376,Morera,19/08/2011 12:21,Alto (> 8 mts),110,Grande,-68.8330608927,-32.8671816249,4,Cuarta Oeste,1173332.70145,0
37144,Platano,01/04/2011 11:49,Alto (> 8 mts),170,Grande,-68.8583251612,-32.8768164734,7,Residencial Parque,1786336.08966,0
14845,Aguaribay,07/12/2011 09:57,Muy bajo (1 - 2 mts),15,Chico,-68.8782653622,-32.870011542,8,Aeroparque,2203364.73622,0
19264,Morera,03/08/2011 11:16,Medio (4 - 8 mts),125,Grande,-68.8371512541,-32.8704563802,4,Cuarta Oeste,1173332.70145,0
43216,Morera,04/10/2011 09:47,Alto (> 8 mts),133,Grande,-68.834025525,-32.8788222417,1,Parque Central,1655357.93265,1
17651,Morera,20/07/2011 12:04,Medio (4 - 8 mts),50,Mediano,-68.8417300732,-32.8661240239,4,Cuarta Oeste,1173332.70145,0
32361,Platano,06/05/2011 10:17,Alto (> 8 mts),240,Grande,-68.8514595748,-32.8918458439,5,Residencial Sur,2423808.92355,1
37462,Morera,04/01/2011 12:01,Medio (4 - 8 mts),61,Grande,-68.8574165083,-32.8707287415,6,Residencial Norte,2694682.37982,0
33094,Paraiso,28/06/2011 09:17,Alto (> 8 mts),112,Grande,-68.8527896151,-32.8913408464,5,Residencial Sur,2423808.92355,0
13461,Morera,02/02/2011 13:08,Alto (> 8 mts),130,Grande,-68.8528369146,-32.8636249181,6,Residencial Norte,2694682.37982,0
43050,Morera,03/10/2011 10:20,Bajo (2 - 4 mts),36,Mediano,-68.8320795072,-32.8777563877,4,Cuarta Este Área Fundacional,1822015.85685,0
47063,Morera,28/09/2011 08:55,Alto (> 8 mts),131,Grande,-68.8346265829,-32.8736981744,4,Cuarta Este Área Fundacional,1822015.85685,1
33892,Perenne,14/07/2011 09:16,Bajo (2 - 4 mts),40,Mediano,-68.8545629968,-32.8852294733,5,Residencial Sur,2423808.92355,0
1628,Paraiso sombrilla,24/11/2011 09:50,Bajo (2 - 4 mts),66,Grande,-68.8712695701,-32.8781742989,7,Residencial Parque,1786336.08966,0
37343,Platano,29/11/2010 11:51,Medio (4 - 8 mts),90,Grande,-68.8583750779,-32.872125868,6,Residencial Norte,2694682.37982,0
11665,Morera,26/01/2011 11:45,Alto (> 8 mts),92,Grande,-68.8495233201,-32.868693252,6,Residencial Norte,2694682.37982,0
14403,Fresno europeo,02/12/2011 10:07,Bajo (2 - 4 mts),36,Mediano,-68.8786530814,-32.8672849067,8,Aeroparque,2203364.73622,0
47153,Fresno europeo,20/09/2011 10:15,Medio (4 - 8 mts),110,Grande,-68.8323967608,-32.8728901023,4,Cuarta Este Área Fundacional,1822015.85685,0
697,Morera,09/08/2011 09:47,Alto (> 8 mts),145,Grande,-68.8341342378,-32.8654113009,4,Cuarta Oeste,1173332.70145,0
24557,Morera,28/01/2011 14:06,Alto (> 8 mts),216,Grande,-68.8433290569,-32.9021661394,2,Barrio Civico,2366816.36021,0
4969,Acacia SP,15/07/2011 08:59,Bajo (2 - 4 mts),30,Mediano,-68.8445130568,-32.8694605526,4,Cuarta Oeste,1173332.70145,0
32352,Morera,06/05/2011 12:25,Alto (> 8 mts),140,Grande,-68.8514369034,-32.8928895634,5,Residencial Sur,2423808.92355,0
10823,Paraiso sombrilla,30/03/2011 12:08,Alto (> 8 mts),140,Grande,-68.8552238666,-32.8783691361,6,Residencial Norte,2694682.37982,0
43790,Morera,19/10/2011 08:26,Alto (> 8 mts),140,Grande,-68.8323809687,-32.8819776565,3,Parque O'Higgins,1531146.02653,0
44077,Morera,14/10/2011 11:22,Alto (> 8 mts),210,Grande,-68.8311942265,-32.8855458003,3,Parque O'Higgins,1531146.02653,1
10470,Acer,04/03/2011 12:16,Medio (4 - 8 mts),46,Mediano,-68.8553269393,-32.873255649,6,Residencial Norte,2694682.37982,0
38246,Paraiso,17/01/2012 10:32,Alto (> 8 mts),140,Grande,-68.8472231922,-32.8731959845,6,Residencial Norte,2694682.37982,0
24319,Morera,27/01/2011 07:25,Alto (> 8 mts),180,Grande,-68.8442950238,-32.9020332819,2,Barrio Civico,2366816.36021,0
38195,Morera,21/10/2010 10:53,Bajo (2 - 4 mts),20,Chico,-68.8458567139,-32.8734741092,6,Residencial Norte,2694682.37982,0
12790,Fresno americano,21/01/2011 13:31,Alto (> 8 mts),40,Mediano,-68.8480561427,-32.8636293554,6,Residencial Norte,2694682.37982,0
32859,Fresno americano,10/06/2011 11:22,Bajo (2 - 4 mts),50,Mediano,-68.8491971361,-32.8855226209,1,Parque Central,1655357.93265,0
3600,Ailanthus,02/09/2011 14:36,Alto (> 8 mts),50,Mediano,-68.8274495447,-32.8691509427,4,Cuarta Este Área Fundacional,1822015.85685,0
7658,Fresno europeo,30/05/2011 09:17,Bajo (2 - 4 mts),28,Mediano,-68.8560886804,-32.8839107753,5,Residencial Sur,2423808.92355,0
32183,Morera,10/05/2011 13:50,Alto (> 8 mts),220,Grande,-68.8585839259,-32.885888239,5,Residencial Sur,2423808.92355,0
34342,Morera,28/03/2011 12:12,Medio (4 - 8 mts),90,Grande,-68.8519332332,-32.8747081518,6,Residencial Norte,2694682.37982,0
35412,Fresno europeo,17/06/2011 15:49,Muy bajo (1 - 2 mts),3,Chico,-68.8555857371,-32.8836537551,5,Residencial Sur,2423808.92355,0
34252,Morera,22/03/2011 13:02,Alto (> 8 mts),140,Grande,-68.8526339762,-32.8755388605,6,Residencial Norte,2694682.37982,0
26856,Morera,07/11/2011 09:11,Bajo (2 - 4 mts),12,Chico,-68.8345162952,-32.8929682178,3,Parque O'Higgins,1531146.02653,0
19817,Fresno europeo,04/08/2011 10:50,Alto (> 8 mts),210,Grande,-68.8340176582,-32.8637018147,4,Cuarta Oeste,1173332.70145,0
11090,Acer,22/03/2011 13:18,Medio (4 - 8 mts),58,Mediano,-68.8537070505,-32.8804020592,6,Residencial Norte,2694682.37982,0
14062,Morera,05/12/2011 12:00,Alto (> 8 mts),45,Mediano,-68.8761244696,-32.8678671994,8,Aeroparque,2203364.73622,0
30331,Acacia SP,10/03/2011 12:25,Alto (> 8 mts),115,Grande,-68.8409776349,-32.891162817,2,Barrio Civico,2366816.36021,0
18550,Paraiso,05/07/2011 12:12,Alto (> 8 mts),240,Grande,-68.8384087898,-32.8746044361,1,Parque Central,1655357.93265,0
8624,Ailanthus,01/02/2011 11:11,Alto (> 8 mts),62,Grande,-68.8390512623,-32.9043164924,2,Barrio Civico,2366816.36021,0
21386,Platano,09/05/2011 13:00,Alto (> 8 mts),185,Grande,-68.854278099,-32.892524094,5,Residencial Sur,2423808.92355,0
7699,Morera,24/05/2011 09:31,Bajo (2 - 4 mts),120,Grande,-68.8518679788,-32.883999482,1,Parque Central,1655357.93265,0
42220,Acer,02/05/2011 09:56,Medio (4 - 8 mts),56,Mediano,-68.8397899137,-32.8739114486,4,Cuarta Oeste,1173332.70145,0
16921,Paraiso,26/07/2011 15:43,Alto (> 8 mts),95,Grande,-68.8398612766,-32.8656401406,4,Cuarta Oeste,1173332.70145,0
5313,Alamo criollo,28/04/2011 12:44,Medio (4 - 8 mts),100,Grande,-68.8433750339,-32.8762918616,1,Parque Central,1655357.93265,0
19958,Morera,05/08/2011 09:50,Medio (4 - 8 mts),73,Grande,-68.8339202688,-32.8644380818,4,Cuarta Oeste,1173332.70145,1
28366,Morera,15/03/2011 12:45,Alto (> 8 mts),140,Grande,-68.8488321614,-32.8888105573,5,Residencial Sur,2423808.92355,1
26266,Paraiso,25/10/2011 10:41,Medio (4 - 8 mts),160,Grande,-68.8302890098,-32.8889977406,3,Parque O'Higgins,1531146.02653,1
41018,Morera,11/04/2011 14:03,Medio (4 - 8 mts),78,Grande,-68.8405747688,-32.8801533649,1,Parque Central,1655357.93265,0
3744,Morera,25/08/2011 13:21,Alto (> 8 mts),150,Grande,-68.8191808327,-32.8698293099,4,Cuarta Este Área Fundacional,1822015.85685,1
10774,Morera,04/04/2011 12:29,Medio (4 - 8 mts),52,Mediano,-68.8523304426,-32.8768220292,6,Residencial Norte,2694682.37982,0
47410,Morera,23/09/2011 14:45,Medio (4 - 8 mts),26,Mediano,-68.8270063503,-32.8754655224,4,Cuarta Este Área Fundacional,1822015.85685,0
27081,Platano,21/10/2011 14:30,Alto (> 8 mts),240,Grande,-68.8386849911,-32.8883894462,3,Parque O'Higgins,1531146.02653,0
34894,Morera,29/03/2011 10:18,Alto (> 8 mts),190,Grande,-68.8516604284,-32.881456761,1,Parque Central,1655357.93265,1
38349,Paraiso,09/11/2010 11:33,Alto (> 8 mts),160,Grande,-68.8538261653,-32.8701327993,6,Residencial Norte,2694682.37982,0
41488,Morera,07/04/2011 12:34,Medio (4 - 8 mts),140,Grande,-68.8422762342,-32.8808032983,1,Parque Central,1655357.93265,1
1725,Tilo,22/11/2011 10:17,Bajo (2 - 4 mts),16,Chico,-68.872732347,-32.8795359736,7,Residencial Parque,1786336.08966,0
48161,Fresno europeo,17/08/2011 10:03,Bajo (2 - 4 mts),40,Mediano,-68.8292661136,-32.8686053286,4,Cuarta Este Área Fundacional,1822015.85685,0
37802,Fresno europeo,10/12/2010 10:34,Bajo (2 - 4 mts),20,Chico,-68.8495548744,-32.8723483381,6,Residencial Norte,2694682.37982,0
28765,Olmo comun,20/04/2011 10:45,Alto (> 8 mts),147,Grande,-68.84877149,-32.8858475439,1,Parque Central,1655357.93265,0
38839,Paraiso sombrilla,09/12/2010 10:08,Medio (4 - 8 mts),70,Grande,-68.8491964701,-32.8716681193,6,Residencial Norte,2694682.37982,0
8331,Morera,23/03/2011 18:05,Bajo (2 - 4 mts),15,Chico,-68.8459570736,-32.8938624475,2,Barrio Civico,2366816.36021,0
33511,Platano,16/06/2011 13:26,Alto (> 8 mts),95,Grande,-68.8542820482,-32.8895547201,5,Residencial Sur,2423808.92355,0
19112,Morera,27/07/2011 08:57,Alto (> 8 mts),175,Grande,-68.8411197856,-32.8712731886,4,Cuarta Oeste,1173332.70145,0
44139,Morera,06/10/2011 16:54,Medio (4 - 8 mts),152,Grande,-68.8350459761,-32.8783748199,1,Parque Central,1655357.93265,1
16474,Paraiso,05/08/2011 08:55,Medio (4 - 8 mts),55,Mediano,-68.8423393996,-32.8657651071,4,Cuarta Oeste,1173332.70145,0
22536,Fresno europeo,17/06/2011 09:18,Medio (4 - 8 mts),105,Grande,-68.8611546645,-32.9003253948,5,Residencial Sur,2423808.92355,0
37002,Morera,01/04/2011 11:38,Alto (> 8 mts),88,Grande,-68.8578850592,-32.8772192917,7,Residencial Parque,1786336.08966,0
1035,Aguaribay,14/12/2011 10:48,Bajo (2 - 4 mts),60,Mediano,-68.8823263346,-32.8649634794,8,Aeroparque,2203364.73622,0
5231,Platano,05/05/2011 12:40,Bajo (2 - 4 mts),22,Mediano,-68.8415995351,-32.8744928643,1,Parque Central,1655357.93265,0
18367,Platano,01/08/2011 10:26,Alto (> 8 mts),168,Grande,-68.8370242096,-32.8677114569,4,Cuarta Oeste,1173332.70145,0
35818,Morera,03/03/2011 13:48,Medio (4 - 8 mts),120,Grande,-68.8534630966,-32.8733708918,6,Residencial Norte,2694682.37982,0
34387,Morera,28/03/2011 09:22,Alto (> 8 mts),166,Grande,-68.8505890925,-32.8749597113,6,Residencial Norte,2694682.37982,0
4816,Morera,28/07/2011 09:48,Alto (> 8 mts),84,Grande,-68.8410626686,-32.8666884512,4,Cuarta Oeste,1173332.70145,0
16448,Morera,16/08/2011 09:14,Alto (> 8 mts),110,Grande,-68.8417477234,-32.8642473483,4,Cuarta Oeste,1173332.70145,0
12960,Prunas,11/01/2011 13:43,Bajo (2 - 4 mts),50,Mediano,-68.8439576132,-32.8634272261,4,Cuarta Oeste,1173332.70145,0
40951,Platano,18/04/2011 15:28,Alto (> 8 mts),158,Grande,-68.8406593289,-32.8849125158,1,Parque Central,1655357.93265,0
17861,Platano,02/08/2011 09:31,Alto (> 8 mts),205,Grande,-68.8360814138,-32.8660690641,4,Cuarta Oeste,1173332.70145,0
42626,Morera,28/09/2011 09:11,Alto (> 8 mts),195,Grande,-68.8279174211,-32.8759983498,4,Cuarta Este Área Fundacional,1822015.85685,1
34691,Morera,31/03/2011 11:16,Alto (> 8 mts),132,Grande,-68.8496756054,-32.877103746,6,Residencial Norte,2694682.37982,0
46720,Fresno europeo,20/09/2011 10:12,Alto (> 8 mts),115,Grande,-68.8330156025,-32.8705459188,4,Cuarta Este Área Fundacional,1822015.85685,0
26868,Fresno americano,31/10/2011 14:53,Medio (4 - 8 mts),140,Grande,-68.8373049986,-32.8859640787,3,Parque O'Higgins,1531146.02653,0
35549,Caducifolio,16/06/2011 10:06,Muy bajo (1 - 2 mts),3,Chico,-68.8571356031,-32.8833430283,5,Residencial Sur,2423808.92355,0
16417,Morera,02/08/2011 09:54,Alto (> 8 mts),185,Grande,-68.8346233568,-32.8667289846,4,Cuarta Oeste,1173332.70145,1
21438,Fresno europeo,10/05/2011 10:27,Muy bajo (1 - 2 mts),12,Chico,-68.8559442784,-32.8932251779,5,Residencial Sur,2423808.92355,0
13180,Fresno europeo,21/02/2011 10:57,Bajo (2 - 4 mts),24,Mediano,-68.8469948127,-32.8659150802,6,Residencial Norte,2694682.37982,0
12225,Morera,18/01/2011 10:06,Alto (> 8 mts),95,Grande,-68.8452075238,-32.8680960534,4,Cuarta Oeste,1173332.70145,0
25572,Caducifolio,07/02/2011 19:24,Bajo (2 - 4 mts),46,Mediano,-68.8382356224,-32.9014037299,2,Barrio Civico,2366816.36021,0
20696,Paraiso,31/05/2011 11:54,Medio (4 - 8 mts),97,Grande,-68.8617265539,-32.8980211273,5,Residencial Sur,2423808.92355,0
44249,Morera,13/10/2011 11:19,Alto (> 8 mts),194,Grande,-68.8340598385,-32.8841905148,3,Parque O'Higgins,1531146.02653,1
20990,Morera,22/06/2011 11:07,Muy bajo (1 - 2 mts),4,Chico,-68.8637172579,-32.9004643,5,Residencial Sur,2423808.92355,0
43370,Platano,25/10/2011 17:08,Alto (> 8 mts),190,Grande,-68.8337348837,-32.8805146045,3,Parque O'Higgins,1531146.02653,0
29809,Platano,04/03/2011 13:05,Alto (> 8 mts),180,Grande,-68.8429513725,-32.8922014448,2,Barrio Civico,2366816.36021,0
29685,Platano,02/03/2011 19:06,Alto (> 8 mts),108,Grande,-68.8404070772,-32.8941189156,2,Barrio Civico,2366816.36021,0
3707,Paraiso,26/08/2011 11:14,Medio (4 - 8 mts),60,Mediano,-68.8228901353,-32.8696778128,4,Cuarta Este Área Fundacional,1822015.85685,0
48270,Morera,31/08/2011 10:45,Medio (4 - 8 mts),55,Mediano,-68.8280282037,-32.8694801699,4,Cuarta Este Área Fundacional,1822015.85685,0
23960,Fresno europeo,12/01/2011 11:39,Alto (> 8 mts),120,Grande,-68.846525544,-32.9004824107,2,Barrio Civico,2366816.36021,0
1484,Paraiso,24/11/2011 14:35,Bajo (2 - 4 mts),30,Mediano,-68.8718644536,-32.8771693165,7,Residencial Parque,1786336.08966,0
45950,Caducifolio,24/08/2011 14:16,Muy bajo (1 - 2 mts),10,Chico,-68.8190164481,-32.8696752901,4,Cuarta Este Área Fundacional,1822015.85685,0
42211,Morera,29/04/2011 14:15,Alto (> 8 mts),155,Grande,-68.8392222754,-32.8745498354,1,Parque Central,1655357.93265,1
30657,Fresno europeo,01/02/2011 12:19,Muy bajo (1 - 2 mts),7,Chico,-68.8538865221,-32.8670642312,6,Residencial Norte,2694682.37982,0
11330,Fresno americano,21/01/2011 14:08,Medio (4 - 8 mts),76,Grande,-68.8478610206,-32.9001342745,2,Barrio Civico,2366816.36021,0
25224,Fresno europeo,09/02/2011 09:40,Alto (> 8 mts),96,Grande,-68.8373831285,-32.8977008619,2,Barrio Civico,2366816.36021,0
34840,Platano,30/03/2011 09:37,Alto (> 8 mts),198,Grande,-68.8518742861,-32.8767923994,6,Residencial Norte,2694682.37982,0
35909,Morera,28/03/2011 09:22,Alto (> 8 mts),149,Grande,-68.8535590934,-32.8754967558,6,Residencial Norte,2694682.37982,0
39431,Morera,11/11/2010 11:16,Alto (> 8 mts),140,Grande,-68.8550133735,-32.8703899917,6,Residencial Norte,2694682.37982,0
40369,Platano,11/04/2011 09:51,Bajo (2 - 4 mts),25,Mediano,-68.8442905134,-32.8828269474,1,Parque Central,1655357.93265,0
46207,Perenne,27/09/2011 12:31,Bajo (2 - 4 mts),33,Mediano,-68.8252008735,-32.8755350919,4,Cuarta Este Área Fundacional,1822015.85685,0
47987,Morera,31/08/2011 09:49,Alto (> 8 mts),142,Grande,-68.8258219355,-32.8700025608,4,Cuarta Este Área Fundacional,1822015.85685,0
6498,Fresno europeo,07/06/2011 13:47,Bajo (2 - 4 mts),10,Chico,-68.8590722677,-32.8872464403,5,Residencial Sur,2423808.92355,0
3475,Morera,26/08/2011 08:07,Alto (> 8 mts),135,Grande,-68.8226840197,-32.8671017942,4,Cuarta Este Área Fundacional,1822015.85685,0
17320,Morera,08/08/2011 12:15,Alto (> 8 mts),185,Grande,-68.8342218149,-32.8651460878,4,Cuarta Oeste,1173332.70145,0
22091,Fresno europeo,10/06/2011 11:01,Alto (> 8 mts),144,Grande,-68.8546448562,-32.8979461902,5,Residencial Sur,2423808.92355,1
34727,Fresno europeo,31/03/2011 12:51,Alto (> 8 mts),110,Grande,-68.8510686832,-32.8778822601,6,Residencial Norte,2694682.37982,0
45339,Fresno europeo,16/09/2011 11:41,Medio (4 - 8 mts),210,Grande,-68.8246580105,-32.8728399819,4,Cuarta Este Área Fundacional,1822015.85685,0
32895,Fresno europeo,19/05/2011 13:09,Medio (4 - 8 mts),110,Grande,-68.8494940433,-32.8871634433,5,Residencial Sur,2423808.92355,1
35611,Aguaribay,16/03/2011 12:34,Medio (4 - 8 mts),150,Grande,-68.8566251252,-32.8742841931,6,Residencial Norte,2694682.37982,0
10598,Caducifolio,30/03/2011 13:08,Medio (4 - 8 mts),34,Mediano,-68.8514886627,-32.8759400337,6,Residencial Norte,2694682.37982,0
24993,Morera,16/02/2011 08:39,Alto (> 8 mts),170,Grande,-68.8371505003,-32.8966871142,2,Barrio Civico,2366816.36021,0
27700,Morera,02/11/2011 08:22,Alto (> 8 mts),125,Grande,-68.8373719968,-32.8954530503,2,Barrio Civico,2366816.36021,1
22611,Morera,23/06/2011 10:21,Alto (> 8 mts),128,Grande,-68.8624783402,-32.9009422613,5,Residencial Sur,2423808.92355,1
47486,Morera,20/09/2011 11:10,Medio (4 - 8 mts),51,Mediano,-68.8293585792,-32.8744400456,4,Cuarta Este Área Fundacional,1822015.85685,0
41392,Morera,15/04/2011 11:18,Alto (> 8 mts),168,Grande,-68.8414346449,-32.8819131196,1,Parque Central,1655357.93265,0
21001,Ligustro,22/06/2011 09:33,Medio (4 - 8 mts),68,Grande,-68.8626409456,-32.9013371099,5,Residencial Sur,2423808.92355,0
44232,Platano,13/10/2011 11:47,Alto (> 8 mts),220,Grande,-68.8350682072,-32.8836805892,3,Parque O'Higgins,1531146.02653,0
17806,Paraiso,21/07/2011 12:57,Medio (4 - 8 mts),76,Grande,-68.843134183,-32.8691790209,4,Cuarta Oeste,1173332.70145,0
12199,Ligustro,18/01/2011 12:21,Alto (> 8 mts),87,Grande,-68.8465591013,-32.8676043219,6,Residencial Norte,2694682.37982,0
18925,Acer,01/08/2011 10:14,Alto (> 8 mts),220,Grande,-68.8419402508,-32.8699701075,4,Cuarta Oeste,1173332.70145,0
21722,Fresno europeo,09/06/2011 11:00,Alto (> 8 mts),105,Grande,-68.855440305,-32.8954648326,5,Residencial Sur,2423808.92355,0
12734,Olmo bola,24/01/2011 09:35,Alto (> 8 mts),140,Grande,-68.8486093203,-32.863686656,6,Residencial Norte,2694682.37982,0
2121,Ligustro,15/11/2011 07:54,Medio (4 - 8 mts),40,Mediano,-68.830148762,-32.8886527867,3,Parque O'Higgins,1531146.02653,0
33636,Olmo bola,13/05/2011 10:09,Alto (> 8 mts),115,Grande,-68.8556730787,-32.8865344026,5,Residencial Sur,2423808.92355,0
28042,Morera,16/03/2011 19:35,Alto (> 8 mts),145,Grande,-68.8468361616,-32.8937081199,2,Barrio Civico,2366816.36021,0
29958,Morera,28/04/2011 10:12,Alto (> 8 mts),145,Grande,-68.8423551815,-32.8863697255,1,Parque Central,1655357.93265,0
5770,Morera,06/05/2011 10:41,Bajo (2 - 4 mts),10,Chico,-68.8399651775,-32.8789548749,1,Parque Central,1655357.93265,0
27620,Morera,07/11/2011 10:31,Alto (> 8 mts),142,Grande,-68.8394071076,-32.895078387,2,Barrio Civico,2366816.36021,1
43657,Morera,13/10/2011 18:10,Medio (4 - 8 mts),130,Grande,-68.8347943423,-32.8811297004,1,Parque Central,1655357.93265,0
17125,Morera,15/08/2011 13:53,Alto (> 8 mts),156,Grande,-68.8362761373,-32.8626759564,4,Cuarta Oeste,1173332.70145,0
46978,Alamo blanco,08/09/2011 14:59,Alto (> 8 mts),180,Grande,-68.8305819625,-32.8717377996,4,Cuarta Este Área Fundacional,1822015.85685,0
37660,Fresno europeo,29/02/2012 07:47,Alto (> 8 mts),160,Grande,-68.8524069815,-32.8725740313,6,Residencial Norte,2694682.37982,1
12570,Morera,11/01/2011 13:33,Medio (4 - 8 mts),150,Grande,-68.8447925682,-32.8626160283,4,Cuarta Oeste,1173332.70145,0
16291,Perenne,22/07/2011 10:19,Alto (> 8 mts),260,Grande,-68.8430108415,-32.8635779882,4,Cuarta Oeste,1173332.70145,0
39008,Morera,27/12/2010 10:15,Alto (> 8 mts),200,Grande,-68.8547401555,-32.8706226095,6,Residencial Norte,2694682.37982,0
13314,Prunas,23/02/2011 09:47,Muy bajo (1 - 2 mts),20,Chico,-68.8483441817,-32.8655650774,6,Residencial Norte,2694682.37982,0
38496,Paraiso,02/11/2010 10:35,Alto (> 8 mts),182,Grande,-68.8502997826,-32.8699687586,6,Residencial Norte,2694682.37982,0
45598,Morera,23/09/2011 09:01,Alto (> 8 mts),138,Grande,-68.8205682993,-32.8714857897,4,Cuarta Este Área Fundacional,1822015.85685,1
19281,Morera,13/07/2011 21:41,Alto (> 8 mts),220,Grande,-68.8366208669,-32.8700996997,4,Cuarta Oeste,1173332.70145,0
32583,Paraiso,17/06/2011 10:10,Medio (4 - 8 mts),60,Mediano,-68.8529558506,-32.8894530494,5,Residencial Sur,2423808.92355,0
27770,Morera,03/11/2011 10:49,Alto (> 8 mts),110,Grande,-68.8347045194,-32.894103774,3,Parque O'Higgins,1531146.02653,1
45748,Morera,24/08/2011 11:14,Alto (> 8 mts),148,Grande,-68.8215087612,-32.8701623665,4,Cuarta Este Área Fundacional,1822015.85685,0
10576,Morera,28/03/2011 09:33,Medio (4 - 8 mts),55,Mediano,-68.8532461334,-32.8756171745,6,Residencial Norte,2694682.37982,0
12031,Morera,03/05/2010 12:50,Alto (> 8 mts),190,Grande,-68.8533958548,-32.8666430146,6,Residencial Norte,2694682.37982,0
21285,Prunas,13/06/2011 12:04,Medio (4 - 8 mts),125,Grande,-68.8521670724,-32.897144447,5,Residencial Sur,2423808.92355,1
4621,Morera,05/08/2011 09:00,Alto (> 8 mts),168,Grande,-68.8330702517,-32.8646036577,4,Cuarta Oeste,1173332.70145,0
8625,Prunas,01/02/2011 10:53,Medio (4 - 8 mts),71,Grande,-68.8393268547,-32.9038553838,2,Barrio Civico,2366816.36021,0
32512,Morera,27/05/2011 09:54,Alto (> 8 mts),145,Grande,-68.8536207981,-32.888124173,5,Residencial Sur,2423808.92355,0
34394,Olmo bola,23/03/2011 13:20,Medio (4 - 8 mts),116,Grande,-68.8505821061,-32.8754299362,6,Residencial Norte,2694682.37982,0
27760,Fresno europeo,04/11/2011 09:43,Medio (4 - 8 mts),80,Grande,-68.8350433275,-32.8948013879,3,Parque O'Higgins,1531146.02653,0
37427,Morera,04/01/2011 10:44,Alto (> 8 mts),110,Grande,-68.8566607709,-32.8706589721,6,Residencial Norte,2694682.37982,0
25074,Fresno europeo,14/02/2011 18:05,Medio (4 - 8 mts),68,Grande,-68.8364053994,-32.8969465994,2,Barrio Civico,2366816.36021,0
19426,Fresno europeo,01/07/2011 12:49,Alto (> 8 mts),115,Grande,-68.8355591753,-32.8716266801,4,Cuarta Oeste,1173332.70145,0
15844,Fresno americano,29/11/2011 07:33,Medio (4 - 8 mts),25,Mediano,-68.8730299496,-32.8773759993,7,Residencial Parque,1786336.08966,0
45798,Jacaranda,01/09/2011 11:15,Medio (4 - 8 mts),200,Grande,-68.8193332876,-32.8707865475,4,Cuarta Este Área Fundacional,1822015.85685,0
21198,Morera,10/05/2011 11:22,Alto (> 8 mts),140,Grande,-68.8530176698,-32.8958852161,5,Residencial Sur,2423808.92355,0
13514,Morera,01/02/2011 11:12,Muy bajo (1 - 2 mts),6,Chico,-68.8519714559,-32.864124109,6,Residencial Norte,2694682.37982,0
17615,Paraiso sombrilla,19/07/2011 19:53,Alto (> 8 mts),130,Grande,-68.843302265,-32.8665001162,4,Cuarta Oeste,1173332.70145,0
44827,Morera,24/08/2011 11:44,Medio (4 - 8 mts),53,Mediano,-68.824329822,-32.8698503126,4,Cuarta Este Área Fundacional,1822015.85685,0
205,Morera,07/03/2012 10:57,Muy bajo (1 - 2 mts),2,Chico,-68.8393497818,-32.8705100171,4,Cuarta Oeste,1173332.70145,0
25079,Morera,14/02/2011 17:58,Medio (4 - 8 mts),98,Grande,-68.8367644187,-32.8969482912,2,Barrio Civico,2366816.36021,1
16077,Platano,21/07/2011 10:38,Alto (> 8 mts),180,Grande,-68.8449231464,-32.8724677189,6,Residencial Norte,2694682.37982,0
35794,Morera,21/03/2011 12:07,Alto (> 8 mts),220,Grande,-68.8538917879,-32.8750733488,6,Residencial Norte,2694682.37982,0
15178,Acacia SP,18/11/2011 07:54,Bajo (2 - 4 mts),27,Mediano,-68.8601747419,-32.8696588635,6,Residencial Norte,2694682.37982,0
10924,Morera,29/03/2011 10:22,Alto (> 8 mts),154,Grande,-68.8512216522,-32.8802315424,1,Parque Central,1655357.93265,1
1077,Prunas,14/12/2011 09:51,Muy bajo (1 - 2 mts),8,Chico,-68.8807104245,-32.8680690429,8,Aeroparque,2203364.73622,0
5043,Morera,16/08/2011 08:53,Medio (4 - 8 mts),55,Mediano,-68.8364545817,-32.8633796483,4,Cuarta Oeste,1173332.70145,0
30428,Platano,21/02/2011 12:12,Alto (> 8 mts),240,Grande,-68.841587798,-32.8884530463,3,Parque O'Higgins,1531146.02653,1
15864,Acacia SP,28/11/2011 21:12,Bajo (2 - 4 mts),30,Mediano,-68.8728373855,-32.876932171200004,7,Residencial Parque,1786336.08966,0
23746,Fresno americano,25/01/2011 11:21,Medio (4 - 8 mts),28,Mediano,-68.8493097658,-32.9007830006,2,Barrio Civico,2366816.36021,0
48265,Morera,31/08/2011 11:09,Muy bajo (1 - 2 mts),8,Chico,-68.8274807816,-32.8697209801,4,Cuarta Este Área Fundacional,1822015.85685,0
24235,Fresno americano,27/01/2011 12:04,Alto (> 8 mts),120,Grande,-68.844797013,-32.9013637755,2,Barrio Civico,2366816.36021,0
33950,Morera,24/05/2011 11:24,Bajo (2 - 4 mts),100,Grande,-68.8529291545,-32.8848949951,5,Residencial Sur,2423808.92355,0
32610,Platano,22/06/2011 13:41,Alto (> 8 mts),198,Grande,-68.8516752796,-32.8896073449,5,Residencial Sur,2423808.92355,0
10126,Olmo bola,30/12/2010 13:18,Bajo (2 - 4 mts),70,Grande,-68.8562277802,-32.871142081,6,Residencial Norte,2694682.37982,0
4596,Paraiso,03/08/2011 07:54,Bajo (2 - 4 mts),34,Mediano,-68.8359497498,-32.8678041416,4,Cuarta Oeste,1173332.70145,0
31947,Liquidambar,02/06/2011 13:46,Bajo (2 - 4 mts),50,Mediano,-68.860520578,-32.8844187065,5,Residencial Sur,2423808.92355,0
26348,Fresno europeo,21/10/2011 10:11,Medio (4 - 8 mts),120,Grande,-68.8330838989,-32.887689494,3,Parque O'Higgins,1531146.02653,0
21811,Platano,13/05/2011 10:04,Alto (> 8 mts),210,Grande,-68.8564481346,-32.8941948049,5,Residencial Sur,2423808.92355,0
8787,Acer,03/02/2011 14:17,Bajo (2 - 4 mts),30,Mediano,-68.8557077814,-32.8671674756,6,Residencial Norte,2694682.37982,0
15607,Paraiso,16/11/2011 13:31,Muy bajo (1 - 2 mts),7,Chico,-68.8616865008,-32.8712316506,7,Residencial Parque,1786336.08966,0
47010,Paraiso,08/09/2011 12:59,Medio (4 - 8 mts),148,Grande,-68.8318752992,-32.8708168239,4,Cuarta Este Área Fundacional,1822015.85685,0
7017,Caducifolio,10/06/2011 12:22,Muy bajo (1 - 2 mts),5,Chico,-68.8538748645,-32.8977152697,5,Residencial Sur,2423808.92355,0
29221,Platano,03/03/2011 10:08,Alto (> 8 mts),220,Grande,-68.845388152,-32.887514062,1,Parque Central,1655357.93265,1
1936,Morera,16/11/2011 12:21,Medio (4 - 8 mts),60,Mediano,-68.8607692644,-32.8704857278,7,Residencial Parque,1786336.08966,0
37260,Platano,15/03/2011 11:57,Bajo (2 - 4 mts),7,Chico,-68.8585103425,-32.8730782499,6,Residencial Norte,2694682.37982,0
26341,Morera,20/10/2011 11:15,Muy bajo (1 - 2 mts),4,Chico,-68.8326927264,-32.8889840186,3,Parque O'Higgins,1531146.02653,0
6505,Morera,09/06/2011 10:01,Medio (4 - 8 mts),50,Mediano,-68.8612413275,-32.8871648731,5,Residencial Sur,2423808.92355,0
29982,Platano,28/04/2011 09:59,Alto (> 8 mts),160,Grande,-68.8419836499,-32.8857394247,1,Parque Central,1655357.93265,0
6791,Olmo comun,27/05/2011 10:09,Alto (> 8 mts),53,Mediano,-68.8585092415,-32.8949129407,5,Residencial Sur,2423808.92355,0
47803,Fresno americano,26/09/2011 08:39,Alto (> 8 mts),92,Grande,-68.8270102978,-32.8742483662,4,Cuarta Este Área Fundacional,1822015.85685,0
16159,Morera,18/07/2011 10:53,Alto (> 8 mts),258,Grande,-68.8431333009,-32.8670705872,4,Cuarta Oeste,1173332.70145,0
14491,Morera,30/11/2011 18:08,Bajo (2 - 4 mts),16,Chico,-68.8792457454,-32.8667568315,8,Aeroparque,2203364.73622,0
13368,Fresno europeo,11/01/2011 10:13,Bajo (2 - 4 mts),40,Mediano,-68.8448957855,-32.8661090532,4,Cuarta Oeste,1173332.70145,0
18418,Morera,11/07/2011 11:25,Alto (> 8 mts),140,Grande,-68.8390902049,-32.8739433514,4,Cuarta Oeste,1173332.70145,0
27918,Fresno europeo,03/11/2011 11:47,Alto (> 8 mts),122,Grande,-68.8378231021,-32.8942314584,2,Barrio Civico,2366816.36021,0
47858,Olmo bola,21/09/2011 08:56,Alto (> 8 mts),170,Grande,-68.8292074711,-32.8735284625,4,Cuarta Este Área Fundacional,1822015.85685,0
29118,Platano,27/04/2011 09:08,Alto (> 8 mts),170,Grande,-68.8446780969,-32.8855048399,1,Parque Central,1655357.93265,0
750,Paraiso sombrilla,19/12/2011 09:10,Medio (4 - 8 mts),130,Grande,-68.8812650071,-32.8737780988,8,Aeroparque,2203364.73622,0
32470,Morera,26/05/2011 10:00,Alto (> 8 mts),148,Grande,-68.8523944863,-32.8883539777,5,Residencial Sur,2423808.92355,0
14337,Paraiso sombrilla,01/12/2011 12:51,Bajo (2 - 4 mts),80,Grande,-68.8777490916,-32.8670169092,8,Aeroparque,2203364.73622,0
19339,Morera,19/07/2011 11:24,Alto (> 8 mts),183,Grande,-68.8361296458,-32.8705261897,4,Cuarta Oeste,1173332.70145,0
16379,Morera,11/08/2011 10:23,Alto (> 8 mts),200,Grande,-68.8420346231,-32.862663883,4,Cuarta Oeste,1173332.70145,0
6968,Acer,31/05/2011 11:04,Alto (> 8 mts),76,Grande,-68.8608395196,-32.8958703419,5,Residencial Sur,2423808.92355,0
44155,Fresno europeo,06/10/2011 15:59,Alto (> 8 mts),180,Grande,-68.8351330191,-32.8775937501,1,Parque Central,1655357.93265,0
34339,Fresno europeo,28/03/2011 12:35,Medio (4 - 8 mts),70,Grande,-68.8516208234,-32.8747609635,6,Residencial Norte,2694682.37982,1
29865,Fresno europeo,14/03/2011 08:44,Alto (> 8 mts),130,Grande,-68.8423752951,-32.8922922506,2,Barrio Civico,2366816.36021,0
20590,Morera,30/05/2011 10:54,Bajo (2 - 4 mts),35,Mediano,-68.8626716863,-32.8972783642,5,Residencial Sur,2423808.92355,0
15037,Conifera,22/12/2011 17:24,Bajo (2 - 4 mts),30,Mediano,-68.8812516116,-32.8713737075,8,Aeroparque,2203364.73622,0
44039,Palo borracho,18/10/2011 12:49,Muy bajo (1 - 2 mts),25,Mediano,-68.8325323492,-32.8851980719,3,Parque O'Higgins,1531146.02653,0
36707,Fresno europeo,14/06/2011 18:03,Bajo (2 - 4 mts),60,Mediano,-68.8595505687,-32.882283279,7,Residencial Parque,1786336.08966,0
4018,Paraiso,26/09/2011 11:11,Muy bajo (1 - 2 mts),8,Chico,-68.8272163324,-32.8755654344,4,Cuarta Este Área Fundacional,1822015.85685,0
21436,Morera,10/05/2011 10:31,Alto (> 8 mts),130,Grande,-68.8560817668,-32.8931973838,5,Residencial Sur,2423808.92355,0
33406,Morera,02/06/2011 12:26,Alto (> 8 mts),146,Grande,-68.8568778393,-32.8875130411,5,Residencial Sur,2423808.92355,0
35975,Olmo bola,22/03/2011 10:28,Alto (> 8 mts),198,Grande,-68.8551852834,-32.8760490429,6,Residencial Norte,2694682.37982,0
47575,Fresno europeo,19/09/2011 08:14,Medio (4 - 8 mts),64,Grande,-68.8264324093,-32.8720648332,4,Cuarta Este Área Fundacional,1822015.85685,0
12355,Morera,13/01/2011 12:23,Alto (> 8 mts),95,Grande,-68.8475537712,-32.8666574842,6,Residencial Norte,2694682.37982,0
40573,Morera,15/04/2011 12:14,Alto (> 8 mts),190,Grande,-68.8459018136,-32.8844624681,1,Parque Central,1655357.93265,0
31202,Ligustro,07/02/2011 08:48,Bajo (2 - 4 mts),50,Mediano,-68.8535596982,-32.8639970501,6,Residencial Norte,2694682.37982,0
30396,Morera,04/03/2011 09:50,Alto (> 8 mts),140,Grande,-68.8405028723,-32.8903656736,3,Parque O'Higgins,1531146.02653,0
4072,Paraiso,04/10/2011 08:54,Medio (4 - 8 mts),80,Grande,-68.8281638136,-32.8779635626,4,Cuarta Este Área Fundacional,1822015.85685,0
18576,Morera,07/07/2011 10:05,Alto (> 8 mts),180,Grande,-68.8364153002,-32.8738178367,4,Cuarta Oeste,1173332.70145,0
1221,Morera,29/11/2011 12:04,Alto (> 8 mts),140,Grande,-68.877053044,-32.8648181918,8,Aeroparque,2203364.73622,0
15923,Paraiso sombrilla,24/11/2011 12:16,Bajo (2 - 4 mts),40,Mediano,-68.8732504371,-32.8771458581,7,Residencial Parque,1786336.08966,0
21648,Fresno europeo,08/06/2011 09:58,Alto (> 8 mts),180,Grande,-68.8546099565,-32.8967302893,5,Residencial Sur,2423808.92355,0
8319,Morera,16/03/2011 12:49,Alto (> 8 mts),240,Grande,-68.8450419456,-32.8930553331,2,Barrio Civico,2366816.36021,0
3971,Paraiso,26/09/2011 10:16,Medio (4 - 8 mts),100,Grande,-68.8271417334,-32.8778338461,4,Cuarta Este Área Fundacional,1822015.85685,0
8150,Platano,02/03/2011 13:16,Alto (> 8 mts),135,Grande,-68.8457780878,-32.8916659497,2,Barrio Civico,2366816.36021,0
22061,Ailanthus,10/06/2011 09:56,Alto (> 8 mts),104,Grande,-68.85394107,-32.8981857608,5,Residencial Sur,2423808.92355,0
20848,Fresno europeo,27/05/2011 09:32,Medio (4 - 8 mts),57,Mediano,-68.8594046721,-32.8948876872,5,Residencial Sur,2423808.92355,0
24033,Morera,21/01/2011 13:33,Alto (> 8 mts),180,Grande,-68.8459938882,-32.9016602658,2,Barrio Civico,2366816.36021,0
2092,Morera,22/11/2011 11:55,Alto (> 8 mts),210,Grande,-68.827974701,-32.8819887013,3,Parque O'Higgins,1531146.02653,0
19575,Morera,14/07/2011 10:25,Alto (> 8 mts),106,Grande,-68.8377951967,-32.8724140733,4,Cuarta Oeste,1173332.70145,0
30109,Platano,26/04/2011 10:00,Alto (> 8 mts),175,Grande,-68.8413168257,-32.8874612629,3,Parque O'Higgins,1531146.02653,0
1174,Morera,29/11/2011 10:20,Muy bajo (1 - 2 mts),2,Chico,-68.8761321259,-32.8648992404,8,Aeroparque,2203364.73622,0
1817,Acer,24/11/2011 13:03,Medio (4 - 8 mts),30,Mediano,-68.8708924862,-32.8798592702,7,Residencial Parque,1786336.08966,0
33405,Morera,02/06/2011 12:25,Alto (> 8 mts),155,Grande,-68.8568021516,-32.887527832400004,5,Residencial Sur,2423808.92355,0
25173,Morera,09/02/2011 16:09,Alto (> 8 mts),158,Grande,-68.8357374359,-32.8989496265,2,Barrio Civico,2366816.36021,0
4736,Ligustro,10/08/2011 11:25,Medio (4 - 8 mts),54,Mediano,-68.8342814294,-32.8659449828,4,Cuarta Oeste,1173332.70145,0
6833,Morera,24/05/2011 09:50,Alto (> 8 mts),102,Grande,-68.8626197881,-32.8941041158,5,Residencial Sur,2423808.92355,1
27075,Platano,21/10/2011 14:53,Alto (> 8 mts),160,Grande,-68.8384988865,-32.8876475457,3,Parque O'Higgins,1531146.02653,0
6504,Tilo,09/06/2011 10:03,Medio (4 - 8 mts),52,Mediano,-68.8612486514,-32.887230611,5,Residencial Sur,2423808.92355,0
29702,Morera,02/03/2011 15:14,Bajo (2 - 4 mts),42,Mediano,-68.8419091805,-32.8936198216,2,Barrio Civico,2366816.36021,1
43133,Fresno europeo,04/10/2011 08:41,Alto (> 8 mts),186,Grande,-68.8292333214,-32.8779084181,4,Cuarta Este Área Fundacional,1822015.85685,0
34845,Ailanthus,30/03/2011 09:50,Medio (4 - 8 mts),25,Mediano,-68.8514347567,-32.8768723993,6,Residencial Norte,2694682.37982,0
39850,Morera,03/05/2011 13:22,Alto (> 8 mts),150,Grande,-68.8441820375,-32.8734797853,6,Residencial Norte,2694682.37982,0
5673,Platano,02/05/2011 11:17,Bajo (2 - 4 mts),27,Mediano,-68.8402937921,-32.8753215033,1,Parque Central,1655357.93265,0
21251,Fresno europeo,14/06/2011 13:09,Bajo (2 - 4 mts),50,Mediano,-68.853670936,-32.8972359648,5,Residencial Sur,2423808.92355,0
39352,Prunas,01/12/2010 10:18,Bajo (2 - 4 mts),37,Mediano,-68.8561396465,-32.8722585208,6,Residencial Norte,2694682.37982,0
6094,Fresno europeo,15/04/2011 11:44,Medio (4 - 8 mts),26,Mediano,-68.8465704485,-32.8837034411,1,Parque Central,1655357.93265,0
9150,Morera,28/02/2011 12:57,Alto (> 8 mts),58,Mediano,-68.8518666102,-32.8652132842,6,Residencial Norte,2694682.37982,0
35750,Morera,04/03/2011 12:11,Alto (> 8 mts),170,Grande,-68.8553484805,-32.8733071805,6,Residencial Norte,2694682.37982,0
2988,Fresno europeo,16/09/2011 11:38,Muy bajo (1 - 2 mts),10,Chico,-68.8246998358,-32.8718853272,4,Cuarta Este Área Fundacional,1822015.85685,0
16290,Acer,22/07/2011 08:54,Medio (4 - 8 mts),100,Grande,-68.8429689552,-32.8634023422,4,Cuarta Oeste,1173332.70145,0
41872,Conifera,04/05/2011 11:25,Alto (> 8 mts),68,Grande,-68.8414008098,-32.8779901714,1,Parque Central,1655357.93265,0
30838,Morera,14/02/2011 13:36,Alto (> 8 mts),190,Grande,-68.8553766481,-32.8666218238,6,Residencial Norte,2694682.37982,0
597,Paraiso,08/03/2012 09:25,Medio (4 - 8 mts),100,Grande,-68.8198623028,-32.8679683353,4,Cuarta Este Área Fundacional,1822015.85685,0
27351,Fresno europeo,20/10/2011 12:05,Alto (> 8 mts),130,Grande,-68.8365941429,-32.8875920583,3,Parque O'Higgins,1531146.02653,0
5876,Acer,19/04/2011 12:15,Alto (> 8 mts),155,Grande,-68.8412289433,-32.8826507831,1,Parque Central,1655357.93265,0
20621,Morera,02/06/2011 12:21,Alto (> 8 mts),125,Grande,-68.8598503701,-32.8958047753,5,Residencial Sur,2423808.92355,0
28787,Morera,19/04/2011 12:34,Alto (> 8 mts),80,Grande,-68.8477229485,-32.8864186667,1,Parque Central,1655357.93265,0
36677,Fresno europeo,03/06/2011 16:09,Medio (4 - 8 mts),130,Grande,-68.8587053254,-32.8829683899,7,Residencial Parque,1786336.08966,0
41080,Platano,28/04/2011 12:00,Alto (> 8 mts),162,Grande,-68.8383375969,-32.8839109031,1,Parque Central,1655357.93265,0
31064,Acer,09/02/2011 13:06,Alto (> 8 mts),140,Grande,-68.8552554939,-32.8653107757,6,Residencial Norte,2694682.37982,0
34088,Olmo comun,31/05/2011 12:52,Medio (4 - 8 mts),110,Grande,-68.8568606698,-32.883767752,5,Residencial Sur,2423808.92355,0
34395,Paraiso sombrilla,23/03/2011 13:17,Medio (4 - 8 mts),92,Grande,-68.8506086662,-32.87552158,6,Residencial Norte,2694682.37982,0
6863,Morera,07/06/2011 10:46,Alto (> 8 mts),150,Grande,-68.8577267131,-32.8951607456,5,Residencial Sur,2423808.92355,0
43073,Fresno americano,03/10/2011 09:40,Alto (> 8 mts),200,Grande,-68.8316113697,-32.8788723852,4,Cuarta Este Área Fundacional,1822015.85685,0
17034,Morera,09/08/2011 10:16,Alto (> 8 mts),180,Grande,-68.8382747529,-32.8633460809,4,Cuarta Oeste,1173332.70145,0
6803,Fresno europeo,26/05/2011 13:21,Bajo (2 - 4 mts),22,Mediano,-68.860170618,-32.8946342907,5,Residencial Sur,2423808.92355,0
36135,Fresno europeo,04/04/2011 09:41,Muy bajo (1 - 2 mts),4,Chico,-68.8518166792,-32.8779158629,6,Residencial Norte,2694682.37982,0
25698,Ailanthus,04/02/2011 10:12,Muy bajo (1 - 2 mts),8,Chico,-68.8405473418,-32.9024473764,2,Barrio Civico,2366816.36021,0
10916,Morera,18/03/2011 13:05,Medio (4 - 8 mts),69,Grande,-68.8532926286,-32.8793549939,6,Residencial Norte,2694682.37982,0
30301,Morera,11/03/2011 08:54,Alto (> 8 mts),149,Grande,-68.8415802982,-32.8903247376,2,Barrio Civico,2366816.36021,0
36081,Morera,06/04/2011 10:08,Alto (> 8 mts),130,Grande,-68.8543176781,-32.8766618184,6,Residencial Norte,2694682.37982,0
36056,Morera,17/03/2011 13:08,Alto (> 8 mts),95,Grande,-68.857455198,-32.8756002624,6,Residencial Norte,2694682.37982,0
7406,Acer,19/05/2011 16:58,Bajo (2 - 4 mts),16,Chico,-68.8558216742,-32.900258440099996,5,Residencial Sur,2423808.92355,0
41783,Morera,27/04/2011 10:08,Medio (4 - 8 mts),68,Grande,-68.8427113605,-32.8785125541,1,Parque Central,1655357.93265,0
12567,Morera,11/01/2011 08:56,Alto (> 8 mts),124,Grande,-68.8447357364,-32.8627346209,4,Cuarta Oeste,1173332.70145,0
41523,Morera,04/05/2011 09:04,Medio (4 - 8 mts),68,Grande,-68.8387469478,-32.8776545043,1,Parque Central,1655357.93265,0
36302,Paraiso,04/04/2011 11:57,Medio (4 - 8 mts),100,Grande,-68.8537722353,-32.8765592905,6,Residencial Norte,2694682.37982,0
28172,Tipa,23/02/2011 14:38,Alto (> 8 mts),138,Grande,-68.8480882514,-32.8913779639,2,Barrio Civico,2366816.36021,0
29775,Morera,09/03/2011 10:46,Alto (> 8 mts),54,Mediano,-68.8425507647,-32.8912860905,2,Barrio Civico,2366816.36021,0
3182,Fresno europeo,21/09/2011 11:35,Medio (4 - 8 mts),50,Mediano,-68.830732211,-32.8746955286,4,Cuarta Este Área Fundacional,1822015.85685,0
22724,Fresno europeo,11/05/2011 10:06,Alto (> 8 mts),88,Grande,-68.8532938963,-32.9013672017,2,Barrio Civico,2366816.36021,0
21422,Morera,10/05/2011 11:12,Alto (> 8 mts),100,Grande,-68.8567105252,-32.8924905937,5,Residencial Sur,2423808.92355,0
2780,Morera,20/10/2011 15:55,Bajo (2 - 4 mts),120,Grande,-68.8298466313,-32.8814761548,3,Parque O'Higgins,1531146.02653,0
28139,Morera,14/03/2011 16:21,Bajo (2 - 4 mts),10,Chico,-68.8476191274,-32.8915968098,2,Barrio Civico,2366816.36021,0
45941,Olmo comun,29/08/2011 10:00,Alto (> 8 mts),110,Grande,-68.8183027416,-32.8696689608,4,Cuarta Este Área Fundacional,1822015.85685,0
13108,Olmo bola,16/02/2011 12:34,Bajo (2 - 4 mts),50,Mediano,-68.8456096388,-32.8660611707,4,Cuarta Oeste,1173332.70145,0
18513,Morera,06/07/2011 13:18,Alto (> 8 mts),180,Grande,-68.8378944785,-32.8745187554,1,Parque Central,1655357.93265,0
10697,Morera,29/03/2011 12:05,Medio (4 - 8 mts),86,Grande,-68.849477198,-32.8751606579,6,Residencial Norte,2694682.37982,0
3500,Morera,26/08/2011 07:28,Alto (> 8 mts),170,Grande,-68.8241479368,-32.8681814205,4,Cuarta Este Área Fundacional,1822015.85685,0
33524,Platano,16/06/2011 11:54,Alto (> 8 mts),199,Grande,-68.8550215507,-32.8889742508,5,Residencial Sur,2423808.92355,0
17652,Morera,20/07/2011 12:01,Medio (4 - 8 mts),48,Mediano,-68.8416892438,-32.8661324481,4,Cuarta Oeste,1173332.70145,0
33808,Fresno europeo,12/05/2011 12:55,Bajo (2 - 4 mts),50,Mediano,-68.8556409648,-32.8864354499,5,Residencial Sur,2423808.92355,0
10258,Morera,09/12/2010 13:09,Muy bajo (1 - 2 mts),3,Chico,-68.8484504464,-32.8708243742,6,Residencial Norte,2694682.37982,0
31282,Morera,03/02/2011 11:42,Medio (4 - 8 mts),120,Grande,-68.8529053762,-32.8646327775,6,Residencial Norte,2694682.37982,0
12848,Caducifolio,18/01/2011 13:38,Medio (4 - 8 mts),84,Grande,-68.846481016,-32.8639481123,4,Cuarta Oeste,1173332.70145,0
21718,Morera,09/06/2011 11:08,Alto (> 8 mts),100,Grande,-68.8554613148,-32.8957843413,5,Residencial Sur,2423808.92355,1
20127,Morera,16/05/2011 11:18,Alto (> 8 mts),135,Grande,-68.8619400813,-32.8914666231,5,Residencial Sur,2423808.92355,0
30103,Morera,26/04/2011 10:15,Alto (> 8 mts),118,Grande,-68.8416669943,-32.8879064212,3,Parque O'Higgins,1531146.02653,0
9157,Paraiso sombrilla,01/03/2011 13:54,Medio (4 - 8 mts),45,Mediano,-68.8517006765,-32.8664008591,6,Residencial Norte,2694682.37982,0
43883,Platano,11/10/2011 09:49,Alto (> 8 mts),310,Grande,-68.8338026335,-32.883720591,3,Parque O'Higgins,1531146.02653,1
15319,Paraiso,17/11/2011 12:35,Bajo (2 - 4 mts),40,Mediano,-68.8593301006,-32.8708924529,6,Residencial Norte,2694682.37982,0
9688,Morera,20/01/2011 12:18,Alto (> 8 mts),160,Grande,-68.8471802868,-32.8635181609,4,Cuarta Oeste,1173332.70145,0
46943,Caducifolio,07/09/2011 10:10,Bajo (2 - 4 mts),12,Chico,-68.8333068824,-32.8715619331,4,Cuarta Este Área Fundacional,1822015.85685,0
28587,Morera,22/02/2011 09:32,Alto (> 8 mts),126,Grande,-68.849151212,-32.8900776553,5,Residencial Sur,2423808.92355,0
5528,Morera,27/04/2011 10:47,Medio (4 - 8 mts),58,Mediano,-68.8380259263,-32.8754700591,1,Parque Central,1655357.93265,0
37816,Fresno europeo,10/12/2010 11:06,Alto (> 8 mts),110,Grande,-68.8484001925,-32.8719340583,6,Residencial Norte,2694682.37982,0
19654,Paraiso,13/07/2011 09:54,Alto (> 8 mts),158,Grande,-68.8352019815,-32.87040519,4,Cuarta Oeste,1173332.70145,0
26765,Morera,11/01/2012 08:57,Alto (> 8 mts),168,Grande,-68.8333370708,-32.8956147605,3,Parque O'Higgins,1531146.02653,0
11760,Morera,12/05/2010 10:38,Medio (4 - 8 mts),86,Grande,-68.8517781215,-32.8665448244,6,Residencial Norte,2694682.37982,0
8227,Olmo comun,03/03/2011 20:08,Alto (> 8 mts),152,Grande,-68.8413931146,-32.8927273064,2,Barrio Civico,2366816.36021,0
11052,Platano,06/04/2011 10:04,Alto (> 8 mts),149,Grande,-68.8562819901,-32.8794893813,6,Residencial Norte,2694682.37982,0
19797,Prunas,08/08/2011 10:50,Bajo (2 - 4 mts),22,Mediano,-68.835267411,-32.8645492881,4,Cuarta Oeste,1173332.70145,0
43824,Fresno europeo,18/10/2011 12:55,Bajo (2 - 4 mts),28,Mediano,-68.831191323,-32.8813840359,3,Parque O'Higgins,1531146.02653,0
17085,Morera,15/08/2011 11:50,Alto (> 8 mts),185,Grande,-68.8373765664,-32.8634058307,4,Cuarta Oeste,1173332.70145,1
25596,Morera,08/02/2011 18:37,Alto (> 8 mts),172,Grande,-68.8384523392,-32.9018599414,2,Barrio Civico,2366816.36021,1
23018,Fresno europeo,17/06/2011 17:58,Muy bajo (1 - 2 mts),4,Chico,-68.8582907119,-32.9002344473,5,Residencial Sur,2423808.92355,0
25421,Fresno europeo,14/02/2011 12:28,Alto (> 8 mts),184,Grande,-68.8367535019,-32.9003311741,2,Barrio Civico,2366816.36021,0
17808,Paraiso,21/07/2011 12:55,Medio (4 - 8 mts),115,Grande,-68.8431590006,-32.8692840093,4,Cuarta Oeste,1173332.70145,0
16076,Paraiso,21/07/2011 10:39,Medio (4 - 8 mts),60,Mediano,-68.8449853128,-32.8724560216,6,Residencial Norte,2694682.37982,0
22043,Fresno europeo,16/05/2011 09:56,Bajo (2 - 4 mts),60,Mediano,-68.857219551,-32.8938792846,5,Residencial Sur,2423808.92355,0
27692,Platano,28/10/2011 10:47,Alto (> 8 mts),185,Grande,-68.8374749461,-32.8946687971,2,Barrio Civico,2366816.36021,0
10808,Morera,01/04/2011 11:47,Bajo (2 - 4 mts),26,Mediano,-68.858002443,-32.8776651728,7,Residencial Parque,1786336.08966,0
9895,Fresno europeo,14/02/2011 09:50,Medio (4 - 8 mts),62,Grande,-68.8570939973,-32.8647208208,6,Residencial Norte,2694682.37982,0
38553,Morera,21/12/2010 12:49,Alto (> 8 mts),120,Grande,-68.8526410288,-32.8714695235,6,Residencial Norte,2694682.37982,0
11526,Fresno europeo,23/02/2011 09:32,Medio (4 - 8 mts),48,Mediano,-68.8533988878,-32.8661652739,6,Residencial Norte,2694682.37982,0
39640,Fresno europeo,22/10/2010 11:06,Medio (4 - 8 mts),45,Mediano,-68.8464898135,-32.8697563007,6,Residencial Norte,2694682.37982,0
11990,Fresno europeo,14/05/2010 12:33,Bajo (2 - 4 mts),117,Grande,-68.8523454241,-32.8688600316,6,Residencial Norte,2694682.37982,0
786,Acer,14/12/2011 10:28,Medio (4 - 8 mts),20,Chico,-68.8794775004,-32.8670438004,8,Aeroparque,2203364.73622,0
38746,Platano,01/11/2010 12:36,Alto (> 8 mts),290,Grande,-68.8496134899,-32.8704767617,6,Residencial Norte,2694682.37982,0
25246,Morera,08/02/2011 11:20,Alto (> 8 mts),160,Grande,-68.8393831938,-32.8986267895,2,Barrio Civico,2366816.36021,1
21855,Morera,07/06/2011 09:49,Alto (> 8 mts),102,Grande,-68.8575566897,-32.8958533807,5,Residencial Sur,2423808.92355,0
22490,Paraiso,23/06/2011 11:49,Alto (> 8 mts),160,Grande,-68.8621428029,-32.8981981767,5,Residencial Sur,2423808.92355,0
1798,Fresno europeo,25/11/2011 09:09,Bajo (2 - 4 mts),30,Mediano,-68.8702104223,-32.8793165536,7,Residencial Parque,1786336.08966,0
9547,Fresno europeo,08/02/2011 12:02,Bajo (2 - 4 mts),44,Mediano,-68.8548545564,-32.8650476176,6,Residencial Norte,2694682.37982,0
46587,Morera,05/09/2011 13:51,Alto (> 8 mts),122,Grande,-68.8328192397,-32.8689301387,4,Cuarta Oeste,1173332.70145,1
28431,Platano,28/02/2011 10:17,Alto (> 8 mts),210,Grande,-68.8459806233,-32.8898177265,2,Barrio Civico,2366816.36021,0
46581,Morera,07/09/2011 08:39,Alto (> 8 mts),155,Grande,-68.8329498295,-32.8694613534,4,Cuarta Oeste,1173332.70145,0
20970,Morera,14/06/2011 13:47,Alto (> 8 mts),70,Grande,-68.862689155,-32.9017040263,5,Residencial Sur,2423808.92355,0
7807,Morera,12/05/2011 09:50,Bajo (2 - 4 mts),80,Grande,-68.8577618012,-32.8856857928,5,Residencial Sur,2423808.92355,0
16182,Paraiso,15/07/2011 12:19,Alto (> 8 mts),200,Grande,-68.8433831866,-32.8688641663,4,Cuarta Oeste,1173332.70145,0
36276,Morera,01/04/2011 13:11,Medio (4 - 8 mts),150,Grande,-68.8536303813,-32.8775682099,6,Residencial Norte,2694682.37982,0
19805,Morera,04/08/2011 11:30,Alto (> 8 mts),195,Grande,-68.8351126842,-32.8639002831,4,Cuarta Oeste,1173332.70145,1
22544,Acer,16/06/2011 11:51,Bajo (2 - 4 mts),30,Mediano,-68.859801864,-32.9002892415,5,Residencial Sur,2423808.92355,0
13650,Paraiso,23/02/2011 13:01,Alto (> 8 mts),150,Grande,-68.8526353919,-32.8659926455,6,Residencial Norte,2694682.37982,0
13411,Morera,07/01/2011 12:34,Alto (> 8 mts),123,Grande,-68.8437912682,-32.8642829492,4,Cuarta Oeste,1173332.70145,0
13140,Morera,21/02/2011 09:18,Medio (4 - 8 mts),86,Grande,-68.8470310303,-32.8649375643,4,Cuarta Oeste,1173332.70145,0
43205,Morera,11/11/2011 09:32,Medio (4 - 8 mts),48,Mediano,-68.8280888521,-32.8817922442,3,Parque O'Higgins,1531146.02653,0
16775,Morera,11/08/2011 13:37,Alto (> 8 mts),158,Grande,-68.8395223213,-32.8625221853,4,Cuarta Oeste,1173332.70145,0
6078,Morera,19/04/2011 12:15,Muy bajo (1 - 2 mts),12,Chico,-68.8427229045,-32.8834516451,1,Parque Central,1655357.93265,0
13486,Morera,31/01/2011 13:05,Alto (> 8 mts),220,Grande,-68.8520014616,-32.8637694896,6,Residencial Norte,2694682.37982,0
27989,Morera,31/10/2011 09:09,Medio (4 - 8 mts),65,Grande,-68.8373213154,-32.8937024158,2,Barrio Civico,2366816.36021,1
42784,Olmo comun,30/09/2011 12:55,Medio (4 - 8 mts),80,Grande,-68.8295002731,-32.8780097719,4,Cuarta Este Área Fundacional,1822015.85685,0
2273,Fresno europeo,28/10/2011 09:56,Alto (> 8 mts),175,Grande,-68.8375560087,-32.8909725689,3,Parque O'Higgins,1531146.02653,0
42453,Morera,26/09/2011 09:58,Alto (> 8 mts),78,Grande,-68.8322339388,-32.8757332666,4,Cuarta Este Área Fundacional,1822015.85685,0
23955,Fresno europeo,12/01/2011 12:02,Alto (> 8 mts),160,Grande,-68.8469979048,-32.900524719,2,Barrio Civico,2366816.36021,0
1476,Prunas,25/11/2011 11:27,Bajo (2 - 4 mts),30,Mediano,-68.8715963717,-32.8769780971,7,Residencial Parque,1786336.08966,0
16221,Morera,20/07/2011 11:02,Alto (> 8 mts),180,Grande,-68.8434023785,-32.8654264256,4,Cuarta Oeste,1173332.70145,0
16499,Morera,04/08/2011 13:40,Alto (> 8 mts),140,Grande,-68.8418445423,-32.8651991197,4,Cuarta Oeste,1173332.70145,0
30785,Morera,02/02/2011 09:25,Alto (> 8 mts),155,Grande,-68.8564926955,-32.8661813225,6,Residencial Norte,2694682.37982,1
47814,Morera,23/09/2011 15:22,Alto (> 8 mts),125,Grande,-68.8262315342,-32.8741452151,4,Cuarta Este Área Fundacional,1822015.85685,1
43193,Morera,11/10/2011 16:00,Alto (> 8 mts),120,Grande,-68.8282454524,-32.8808780034,4,Cuarta Este Área Fundacional,1822015.85685,0
24843,Morera,16/02/2011 13:24,Alto (> 8 mts),190,Grande,-68.8382183524,-32.8963982822,2,Barrio Civico,2366816.36021,0
22418,Acer,15/06/2011 09:56,Medio (4 - 8 mts),63,Grande,-68.8605118046,-32.8993009352,5,Residencial Sur,2423808.92355,0
36839,Morera,28/03/2011 17:09,Alto (> 8 mts),178,Grande,-68.858226354,-32.8790368619,7,Residencial Parque,1786336.08966,0
43435,Fresno europeo,26/10/2011 15:24,Medio (4 - 8 mts),90,Grande,-68.8323603656,-32.8811176252,3,Parque O'Higgins,1531146.02653,1
22813,Fresno americano,14/06/2011 12:21,Medio (4 - 8 mts),58,Mediano,-68.8589134226,-32.9022581836,5,Residencial Sur,2423808.92355,0
9930,Platano,17/11/2010 11:05,Muy bajo (1 - 2 mts),5,Chico,-68.8580706983,-32.8695990768,6,Residencial Norte,2694682.37982,0
21885,Fresno europeo,03/06/2011 11:44,Alto (> 8 mts),101,Grande,-68.8591958769,-32.8968557399,5,Residencial Sur,2423808.92355,0
1775,Prunas,25/11/2011 10:10,Medio (4 - 8 mts),30,Mediano,-68.8702944416,-32.8783549549,7,Residencial Parque,1786336.08966,0
46809,Morera,07/09/2011 10:35,Medio (4 - 8 mts),180,Grande,-68.833324107,-32.8719501353,4,Cuarta Este Área Fundacional,1822015.85685,0
41449,Platano,07/04/2011 12:24,Alto (> 8 mts),180,Grande,-68.8409444542,-32.8810210838,1,Parque Central,1655357.93265,0
16755,Morera,15/08/2011 10:39,Alto (> 8 mts),90,Grande,-68.8382152196,-32.862829062,4,Cuarta Oeste,1173332.70145,0
24785,Morera,15/02/2011 09:23,Alto (> 8 mts),170,Grande,-68.8396046185,-32.895257085,2,Barrio Civico,2366816.36021,0
17981,Morera,01/08/2011 09:14,Alto (> 8 mts),220,Grande,-68.8397210122,-32.8678473964,4,Cuarta Oeste,1173332.70145,0
3644,Prunas,24/08/2011 12:19,Muy bajo (1 - 2 mts),20,Chico,-68.8226937383,-32.8694072536,4,Cuarta Este Área Fundacional,1822015.85685,0
14420,Morera,02/12/2011 09:41,Bajo (2 - 4 mts),55,Mediano,-68.8788982135,-32.8684165229,8,Aeroparque,2203364.73622,0
38178,Olmo bola,20/10/2010 13:51,Medio (4 - 8 mts),170,Grande,-68.8453070834,-32.8706313809,6,Residencial Norte,2694682.37982,0
28245,Morera,28/02/2011 16:52,Alto (> 8 mts),180,Grande,-68.8480294172,-32.8925985119,2,Barrio Civico,2366816.36021,0
42889,Morera,03/10/2011 08:36,Alto (> 8 mts),125,Grande,-68.8335371154,-32.876523442,4,Cuarta Este Área Fundacional,1822015.85685,1
11773,Fresno europeo,25/01/2011 11:54,Alto (> 8 mts),50,Mediano,-68.8488892428,-32.864511098,6,Residencial Norte,2694682.37982,0
2006,Morera,14/11/2011 13:44,Alto (> 8 mts),100,Grande,-68.8325822794,-32.8947144754,3,Parque O'Higgins,1531146.02653,0
48109,Morera,29/09/2011 09:21,Alto (> 8 mts),198,Grande,-68.8255356515,-32.8672420496,4,Cuarta Este Área Fundacional,1822015.85685,0
41160,Morera,18/04/2011 11:49,Alto (> 8 mts),155,Grande,-68.8380795259,-32.8807035284,1,Parque Central,1655357.93265,1
14847,Morera,19/12/2011 08:03,Bajo (2 - 4 mts),22,Mediano,-68.8799207404,-32.8713931859,8,Aeroparque,2203364.73622,0
19895,Perenne,29/06/2011 09:26,Bajo (2 - 4 mts),26,Mediano,-68.8349721697,-32.8636209366,4,Cuarta Oeste,1173332.70145,0
10079,Fresno europeo,22/10/2010 10:19,Bajo (2 - 4 mts),32,Mediano,-68.8462290794,-32.8687671462,6,Residencial Norte,2694682.37982,0
6346,Fresno europeo,27/06/2011 11:36,Alto (> 8 mts),125,Grande,-68.8542836787,-32.8904644731,5,Residencial Sur,2423808.92355,0
12159,Paraiso,19/01/2011 13:18,Alto (> 8 mts),196,Grande,-68.8467678679,-32.8679178996,6,Residencial Norte,2694682.37982,1
24,Fresno europeo,02/03/2012 12:51,Bajo (2 - 4 mts),44,Mediano,-68.8560821871,-32.8959409192,5,Residencial Sur,2423808.92355,0
3419,Prunas,16/08/2011 13:38,Muy bajo (1 - 2 mts),5,Chico,-68.8317382895,-32.8676744226,4,Cuarta Oeste,1173332.70145,0
28514,Morera,21/02/2011 12:45,Alto (> 8 mts),215,Grande,-68.8491463987,-32.8899312067,5,Residencial Sur,2423808.92355,0
45021,Morera,29/08/2011 09:34,Alto (> 8 mts),155,Grande,-68.8256832269,-32.8698522094,4,Cuarta Este Área Fundacional,1822015.85685,1
19848,Platano,30/06/2011 10:01,Alto (> 8 mts),199,Grande,-68.8342196583,-32.8635946681,4,Cuarta Oeste,1173332.70145,0
39109,Fresno europeo,23/12/2010 09:55,Medio (4 - 8 mts),60,Mediano,-68.8539175713,-32.870753813,6,Residencial Norte,2694682.37982,0
34282,Fresno europeo,04/03/2011 12:44,Medio (4 - 8 mts),102,Grande,-68.8519475778,-32.8737140133,6,Residencial Norte,2694682.37982,0
12169,Morera,19/01/2011 11:41,Alto (> 8 mts),195,Grande,-68.8474741247,-32.8677086029,6,Residencial Norte,2694682.37982,0
23048,Morera,14/06/2011 13:25,Alto (> 8 mts),108,Grande,-68.8617073772,-32.9021077048,5,Residencial Sur,2423808.92355,0
28512,Morera,21/02/2011 12:54,Alto (> 8 mts),200,Grande,-68.8494386461,-32.8898809262,5,Residencial Sur,2423808.92355,0
21259,Morera,14/06/2011 10:28,Bajo (2 - 4 mts),23,Mediano,-68.8535490613,-32.8963979874,5,Residencial Sur,2423808.92355,0
29737,Platano,15/03/2011 09:40,Alto (> 8 mts),228,Grande,-68.8410897627,-32.8926645063,2,Barrio Civico,2366816.36021,0
8304,Morera,23/03/2011 19:05,Alto (> 8 mts),134,Grande,-68.8440268494,-32.893330571,2,Barrio Civico,2366816.36021,1
18929,Morera,01/08/2011 10:08,Medio (4 - 8 mts),130,Grande,-68.8417398613,-32.8698702259,4,Cuarta Oeste,1173332.70145,0
24569,Fresno europeo,28/01/2011 13:24,Alto (> 8 mts),108,Grande,-68.8438676867,-32.9028225219,2,Barrio Civico,2366816.36021,0
35786,Morera,18/03/2011 11:32,Bajo (2 - 4 mts),14,Chico,-68.8542912602,-32.8752396362,6,Residencial Norte,2694682.37982,0
14489,Morera,30/11/2011 18:12,Bajo (2 - 4 mts),22,Mediano,-68.879269877,-32.8668407539,8,Aeroparque,2203364.73622,0
30761,Morera,03/02/2011 13:56,Alto (> 8 mts),150,Grande,-68.8554167424,-32.8688612439,6,Residencial Norte,2694682.37982,0
41829,Paraiso sombrilla,26/04/2011 09:45,Medio (4 - 8 mts),140,Grande,-68.8428200274,-32.8779120729,1,Parque Central,1655357.93265,0
14190,Morera,30/11/2011 13:26,Muy bajo (1 - 2 mts),16,Chico,-68.8773481057,-32.8672580611,8,Aeroparque,2203364.73622,0
34204,Acer,04/03/2011 08:41,Muy bajo (1 - 2 mts),6,Chico,-68.8528322845,-32.8740607668,6,Residencial Norte,2694682.37982,0
26148,Fresno europeo,10/11/2011 17:05,Medio (4 - 8 mts),140,Grande,-68.8305928357,-32.88770508,3,Parque O'Higgins,1531146.02653,0
24612,Morera,07/02/2011 09:26,Alto (> 8 mts),125,Grande,-68.84401483,-32.9037907776,2,Barrio Civico,2366816.36021,1
36960,Fresno europeo,08/04/2011 10:21,Alto (> 8 mts),94,Grande,-68.8577261573,-32.8780290258,7,Residencial Parque,1786336.08966,1
18351,Paraiso,01/08/2011 08:39,Alto (> 8 mts),150,Grande,-68.8365469362,-32.8687659142,4,Cuarta Oeste,1173332.70145,0
17854,Platano,02/08/2011 09:51,Alto (> 8 mts),130,Grande,-68.8358262792,-32.8662850253,4,Cuarta Oeste,1173332.70145,0
10490,Fresno europeo,09/03/2011 12:31,Bajo (2 - 4 mts),30,Mediano,-68.8502784844,-32.8742632457,6,Residencial Norte,2694682.37982,0
28490,Morera,25/02/2011 10:18,Alto (> 8 mts),190,Grande,-68.8474311608,-32.889265635,2,Barrio Civico,2366816.36021,0
884,Morera,17/01/2012 12:23,Medio (4 - 8 mts),64,Grande,-68.8478189888,-32.8753306099,6,Residencial Norte,2694682.37982,0
36748,Morera,09/06/2011 12:43,Medio (4 - 8 mts),110,Grande,-68.8585790814,-32.8824117576,7,Residencial Parque,1786336.08966,1
20925,Fresno europeo,24/05/2011 12:46,Medio (4 - 8 mts),90,Grande,-68.8607241999,-32.8947553285,5,Residencial Sur,2423808.92355,0
12476,Morera,25/01/2011 10:14,Bajo (2 - 4 mts),43,Mediano,-68.8494185248,-32.8665902824,6,Residencial Norte,2694682.37982,0
48107,Morera,29/09/2011 09:24,Alto (> 8 mts),190,Grande,-68.8255438815,-32.8673497234,4,Cuarta Este Área Fundacional,1822015.85685,0
32802,Acacia SP,14/07/2011 09:34,Medio (4 - 8 mts),43,Mediano,-68.8525863532,-32.8851367861,5,Residencial Sur,2423808.92355,0
16589,Morera,27/07/2011 12:20,Alto (> 8 mts),180,Grande,-68.8413351543,-32.8649368028,4,Cuarta Oeste,1173332.70145,0
16465,Morera,16/08/2011 09:30,Alto (> 8 mts),110,Grande,-68.8414699257,-32.8630510781,4,Cuarta Oeste,1173332.70145,0
44549,Fresno europeo,17/10/2011 11:37,Medio (4 - 8 mts),100,Grande,-68.8366857137,-32.8854315438,3,Parque O'Higgins,1531146.02653,0
34997,Fresno europeo,31/03/2011 10:39,Bajo (2 - 4 mts),65,Grande,-68.8552029876,-32.879615859,6,Residencial Norte,2694682.37982,0
26496,Fresno europeo,09/11/2011 09:11,Bajo (2 - 4 mts),38,Mediano,-68.8325207902,-32.8926940296,3,Parque O'Higgins,1531146.02653,0
16271,Morera,21/07/2011 10:34,Alto (> 8 mts),300,Grande,-68.8429235107,-32.8637670542,4,Cuarta Oeste,1173332.70145,0
24818,Morera,18/02/2011 09:07,Alto (> 8 mts),117,Grande,-68.8399922834,-32.8967947838,2,Barrio Civico,2366816.36021,0
18062,Morera,29/07/2011 13:28,Medio (4 - 8 mts),61,Grande,-68.8411158019,-32.8678751481,4,Cuarta Oeste,1173332.70145,0
39443,Paraiso,11/11/2010 10:35,Alto (> 8 mts),230,Grande,-68.8547340323,-32.8698229526,6,Residencial Norte,2694682.37982,0
11234,Paraiso,14/01/2011 08:50,Alto (> 8 mts),230,Grande,-68.8459220338,-32.8998020079,2,Barrio Civico,2366816.36021,0
7174,Morera,18/05/2011 08:52,Medio (4 - 8 mts),62,Grande,-68.8557401927,-32.8991842382,5,Residencial Sur,2423808.92355,0
44015,Morera,19/10/2011 10:10,Alto (> 8 mts),185,Grande,-68.8313329126,-32.8858989998,3,Parque O'Higgins,1531146.02653,1
793,Aguaribay,14/12/2011 10:17,Medio (4 - 8 mts),120,Grande,-68.8796639633,-32.866584484,8,Aeroparque,2203364.73622,0
39881,Morera,03/05/2011 13:04,Alto (> 8 mts),180,Grande,-68.8442880866,-32.87389139,1,Parque Central,1655357.93265,0
13485,Morera,31/01/2011 13:08,Alto (> 8 mts),160,Grande,-68.8519959131,-32.8638352194,6,Residencial Norte,2694682.37982,0
11536,Morera,23/02/2011 08:50,Alto (> 8 mts),170,Grande,-68.8528259364,-32.8657255216,6,Residencial Norte,2694682.37982,0
9837,Fresno americano,11/01/2011 11:30,Alto (> 8 mts),70,Grande,-68.8452177077,-32.8629606186,4,Cuarta Oeste,1173332.70145,0
5266,Morera,02/05/2011 10:46,Bajo (2 - 4 mts),34,Mediano,-68.843237484,-32.87519599,1,Parque Central,1655357.93265,0
26102,Fresno europeo,04/11/2011 15:54,Alto (> 8 mts),130,Grande,-68.8333720315,-32.8875694122,3,Parque O'Higgins,1531146.02653,0
26046,Morera,08/11/2011 16:33,Medio (4 - 8 mts),120,Grande,-68.8314178851,-32.8873383579,3,Parque O'Higgins,1531146.02653,1
14581,Aguaribay,14/12/2011 10:35,Medio (4 - 8 mts),138,Grande,-68.8789192717,-32.8678293963,8,Aeroparque,2203364.73622,1
30325,Fresno europeo,10/03/2011 12:58,Muy bajo (1 - 2 mts),8,Chico,-68.841317859,-32.8913866541,2,Barrio Civico,2366816.36021,0
6808,Morera,26/05/2011 12:45,Alto (> 8 mts),80,Grande,-68.8604353866,-32.8936924752,5,Residencial Sur,2423808.92355,0
3291,Morera,30/09/2011 13:45,Medio (4 - 8 mts),25,Mediano,-68.8292427458,-32.8767165406,4,Cuarta Este Área Fundacional,1822015.85685,0
25004,Morera,15/02/2011 12:16,Alto (> 8 mts),150,Grande,-68.8358051718,-32.8959525871,2,Barrio Civico,2366816.36021,1
32578,Morera,17/06/2011 10:26,Alto (> 8 mts),137,Grande,-68.8530577176,-32.8898145076,5,Residencial Sur,2423808.92355,0
39349,Morera,01/12/2010 11:45,Alto (> 8 mts),150,Grande,-68.8561781344,-32.8724438632,6,Residencial Norte,2694682.37982,0
40960,Morera,14/04/2011 15:35,Alto (> 8 mts),158,Grande,-68.8419165704,-32.885299224,1,Parque Central,1655357.93265,0
39203,Fresno europeo,26/11/2010 11:54,Alto (> 8 mts),180,Grande,-68.8544825209,-32.87230232,6,Residencial Norte,2694682.37982,0
33453,Platano,15/06/2011 11:14,Alto (> 8 mts),180,Grande,-68.8572386007,-32.8885648597,5,Residencial Sur,2423808.92355,0
39658,Morera,22/10/2010 09:53,Alto (> 8 mts),170,Grande,-68.8466878639,-32.868658395,6,Residencial Norte,2694682.37982,0
2118,Fresno europeo,18/10/2011 11:20,Muy bajo (1 - 2 mts),6,Chico,-68.8302045814,-32.8878237364,3,Parque O'Higgins,1531146.02653,0
35187,Fresno americano,29/03/2011 10:40,Alto (> 8 mts),108,Grande,-68.8520099863,-32.8825847663,1,Parque Central,1655357.93265,0
19273,Morera,02/08/2011 10:37,Medio (4 - 8 mts),120,Grande,-68.8367576637,-32.8700831969,4,Cuarta Oeste,1173332.70145,0
6310,Acacia SP,24/06/2011 10:55,Alto (> 8 mts),125,Grande,-68.8576216249,-32.8898430849,5,Residencial Sur,2423808.92355,0
8972,Fresno americano,19/01/2011 10:31,Bajo (2 - 4 mts),30,Mediano,-68.8462381516,-32.8684973378,6,Residencial Norte,2694682.37982,0
4371,Fresno americano,09/08/2011 11:08,Bajo (2 - 4 mts),18,Chico,-68.8364370776,-32.8693323692,4,Cuarta Oeste,1173332.70145,0
32662,Fresno europeo,24/06/2011 12:57,Medio (4 - 8 mts),26,Mediano,-68.8503239708,-32.890338666,5,Residencial Sur,2423808.92355,0
2023,Morera,02/11/2011 08:45,Medio (4 - 8 mts),90,Grande,-68.8329420906,-32.8945564512,3,Parque O'Higgins,1531146.02653,0
32441,Platano,26/05/2011 13:26,Alto (> 8 mts),250,Grande,-68.8519334862,-32.8894224579,5,Residencial Sur,2423808.92355,0
43021,Acacia SP,05/10/2011 09:03,Alto (> 8 mts),162,Grande,-68.8323418969,-32.8781561708,4,Cuarta Este Área Fundacional,1822015.85685,0
29744,Platano,15/03/2011 09:51,Alto (> 8 mts),134,Grande,-68.8405512495,-32.8927683962,2,Barrio Civico,2366816.36021,0
16848,Paraiso,05/08/2011 14:01,Alto (> 8 mts),191,Grande,-68.8398980344,-32.8640920673,4,Cuarta Oeste,1173332.70145,0
27236,Platano,26/10/2011 09:57,Alto (> 8 mts),155,Grande,-68.8364782852,-32.8896959681,3,Parque O'Higgins,1531146.02653,0
30713,Paraiso,03/02/2011 14:03,Alto (> 8 mts),210,Grande,-68.8557437012,-32.8669342349,6,Residencial Norte,2694682.37982,0
19221,Morera,05/07/2011 12:42,Alto (> 8 mts),148,Grande,-68.8390455698,-32.872298919,4,Cuarta Oeste,1173332.70145,0
28342,Morera,11/03/2011 09:51,Alto (> 8 mts),250,Grande,-68.8470783624,-32.8889702084,2,Barrio Civico,2366816.36021,0
10789,Jacaranda,31/03/2011 09:56,Bajo (2 - 4 mts),50,Mediano,-68.8498039348,-32.8773666383,6,Residencial Norte,2694682.37982,0
14320,Acer,06/12/2011 08:23,Medio (4 - 8 mts),70,Grande,-68.8773707868,-32.8673613833,8,Aeroparque,2203364.73622,0
12951,Acer,12/01/2011 08:53,Alto (> 8 mts),150,Grande,-68.8442967173,-32.8637797183,4,Cuarta Oeste,1173332.70145,0
18285,Morera,04/08/2011 11:16,Alto (> 8 mts),135,Grande,-68.8394937331,-32.8684879592,4,Cuarta Oeste,1173332.70145,0
9672,Fresno europeo,25/01/2011 09:27,Alto (> 8 mts),130,Grande,-68.8489950015,-32.8630465631,6,Residencial Norte,2694682.37982,0
7093,Morera,01/06/2011 12:35,Bajo (2 - 4 mts),32,Mediano,-68.8604360396,-32.8980347843,5,Residencial Sur,2423808.92355,0
39783,Fresno europeo,13/07/2011 12:38,Muy bajo (1 - 2 mts),3,Chico,-68.851557619,-32.8833619889,1,Parque Central,1655357.93265,0
2213,Paraiso,28/10/2011 10:52,Medio (4 - 8 mts),110,Grande,-68.8382935191,-32.8926105622,3,Parque O'Higgins,1531146.02653,0
40985,Morera,14/04/2011 09:58,Alto (> 8 mts),145,Grande,-68.8382277317,-32.8807097616,1,Parque Central,1655357.93265,0
18705,Fresno americano,04/07/2011 10:27,Alto (> 8 mts),87,Grande,-68.8353389544,-32.8746911575,4,Cuarta Este Área Fundacional,1822015.85685,0
33705,Paraiso,11/05/2011 09:33,Alto (> 8 mts),123,Grande,-68.8569496111,-32.8866097178,5,Residencial Sur,2423808.92355,0
22760,Morera,01/06/2011 10:19,Bajo (2 - 4 mts),22,Mediano,-68.8541161742,-32.901993025,2,Barrio Civico,2366816.36021,0
24762,Olmo comun,15/02/2011 12:40,Alto (> 8 mts),120,Grande,-68.8404775095,-32.8964684355,2,Barrio Civico,2366816.36021,0
24451,Fresno americano,20/01/2011 10:59,Medio (4 - 8 mts),56,Mediano,-68.8455989727,-32.902812499,2,Barrio Civico,2366816.36021,0
13744,Conifera,27/01/2011 09:47,Medio (4 - 8 mts),100,Grande,-68.8502885896,-32.8632185094,6,Residencial Norte,2694682.37982,0
21271,Morera,13/06/2011 12:47,Alto (> 8 mts),145,Grande,-68.8527378138,-32.8960825321,5,Residencial Sur,2423808.92355,1
13740,Morera,27/01/2011 09:36,Alto (> 8 mts),180,Grande,-68.8500954518,-32.863184689,6,Residencial Norte,2694682.37982,0
40983,Morera,14/04/2011 09:46,Alto (> 8 mts),198,Grande,-68.8385078317,-32.8809957798,1,Parque Central,1655357.93265,1
37532,Paraiso,17/11/2010 12:14,Medio (4 - 8 mts),150,Grande,-68.8577219469,-32.8704256528,6,Residencial Norte,2694682.37982,0
35588,Paraiso,17/03/2011 09:58,Medio (4 - 8 mts),132,Grande,-68.857104514,-32.8742581417,6,Residencial Norte,2694682.37982,0
31624,Platano,10/06/2011 08:46,Alto (> 8 mts),188,Grande,-68.8596175681,-32.8881149602,5,Residencial Sur,2423808.92355,0
12513,Fresno europeo,25/01/2011 13:52,Medio (4 - 8 mts),67,Grande,-68.8492894229,-32.8681942151,6,Residencial Norte,2694682.37982,0
11238,Acer,21/01/2011 08:45,Medio (4 - 8 mts),60,Mediano,-68.8463879219,-32.901030151,2,Barrio Civico,2366816.36021,0
26158,Morera,14/11/2011 18:15,Medio (4 - 8 mts),140,Grande,-68.8294546669,-32.8873160762,3,Parque O'Higgins,1531146.02653,1
12278,Morera,10/01/2011 10:05,Alto (> 8 mts),170,Grande,-68.8451137822,-32.8678058406,4,Cuarta Oeste,1173332.70145,0
12786,Fresno europeo,24/01/2011 08:33,Bajo (2 - 4 mts),50,Mediano,-68.8477471845,-32.8635324803,4,Cuarta Oeste,1173332.70145,0
14262,Morera,07/12/2011 10:27,Medio (4 - 8 mts),130,Grande,-68.877829976,-32.8677256973,8,Aeroparque,2203364.73622,0
26648,Acacia SP,02/11/2011 09:45,Medio (4 - 8 mts),100,Grande,-68.8329926141,-32.8911888293,3,Parque O'Higgins,1531146.02653,0
15268,Fresno europeo,21/11/2011 12:35,Bajo (2 - 4 mts),25,Mediano,-68.8583042215,-32.8700567992,6,Residencial Norte,2694682.37982,0
27958,Morera,03/11/2011 10:08,Alto (> 8 mts),158,Grande,-68.8361348498,-32.8940041955,3,Parque O'Higgins,1531146.02653,0
11789,Fresno europeo,26/01/2011 08:23,Medio (4 - 8 mts),80,Grande,-68.8487328639,-32.8636257237,6,Residencial Norte,2694682.37982,0
38138,Fresno europeo,02/12/2010 12:29,Alto (> 8 mts),175,Grande,-68.8461789187,-32.8723353957,6,Residencial Norte,2694682.37982,0
17379,Paraiso,22/07/2011 13:36,Alto (> 8 mts),107,Grande,-68.840510971,-32.8659786508,4,Cuarta Oeste,1173332.70145,0
29618,Fresno europeo,23/03/2011 19:20,Bajo (2 - 4 mts),16,Chico,-68.8442088052,-32.8940217303,2,Barrio Civico,2366816.36021,0
18755,Morera,06/07/2011 12:13,Alto (> 8 mts),120,Grande,-68.836972053,-32.8726994398,4,Cuarta Oeste,1173332.70145,0
12962,Prunas,12/01/2011 12:03,Bajo (2 - 4 mts),33,Mediano,-68.8441651527,-32.8634010065,4,Cuarta Oeste,1173332.70145,0
21057,Morera,23/06/2011 11:22,Alto (> 8 mts),105,Grande,-68.8635540994,-32.8993706213,5,Residencial Sur,2423808.92355,0
43797,Acacia SP,18/10/2011 16:43,Alto (> 8 mts),180,Grande,-68.83240619,-32.8824338872,3,Parque O'Higgins,1531146.02653,0
2719,Fresno americano,12/10/2011 14:14,Medio (4 - 8 mts),80,Grande,-68.8314338644,-32.8826333784,3,Parque O'Higgins,1531146.02653,0
7379,Acacia SP,22/06/2011 09:18,Medio (4 - 8 mts),50,Mediano,-68.8625956957,-32.9008972968,5,Residencial Sur,2423808.92355,0
30390,Acacia SP,02/03/2011 13:07,Alto (> 8 mts),150,Grande,-68.8404671864,-32.8898097939,3,Parque O'Higgins,1531146.02653,1
47365,Morera,23/09/2011 08:38,Medio (4 - 8 mts),180,Grande,-68.8280612872,-32.8742732115,4,Cuarta Este Área Fundacional,1822015.85685,1
7016,Caducifolio,10/06/2011 12:24,Muy bajo (1 - 2 mts),6,Chico,-68.8538802378,-32.897761301,5,Residencial Sur,2423808.92355,0
13056,Fresno europeo,16/02/2011 11:49,Bajo (2 - 4 mts),56,Mediano,-68.845426112,-32.8644121783,4,Cuarta Oeste,1173332.70145,0
38713,Paraiso,15/12/2010 11:24,Alto (> 8 mts),120,Grande,-68.8507117739,-32.8704498731,6,Residencial Norte,2694682.37982,0
20348,Fresno europeo,13/05/2011 10:30,Muy bajo (1 - 2 mts),3,Chico,-68.8604158139,-32.8921857298,5,Residencial Sur,2423808.92355,0
24167,Fresno europeo,24/01/2011 10:57,Medio (4 - 8 mts),102,Grande,-68.8453621736,-32.9023444999,2,Barrio Civico,2366816.36021,0
21301,Fresno americano,15/06/2011 09:11,Medio (4 - 8 mts),108,Grande,-68.8538073726,-32.8981779402,5,Residencial Sur,2423808.92355,0
40662,Fresno europeo,13/04/2011 09:24,Medio (4 - 8 mts),36,Mediano,-68.8438528785,-32.8842128631,1,Parque Central,1655357.93265,0
23117,Fresno europeo,17/01/2011 16:13,Medio (4 - 8 mts),66,Grande,-68.8478405452,-32.9018635134,2,Barrio Civico,2366816.36021,0
15510,Acacia SP,21/11/2011 13:30,Medio (4 - 8 mts),70,Grande,-68.860308657,-32.8709597969,7,Residencial Parque,1786336.08966,0
22120,Fresno europeo,13/06/2011 11:06,Alto (> 8 mts),168,Grande,-68.8546734617,-32.897347005,5,Residencial Sur,2423808.92355,0
34181,Morera,03/03/2011 12:42,Alto (> 8 mts),106,Grande,-68.8534561504,-32.8738981123,6,Residencial Norte,2694682.37982,0
20430,Platano,17/05/2011 11:06,Alto (> 8 mts),210,Grande,-68.8618749751,-32.8932251968,5,Residencial Sur,2423808.92355,0
41111,Platano,02/05/2011 15:01,Alto (> 8 mts),176,Grande,-68.8398133074,-32.882266371,1,Parque Central,1655357.93265,0
7225,Ailanthus,23/06/2011 12:08,Alto (> 8 mts),102,Grande,-68.8622154953,-32.898737017,5,Residencial Sur,2423808.92355,0
9829,Caducifolio,10/01/2011 10:47,Bajo (2 - 4 mts),22,Mediano,-68.8443542046,-32.8633000563,4,Cuarta Oeste,1173332.70145,0
21979,Fresno europeo,27/05/2011 13:29,Medio (4 - 8 mts),95,Grande,-68.8582606711,-32.8945252684,5,Residencial Sur,2423808.92355,0
6157,Fresno europeo,19/04/2011 09:01,Muy bajo (1 - 2 mts),4,Chico,-68.8415958192,-32.8840107598,1,Parque Central,1655357.93265,0
6735,Fresno europeo,16/05/2011 10:30,Bajo (2 - 4 mts),30,Mediano,-68.8580987543,-32.8929253042,5,Residencial Sur,2423808.92355,0
46245,Morera,28/09/2011 10:15,Alto (> 8 mts),220,Grande,-68.8262172491,-32.876323239,4,Cuarta Este Área Fundacional,1822015.85685,0
23141,Fresno europeo,10/01/2011 19:51,Alto (> 8 mts),102,Grande,-68.8477672652,-32.9023372622,2,Barrio Civico,2366816.36021,0
7341,Fresno europeo,21/06/2011 10:54,Bajo (2 - 4 mts),22,Mediano,-68.8609680807,-32.9004919921,5,Residencial Sur,2423808.92355,0
23519,Morera,20/01/2011 07:17,Medio (4 - 8 mts),44,Mediano,-68.8486143977,-32.9031886744,2,Barrio Civico,2366816.36021,0
12820,Fresno europeo,20/01/2011 12:31,Alto (> 8 mts),110,Grande,-68.8470676617,-32.8636592955,4,Cuarta Oeste,1173332.70145,0
27247,Fresno europeo,26/10/2011 09:35,Medio (4 - 8 mts),20,Chico,-68.8356540249,-32.8896676872,3,Parque O'Higgins,1531146.02653,0
36694,Morera,07/06/2011 09:25,Bajo (2 - 4 mts),50,Mediano,-68.8601977671,-32.8834401384,7,Residencial Parque,1786336.08966,0
32697,Acacia visco,18/05/2011 11:06,Medio (4 - 8 mts),110,Grande,-68.8510528043,-32.8867381779,5,Residencial Sur,2423808.92355,1
34896,Platano,29/03/2011 10:13,Alto (> 8 mts),138,Grande,-68.8518021331,-32.8814293949,1,Parque Central,1655357.93265,0
14666,Paraiso sombrilla,15/12/2011 17:26,Muy bajo (1 - 2 mts),3,Chico,-68.8819936625,-32.8672503818,8,Aeroparque,2203364.73622,0
45303,Paraiso,09/09/2011 13:00,Medio (4 - 8 mts),120,Grande,-68.8235865926,-32.8721440812,4,Cuarta Este Área Fundacional,1822015.85685,0
22665,Fresno americano,21/06/2011 10:51,Medio (4 - 8 mts),120,Grande,-68.8611178926,-32.9004919142,5,Residencial Sur,2423808.92355,0
31533,Morera,18/05/2011 10:50,Alto (> 8 mts),122,Grande,-68.860207732,-32.8907536111,5,Residencial Sur,2423808.92355,0
27161,Morera,27/10/2011 09:53,Bajo (2 - 4 mts),16,Chico,-68.8371479656,-32.8907788175,3,Parque O'Higgins,1531146.02653,0
34636,Morera,31/03/2011 12:02,Alto (> 8 mts),116,Grande,-68.8488214426,-32.8765677418,6,Residencial Norte,2694682.37982,0
26720,Morera,02/11/2011 08:23,Medio (4 - 8 mts),160,Grande,-68.8324420276,-32.8943377966,3,Parque O'Higgins,1531146.02653,0
35279,Fresno europeo,24/06/2011 08:50,Bajo (2 - 4 mts),28,Mediano,-68.8525808922,-32.8835941641,5,Residencial Sur,2423808.92355,0
39082,Paraiso,22/12/2010 09:17,Alto (> 8 mts),180,Grande,-68.8534131187,-32.8716070373,6,Residencial Norte,2694682.37982,0
5561,Fresno europeo,04/10/2011 11:00,Medio (4 - 8 mts),65,Grande,-68.8402159395,-32.8798500284,1,Parque Central,1655357.93265,0
45102,Paraiso sombrilla,01/09/2011 09:25,Bajo (2 - 4 mts),26,Mediano,-68.824611886,-32.8702167997,4,Cuarta Este Área Fundacional,1822015.85685,0
23327,Tipa,28/01/2011 14:10,Medio (4 - 8 mts),78,Grande,-68.8501874307,-32.9016934033,2,Barrio Civico,2366816.36021,0
33968,Acacia visco,26/05/2011 13:37,Bajo (2 - 4 mts),60,Mediano,-68.8547944163,-32.8850369207,5,Residencial Sur,2423808.92355,0
43125,Morera,04/10/2011 08:51,Alto (> 8 mts),200,Grande,-68.8283067634,-32.8779585462,4,Cuarta Este Área Fundacional,1822015.85685,0
9549,Fresno europeo,08/02/2011 12:52,Bajo (2 - 4 mts),26,Mediano,-68.8545348656,-32.864540214,6,Residencial Norte,2694682.37982,0
22339,Fresno europeo,17/06/2011 10:50,Alto (> 8 mts),100,Grande,-68.8583012838,-32.8985583854,5,Residencial Sur,2423808.92355,0
24509,Fresno americano,10/01/2011 11:03,Medio (4 - 8 mts),120,Grande,-68.8472157046,-32.9032828227,2,Barrio Civico,2366816.36021,0
19222,Morera,05/07/2011 12:39,Alto (> 8 mts),150,Grande,-68.8392294192,-32.8722630877,4,Cuarta Oeste,1173332.70145,0
11734,Fresno europeo,02/06/2010 10:42,Medio (4 - 8 mts),102,Grande,-68.8509628501,-32.8672157277,6,Residencial Norte,2694682.37982,0
13692,Olmo bola,18/02/2011 12:32,Alto (> 8 mts),140,Grande,-68.8530656527,-32.8650338091,6,Residencial Norte,2694682.37982,0
9737,Acer,19/01/2011 12:06,Alto (> 8 mts),180,Grande,-68.8479064697,-32.8628833081,4,Cuarta Oeste,1173332.70145,0
28200,Morera,14/03/2011 18:05,Alto (> 8 mts),126,Grande,-68.8473126349,-32.893637469,2,Barrio Civico,2366816.36021,1
43347,Acacia SP,26/10/2011 12:46,Alto (> 8 mts),180,Grande,-68.832432395,-32.880206651500004,3,Parque O'Higgins,1531146.02653,0
46337,Morera,26/09/2011 09:37,Alto (> 8 mts),120,Grande,-68.8257051982,-32.8733675836,4,Cuarta Este Área Fundacional,1822015.85685,1
39049,Fresno europeo,23/12/2010 13:17,Alto (> 8 mts),90,Grande,-68.8540111136,-32.8706588836,6,Residencial Norte,2694682.37982,0
26664,Morera,14/11/2011 12:58,Medio (4 - 8 mts),18,Chico,-68.831856887,-32.8937163143,3,Parque O'Higgins,1531146.02653,0
26352,Fresno europeo,21/10/2011 10:02,Medio (4 - 8 mts),160,Grande,-68.8337729263,-32.8876672094,3,Parque O'Higgins,1531146.02653,0
11614,Morera,28/01/2011 09:44,Alto (> 8 mts),110,Grande,-68.849517981,-32.8667706915,6,Residencial Norte,2694682.37982,1
44071,Fresno americano,14/10/2011 11:34,Bajo (2 - 4 mts),23,Mediano,-68.830535985,-32.8850640378,3,Parque O'Higgins,1531146.02653,0
29082,Fresno americano,28/04/2011 09:24,Alto (> 8 mts),165,Grande,-68.8443717155,-32.8862898364,1,Parque Central,1655357.93265,0
12903,Olmo comun,12/01/2011 11:00,Medio (4 - 8 mts),70,Grande,-68.8451787823,-32.8634422976,4,Cuarta Oeste,1173332.70145,0
23689,Paraiso,21/01/2011 12:37,Medio (4 - 8 mts),90,Grande,-68.8489317791,-32.8997392222,2,Barrio Civico,2366816.36021,0
6398,Fresno europeo,17/05/2011 12:07,Medio (4 - 8 mts),45,Mediano,-68.8535850337,-32.8874186004,5,Residencial Sur,2423808.92355,0
28640,Fresno europeo,23/02/2011 10:13,Bajo (2 - 4 mts),10,Chico,-68.8475597802,-32.8903702703,2,Barrio Civico,2366816.36021,0
11244,Fresno americano,21/01/2011 09:07,Bajo (2 - 4 mts),32,Mediano,-68.846183666,-32.9006188501,2,Barrio Civico,2366816.36021,0
39660,Morera,22/10/2010 09:40,Alto (> 8 mts),220,Grande,-68.8468622449,-32.8686621901,6,Residencial Norte,2694682.37982,0
39156,Fresno europeo,14/01/2012 18:12,Bajo (2 - 4 mts),80,Grande,-68.8532004053,-32.872433912,6,Residencial Norte,2694682.37982,1
26987,Fresno europeo,02/11/2011 17:22,Medio (4 - 8 mts),110,Grande,-68.8344483935,-32.8875289131,3,Parque O'Higgins,1531146.02653,0
15705,Alamo blanco,18/11/2011 08:17,Muy bajo (1 - 2 mts),4,Chico,-68.8606320915,-32.8689268136,6,Residencial Norte,2694682.37982,0
25766,Paraiso,03/02/2011 09:31,Alto (> 8 mts),124,Grande,-68.8420501345,-32.9039214851,2,Barrio Civico,2366816.36021,0
23229,Morera,24/01/2011 11:39,Alto (> 8 mts),56,Mediano,-68.8515082428,-32.9016964955,2,Barrio Civico,2366816.36021,1
47544,Morera,19/09/2011 09:14,Alto (> 8 mts),140,Grande,-68.8268245619,-32.8712288518,4,Cuarta Este Área Fundacional,1822015.85685,0
10656,Perenne,18/03/2011 12:00,Muy bajo (1 - 2 mts),50,Mediano,-68.8547609274,-32.8749772638,6,Residencial Norte,2694682.37982,0
13723,Morera,28/01/2011 13:03,Muy bajo (1 - 2 mts),20,Chico,-68.8512060768,-32.8641347499,6,Residencial Norte,2694682.37982,0
29160,Morera,10/03/2011 09:56,Alto (> 8 mts),120,Grande,-68.8462841168,-32.8892718857,2,Barrio Civico,2366816.36021,0
31703,Morera,18/05/2011 10:29,Muy bajo (1 - 2 mts),8,Chico,-68.8618024459,-32.8902241591,5,Residencial Sur,2423808.92355,0
45539,Fresno europeo,16/09/2011 14:20,Medio (4 - 8 mts),110,Grande,-68.8207698005,-32.8727698199,4,Cuarta Este Área Fundacional,1822015.85685,0
14873,Paraiso sombrilla,16/12/2011 11:55,Bajo (2 - 4 mts),93,Grande,-68.8804430973,-32.8740994256,8,Aeroparque,2203364.73622,0
18179,Morera,26/07/2011 09:03,Alto (> 8 mts),160,Grande,-68.8397487202,-32.869885716,4,Cuarta Oeste,1173332.70145,1
21218,Paraiso,10/05/2011 10:25,Alto (> 8 mts),140,Grande,-68.851320712,-32.8939125355,5,Residencial Sur,2423808.92355,0
45669,Morera,19/09/2011 15:05,Alto (> 8 mts),195,Grande,-68.8206945298,-32.8714128434,4,Cuarta Este Área Fundacional,1822015.85685,1
25896,Fresno europeo,04/02/2011 13:39,Medio (4 - 8 mts),42,Mediano,-68.8385559858,-32.9025695996,2,Barrio Civico,2366816.36021,0
5950,Morera,02/05/2011 11:04,Alto (> 8 mts),145,Grande,-68.8447177629,-32.8750331592,1,Parque Central,1655357.93265,1
17110,Morera,16/08/2011 09:08,Alto (> 8 mts),180,Grande,-68.8369491449,-32.8633644681,4,Cuarta Oeste,1173332.70145,0
3634,Acacia SP,23/08/2011 09:34,Medio (4 - 8 mts),35,Mediano,-68.8242534845,-32.869144306,4,Cuarta Este Área Fundacional,1822015.85685,0
1212,Paraiso sombrilla,29/11/2011 12:53,Medio (4 - 8 mts),110,Grande,-68.8762293036,-32.8648554294,8,Aeroparque,2203364.73622,0
36198,Fresno europeo,31/03/2011 09:25,Alto (> 8 mts),120,Grande,-68.8562578724,-32.8781880153,6,Residencial Norte,2694682.37982,0
13287,Caducifolio,23/02/2011 12:55,Muy bajo (1 - 2 mts),12,Chico,-68.8476822928,-32.8650848808,6,Residencial Norte,2694682.37982,0
40293,Fresno europeo,11/04/2011 08:55,Medio (4 - 8 mts),140,Grande,-68.8448605693,-32.8805025698,1,Parque Central,1655357.93265,0
16144,Paraiso,21/07/2011 09:31,Alto (> 8 mts),150,Grande,-68.8452914701,-32.8728539476,6,Residencial Norte,2694682.37982,0
6317,Platano,24/06/2011 10:05,Alto (> 8 mts),230,Grande,-68.8574954766,-32.8906095694,5,Residencial Sur,2423808.92355,0
2140,Acacia SP,09/11/2011 10:36,Medio (4 - 8 mts),125,Grande,-68.8392025609,-32.8907493219,3,Parque O'Higgins,1531146.02653,0
8078,Morera,04/03/2011 09:43,Alto (> 8 mts),130,Grande,-68.8402270201,-32.8904166106,3,Parque O'Higgins,1531146.02653,0
40180,Platano,14/04/2011 12:46,Alto (> 8 mts),200,Grande,-68.8460094744,-32.8827170881,1,Parque Central,1655357.93265,0
12335,Morera,13/01/2011 13:55,Alto (> 8 mts),189,Grande,-68.846840042,-32.8670430762,6,Residencial Norte,2694682.37982,0
41676,Fresno europeo,26/04/2011 13:06,Alto (> 8 mts),60,Mediano,-68.8371415844,-32.8765637199,1,Parque Central,1655357.93265,0
3120,Fresno europeo,15/09/2011 09:57,Medio (4 - 8 mts),44,Mediano,-68.8292861893,-32.8725212167,4,Cuarta Este Área Fundacional,1822015.85685,0
26063,Morera,08/11/2011 15:20,Medio (4 - 8 mts),170,Grande,-68.8341093138,-32.8870929457,3,Parque O'Higgins,1531146.02653,0
29848,Olmo comun,03/03/2011 14:40,Alto (> 8 mts),142,Grande,-68.8416371208,-32.8925755761,2,Barrio Civico,2366816.36021,0
5541,Paraiso,08/04/2011 13:30,Bajo (2 - 4 mts),120,Grande,-68.8419024214,-32.8806212389,1,Parque Central,1655357.93265,0
21531,Acer,08/06/2011 11:17,Medio (4 - 8 mts),22,Mediano,-68.8535257775,-32.8952308854,5,Residencial Sur,2423808.92355,0
6409,Morera,16/05/2011 13:08,Alto (> 8 mts),180,Grande,-68.8543522505,-32.8877785978,5,Residencial Sur,2423808.92355,0
32473,Fresno americano,30/05/2011 09:22,Medio (4 - 8 mts),100,Grande,-68.8538190483,-32.8883358138,5,Residencial Sur,2423808.92355,0
11996,Paraiso,12/05/2010 11:23,Medio (4 - 8 mts),164,Grande,-68.8524385869,-32.8681553769,6,Residencial Norte,2694682.37982,0
15239,Acer,16/11/2011 12:25,Bajo (2 - 4 mts),22,Mediano,-68.8603020212,-32.8693179135,6,Residencial Norte,2694682.37982,0
9035,Morera,10/01/2011 14:12,Bajo (2 - 4 mts),32,Mediano,-68.8451097341,-32.8670656974,4,Cuarta Oeste,1173332.70145,0
16882,Morera,05/08/2011 11:05,Muy bajo (1 - 2 mts),40,Mediano,-68.8384111515,-32.8655464834,4,Cuarta Oeste,1173332.70145,0
42859,Fresno europeo,03/10/2011 15:07,Medio (4 - 8 mts),87,Grande,-68.8327443431,-32.8776226521,4,Cuarta Este Área Fundacional,1822015.85685,0
38234,Fresno europeo,18/01/2012 12:22,Alto (> 8 mts),165,Grande,-68.8464783307,-32.8730211863,6,Residencial Norte,2694682.37982,0
34619,Morera,17/01/2012 20:27,Alto (> 8 mts),120,Grande,-68.8472265727,-32.8744858113,6,Residencial Norte,2694682.37982,0
7250,Fresno europeo,31/05/2011 13:42,Bajo (2 - 4 mts),28,Mediano,-68.8542085131,-32.9021508699,2,Barrio Civico,2366816.36021,0
6431,Jacaranda,09/05/2011 13:52,Medio (4 - 8 mts),42,Mediano,-68.8609938227,-32.8865347508,5,Residencial Sur,2423808.92355,0
7009,Caducifolio,10/06/2011 10:54,Muy bajo (1 - 2 mts),13,Chico,-68.8544199254,-32.8982356571,5,Residencial Sur,2423808.92355,0
6064,Acer,08/04/2011 12:16,Medio (4 - 8 mts),54,Mediano,-68.8451362017,-32.88209198,1,Parque Central,1655357.93265,0
9624,Fresno europeo,26/01/2011 09:22,Bajo (2 - 4 mts),56,Mediano,-68.849714642,-32.8631566863,6,Residencial Norte,2694682.37982,0
19818,Morera,04/08/2011 10:49,Alto (> 8 mts),150,Grande,-68.833906084,-32.8637608187,4,Cuarta Oeste,1173332.70145,0
31030,Fresno europeo,16/02/2011 11:38,Medio (4 - 8 mts),50,Mediano,-68.8557539042,-32.8652682287,6,Residencial Norte,2694682.37982,0
34302,Morera,04/03/2011 13:01,Bajo (2 - 4 mts),34,Mediano,-68.8516361042,-32.8736475501,6,Residencial Norte,2694682.37982,0
48004,Morera,29/08/2011 09:07,Medio (4 - 8 mts),87,Grande,-68.8259863514,-32.868979521,4,Cuarta Este Área Fundacional,1822015.85685,0
29219,Platano,03/03/2011 10:00,Alto (> 8 mts),260,Grande,-68.8454236774,-32.8876730742,1,Parque Central,1655357.93265,0
34457,Morera,11/03/2011 10:26,Alto (> 8 mts),160,Grande,-68.8502271122,-32.8746159134,6,Residencial Norte,2694682.37982,0
4224,Fresno europeo,11/07/2011 09:53,Bajo (2 - 4 mts),33,Mediano,-68.8397658639,-32.8731245655,4,Cuarta Oeste,1173332.70145,0
6686,Morera,12/05/2011 10:03,Medio (4 - 8 mts),60,Mediano,-68.8549964223,-32.8935732705,5,Residencial Sur,2423808.92355,0
21831,Fresno europeo,12/05/2011 12:23,Bajo (2 - 4 mts),35,Mediano,-68.8551815093,-32.8937444826,5,Residencial Sur,2423808.92355,0
33379,Platano,19/05/2011 09:15,Alto (> 8 mts),175,Grande,-68.8570395204,-32.891839564,5,Residencial Sur,2423808.92355,0
28974,Platano,26/04/2011 09:47,Alto (> 8 mts),200,Grande,-68.8456579957,-32.8850497101,1,Parque Central,1655357.93265,0
12268,Morera,10/01/2011 11:14,Alto (> 8 mts),230,Grande,-68.8448759946,-32.867161019,4,Cuarta Oeste,1173332.70145,0
37246,Acer,11/03/2011 10:27,Alto (> 8 mts),160,Grande,-68.8569256066,-32.8728163158,6,Residencial Norte,2694682.37982,0
22540,Fresno europeo,16/06/2011 11:57,Medio (4 - 8 mts),70,Grande,-68.8603189482,-32.900381,5,Residencial Sur,2423808.92355,0
8226,Morera,03/03/2011 20:09,Muy bajo (1 - 2 mts),7,Chico,-68.8414144755,-32.8928217135,2,Barrio Civico,2366816.36021,0
17908,Morera,01/08/2011 09:31,Alto (> 8 mts),150,Grande,-68.8366420806,-32.8670380237,4,Cuarta Oeste,1173332.70145,0
23627,Fresno europeo,14/01/2011 20:36,Bajo (2 - 4 mts),28,Mediano,-68.8477740723,-32.9005988105,2,Barrio Civico,2366816.36021,0
41452,Fresno europeo,07/04/2011 11:32,Medio (4 - 8 mts),80,Grande,-68.8410792276,-32.8808515818,1,Parque Central,1655357.93265,0
14270,Paraiso sombrilla,07/12/2011 10:15,Medio (4 - 8 mts),110,Grande,-68.8779651506,-32.8682785766,8,Aeroparque,2203364.73622,0
15315,Palo borracho,17/11/2011 12:41,Muy bajo (1 - 2 mts),85,Grande,-68.859301537,-32.8707060486,6,Residencial Norte,2694682.37982,0
35259,Fresno americano,24/06/2011 12:52,Medio (4 - 8 mts),100,Grande,-68.8516681086,-32.883109958,1,Parque Central,1655357.93265,0
22798,Morera,17/06/2011 16:50,Bajo (2 - 4 mts),18,Chico,-68.859736264,-32.9016787618,5,Residencial Sur,2423808.92355,0
1141,Caducifolio,02/12/2011 07:33,Bajo (2 - 4 mts),45,Mediano,-68.8770724236,-32.8684422015,8,Aeroparque,2203364.73622,1
17233,Fresno americano,12/08/2011 09:30,Alto (> 8 mts),180,Grande,-68.8357137021,-32.8646731917,4,Cuarta Oeste,1173332.70145,0
32855,Fresno europeo,10/06/2011 12:03,Medio (4 - 8 mts),130,Grande,-68.8491384086,-32.8858231905,1,Parque Central,1655357.93265,0
24122,Fresno europeo,11/01/2011 08:10,Alto (> 8 mts),100,Grande,-68.847135685,-32.9018906962,2,Barrio Civico,2366816.36021,0
2595,Morera,27/10/2011 17:37,Bajo (2 - 4 mts),36,Mediano,-68.830603079,-32.8813308414,3,Parque O'Higgins,1531146.02653,0
6726,Fresno europeo,13/05/2011 11:13,Alto (> 8 mts),80,Grande,-68.8562059368,-32.8932836265,5,Residencial Sur,2423808.92355,0
45697,Morera,26/08/2011 10:42,Alto (> 8 mts),240,Grande,-68.8219920804,-32.8701502512,4,Cuarta Este Área Fundacional,1822015.85685,0
17502,Morera,28/07/2011 14:51,Alto (> 8 mts),175,Grande,-68.838964663,-32.8664171389,4,Cuarta Oeste,1173332.70145,1
33009,Morera,18/05/2011 13:15,Alto (> 8 mts),176,Grande,-68.8518942573,-32.8882355352,5,Residencial Sur,2423808.92355,0
1813,Morera,24/11/2011 13:07,Medio (4 - 8 mts),28,Mediano,-68.8707249918,-32.8798923219,7,Residencial Parque,1786336.08966,0
32168,Morera,11/05/2011 10:03,Medio (4 - 8 mts),90,Grande,-68.857796891,-32.8852563422,5,Residencial Sur,2423808.92355,0
44299,Fresno europeo,20/10/2011 16:31,Muy bajo (1 - 2 mts),7,Chico,-68.8358743873,-32.8809373225,1,Parque Central,1655357.93265,0
4432,Paraiso,29/07/2011 13:46,Alto (> 8 mts),138,Grande,-68.8375025111,-32.868344919,4,Cuarta Oeste,1173332.70145,0
13586,Morera,28/02/2011 13:02,Alto (> 8 mts),140,Grande,-68.8518800494,-32.865068367,6,Residencial Norte,2694682.37982,0
6647,Acacia SP,13/05/2011 09:38,Alto (> 8 mts),136,Grande,-68.8597983696,-32.8925087382,5,Residencial Sur,2423808.92355,0
41194,Acer,18/04/2011 10:20,Alto (> 8 mts),143,Grande,-68.8383008899,-32.8820864704,1,Parque Central,1655357.93265,0
27833,Fresno europeo,02/11/2011 10:28,Medio (4 - 8 mts),72,Grande,-68.8360176848,-32.8951791253,2,Barrio Civico,2366816.36021,0
21451,Morera,12/05/2011 10:12,Alto (> 8 mts),210,Grande,-68.856912965,-32.8926668159,5,Residencial Sur,2423808.92355,0
233,Morera,06/03/2012 09:34,Medio (4 - 8 mts),70,Grande,-68.838138476,-32.8703616535,4,Cuarta Oeste,1173332.70145,1
11144,Caducifolio,26/01/2011 08:50,Muy bajo (1 - 2 mts),11,Chico,-68.8457453899,-32.9013311538,2,Barrio Civico,2366816.36021,0
22023,Paraiso,16/05/2011 12:08,Alto (> 8 mts),168,Grande,-68.8582994319,-32.8928929951,5,Residencial Sur,2423808.92355,0
449,Morera,05/03/2012 18:27,Medio (4 - 8 mts),120,Grande,-68.8187753473,-32.8678224213,4,Cuarta Este Área Fundacional,1822015.85685,0
45948,Ligustro,24/08/2011 14:23,Bajo (2 - 4 mts),80,Grande,-68.8188524462,-32.8696486331,4,Cuarta Este Área Fundacional,1822015.85685,0
22998,Paraiso,17/06/2011 17:21,Alto (> 8 mts),98,Grande,-68.8570814211,-32.8997637412,5,Residencial Sur,2423808.92355,0
20375,Prunas,24/05/2011 12:30,Muy bajo (1 - 2 mts),16,Chico,-68.8615003384,-32.8940711099,5,Residencial Sur,2423808.92355,0
44316,Platano,12/10/2011 17:01,Alto (> 8 mts),240,Grande,-68.8352550816,-32.8813879217,1,Parque Central,1655357.93265,0
35441,Morera,23/03/2011 10:30,Alto (> 8 mts),180,Grande,-68.8550315384,-32.8820100494,6,Residencial Norte,2694682.37982,1
13866,Morera,16/12/2011 12:42,Bajo (2 - 4 mts),46,Mediano,-68.8759343532,-32.8677516382,8,Aeroparque,2203364.73622,0
22682,Morera,12/05/2011 11:48,Alto (> 8 mts),148,Grande,-68.8530604475,-32.900221608,2,Barrio Civico,2366816.36021,0
9676,Jacaranda,21/01/2011 09:34,Medio (4 - 8 mts),84,Grande,-68.847516404,-32.8636052582,4,Cuarta Oeste,1173332.70145,0
1479,Paraiso sombrilla,25/11/2011 11:32,Muy bajo (1 - 2 mts),30,Mediano,-68.8716295673,-32.8770860306,7,Residencial Parque,1786336.08966,0
18683,Morera,05/07/2011 09:26,Alto (> 8 mts),133,Grande,-68.836251978,-32.8737288964,4,Cuarta Oeste,1173332.70145,1
8532,Morera,08/02/2011 09:07,Alto (> 8 mts),106,Grande,-68.8374159969,-32.8988551051,2,Barrio Civico,2366816.36021,0
8883,Morera,05/04/2010 11:07,Bajo (2 - 4 mts),86,Grande,-68.8536204507,-32.8681794448,6,Residencial Norte,2694682.37982,0
7988,Fresno europeo,18/02/2011 13:37,Alto (> 8 mts),55,Mediano,-68.8402859712,-32.8885182735,3,Parque O'Higgins,1531146.02653,0
12350,Olmo bola,18/01/2011 09:14,Muy bajo (1 - 2 mts),2,Chico,-68.8475063246,-32.8662872905,6,Residencial Norte,2694682.37982,0
37102,Olmo comun,06/04/2011 14:05,Alto (> 8 mts),120,Grande,-68.8590890797,-32.8764404184,7,Residencial Parque,1786336.08966,0
48206,Acer,01/09/2011 13:22,Alto (> 8 mts),135,Grande,-68.8285274402,-32.8687922313,4,Cuarta Este Área Fundacional,1822015.85685,0
4342,Fresno europeo,27/07/2011 08:56,Medio (4 - 8 mts),57,Mediano,-68.8406661864,-32.8701029645,4,Cuarta Oeste,1173332.70145,0
9819,Fresno europeo,12/01/2011 08:46,Muy bajo (1 - 2 mts),6,Chico,-68.8441132385,-32.8637755368,4,Cuarta Oeste,1173332.70145,0
23666,Fresno americano,20/01/2011 18:45,Medio (4 - 8 mts),110,Grande,-68.8490433328,-32.9012410019,2,Barrio Civico,2366816.36021,0
18065,Morera,29/07/2011 13:19,Alto (> 8 mts),150,Grande,-68.8406513987,-32.8679026903,4,Cuarta Oeste,1173332.70145,1
39496,Morera,10/11/2010 09:53,Alto (> 8 mts),179,Grande,-68.8538440882,-32.8690652553,6,Residencial Norte,2694682.37982,0
11906,Paraiso,03/03/2011 09:06,Medio (4 - 8 mts),160,Grande,-68.8504457339,-32.8663271286,6,Residencial Norte,2694682.37982,0
10744,Fresno europeo,05/04/2011 12:49,Bajo (2 - 4 mts),28,Mediano,-68.8563692407,-32.876632042,6,Residencial Norte,2694682.37982,0
32348,Morera,09/05/2011 11:26,Alto (> 8 mts),120,Grande,-68.8517422154,-32.8928347035,5,Residencial Sur,2423808.92355,0
24889,Morera,17/02/2011 09:09,Alto (> 8 mts),136,Grande,-68.8388314793,-32.8974863323,2,Barrio Civico,2366816.36021,0
18284,Paraiso,04/08/2011 11:20,Alto (> 8 mts),140,Grande,-68.8394357397,-32.8684956845,4,Cuarta Oeste,1173332.70145,0
10350,Fresno europeo,30/11/2010 10:18,Medio (4 - 8 mts),40,Mediano,-68.8557884112,-32.8720712889,6,Residencial Norte,2694682.37982,0
34591,Morera,17/01/2012 19:06,Medio (4 - 8 mts),120,Grande,-68.8489671848,-32.8751269618,6,Residencial Norte,2694682.37982,0
26965,Fresno europeo,03/11/2011 18:09,Bajo (2 - 4 mts),30,Mediano,-68.8353250364,-32.886035197,3,Parque O'Higgins,1531146.02653,0
12240,Morera,18/01/2011 12:00,Bajo (2 - 4 mts),25,Mediano,-68.8459418353,-32.8672383598,4,Cuarta Oeste,1173332.70145,0
4343,Fresno americano,27/07/2011 09:30,Medio (4 - 8 mts),73,Grande,-68.8406393567,-32.8700049622,4,Cuarta Oeste,1173332.70145,0
5566,Morera,14/04/2011 09:23,Alto (> 8 mts),124,Grande,-68.8393611871,-32.8809121286,1,Parque Central,1655357.93265,1
9178,Fresno americano,02/03/2011 10:03,Medio (4 - 8 mts),64,Grande,-68.8511130802,-32.8650877754,6,Residencial Norte,2694682.37982,0
20661,Morera,03/06/2011 13:27,Alto (> 8 mts),111,Grande,-68.8607460135,-32.8962856793,5,Residencial Sur,2423808.92355,0
8578,Morera,03/02/2011 11:08,Alto (> 8 mts),67,Grande,-68.840662662,-32.902901535,2,Barrio Civico,2366816.36021,0
21482,Paraiso,11/05/2011 11:49,Medio (4 - 8 mts),32,Mediano,-68.8588883289,-32.8925540002,5,Residencial Sur,2423808.92355,0
38042,Platano,06/12/2010 11:56,Alto (> 8 mts),270,Grande,-68.8469609545,-32.8715956132,6,Residencial Norte,2694682.37982,0
5232,Platano,05/05/2011 12:38,Bajo (2 - 4 mts),32,Mediano,-68.8416412737,-32.8744542299,1,Parque Central,1655357.93265,0
9148,Morera,25/02/2011 14:07,Alto (> 8 mts),170,Grande,-68.8522597625,-32.864940916,6,Residencial Norte,2694682.37982,0
9813,Fresno europeo,12/01/2011 10:03,Medio (4 - 8 mts),64,Grande,-68.8454563262,-32.8636801446,4,Cuarta Oeste,1173332.70145,0
12909,Morera,14/01/2011 10:26,Alto (> 8 mts),130,Grande,-68.8448595416,-32.863874843,4,Cuarta Oeste,1173332.70145,0
40541,Fresno europeo,11/04/2011 12:09,Alto (> 8 mts),52,Mediano,-68.8434384288,-32.8841656373,1,Parque Central,1655357.93265,0
3590,Morera,29/08/2011 10:25,Muy bajo (1 - 2 mts),8,Chico,-68.8294372124,-32.8687101152,4,Cuarta Este Área Fundacional,1822015.85685,0
26757,Fresno europeo,11/01/2012 09:41,Muy bajo (1 - 2 mts),15,Chico,-68.8346676006,-32.8959535453,2,Barrio Civico,2366816.36021,0
42761,Morera,30/09/2011 15:42,Alto (> 8 mts),220,Grande,-68.8308180203,-32.8784759331,4,Cuarta Este Área Fundacional,1822015.85685,0
46804,Morera,07/09/2011 10:45,Alto (> 8 mts),236,Grande,-68.8328983566,-32.8718151031,4,Cuarta Este Área Fundacional,1822015.85685,0
22878,Platano,10/05/2011 09:55,Alto (> 8 mts),158,Grande,-68.8558657379,-32.9007399583,5,Residencial Sur,2423808.92355,0
9914,Paraiso sombrilla,06/04/2011 13:07,Bajo (2 - 4 mts),60,Mediano,-68.8437652001,-32.8650469681,4,Cuarta Oeste,1173332.70145,0
22318,Fresno europeo,09/06/2011 09:26,Bajo (2 - 4 mts),40,Mediano,-68.8571079751,-32.8981371219,5,Residencial Sur,2423808.92355,0
22422,Fresno europeo,15/06/2011 09:50,Alto (> 8 mts),73,Grande,-68.86010881,-32.8993043821,5,Residencial Sur,2423808.92355,0
25703,Morera,04/02/2011 09:53,Alto (> 8 mts),67,Grande,-68.8408056882,-32.9026273222,2,Barrio Civico,2366816.36021,0
47286,Fresno europeo,20/09/2011 11:00,Alto (> 8 mts),95,Grande,-68.830678243,-32.8737011878,4,Cuarta Este Área Fundacional,1822015.85685,0
13195,Morera,22/02/2011 09:42,Medio (4 - 8 mts),70,Grande,-68.8472548706,-32.8645427591,4,Cuarta Oeste,1173332.70145,0
16797,Ligustro,04/08/2011 12:06,Bajo (2 - 4 mts),70,Grande,-68.838080691,-32.8627206846,4,Cuarta Oeste,1173332.70145,0
18901,Fresno europeo,02/08/2011 10:15,Alto (> 8 mts),147,Grande,-68.8408848974,-32.8703909032,4,Cuarta Oeste,1173332.70145,0
7863,Morera,21/06/2011 13:38,Alto (> 8 mts),98,Grande,-68.85290544,-32.8897913562,5,Residencial Sur,2423808.92355,0
8032,Fresno americano,11/03/2011 12:46,Alto (> 8 mts),104,Grande,-68.8480541251,-32.8882623903,5,Residencial Sur,2423808.92355,0
15893,Paraiso sombrilla,28/11/2011 12:41,Medio (4 - 8 mts),95,Grande,-68.871972827,-32.8758887137,7,Residencial Parque,1786336.08966,0
4210,Morera,07/07/2011 11:45,Bajo (2 - 4 mts),40,Mediano,-68.8389511679,-32.8739612325,4,Cuarta Oeste,1173332.70145,0
40880,Fresno americano,25/04/2011 17:39,Alto (> 8 mts),98,Grande,-68.8390762136,-32.8849671151,3,Parque O'Higgins,1531146.02653,0
15586,Paraiso,16/11/2011 16:19,Bajo (2 - 4 mts),60,Mediano,-68.8613924989,-32.8718943564,7,Residencial Parque,1786336.08966,0
30909,Olmo bola,17/02/2011 09:50,Medio (4 - 8 mts),50,Mediano,-68.8540091296,-32.8658145933,6,Residencial Norte,2694682.37982,0
26907,Fresno europeo,28/10/2011 16:33,Alto (> 8 mts),180,Grande,-68.8368705918,-32.886599386,3,Parque O'Higgins,1531146.02653,0
32057,Morera,09/06/2011 09:44,Alto (> 8 mts),153,Grande,-68.8611659578,-32.8867817334,5,Residencial Sur,2423808.92355,0
17750,Morera,20/07/2011 12:43,Alto (> 8 mts),140,Grande,-68.8420366431,-32.8663459578,4,Cuarta Oeste,1173332.70145,0
13450,Morera,02/02/2011 09:44,Alto (> 8 mts),104,Grande,-68.8520488924,-32.8646513082,6,Residencial Norte,2694682.37982,0
25827,Morera,03/02/2011 18:28,Alto (> 8 mts),168,Grande,-68.8396991103,-32.9027867698,2,Barrio Civico,2366816.36021,1
26640,Acacia SP,02/11/2011 09:55,Medio (4 - 8 mts),108,Grande,-68.8340876315,-32.891125192,3,Parque O'Higgins,1531146.02653,1
4373,Olmo comun,09/08/2011 10:56,Alto (> 8 mts),98,Grande,-68.8365061506,-32.8696333459,4,Cuarta Oeste,1173332.70145,0
20579,Aguaribay,30/05/2011 11:16,Bajo (2 - 4 mts),65,Grande,-68.8628294028,-32.8978380544,5,Residencial Sur,2423808.92355,1
19340,Fresno europeo,19/07/2011 11:07,Alto (> 8 mts),95,Grande,-68.8361916138,-32.8705287055,4,Cuarta Oeste,1173332.70145,0
37187,Morera,01/04/2011 11:44,Alto (> 8 mts),108,Grande,-68.8582821028,-32.8781839231,7,Residencial Parque,1786336.08966,1
17686,Morera,14/07/2011 12:40,Alto (> 8 mts),180,Grande,-68.8418882369,-32.8692355215,4,Cuarta Oeste,1173332.70145,0
30828,Fresno europeo,14/02/2011 13:50,Medio (4 - 8 mts),96,Grande,-68.8549379331,-32.8662507173,6,Residencial Norte,2694682.37982,0
29224,Platano,25/02/2011 18:08,Alto (> 8 mts),240,Grande,-68.8453832901,-32.887351242,1,Parque Central,1655357.93265,0
24243,Morera,27/01/2011 09:38,Alto (> 8 mts),190,Grande,-68.844342354,-32.9008976867,2,Barrio Civico,2366816.36021,0
106,Perenne,29/02/2012 10:12,Bajo (2 - 4 mts),100,Grande,-68.8567481144,-32.901717693,5,Residencial Sur,2423808.92355,0
21201,Morera,10/05/2011 11:18,Alto (> 8 mts),125,Grande,-68.8527296957,-32.8959045955,5,Residencial Sur,2423808.92355,0
29677,Platano,09/03/2011 16:35,Alto (> 8 mts),112,Grande,-68.8405862915,-32.8947863053,2,Barrio Civico,2366816.36021,0
113,Acer,29/02/2012 10:49,Bajo (2 - 4 mts),90,Grande,-68.8568439381,-32.8635872967,6,Residencial Norte,2694682.37982,0
36835,Platano,07/04/2011 11:26,Alto (> 8 mts),200,Grande,-68.859298978,-32.8802080202,7,Residencial Parque,1786336.08966,0
10050,Fresno europeo,28/10/2010 10:08,Medio (4 - 8 mts),75,Grande,-68.8479286758,-32.8702556925,6,Residencial Norte,2694682.37982,0
31997,Fresno americano,03/06/2011 12:22,Alto (> 8 mts),98,Grande,-68.8589362245,-32.8873330577,5,Residencial Sur,2423808.92355,0
48168,Platano,17/08/2011 09:54,Alto (> 8 mts),165,Grande,-68.829090474,-32.8682605612,4,Cuarta Este Área Fundacional,1822015.85685,0
43612,Morera,13/10/2011 08:31,Alto (> 8 mts),115,Grande,-68.8338476679,-32.8828310222,3,Parque O'Higgins,1531146.02653,0
46323,Morera,27/09/2011 13:28,Alto (> 8 mts),150,Grande,-68.8235324262,-32.8738847766,4,Cuarta Este Área Fundacional,1822015.85685,0
40493,Fresno americano,08/04/2011 12:59,Muy bajo (1 - 2 mts),10,Chico,-68.8425643138,-32.881902464,1,Parque Central,1655357.93265,0
21990,Morera,27/05/2011 13:07,Medio (4 - 8 mts),60,Mediano,-68.8584543509,-32.8939591689,5,Residencial Sur,2423808.92355,0
38494,Paraiso,02/11/2010 10:39,Alto (> 8 mts),240,Grande,-68.8503283352,-32.8701668762,6,Residencial Norte,2694682.37982,0
12442,Caducifolio,24/01/2011 13:04,Muy bajo (1 - 2 mts),15,Chico,-68.8488411722,-32.8672521029,6,Residencial Norte,2694682.37982,0
23647,Morera,21/01/2011 14:27,Alto (> 8 mts),108,Grande,-68.8482077404,-32.8997828681,2,Barrio Civico,2366816.36021,0
3751,Caducifolio,25/08/2011 12:43,Muy bajo (1 - 2 mts),2,Chico,-68.8202373624,-32.8696019727,4,Cuarta Este Área Fundacional,1822015.85685,0
17801,Paraiso,22/07/2011 13:29,Medio (4 - 8 mts),75,Grande,-68.8430754586,-32.8689125867,4,Cuarta Oeste,1173332.70145,0
17297,Fresno americano,04/08/2011 10:20,Alto (> 8 mts),155,Grande,-68.8359380811,-32.8659334281,4,Cuarta Oeste,1173332.70145,0
6238,Fresno americano,05/04/2011 09:23,Bajo (2 - 4 mts),28,Mediano,-68.8395806707,-32.8864380731,3,Parque O'Higgins,1531146.02653,0
22796,Platano,17/06/2011 16:55,Alto (> 8 mts),158,Grande,-68.859430581,-32.9016837646,5,Residencial Sur,2423808.92355,1
47696,Morera,09/09/2011 14:15,Alto (> 8 mts),148,Grande,-68.8304766436,-32.871999599,4,Cuarta Este Área Fundacional,1822015.85685,0
8097,Morera,25/02/2011 11:08,Medio (4 - 8 mts),31,Mediano,-68.8472142812,-32.8894250833,2,Barrio Civico,2366816.36021,0
24193,Morera,26/01/2011 13:08,Alto (> 8 mts),205,Grande,-68.8451790724,-32.9007457241,2,Barrio Civico,2366816.36021,1
30921,Fresno europeo,14/02/2011 09:19,Medio (4 - 8 mts),108,Grande,-68.8559929673,-32.8642743065,6,Residencial Norte,2694682.37982,0
39707,Morera,09/08/2010 11:22,Medio (4 - 8 mts),100,Grande,-68.8451054269,-32.8699119399,4,Cuarta Oeste,1173332.70145,0
47067,Fresno europeo,28/09/2011 08:49,Medio (4 - 8 mts),95,Grande,-68.83413798,-32.8737356691,4,Cuarta Este Área Fundacional,1822015.85685,0
18935,Morera,01/08/2011 09:57,Alto (> 8 mts),250,Grande,-68.8413400812,-32.8698986414,4,Cuarta Oeste,1173332.70145,0
38223,Paraiso,17/01/2012 10:46,Alto (> 8 mts),220,Grande,-68.8460416713,-32.8734430843,6,Residencial Norte,2694682.37982,0
26421,Fresno americano,25/10/2011 08:51,Medio (4 - 8 mts),110,Grande,-68.8329107853,-32.8888067698,3,Parque O'Higgins,1531146.02653,0
3560,Morera,07/09/2011 08:37,Alto (> 8 mts),155,Grande,-68.8329393486,-32.8694227352,4,Cuarta Oeste,1173332.70145,0
39399,Paraiso,12/11/2010 10:12,Alto (> 8 mts),160,Grande,-68.856175516,-32.869300463,6,Residencial Norte,2694682.37982,0
11305,Fresno europeo,13/01/2011 17:53,Medio (4 - 8 mts),48,Mediano,-68.8476578952,-32.9007910617,2,Barrio Civico,2366816.36021,0
3245,Tilo,27/09/2011 11:49,Medio (4 - 8 mts),45,Mediano,-68.8254886743,-32.8666640772,4,Cuarta Este Área Fundacional,1822015.85685,0
35869,Fresno europeo,28/03/2011 13:30,Medio (4 - 8 mts),73,Grande,-68.8531034215,-32.8756715198,6,Residencial Norte,2694682.37982,0
35885,Platano,29/03/2011 11:17,Alto (> 8 mts),125,Grande,-68.8530944349,-32.8765584665,6,Residencial Norte,2694682.37982,0
41161,Morera,18/04/2011 11:50,Alto (> 8 mts),90,Grande,-68.8380948087,-32.8807614369,1,Parque Central,1655357.93265,1
387,Morera,05/03/2012 11:46,Medio (4 - 8 mts),60,Mediano,-68.8197693947,-32.8678320132,4,Cuarta Este Área Fundacional,1822015.85685,0
40792,Platano,19/04/2011 10:26,Alto (> 8 mts),168,Grande,-68.840723958,-32.8836720499,1,Parque Central,1655357.93265,0
11030,Fresno europeo,07/04/2011 17:03,Alto (> 8 mts),66,Grande,-68.8584187163,-32.8792452952,7,Residencial Parque,1786336.08966,0
44632,Fresno europeo,25/08/2011 13:11,Alto (> 8 mts),120,Grande,-68.8239896348,-32.8666281744,4,Cuarta Este Área Fundacional,1822015.85685,0
35351,Caducifolio,22/06/2011 13:22,Bajo (2 - 4 mts),40,Mediano,-68.8531401573,-32.8837644828,5,Residencial Sur,2423808.92355,0
28491,Morera,25/02/2011 10:16,Alto (> 8 mts),160,Grande,-68.8475011201,-32.8892519867,2,Barrio Civico,2366816.36021,0
21027,Alamo blanco,22/06/2011 11:33,Alto (> 8 mts),300,Grande,-68.8642015937,-32.9014081546,5,Residencial Sur,2423808.92355,1
37537,Paraiso,16/11/2010 13:57,Alto (> 8 mts),50,Mediano,-68.8576697776,-32.8701080166,6,Residencial Norte,2694682.37982,0
15478,Paraiso,21/11/2011 13:10,Muy bajo (1 - 2 mts),16,Chico,-68.8601147386,-32.8714324162,7,Residencial Parque,1786336.08966,0
45073,Morera,31/08/2011 12:08,Alto (> 8 mts),138,Grande,-68.8219389061,-32.871094249,4,Cuarta Este Área Fundacional,1822015.85685,1
14914,Paraiso,19/12/2011 08:48,Medio (4 - 8 mts),92,Grande,-68.8804234836,-32.8734926323,8,Aeroparque,2203364.73622,0
33166,Morera,08/06/2011 13:02,Alto (> 8 mts),114,Grande,-68.8536179116,-32.8914596229,5,Residencial Sur,2423808.92355,0
10465,Fresno europeo,09/03/2011 09:17,Bajo (2 - 4 mts),10,Chico,-68.8544930149,-32.8734169524,6,Residencial Norte,2694682.37982,0
22542,Morera,16/06/2011 11:54,Alto (> 8 mts),140,Grande,-68.8600498841,-32.9003888297,5,Residencial Sur,2423808.92355,0
20439,Morera,17/05/2011 10:37,Alto (> 8 mts),102,Grande,-68.862345691,-32.8927215802,5,Residencial Sur,2423808.92355,0
45518,Morera,19/09/2011 10:44,Medio (4 - 8 mts),96,Grande,-68.8219642248,-32.8723263594,4,Cuarta Este Área Fundacional,1822015.85685,0
37545,Caducifolio,16/11/2010 12:20,Muy bajo (1 - 2 mts),20,Chico,-68.8575984517,-32.8696761139,6,Residencial Norte,2694682.37982,0
30647,Acer,01/02/2011 13:08,Alto (> 8 mts),93,Grande,-68.8546598035,-32.8670131077,6,Residencial Norte,2694682.37982,0
43090,Morera,04/10/2011 10:35,Medio (4 - 8 mts),80,Grande,-68.8272419395,-32.8782239811,4,Cuarta Este Área Fundacional,1822015.85685,0
30025,Platano,03/05/2011 09:48,Alto (> 8 mts),98,Grande,-68.8408307239,-32.886145741199996,3,Parque O'Higgins,1531146.02653,0
32353,Platano,06/05/2011 12:19,Alto (> 8 mts),190,Grande,-68.8512768468,-32.8925964651,5,Residencial Sur,2423808.92355,0
23964,Fresno europeo,12/01/2011 11:04,Alto (> 8 mts),115,Grande,-68.8464536428,-32.9000918005,2,Barrio Civico,2366816.36021,1
46981,Morera,07/09/2011 12:16,Medio (4 - 8 mts),45,Mediano,-68.830748223,-32.8718539383,4,Cuarta Este Área Fundacional,1822015.85685,0
38080,Perenne,03/12/2010 12:08,Muy bajo (1 - 2 mts),30,Mediano,-68.8471267311,-32.8723049406,6,Residencial Norte,2694682.37982,0
39841,Morera,02/05/2011 10:51,Alto (> 8 mts),190,Grande,-68.8443634553,-32.8736549416,1,Parque Central,1655357.93265,0
25471,Morera,08/02/2011 10:16,Alto (> 8 mts),185,Grande,-68.8404426382,-32.9000371161,2,Barrio Civico,2366816.36021,0
1918,Paraiso,18/11/2011 11:49,Bajo (2 - 4 mts),45,Mediano,-68.8597721369,-32.8717794447,7,Residencial Parque,1786336.08966,0
5959,Morera,02/05/2011 11:21,Alto (> 8 mts),130,Grande,-68.8448986823,-32.8757307283,1,Parque Central,1655357.93265,0
31266,Morera,03/02/2011 13:21,Alto (> 8 mts),180,Grande,-68.8534708851,-32.8640651864,6,Residencial Norte,2694682.37982,1
19621,Morera,11/07/2011 09:11,Alto (> 8 mts),56,Mediano,-68.8372218217,-32.8724521681,4,Cuarta Oeste,1173332.70145,1
20529,Morera,03/06/2011 09:42,Alto (> 8 mts),130,Grande,-68.8594141422,-32.8978237836,5,Residencial Sur,2423808.92355,0
40412,Platano,12/04/2011 10:17,Alto (> 8 mts),190,Grande,-68.8443221134,-32.8829979666,1,Parque Central,1655357.93265,0
23233,Morera,31/01/2012 17:59,Bajo (2 - 4 mts),80,Grande,-68.8518666182,-32.9019535578,2,Barrio Civico,2366816.36021,1
24315,Morera,27/01/2011 12:44,Alto (> 8 mts),180,Grande,-68.8439075896,-32.9009754601,2,Barrio Civico,2366816.36021,0
3354,Morera,28/09/2011 09:47,Alto (> 8 mts),180,Grande,-68.8253942293,-32.8756343652,4,Cuarta Este Área Fundacional,1822015.85685,0
16943,Caducifolio,16/08/2011 13:15,Medio (4 - 8 mts),80,Grande,-68.8369152363,-32.8653128067,4,Cuarta Oeste,1173332.70145,0
37771,Fresno europeo,25/01/2012 08:46,Medio (4 - 8 mts),110,Grande,-68.8491856079,-32.8725301258,6,Residencial Norte,2694682.37982,0
13449,Morera,02/02/2011 09:47,Alto (> 8 mts),130,Grande,-68.8520464475,-32.8647081122,6,Residencial Norte,2694682.37982,0
4822,Fresno europeo,19/07/2011 10:56,Bajo (2 - 4 mts),39,Mediano,-68.8413753364,-32.8648073911,4,Cuarta Oeste,1173332.70145,0
8409,Morera,16/02/2011 16:29,Medio (4 - 8 mts),38,Mediano,-68.8381781346,-32.9025315287,2,Barrio Civico,2366816.36021,0
27933,Platano,03/11/2011 11:23,Alto (> 8 mts),200,Grande,-68.8381688769,-32.893453657,2,Barrio Civico,2366816.36021,0
9471,Morera,01/02/2011 12:04,Medio (4 - 8 mts),150,Grande,-68.8518095919,-32.8647651147,6,Residencial Norte,2694682.37982,0
2182,Morera,04/11/2011 18:15,Alto (> 8 mts),190,Grande,-68.8340973768,-32.8869293215,3,Parque O'Higgins,1531146.02653,1
133,Paraiso sombrilla,29/02/2012 10:14,Medio (4 - 8 mts),90,Grande,-68.8576602822,-32.8640745531,6,Residencial Norte,2694682.37982,0
13706,Morera,18/02/2011 14:14,Medio (4 - 8 mts),30,Mediano,-68.8534242753,-32.8655896786,6,Residencial Norte,2694682.37982,0
39117,Morera,16/01/2012 12:48,Bajo (2 - 4 mts),80,Grande,-68.852857324,-32.8719691364,6,Residencial Norte,2694682.37982,0
21400,Platano,11/05/2011 09:44,Alto (> 8 mts),170,Grande,-68.8550651786,-32.8923799104,5,Residencial Sur,2423808.92355,0
31245,Paraiso sombrilla,04/02/2011 10:50,Medio (4 - 8 mts),120,Grande,-68.8540750529,-32.8637916762,6,Residencial Norte,2694682.37982,0
26480,Perenne,09/11/2011 09:39,Alto (> 8 mts),120,Grande,-68.8317179748,-32.8917697104,3,Parque O'Higgins,1531146.02653,0
37748,Paraiso,13/01/2012 18:18,Medio (4 - 8 mts),60,Mediano,-68.8505000865,-32.8722832869,6,Residencial Norte,2694682.37982,0
11115,Morera,30/03/2011 10:45,Muy bajo (1 - 2 mts),12,Chico,-68.8515466434,-32.8824540642,1,Parque Central,1655357.93265,0
19176,Morera,18/07/2011 10:15,Alto (> 8 mts),102,Grande,-68.8411066048,-32.8729719635,4,Cuarta Oeste,1173332.70145,0
36979,Platano,07/04/2011 16:43,Alto (> 8 mts),175,Grande,-68.8570116001,-32.8787537,7,Residencial Parque,1786336.08966,0
44219,Platano,14/10/2011 09:34,Alto (> 8 mts),168,Grande,-68.8351333798,-32.8835733737,3,Parque O'Higgins,1531146.02653,0
44635,Olmo comun,25/08/2011 13:06,Medio (4 - 8 mts),103,Grande,-68.8237706258,-32.866566449,4,Cuarta Este Área Fundacional,1822015.85685,0
45557,Morera,07/09/2011 08:54,Alto (> 8 mts),147,Grande,-68.8206336582,-32.8708656985,4,Cuarta Este Área Fundacional,1822015.85685,0
12069,Paraiso sombrilla,04/02/2010 12:59,Medio (4 - 8 mts),108,Grande,-68.853012204,-32.8683015974,6,Residencial Norte,2694682.37982,0
27291,Fresno europeo,01/11/2011 09:36,Alto (> 8 mts),230,Grande,-68.834794635,-32.8887318389,3,Parque O'Higgins,1531146.02653,0
35877,Morera,28/03/2011 10:40,Alto (> 8 mts),180,Grande,-68.8532168737,-32.876057118,6,Residencial Norte,2694682.37982,0
4896,Perenne,21/07/2011 09:20,Bajo (2 - 4 mts),60,Mediano,-68.8425317374,-32.8647132254,4,Cuarta Oeste,1173332.70145,0
27994,Morera,04/11/2011 09:32,Alto (> 8 mts),178,Grande,-68.8357635368,-32.8930779135,3,Parque O'Higgins,1531146.02653,0
27877,Platano,04/11/2011 10:27,Alto (> 8 mts),150,Grande,-68.8384147847,-32.8938416362,2,Barrio Civico,2366816.36021,0
3152,Morera,19/09/2011 13:45,Alto (> 8 mts),160,Grande,-68.8252510487,-32.874285002,4,Cuarta Este Área Fundacional,1822015.85685,0
43265,Platano,21/10/2011 19:15,Alto (> 8 mts),280,Grande,-68.8351232672,-32.8809548454,1,Parque Central,1655357.93265,0
39492,Morera,11/11/2010 09:53,Alto (> 8 mts),120,Grande,-68.8538101636,-32.8693402939,6,Residencial Norte,2694682.37982,1
19460,Morera,12/07/2011 11:57,Alto (> 8 mts),75,Grande,-68.838606,-32.8706767559,4,Cuarta Oeste,1173332.70145,1
41702,Morera,28/04/2011 10:00,Medio (4 - 8 mts),45,Mediano,-68.8386957056,-32.8779811217,1,Parque Central,1655357.93265,0
8213,Morera,03/03/2011 19:50,Medio (4 - 8 mts),52,Mediano,-68.8421200656,-32.8934617493,2,Barrio Civico,2366816.36021,0
19874,Morera,29/06/2011 10:55,Alto (> 8 mts),90,Grande,-68.8345010536,-32.8624116784,4,Cuarta Oeste,1173332.70145,1
42471,Morera,30/09/2011 15:09,Medio (4 - 8 mts),105,Grande,-68.8320183582,-32.876441077,4,Cuarta Este Área Fundacional,1822015.85685,0
41505,Olmo comun,07/04/2011 10:48,Medio (4 - 8 mts),100,Grande,-68.8432576902,-32.8816320155,1,Parque Central,1655357.93265,0
21273,Morera,13/06/2011 12:44,Alto (> 8 mts),130,Grande,-68.8525760794,-32.8960974899,5,Residencial Sur,2423808.92355,0
10251,Paraiso sombrilla,09/12/2010 10:58,Muy bajo (1 - 2 mts),15,Chico,-68.8493914753,-32.871402505,6,Residencial Norte,2694682.37982,0
2397,Fresno europeo,21/10/2011 13:51,Medio (4 - 8 mts),30,Mediano,-68.8309165703,-32.8902092592,3,Parque O'Higgins,1531146.02653,0
40416,Platano,12/04/2011 10:04,Alto (> 8 mts),160,Grande,-68.8442494363,-32.8832476449,1,Parque Central,1655357.93265,0
38005,Paraiso,10/01/2012 12:56,Medio (4 - 8 mts),150,Grande,-68.8472780726,-32.8729131955,6,Residencial Norte,2694682.37982,0
13075,Morera,17/02/2011 10:29,Alto (> 8 mts),150,Grande,-68.8461214073,-32.8644586991,4,Cuarta Oeste,1173332.70145,0
33449,Platano,15/06/2011 11:21,Alto (> 8 mts),180,Grande,-68.8567686064,-32.8886496792,5,Residencial Sur,2423808.92355,0
31722,Morera,18/05/2011 09:48,Alto (> 8 mts),96,Grande,-68.8602962584,-32.8902547138,5,Residencial Sur,2423808.92355,0
12784,Paraiso sombrilla,21/01/2011 09:42,Bajo (2 - 4 mts),34,Mediano,-68.847603036,-32.8635360018,4,Cuarta Oeste,1173332.70145,0
9905,Paraiso,11/02/2011 12:04,Medio (4 - 8 mts),40,Mediano,-68.8577763958,-32.8647565951,6,Residencial Norte,2694682.37982,0
34338,Morera,28/03/2011 10:42,Medio (4 - 8 mts),140,Grande,-68.8515153796,-32.8747806739,6,Residencial Norte,2694682.37982,0
25029,Fresno europeo,15/02/2011 08:47,Medio (4 - 8 mts),130,Grande,-68.8358645175,-32.8969229741,2,Barrio Civico,2366816.36021,0
27123,Platano,27/10/2011 08:39,Alto (> 8 mts),100,Grande,-68.8388887038,-32.8892116026,3,Parque O'Higgins,1531146.02653,1
40859,Fresno americano,08/04/2011 09:45,Alto (> 8 mts),162,Grande,-68.8396497393,-32.8849828198,1,Parque Central,1655357.93265,0
48103,Morera,29/09/2011 09:33,Alto (> 8 mts),196,Grande,-68.8255827662,-32.8677354323,4,Cuarta Este Área Fundacional,1822015.85685,0
47584,Morera,16/09/2011 08:52,Medio (4 - 8 mts),76,Grande,-68.8260001168,-32.8717240262,4,Cuarta Este Área Fundacional,1822015.85685,0
34180,Morera,03/03/2011 12:45,Alto (> 8 mts),110,Grande,-68.8534733323,-32.8739761289,6,Residencial Norte,2694682.37982,0
39926,Morera,29/04/2011 10:14,Medio (4 - 8 mts),140,Grande,-68.8437615482,-32.8760525468,1,Parque Central,1655357.93265,0
5055,Morera,09/08/2011 10:34,Alto (> 8 mts),120,Grande,-68.8383014741,-32.8639841243,4,Cuarta Oeste,1173332.70145,0
11493,Morera,18/02/2011 13:49,Alto (> 8 mts),170,Grande,-68.8537470131,-32.8651139982,6,Residencial Norte,2694682.37982,0
36953,Acacia SP,08/04/2011 10:39,Medio (4 - 8 mts),60,Mediano,-68.8581178831,-32.8781030354,7,Residencial Parque,1786336.08966,0
18219,Perenne,05/08/2011 11:49,Bajo (2 - 4 mts),50,Mediano,-68.8387981266,-32.8677381912,4,Cuarta Oeste,1173332.70145,0
14286,Paraiso,06/12/2011 10:28,Medio (4 - 8 mts),105,Grande,-68.8774267767,-32.8686990454,8,Aeroparque,2203364.73622,0
44422,Fresno americano,18/10/2011 10:52,Medio (4 - 8 mts),100,Grande,-68.8367374965,-32.8840588752,3,Parque O'Higgins,1531146.02653,0
5000,Paraiso,06/07/2011 10:20,Medio (4 - 8 mts),80,Grande,-68.8351225287,-32.8632736955,4,Cuarta Oeste,1173332.70145,0
22124,Fresno europeo,13/06/2011 10:55,Alto (> 8 mts),106,Grande,-68.8547191852,-32.8979181664,5,Residencial Sur,2423808.92355,1
35367,Morera,21/06/2011 15:19,Bajo (2 - 4 mts),30,Mediano,-68.8543234048,-32.8827637632,5,Residencial Sur,2423808.92355,0
7740,Fresno americano,18/05/2011 08:37,Bajo (2 - 4 mts),32,Mediano,-68.8520956257,-32.8867730712,5,Residencial Sur,2423808.92355,0
47344,Morera,21/09/2011 10:33,Medio (4 - 8 mts),125,Grande,-68.8320601915,-32.8744864422,4,Cuarta Este Área Fundacional,1822015.85685,0
35545,Morera,16/06/2011 13:14,Medio (4 - 8 mts),120,Grande,-68.8570077594,-32.8828759658,5,Residencial Sur,2423808.92355,0
19266,Fresno americano,03/08/2011 11:14,Medio (4 - 8 mts),40,Mediano,-68.8370203017,-32.8704463983,4,Cuarta Oeste,1173332.70145,0
21749,Morera,23/05/2011 11:19,Alto (> 8 mts),150,Grande,-68.8571779519,-32.8942937446,5,Residencial Sur,2423808.92355,1
9799,Paraiso sombrilla,14/01/2011 09:09,Medio (4 - 8 mts),140,Grande,-68.8450587655,-32.864260231,4,Cuarta Oeste,1173332.70145,0
3214,Fresno europeo,28/09/2011 11:34,Alto (> 8 mts),78,Grande,-68.8326766207,-32.8753071105,4,Cuarta Este Área Fundacional,1822015.85685,0
28991,Platano,25/04/2011 08:58,Alto (> 8 mts),200,Grande,-68.8460240129,-32.8870869432,1,Parque Central,1655357.93265,0
4430,Paraiso,29/07/2011 13:56,Alto (> 8 mts),138,Grande,-68.8374682088,-32.8682003427,4,Cuarta Oeste,1173332.70145,0
33942,Paraiso,24/05/2011 11:52,Muy bajo (1 - 2 mts),4,Chico,-68.8527736943,-32.8842946457,5,Residencial Sur,2423808.92355,0
15943,Fresno americano,25/11/2011 09:29,Muy bajo (1 - 2 mts),15,Chico,-68.8730124023,-32.876531445,7,Residencial Parque,1786336.08966,0
32440,Morera,26/05/2011 13:24,Alto (> 8 mts),135,Grande,-68.8520353111,-32.8894016835,5,Residencial Sur,2423808.92355,1
5547,Morera,11/04/2011 09:43,Medio (4 - 8 mts),58,Mediano,-68.840993571,-32.8817435356,1,Parque Central,1655357.93265,0
27448,Acer,25/10/2011 11:11,Medio (4 - 8 mts),100,Grande,-68.8356117037,-32.8912960707,3,Parque O'Higgins,1531146.02653,1
28546,Morera,21/02/2011 09:34,Alto (> 8 mts),143,Grande,-68.849316161,-32.8888987155,5,Residencial Sur,2423808.92355,0
4951,Fresno europeo,14/07/2011 12:23,Bajo (2 - 4 mts),25,Mediano,-68.8436934244,-32.8684824594,4,Cuarta Oeste,1173332.70145,0
34835,Acer,30/03/2011 09:29,Medio (4 - 8 mts),46,Mediano,-68.8522340311,-32.876720106,6,Residencial Norte,2694682.37982,0
16593,Morera,27/07/2011 12:13,Alto (> 8 mts),146,Grande,-68.8409759348,-32.8650046051,4,Cuarta Oeste,1173332.70145,0
36379,Morera,17/03/2011 10:02,Alto (> 8 mts),160,Grande,-68.8530206493,-32.8783455661,6,Residencial Norte,2694682.37982,0
16396,Platano,03/08/2011 08:58,Alto (> 8 mts),250,Grande,-68.8355303625,-32.8660138703,4,Cuarta Oeste,1173332.70145,0
27691,Platano,28/10/2011 10:49,Alto (> 8 mts),195,Grande,-68.8374917924,-32.8947454149,2,Barrio Civico,2366816.36021,0
11215,Acer,13/01/2011 12:07,Alto (> 8 mts),70,Grande,-68.8463186341,-32.900089421,2,Barrio Civico,2366816.36021,0
35748,Morera,04/03/2011 10:26,Alto (> 8 mts),160,Grande,-68.8553952175,-32.8734983234,6,Residencial Norte,2694682.37982,0
14200,Aguaribay,30/11/2011 12:09,Muy bajo (1 - 2 mts),16,Chico,-68.8768438801,-32.8671442524,8,Aeroparque,2203364.73622,1
4411,Paraiso,28/07/2011 09:33,Medio (4 - 8 mts),56,Mediano,-68.841637993,-32.8697553077,4,Cuarta Oeste,1173332.70145,0
36984,Morera,01/04/2011 12:19,Alto (> 8 mts),166,Grande,-68.8569142972,-32.8780600061,6,Residencial Norte,2694682.37982,0
35596,Fresno europeo,17/03/2011 11:35,Alto (> 8 mts),94,Grande,-68.857077959,-32.8747094804,6,Residencial Norte,2694682.37982,0
37970,Fresno europeo,10/01/2012 18:02,Bajo (2 - 4 mts),100,Grande,-68.8480439716,-32.8727361339,6,Residencial Norte,2694682.37982,0
46546,Morera,07/09/2011 11:17,Bajo (2 - 4 mts),20,Chico,-68.8329330258,-32.8688606637,4,Cuarta Oeste,1173332.70145,0
39436,Fresno europeo,11/11/2010 11:01,Bajo (2 - 4 mts),40,Mediano,-68.8548067625,-32.8703025582,6,Residencial Norte,2694682.37982,0
21895,Fresno europeo,03/06/2011 09:58,Alto (> 8 mts),146,Grande,-68.858250327,-32.8968682104,5,Residencial Sur,2423808.92355,0
7630,Morera,21/06/2011 09:24,Bajo (2 - 4 mts),36,Mediano,-68.8558476985,-32.8830369028,5,Residencial Sur,2423808.92355,0
44487,Platano,17/10/2011 10:46,Alto (> 8 mts),190,Grande,-68.835514613,-32.884662394,3,Parque O'Higgins,1531146.02653,0
11801,Olmo bola,02/03/2011 10:55,Medio (4 - 8 mts),50,Mediano,-68.8508083501,-32.8648026066,6,Residencial Norte,2694682.37982,0
19380,Platano,04/07/2011 11:02,Alto (> 8 mts),230,Grande,-68.8348269404,-32.8727870377,4,Cuarta Oeste,1173332.70145,0
43716,Morera,11/10/2011 09:08,Muy bajo (1 - 2 mts),6,Chico,-68.8324498858,-32.8834622357,3,Parque O'Higgins,1531146.02653,0
20073,Paraiso,15/08/2011 13:43,Bajo (2 - 4 mts),46,Mediano,-68.8333702381,-32.8656184293,4,Cuarta Oeste,1173332.70145,0
46853,Platano,15/09/2011 13:17,Alto (> 8 mts),280,Grande,-68.8340744873,-32.8726575199,4,Cuarta Este Área Fundacional,1822015.85685,0
21957,Fresno europeo,30/05/2011 12:26,Alto (> 8 mts),110,Grande,-68.8573545572,-32.8944670708,5,Residencial Sur,2423808.92355,0
37845,Fresno europeo,24/11/2010 11:43,Medio (4 - 8 mts),65,Grande,-68.8527913846,-32.8726231478,6,Residencial Norte,2694682.37982,0
16131,Morera,21/07/2011 10:02,Alto (> 8 mts),132,Grande,-68.8445359207,-32.8726686145,6,Residencial Norte,2694682.37982,0
39812,Paraiso,05/05/2011 09:42,Alto (> 8 mts),160,Grande,-68.8479410832,-32.8835921267,1,Parque Central,1655357.93265,0
26,Morera,01/03/2012 13:42,Medio (4 - 8 mts),190,Grande,-68.8559333348,-32.8959537934,5,Residencial Sur,2423808.92355,0
42812,Morera,07/10/2011 18:20,Bajo (2 - 4 mts),25,Mediano,-68.8309145926,-32.8775339748,4,Cuarta Este Área Fundacional,1822015.85685,0
18936,Paraiso,01/08/2011 09:56,Alto (> 8 mts),210,Grande,-68.8412869016,-32.8699015883,4,Cuarta Oeste,1173332.70145,0
468,Morera,07/03/2012 11:04,Alto (> 8 mts),180,Grande,-68.8219223286,-32.8685988576,4,Cuarta Este Área Fundacional,1822015.85685,0
47053,Morera,09/09/2011 16:15,Alto (> 8 mts),200,Grande,-68.831301819,-32.8719234709,4,Cuarta Este Área Fundacional,1822015.85685,0
27655,Morera,01/11/2011 10:19,Alto (> 8 mts),118,Grande,-68.8362945762,-32.8946370436,2,Barrio Civico,2366816.36021,0
727,Perenne,17/12/2011 09:57,Muy bajo (1 - 2 mts),12,Chico,-68.8812650834,-32.87252162,8,Aeroparque,2203364.73622,0
26477,Platano,09/11/2011 09:44,Alto (> 8 mts),300,Grande,-68.8316741827,-32.8915860672,3,Parque O'Higgins,1531146.02653,0
42828,Morera,30/09/2011 13:42,Medio (4 - 8 mts),44,Mediano,-68.8313214313,-32.8766007749,4,Cuarta Este Área Fundacional,1822015.85685,0
2807,Perenne,10/11/2011 12:37,Muy bajo (1 - 2 mts),28,Mediano,-68.8296928717,-32.8838889923,3,Parque O'Higgins,1531146.02653,0
32401,Acacia SP,23/05/2011 14:00,Alto (> 8 mts),160,Grande,-68.8504576937,-32.8893214463,5,Residencial Sur,2423808.92355,0
18539,Fresno europeo,05/07/2011 12:43,Medio (4 - 8 mts),65,Grande,-68.8381574095,-32.8733630343,4,Cuarta Oeste,1173332.70145,0
15788,Morera,22/11/2011 18:31,Bajo (2 - 4 mts),80,Grande,-68.8729652616,-32.8787646086,7,Residencial Parque,1786336.08966,0
3587,Paraiso,02/09/2011 10:47,Bajo (2 - 4 mts),20,Chico,-68.8313838199,-32.8685367506,4,Cuarta Este Área Fundacional,1822015.85685,0
12844,Acacia SP,18/01/2011 12:35,Bajo (2 - 4 mts),38,Mediano,-68.8469453831,-32.8637419225,4,Cuarta Oeste,1173332.70145,0
3449,Morera,17/08/2011 09:50,Alto (> 8 mts),140,Grande,-68.828965625,-32.8682898841,4,Cuarta Este Área Fundacional,1822015.85685,1
41612,Platano,04/05/2011 14:06,Alto (> 8 mts),178,Grande,-68.8357993927,-32.8764286949,1,Parque Central,1655357.93265,0
4197,Paraiso,07/07/2011 11:31,Alto (> 8 mts),158,Grande,-68.837598055,-32.873901735,4,Cuarta Oeste,1173332.70145,0
24926,Fresno europeo,10/02/2011 08:48,Alto (> 8 mts),150,Grande,-68.8381745659,-32.8974373336,2,Barrio Civico,2366816.36021,0
26069,Morera,04/11/2011 17:57,Medio (4 - 8 mts),130,Grande,-68.8340621411,-32.8862629939,3,Parque O'Higgins,1531146.02653,1
12592,Fresno europeo,14/01/2011 12:33,Medio (4 - 8 mts),34,Mediano,-68.8456581513,-32.8633495977,4,Cuarta Oeste,1173332.70145,0
31350,Morera,01/03/2011 12:53,Alto (> 8 mts),170,Grande,-68.8494556796,-32.8659499189,6,Residencial Norte,2694682.37982,0
2557,Fresno europeo,18/10/2011 12:02,Muy bajo (1 - 2 mts),6,Chico,-68.8314026914,-32.8861120636,3,Parque O'Higgins,1531146.02653,0
31190,Morera,04/02/2011 10:24,Bajo (2 - 4 mts),80,Grande,-68.8536807372,-32.8634353795,6,Residencial Norte,2694682.37982,0
23730,Paraiso,25/01/2011 12:04,Alto (> 8 mts),127,Grande,-68.8497912419,-32.9013450091,2,Barrio Civico,2366816.36021,0
33097,Morera,28/06/2011 09:14,Medio (4 - 8 mts),60,Mediano,-68.8527424293,-32.8911797487,5,Residencial Sur,2423808.92355,1
29616,Morera,23/03/2011 19:16,Medio (4 - 8 mts),32,Mediano,-68.8441555056,-32.8938451272,2,Barrio Civico,2366816.36021,1
37402,Acer,29/11/2010 12:19,Bajo (2 - 4 mts),40,Mediano,-68.857053233,-32.872538014,6,Residencial Norte,2694682.37982,0
3994,Olmo comun,26/09/2011 11:58,Medio (4 - 8 mts),130,Grande,-68.8294808077,-32.8777050651,4,Cuarta Este Área Fundacional,1822015.85685,0
5668,Platano,02/05/2011 11:23,Bajo (2 - 4 mts),7,Chico,-68.8401074696,-32.8755698279,1,Parque Central,1655357.93265,0
28258,Morera,28/02/2011 16:20,Alto (> 8 mts),112,Grande,-68.848451196,-32.8934219261,2,Barrio Civico,2366816.36021,0
12581,Morera,11/01/2011 12:08,Alto (> 8 mts),120,Grande,-68.8452299314,-32.8627508236,4,Cuarta Oeste,1173332.70145,0
34118,Paraiso,09/03/2011 13:49,Alto (> 8 mts),210,Grande,-68.8554191689,-32.8730241267,6,Residencial Norte,2694682.37982,0
42431,Morera,26/09/2011 10:46,Alto (> 8 mts),115,Grande,-68.8335201442,-32.8762566146,4,Cuarta Este Área Fundacional,1822015.85685,0
7992,Fresno europeo,18/02/2011 13:29,Medio (4 - 8 mts),48,Mediano,-68.8403518148,-32.8887642111,3,Parque O'Higgins,1531146.02653,0
22529,Fresno europeo,17/06/2011 09:39,Alto (> 8 mts),100,Grande,-68.8610938416,-32.8997124483,5,Residencial Sur,2423808.92355,0
18094,Morera,01/08/2011 10:03,Alto (> 8 mts),200,Grande,-68.8397455587,-32.8679604138,4,Cuarta Oeste,1173332.70145,0
10642,Jacaranda,16/03/2011 12:31,Medio (4 - 8 mts),60,Mediano,-68.8566199052,-32.8742418201,6,Residencial Norte,2694682.37982,0
10623,Morera,17/03/2011 11:33,Medio (4 - 8 mts),104,Grande,-68.8571164387,-32.8747012748,6,Residencial Norte,2694682.37982,1
22423,Morera,15/06/2011 09:44,Alto (> 8 mts),148,Grande,-68.8600407086,-32.8993045214,5,Residencial Sur,2423808.92355,0
36346,Morera,18/03/2011 09:36,Medio (4 - 8 mts),100,Grande,-68.8515227253,-32.8790365679,6,Residencial Norte,2694682.37982,1
35087,Fresno europeo,21/03/2011 12:16,Alto (> 8 mts),55,Mediano,-68.8548359339,-32.8803985874,6,Residencial Norte,2694682.37982,0
15926,Morera,24/11/2011 12:09,Medio (4 - 8 mts),66,Grande,-68.8733952472,-32.8771082283,7,Residencial Parque,1786336.08966,0
20141,Platano,16/05/2011 10:42,Alto (> 8 mts),150,Grande,-68.8613650335,-32.8911875311,5,Residencial Sur,2423808.92355,0
24708,Platano,17/02/2011 12:06,Alto (> 8 mts),200,Grande,-68.8412653583,-32.8982428566,2,Barrio Civico,2366816.36021,0
19647,Morera,13/07/2011 10:08,Alto (> 8 mts),104,Grande,-68.8344288745,-32.8704005876,4,Cuarta Oeste,1173332.70145,1
3837,Paraiso,02/09/2011 09:56,Alto (> 8 mts),123,Grande,-68.830390591,-32.870627435,4,Cuarta Este Área Fundacional,1822015.85685,0
32367,Fresno europeo,13/07/2011 11:16,Medio (4 - 8 mts),69,Grande,-68.8520778458,-32.891737886,5,Residencial Sur,2423808.92355,0
2918,Morera,16/09/2011 13:38,Medio (4 - 8 mts),210,Grande,-68.8202195891,-32.8725035122,4,Cuarta Este Área Fundacional,1822015.85685,0
21544,Morera,08/06/2011 11:47,Alto (> 8 mts),160,Grande,-68.8542265695,-32.895013257,5,Residencial Sur,2423808.92355,0
48162,Fresno europeo,17/08/2011 10:02,Bajo (2 - 4 mts),35,Mediano,-68.8291728794,-32.8686139378,4,Cuarta Este Área Fundacional,1822015.85685,0
15946,Fresno americano,25/11/2011 09:26,Bajo (2 - 4 mts),26,Mediano,-68.8732544173,-32.8764739875,7,Residencial Parque,1786336.08966,0
34832,Platano,29/03/2011 13:14,Alto (> 8 mts),230,Grande,-68.8525445617,-32.87665738,6,Residencial Norte,2694682.37982,0
21193,Morera,06/05/2011 09:02,Alto (> 8 mts),115,Grande,-68.8529809518,-32.8927453657,5,Residencial Sur,2423808.92355,0
20889,Morera,27/05/2011 09:53,Medio (4 - 8 mts),96,Grande,-68.8609256979,-32.8956179544,5,Residencial Sur,2423808.92355,0
10563,Morera,23/03/2011 10:46,Alto (> 8 mts),60,Mediano,-68.8549522323,-32.8756829179,6,Residencial Norte,2694682.37982,0
21839,Morera,07/06/2011 10:18,Bajo (2 - 4 mts),18,Chico,-68.8568118131,-32.8966031876,5,Residencial Sur,2423808.92355,0
2329,Acer,28/10/2011 11:16,Alto (> 8 mts),63,Grande,-68.8368529125,-32.8945720616,2,Barrio Civico,2366816.36021,1
15879,Paraiso,28/11/2011 20:45,Medio (4 - 8 mts),90,Grande,-68.8722573527,-32.8766961028,7,Residencial Parque,1786336.08966,1
23503,Fresno europeo,21/01/2011 13:44,Alto (> 8 mts),92,Grande,-68.847993792,-32.9025063342,2,Barrio Civico,2366816.36021,0
21798,Morera,13/05/2011 10:49,Medio (4 - 8 mts),85,Grande,-68.8569769475,-32.8934749596,5,Residencial Sur,2423808.92355,0
18509,Morera,06/07/2011 13:29,Alto (> 8 mts),155,Grande,-68.8379646608,-32.874765189,1,Parque Central,1655357.93265,1
616,Fresno europeo,07/03/2012 16:27,Medio (4 - 8 mts),150,Grande,-68.818788173,-32.868074623,4,Cuarta Este Área Fundacional,1822015.85685,0
39745,Acer,02/05/2011 12:10,Alto (> 8 mts),130,Grande,-68.8460312633,-32.8797928539,1,Parque Central,1655357.93265,0
39020,Paraiso,27/12/2010 09:46,Bajo (2 - 4 mts),60,Mediano,-68.8548272352,-32.8709862278,6,Residencial Norte,2694682.37982,0
29717,Platano,02/03/2011 18:10,Alto (> 8 mts),212,Grande,-68.842942289,-32.8942669821,2,Barrio Civico,2366816.36021,0
19688,Paraiso,12/07/2011 10:02,Alto (> 8 mts),155,Grande,-68.8353564669,-32.871517849599996,4,Cuarta Oeste,1173332.70145,0
11304,Prunas,21/01/2011 10:27,Bajo (2 - 4 mts),160,Grande,-68.8472913471,-32.9025083636,2,Barrio Civico,2366816.36021,0
35931,Morera,28/03/2011 10:09,Alto (> 8 mts),160,Grande,-68.8537451874,-32.8764371696,6,Residencial Norte,2694682.37982,0
2221,Fresno europeo,31/10/2011 09:56,Medio (4 - 8 mts),70,Grande,-68.8353023985,-32.8953555378,2,Barrio Civico,2366816.36021,0
21461,Platano,12/05/2011 09:46,Alto (> 8 mts),178,Grande,-68.8573274701,-32.8919632795,5,Residencial Sur,2423808.92355,0
9529,Paraiso,04/02/2011 12:00,Medio (4 - 8 mts),70,Grande,-68.8540397268,-32.8642215994,6,Residencial Norte,2694682.37982,0
47148,Paraiso,20/09/2011 10:25,Alto (> 8 mts),210,Grande,-68.8330031043,-32.8728406988,4,Cuarta Este Área Fundacional,1822015.85685,0
18758,Morera,06/07/2011 11:58,Medio (4 - 8 mts),68,Grande,-68.8371995232,-32.8726519048,4,Cuarta Oeste,1173332.70145,0
31365,Morera,28/02/2011 12:21,Medio (4 - 8 mts),180,Grande,-68.8495020792,-32.8654802737,6,Residencial Norte,2694682.37982,0
47068,Morera,28/09/2011 08:48,Bajo (2 - 4 mts),14,Chico,-68.8340404126,-32.8737412204,4,Cuarta Este Área Fundacional,1822015.85685,0
44013,Morera,14/10/2011 11:22,Medio (4 - 8 mts),60,Mediano,-68.8333575871,-32.8848926629,3,Parque O'Higgins,1531146.02653,1
41651,Morera,03/05/2011 11:51,Alto (> 8 mts),98,Grande,-68.8371404715,-32.8771267673,1,Parque Central,1655357.93265,0
32995,Morera,19/05/2011 10:04,Alto (> 8 mts),180,Grande,-68.8523420296,-32.8876652936,5,Residencial Sur,2423808.92355,0
17026,Morera,09/08/2011 11:28,Alto (> 8 mts),160,Grande,-68.8385756756,-32.8641982109,4,Cuarta Oeste,1173332.70145,0
23476,Morera,24/01/2011 15:57,Alto (> 8 mts),114,Grande,-68.8492869121,-32.9025117768,2,Barrio Civico,2366816.36021,0
17895,Morera,01/08/2011 10:04,Alto (> 8 mts),130,Grande,-68.8360673605,-32.8672856925,4,Cuarta Oeste,1173332.70145,0
3841,Paraiso,31/08/2011 10:28,Medio (4 - 8 mts),308,Grande,-68.829022671,-32.869587429,4,Cuarta Este Área Fundacional,1822015.85685,0
32755,Fresno europeo,17/05/2011 09:34,Medio (4 - 8 mts),110,Grande,-68.8521214716,-32.8862727447,5,Residencial Sur,2423808.92355,1
39038,Morera,23/12/2010 14:11,Medio (4 - 8 mts),120,Grande,-68.8540994502,-32.8711979294,6,Residencial Norte,2694682.37982,0
37457,Fresno europeo,04/01/2011 11:24,Bajo (2 - 4 mts),35,Mediano,-68.8579671383,-32.8707782235,6,Residencial Norte,2694682.37982,0
1511,Morera,24/11/2011 07:26,Medio (4 - 8 mts),120,Grande,-68.8717584965,-32.8757194761,7,Residencial Parque,1786336.08966,0
39113,Morera,16/01/2012 13:02,Medio (4 - 8 mts),130,Grande,-68.8529717604,-32.8722288687,6,Residencial Norte,2694682.37982,0
13666,Morera,25/02/2011 13:59,Alto (> 8 mts),115,Grande,-68.8521615785,-32.864929224,6,Residencial Norte,2694682.37982,0
33650,Paraiso,16/05/2011 09:56,Alto (> 8 mts),156,Grande,-68.8568217433,-32.8866424833,5,Residencial Sur,2423808.92355,0
26346,Morera,21/10/2011 09:07,Bajo (2 - 4 mts),60,Mediano,-68.8327874946,-32.887698766,3,Parque O'Higgins,1531146.02653,0
30774,Morera,02/02/2011 09:18,Alto (> 8 mts),94,Grande,-68.8538127192,-32.8689471399,6,Residencial Norte,2694682.37982,0
9936,Prunas,16/11/2010 13:51,Muy bajo (1 - 2 mts),20,Chico,-68.8576424688,-32.869958426,6,Residencial Norte,2694682.37982,0
4614,Morera,05/08/2011 09:52,Alto (> 8 mts),165,Grande,-68.8339064122,-32.8643700161,4,Cuarta Oeste,1173332.70145,0
7126,Prunas,13/06/2011 12:08,Bajo (2 - 4 mts),50,Mediano,-68.8521462447,-32.8970651187,5,Residencial Sur,2423808.92355,0
39098,Fresno europeo,23/12/2010 11:00,Medio (4 - 8 mts),50,Mediano,-68.8540049278,-32.8713038584,6,Residencial Norte,2694682.37982,0
44370,Acacia visco,17/10/2011 12:36,Alto (> 8 mts),68,Grande,-68.8356711052,-32.8824178349,3,Parque O'Higgins,1531146.02653,0
8368,Morera,04/03/2011 13:50,Alto (> 8 mts),112,Grande,-68.8406751672,-32.9011941185,2,Barrio Civico,2366816.36021,1
41202,Fresno europeo,18/04/2011 09:24,Medio (4 - 8 mts),73,Grande,-68.8372898772,-32.8812397502,1,Parque Central,1655357.93265,0
31725,Morera,18/05/2011 09:43,Alto (> 8 mts),140,Grande,-68.8603100322,-32.89039909,5,Residencial Sur,2423808.92355,0
36219,Morera,30/03/2011 12:13,Alto (> 8 mts),123,Grande,-68.8549408369,-32.878426898,6,Residencial Norte,2694682.37982,0
34422,Fresno europeo,10/03/2011 09:10,Medio (4 - 8 mts),80,Grande,-68.8510747514,-32.8743182844,6,Residencial Norte,2694682.37982,0
3232,Braquiquito,22/09/2011 08:10,Bajo (2 - 4 mts),15,Chico,-68.8218999802,-32.871790349,4,Cuarta Este Área Fundacional,1822015.85685,0
43353,Platano,26/10/2011 12:26,Alto (> 8 mts),200,Grande,-68.8327566052,-32.8800392804,3,Parque O'Higgins,1531146.02653,0
13408,Morera,06/04/2011 12:51,Medio (4 - 8 mts),160,Grande,-68.8437579723,-32.8658213492,4,Cuarta Oeste,1173332.70145,0
33909,Morera,13/07/2011 11:39,Alto (> 8 mts),240,Grande,-68.8534567968,-32.8857405922,5,Residencial Sur,2423808.92355,0
42871,Fresno europeo,03/10/2011 10:48,Medio (4 - 8 mts),63,Grande,-68.832284527,-32.8769444924,4,Cuarta Este Área Fundacional,1822015.85685,1
28242,Morera,28/02/2011 16:57,Alto (> 8 mts),102,Grande,-68.8481607027,-32.8924637234,2,Barrio Civico,2366816.36021,0
16325,Morera,05/08/2011 14:18,Alto (> 8 mts),190,Grande,-68.8423932903,-32.8654396631,4,Cuarta Oeste,1173332.70145,0
33176,Morera,08/06/2011 12:05,Alto (> 8 mts),115,Grande,-68.854598096,-32.8920171109,5,Residencial Sur,2423808.92355,1
33034,Morera,19/05/2011 10:13,Alto (> 8 mts),182,Grande,-68.8521129083,-32.8872101193,5,Residencial Sur,2423808.92355,0
16568,Paraiso,27/07/2011 09:19,Alto (> 8 mts),280,Grande,-68.8413679419,-32.866077861,4,Cuarta Oeste,1173332.70145,0
26230,Fresno europeo,19/10/2011 09:57,Bajo (2 - 4 mts),44,Mediano,-68.8302117433,-32.8884303347,3,Parque O'Higgins,1531146.02653,0
29240,Platano,25/02/2011 09:26,Alto (> 8 mts),240,Grande,-68.8452335498,-32.8875528383,1,Parque Central,1655357.93265,0
23564,Morera,01/02/2011 15:59,Alto (> 8 mts),162,Grande,-68.8517439447,-32.9030242593,2,Barrio Civico,2366816.36021,0
27019,Fresno europeo,09/11/2011 10:42,Medio (4 - 8 mts),90,Grande,-68.838513272,-32.8908968575,3,Parque O'Higgins,1531146.02653,0
1359,Fresno europeo,30/11/2011 10:58,Bajo (2 - 4 mts),36,Mediano,-68.8771755315,-32.8648911836,8,Aeroparque,2203364.73622,0
28939,Morera,26/04/2011 10:20,Alto (> 8 mts),160,Grande,-68.8460339229,-32.8855617937,1,Parque Central,1655357.93265,1
1179,Conifera,29/11/2011 10:04,Medio (4 - 8 mts),22,Mediano,-68.8761668288,-32.8650442971,8,Aeroparque,2203364.73622,0
25904,Morera,07/02/2011 15:20,Alto (> 8 mts),122,Grande,-68.8395123749,-32.9026099795,2,Barrio Civico,2366816.36021,1
16545,Olmo comun,19/07/2011 10:31,Alto (> 8 mts),106,Grande,-68.8404656937,-32.8649821344,4,Cuarta Oeste,1173332.70145,0
34557,Acer,31/03/2011 09:08,Alto (> 8 mts),170,Grande,-68.8480976016,-32.8759373925,6,Residencial Norte,2694682.37982,0
48165,Platano,17/08/2011 09:58,Alto (> 8 mts),135,Grande,-68.8291009144,-32.868433607,4,Cuarta Este Área Fundacional,1822015.85685,1
11405,Acacia SP,26/01/2011 16:39,Muy bajo (1 - 2 mts),10,Chico,-68.8505996843,-32.9013047686,2,Barrio Civico,2366816.36021,0
28996,Platano,25/04/2011 08:51,Alto (> 8 mts),190,Grande,-68.8456450382,-32.8871609161,1,Parque Central,1655357.93265,0
6091,Fresno europeo,12/04/2011 12:21,Medio (4 - 8 mts),42,Mediano,-68.8446595874,-32.8840568659,1,Parque Central,1655357.93265,0
36428,Morera,18/03/2011 12:48,Alto (> 8 mts),124,Grande,-68.8533684214,-32.8798293156,6,Residencial Norte,2694682.37982,0
37649,Morera,29/02/2012 08:29,Alto (> 8 mts),120,Grande,-68.8528907202,-32.8723729507,6,Residencial Norte,2694682.37982,0
43567,Platano,11/10/2011 12:41,Alto (> 8 mts),148,Grande,-68.8300278965,-32.883743181,3,Parque O'Higgins,1531146.02653,1
46297,Morera,19/09/2011 13:03,Alto (> 8 mts),140,Grande,-68.8222853366,-32.8736860091,4,Cuarta Este Área Fundacional,1822015.85685,1
32383,Morera,06/05/2011 09:06,Alto (> 8 mts),115,Grande,-68.8529644843,-32.8924917907,5,Residencial Sur,2423808.92355,0
43819,Olmo comun,18/10/2011 13:15,Bajo (2 - 4 mts),190,Grande,-68.8311099409,-32.8818099757,3,Parque O'Higgins,1531146.02653,0
31986,Morera,06/06/2011 11:55,Medio (4 - 8 mts),75,Grande,-68.8583576877,-32.8882345458,5,Residencial Sur,2423808.92355,1
7323,Morera,22/06/2011 09:33,Alto (> 8 mts),100,Grande,-68.8612740325,-32.9014424655,5,Residencial Sur,2423808.92355,0
14812,Olmo comun,07/12/2011 10:37,Medio (4 - 8 mts),120,Grande,-68.8776051483,-32.8688051629,8,Aeroparque,2203364.73622,0
32315,Acacia visco,28/06/2011 13:27,Alto (> 8 mts),155,Grande,-68.8514109607,-32.8916453401,5,Residencial Sur,2423808.92355,0
6299,Acer,27/06/2011 11:47,Medio (4 - 8 mts),140,Grande,-68.858595266,-32.8904027984,5,Residencial Sur,2423808.92355,0
41312,Morera,19/04/2011 12:13,Alto (> 8 mts),200,Grande,-68.8412482203,-32.8827252008,1,Parque Central,1655357.93265,0
36019,Morera,18/03/2011 11:22,Alto (> 8 mts),195,Grande,-68.8561017522,-32.8756083608,6,Residencial Norte,2694682.37982,0
21661,Fresno europeo,08/06/2011 09:20,Alto (> 8 mts),130,Grande,-68.8552524326,-32.8960488731,5,Residencial Sur,2423808.92355,0
34324,Morera,09/03/2011 09:21,Alto (> 8 mts),180,Grande,-68.8513742061,-32.8746727358,6,Residencial Norte,2694682.37982,0
5428,Platano,18/04/2011 11:51,Alto (> 8 mts),320,Grande,-68.8430596884,-32.8793315171,1,Parque Central,1655357.93265,0
28321,Fresno americano,11/03/2011 12:52,Alto (> 8 mts),154,Grande,-68.8480154537,-32.8881016447,5,Residencial Sur,2423808.92355,0
10872,Fresno americano,30/03/2011 12:54,Alto (> 8 mts),32,Mediano,-68.8504018712,-32.878711933,6,Residencial Norte,2694682.37982,0
43055,Acacia SP,03/10/2011 10:13,Bajo (2 - 4 mts),30,Mediano,-68.8322092474,-32.8780062217,4,Cuarta Este Área Fundacional,1822015.85685,0
40290,Morera,11/04/2011 09:05,Alto (> 8 mts),180,Grande,-68.8449208091,-32.8807653077,1,Parque Central,1655357.93265,1
16663,Morera,19/07/2011 11:35,Medio (4 - 8 mts),87,Grande,-68.8413355342,-32.8629226966,4,Cuarta Oeste,1173332.70145,0
26163,Morera,14/11/2011 17:43,Alto (> 8 mts),140,Grande,-68.8292620809,-32.8868181698,3,Parque O'Higgins,1531146.02653,1
10059,Fresno europeo,26/10/2010 09:15,Muy bajo (1 - 2 mts),37,Mediano,-68.8489022359,-32.8695463901,6,Residencial Norte,2694682.37982,0
45663,Olmo comun,19/09/2011 15:13,Medio (4 - 8 mts),130,Grande,-68.8207380888,-32.871737108,4,Cuarta Este Área Fundacional,1822015.85685,0
6220,Platano,04/04/2011 15:32,Alto (> 8 mts),52,Mediano,-68.8396113482,-32.888280754,3,Parque O'Higgins,1531146.02653,0
31764,Fresno europeo,27/06/2011 12:00,Medio (4 - 8 mts),110,Grande,-68.8579027638,-32.8903949776,5,Residencial Sur,2423808.92355,0
46403,Morera,23/08/2011 09:51,Alto (> 8 mts),140,Grande,-68.8329841433,-32.8673151311,4,Cuarta Oeste,1173332.70145,0
11434,Paraiso,24/01/2011 10:32,Muy bajo (1 - 2 mts),5,Chico,-68.8513528739,-32.9013850782,2,Barrio Civico,2366816.36021,0
6324,Morera,30/06/2011 11:18,Alto (> 8 mts),85,Grande,-68.8561335645,-32.8902032352,5,Residencial Sur,2423808.92355,0
23843,Fresno europeo,28/01/2011 13:16,Medio (4 - 8 mts),70,Grande,-68.8510617963,-32.9012279612,2,Barrio Civico,2366816.36021,0
2681,Morera,12/10/2011 08:29,Medio (4 - 8 mts),68,Grande,-68.8310415762,-32.8827979002,3,Parque O'Higgins,1531146.02653,0
2709,Perenne,12/10/2011 14:27,Medio (4 - 8 mts),18,Chico,-68.8320844992,-32.8826050225,3,Parque O'Higgins,1531146.02653,0
9254,Acer,25/02/2011 12:36,Alto (> 8 mts),160,Grande,-68.8484612093,-32.8652335099,6,Residencial Norte,2694682.37982,0
805,Liquidambar,13/12/2011 12:57,Bajo (2 - 4 mts),14,Chico,-68.8800966019,-32.8656194468,8,Aeroparque,2203364.73622,0
3041,Morera,15/09/2011 10:18,Medio (4 - 8 mts),62,Grande,-68.8289993406,-32.8720534545,4,Cuarta Este Área Fundacional,1822015.85685,0
33944,Morera,24/05/2011 11:40,Bajo (2 - 4 mts),80,Grande,-68.8528270251,-32.8844857771,5,Residencial Sur,2423808.92355,0
35104,Fresno europeo,28/03/2011 12:31,Medio (4 - 8 mts),75,Grande,-68.8526522664,-32.8812718357,1,Parque Central,1655357.93265,0
22065,Platano,10/06/2011 12:28,Alto (> 8 mts),200,Grande,-68.853898811,-32.8978848173,5,Residencial Sur,2423808.92355,0
30644,Morera,01/02/2011 13:14,Alto (> 8 mts),140,Grande,-68.8546172139,-32.8673018576,6,Residencial Norte,2694682.37982,0
35213,Morera,23/03/2011 09:47,Alto (> 8 mts),125,Grande,-68.8526693483,-32.8814740145,1,Parque Central,1655357.93265,1
13318,Fresno europeo,23/02/2011 09:30,Bajo (2 - 4 mts),12,Chico,-68.848346604,-32.8658399486,6,Residencial Norte,2694682.37982,0
7479,Caducifolio,16/06/2011 09:50,Bajo (2 - 4 mts),13,Chico,-68.8612092755,-32.8995557464,5,Residencial Sur,2423808.92355,0
16922,Paraiso,26/07/2011 15:42,Alto (> 8 mts),162,Grande,-68.8398725326,-32.8655997041,4,Cuarta Oeste,1173332.70145,0
45263,Fresno europeo,29/09/2011 10:58,Alto (> 8 mts),128,Grande,-68.8223089423,-32.8728510527,4,Cuarta Este Área Fundacional,1822015.85685,0
33351,Platano,19/05/2011 10:57,Alto (> 8 mts),170,Grande,-68.8565509184,-32.8908992409,5,Residencial Sur,2423808.92355,0
44453,Platano,18/10/2011 09:56,Alto (> 8 mts),140,Grande,-68.8368598359,-32.8845957221,3,Parque O'Higgins,1531146.02653,0
8698,Fresno europeo,09/02/2011 10:56,Medio (4 - 8 mts),63,Grande,-68.8392996657,-32.8994181461,2,Barrio Civico,2366816.36021,0
1581,Fresno europeo,30/11/2011 10:42,Bajo (2 - 4 mts),45,Mediano,-68.8723007747,-32.8755687321,7,Residencial Parque,1786336.08966,0
18866,Morera,27/07/2011 09:10,Alto (> 8 mts),160,Grande,-68.8399130704,-32.8699904824,4,Cuarta Oeste,1173332.70145,1
24627,Platano,17/01/2011 12:48,Alto (> 8 mts),250,Grande,-68.8421142508,-32.9006772739,2,Barrio Civico,2366816.36021,0
6180,Fresno europeo,08/04/2011 09:42,Muy bajo (1 - 2 mts),4,Chico,-68.8393981318,-32.8850943663,3,Parque O'Higgins,1531146.02653,0
28551,Morera,21/02/2011 09:11,Alto (> 8 mts),180,Grande,-68.8496106397,-32.8891583668,5,Residencial Sur,2423808.92355,1
44948,Morera,23/08/2011 09:52,Alto (> 8 mts),180,Grande,-68.8244239955,-32.8679650058,4,Cuarta Este Área Fundacional,1822015.85685,0
6388,Acacia SP,19/05/2011 11:01,Bajo (2 - 4 mts),40,Mediano,-68.8511791555,-32.8880302312,5,Residencial Sur,2423808.92355,0
38004,Paraiso,10/01/2012 12:57,Medio (4 - 8 mts),110,Grande,-68.8472885795,-32.8729548666,6,Residencial Norte,2694682.37982,0
38639,Morera,16/12/2010 10:30,Alto (> 8 mts),150,Grande,-68.8511820688,-32.8712266832,6,Residencial Norte,2694682.37982,0
47334,Morera,21/09/2011 14:26,Alto (> 8 mts),115,Grande,-68.831491823,-32.8740404215,4,Cuarta Este Área Fundacional,1822015.85685,0
25735,Prunas,03/02/2011 11:15,Bajo (2 - 4 mts),21,Mediano,-68.8407162916,-32.9031239853,2,Barrio Civico,2366816.36021,0
7257,Morera,01/06/2011 10:20,Alto (> 8 mts),132,Grande,-68.8540545492,-32.9020009809,2,Barrio Civico,2366816.36021,0
27688,Morera,28/10/2011 10:53,Muy bajo (1 - 2 mts),12,Chico,-68.837531457,-32.8948619929,2,Barrio Civico,2366816.36021,0
5613,Platano,05/05/2011 13:46,Medio (4 - 8 mts),37,Mediano,-68.8396994719,-32.8763469397,1,Parque Central,1655357.93265,0
6135,Morera,07/04/2011 11:47,Bajo (2 - 4 mts),44,Mediano,-68.8433081869,-32.8805742453,1,Parque Central,1655357.93265,0
45037,Morera,29/08/2011 09:08,Alto (> 8 mts),140,Grande,-68.8246900801,-32.8701180837,4,Cuarta Este Área Fundacional,1822015.85685,0
42332,Morera,27/04/2011 10:00,Alto (> 8 mts),160,Grande,-68.8377458825,-32.8754175386,1,Parque Central,1655357.93265,0
27423,Morera,25/10/2011 09:39,Alto (> 8 mts),156,Grande,-68.8350674367,-32.8927494419,3,Parque O'Higgins,1531146.02653,0
16666,Caducifolio,19/07/2011 11:25,Medio (4 - 8 mts),80,Grande,-68.8413761689,-32.8630835105,4,Cuarta Oeste,1173332.70145,0
7156,Fresno europeo,13/05/2011 13:43,Medio (4 - 8 mts),32,Mediano,-68.85532129,-32.8983132432,5,Residencial Sur,2423808.92355,0
9401,Ailanthus,08/02/2011 09:39,Alto (> 8 mts),80,Grande,-68.8571799481,-32.8667377155,6,Residencial Norte,2694682.37982,0
31079,Morera,09/02/2011 09:47,Alto (> 8 mts),144,Grande,-68.8546573124,-32.8651741751,6,Residencial Norte,2694682.37982,0
26993,Fresno europeo,02/11/2011 17:02,Alto (> 8 mts),180,Grande,-68.8352115966,-32.887504313,3,Parque O'Higgins,1531146.02653,0
32739,Morera,17/05/2011 12:38,Alto (> 8 mts),220,Grande,-68.852851695,-32.8869527461,5,Residencial Sur,2423808.92355,0
36515,Morera,06/04/2011 10:41,Alto (> 8 mts),130,Grande,-68.8562894208,-32.878304911,6,Residencial Norte,2694682.37982,0
26975,Morera,03/11/2011 17:04,Bajo (2 - 4 mts),44,Mediano,-68.8341793324,-32.8863614067,3,Parque O'Higgins,1531146.02653,0
36572,Paraiso sombrilla,09/06/2011 10:03,Medio (4 - 8 mts),130,Grande,-68.8581935136,-32.8829507137,7,Residencial Parque,1786336.08966,1
652,Paraiso,08/03/2012 16:36,Medio (4 - 8 mts),40,Mediano,-68.8175414182,-32.8681892701,4,Cuarta Este Área Fundacional,1822015.85685,0
42254,Morera,28/04/2011 13:31,Alto (> 8 mts),158,Grande,-68.8381157841,-32.8750421144,1,Parque Central,1655357.93265,0
15483,Paraiso,21/11/2011 13:05,Bajo (2 - 4 mts),28,Mediano,-68.8601668212,-32.8717514534,7,Residencial Parque,1786336.08966,0
11185,Prunas,27/01/2011 09:17,Medio (4 - 8 mts),76,Grande,-68.844128137,-32.9011372189,2,Barrio Civico,2366816.36021,0
16649,Paraiso,19/07/2011 12:16,Alto (> 8 mts),180,Grande,-68.8410112891,-32.8636932245,4,Cuarta Oeste,1173332.70145,1
44489,Platano,17/10/2011 10:36,Alto (> 8 mts),220,Grande,-68.8354388458,-32.8845895323,3,Parque O'Higgins,1531146.02653,0
7322,Morera,22/06/2011 09:41,Medio (4 - 8 mts),90,Grande,-68.8612587179,-32.9013649455,5,Residencial Sur,2423808.92355,0
26674,Morera,14/11/2011 12:33,Alto (> 8 mts),150,Grande,-68.8319268543,-32.8930472366,3,Parque O'Higgins,1531146.02653,0
6244,Fresno americano,13/07/2011 11:35,Muy bajo (1 - 2 mts),2,Chico,-68.8532857671,-32.8857060092,5,Residencial Sur,2423808.92355,0
24978,Morera,16/02/2011 09:17,Alto (> 8 mts),150,Grande,-68.8379196983,-32.896214066,2,Barrio Civico,2366816.36021,0
45982,Morera,24/08/2011 11:36,Medio (4 - 8 mts),90,Grande,-68.8183533475,-32.8688360313,4,Cuarta Este Área Fundacional,1822015.85685,0
4755,Tilo,03/08/2011 09:33,Medio (4 - 8 mts),68,Grande,-68.8344271252,-32.8659494732,4,Cuarta Oeste,1173332.70145,0
10379,Fresno europeo,25/08/2010 11:42,Alto (> 8 mts),135,Grande,-68.8463235467,-32.8737890249,6,Residencial Norte,2694682.37982,0
39629,Platano,21/10/2010 11:43,Alto (> 8 mts),210,Grande,-68.8474041706,-32.8698494824,6,Residencial Norte,2694682.37982,0
1715,Fresno americano,23/11/2011 08:05,Bajo (2 - 4 mts),14,Chico,-68.8723345729,-32.8791211102,7,Residencial Parque,1786336.08966,0
46835,Olmo comun,16/09/2011 08:04,Alto (> 8 mts),105,Grande,-68.834052745,-32.8717191315,4,Cuarta Este Área Fundacional,1822015.85685,0
5885,Acacia SP,08/04/2011 12:41,Medio (4 - 8 mts),52,Mediano,-68.8427201853,-32.8824748679,1,Parque Central,1655357.93265,0
44041,Fresno europeo,18/10/2011 12:42,Alto (> 8 mts),63,Grande,-68.8325430544,-32.88546042,3,Parque O'Higgins,1531146.02653,0
8290,Acacia SP,04/03/2011 10:48,Muy bajo (1 - 2 mts),6,Chico,-68.8416890696,-32.8945089016,2,Barrio Civico,2366816.36021,0
41839,Morera,25/04/2011 12:53,Medio (4 - 8 mts),130,Grande,-68.8440051026,-32.8778618209,1,Parque Central,1655357.93265,0
25765,Acer,03/02/2011 09:40,Alto (> 8 mts),150,Grande,-68.842043368,-32.9038783632,2,Barrio Civico,2366816.36021,0
44090,Fresno europeo,14/10/2011 11:03,Muy bajo (1 - 2 mts),5,Chico,-68.8302882502,-32.8861608211,3,Parque O'Higgins,1531146.02653,0
18922,Caducifolio,02/08/2011 09:28,Bajo (2 - 4 mts),30,Mediano,-68.8419799385,-32.8701244376,4,Cuarta Oeste,1173332.70145,0
11395,Morera,27/01/2011 17:11,Alto (> 8 mts),98,Grande,-68.8506823428,-32.8997250404,2,Barrio Civico,2366816.36021,0
33129,Fresno europeo,27/06/2011 10:18,Alto (> 8 mts),178,Grande,-68.854249864,-32.8908861088,5,Residencial Sur,2423808.92355,0
12242,Morera,14/01/2011 11:45,Alto (> 8 mts),103,Grande,-68.8460125842,-32.8673013852,4,Cuarta Oeste,1173332.70145,0
3593,Fresno europeo,01/09/2011 11:52,Bajo (2 - 4 mts),16,Chico,-68.8299172572,-32.8697979479,4,Cuarta Este Área Fundacional,1822015.85685,0
48117,Caducifolio,19/08/2011 09:30,Bajo (2 - 4 mts),22,Mediano,-68.8296150599,-32.868530658,4,Cuarta Este Área Fundacional,1822015.85685,0
6961,Fresno europeo,03/06/2011 14:16,Bajo (2 - 4 mts),28,Mediano,-68.86020141,-32.8968380137,5,Residencial Sur,2423808.92355,0
40716,Platano,19/04/2011 09:03,Alto (> 8 mts),230,Grande,-68.8422738145,-32.883373021,1,Parque Central,1655357.93265,0
8372,Morera,04/03/2011 13:34,Alto (> 8 mts),122,Grande,-68.8397466088,-32.9005519629,2,Barrio Civico,2366816.36021,0
23804,Morera,27/01/2011 17:20,Alto (> 8 mts),130,Grande,-68.8508618782,-32.9006782754,2,Barrio Civico,2366816.36021,0
44458,Morera,17/10/2011 13:11,Medio (4 - 8 mts),110,Grande,-68.8357265462,-32.883653954,3,Parque O'Higgins,1531146.02653,1
4620,Conifera,05/08/2011 09:17,Medio (4 - 8 mts),18,Chico,-68.833405445,-32.8646276,4,Cuarta Oeste,1173332.70145,0
8499,Paraiso,15/02/2011 09:20,Alto (> 8 mts),210,Grande,-68.8350549613,-32.8968474508,2,Barrio Civico,2366816.36021,1
22746,Morera,12/05/2011 10:39,Medio (4 - 8 mts),30,Mediano,-68.8542726261,-32.9017261188,5,Residencial Sur,2423808.92355,0
13662,Morera,25/02/2011 13:38,Alto (> 8 mts),180,Grande,-68.8520427495,-32.8650543804,6,Residencial Norte,2694682.37982,0
11496,Alamo criollo,22/02/2011 11:41,Alto (> 8 mts),250,Grande,-68.8538087203,-32.8662764059,6,Residencial Norte,2694682.37982,0
43921,Morera,11/10/2011 10:04,Alto (> 8 mts),180,Grande,-68.8339545894,-32.8846415819,3,Parque O'Higgins,1531146.02653,0
41670,Morera,26/04/2011 10:05,Alto (> 8 mts),151,Grande,-68.8372529537,-32.8770180478,1,Parque Central,1655357.93265,0
4051,Fresno europeo,04/10/2011 09:45,Bajo (2 - 4 mts),25,Mediano,-68.8293907542,-32.8781339967,4,Cuarta Este Área Fundacional,1822015.85685,0
24442,Fresno americano,20/01/2011 12:03,Medio (4 - 8 mts),65,Grande,-68.8450752583,-32.9031879261,2,Barrio Civico,2366816.36021,0
30241,Platano,10/03/2011 08:31,Alto (> 8 mts),160,Grande,-68.8421299693,-32.8905328118,2,Barrio Civico,2366816.36021,0
44924,Morera,23/08/2011 10:37,Alto (> 8 mts),190,Grande,-68.8255405385,-32.868492812,4,Cuarta Este Área Fundacional,1822015.85685,0
47548,Morera,19/09/2011 09:08,Alto (> 8 mts),135,Grande,-68.8270944663,-32.8712230296,4,Cuarta Este Área Fundacional,1822015.85685,0
41093,Platano,02/05/2011 15:24,Alto (> 8 mts),188,Grande,-68.8375907074,-32.8832412494,1,Parque Central,1655357.93265,0
22604,Paraiso,23/06/2011 11:23,Alto (> 8 mts),105,Grande,-68.8621785726,-32.9004733057,5,Residencial Sur,2423808.92355,0
29282,Morera,22/02/2011 13:42,Alto (> 8 mts),230,Grande,-68.8427683827,-32.8879505662,3,Parque O'Higgins,1531146.02653,0
23557,Morera,01/02/2011 16:15,Alto (> 8 mts),132,Grande,-68.8510214845,-32.9030886829,2,Barrio Civico,2366816.36021,0
29193,Fresno americano,25/02/2011 18:24,Alto (> 8 mts),140,Grande,-68.8466871185,-32.8880373855,2,Barrio Civico,2366816.36021,0
45172,Morera,31/08/2011 10:23,Medio (4 - 8 mts),70,Grande,-68.8231803884,-32.8707547991,4,Cuarta Este Área Fundacional,1822015.85685,0
27753,Morera,31/10/2011 09:14,Medio (4 - 8 mts),89,Grande,-68.8349264838,-32.8959099524,2,Barrio Civico,2366816.36021,0
10362,Paraiso,27/08/2010 09:55,Alto (> 8 mts),163,Grande,-68.84873381,-32.8739649834,6,Residencial Norte,2694682.37982,0
37346,Paraiso,29/11/2010 11:25,Alto (> 8 mts),160,Grande,-68.8580354885,-32.8716877889,6,Residencial Norte,2694682.37982,0
8788,Fresno europeo,03/02/2011 14:16,Bajo (2 - 4 mts),35,Mediano,-68.8557217642,-32.8671114531,6,Residencial Norte,2694682.37982,0
43742,Morera,17/10/2011 16:24,Medio (4 - 8 mts),120,Grande,-68.8325663089,-32.8812775007,3,Parque O'Higgins,1531146.02653,0
14891,Acacia SP,16/12/2011 11:19,Bajo (2 - 4 mts),50,Mediano,-68.8813016038,-32.8743951694,8,Aeroparque,2203364.73622,0
24814,Ailanthus,18/02/2011 09:16,Alto (> 8 mts),88,Grande,-68.8400409347,-32.8969618391,2,Barrio Civico,2366816.36021,0
8765,Ailanthus,16/02/2011 13:02,Medio (4 - 8 mts),22,Mediano,-68.8379178981,-32.8956097452,2,Barrio Civico,2366816.36021,0
8658,Caducifolio,02/02/2011 10:28,Bajo (2 - 4 mts),32,Mediano,-68.8393904069,-32.9041674626,2,Barrio Civico,2366816.36021,0
27540,Perenne,27/10/2011 08:52,Muy bajo (1 - 2 mts),100,Grande,-68.8357334767,-32.8913080582,3,Parque O'Higgins,1531146.02653,0
5369,Acer,26/04/2011 09:29,Bajo (2 - 4 mts),36,Mediano,-68.8428098619,-32.877629363,1,Parque Central,1655357.93265,0
31937,Morera,03/06/2011 09:09,Medio (4 - 8 mts),120,Grande,-68.8594626794,-32.8846154085,5,Residencial Sur,2423808.92355,0
34008,Platano,27/05/2011 10:27,Alto (> 8 mts),160,Grande,-68.8535061843,-32.8850601311,5,Residencial Sur,2423808.92355,0
12081,Acacia SP,04/02/2010 13:21,Medio (4 - 8 mts),82.5,Grande,-68.8536429832,-32.8679038934,6,Residencial Norte,2694682.37982,0
21278,Morera,13/06/2011 12:36,Alto (> 8 mts),138,Grande,-68.8521689202,-32.8961291996,5,Residencial Sur,2423808.92355,0
27433,Olmo bola,25/10/2011 09:19,Medio (4 - 8 mts),105,Grande,-68.8345683188,-32.8920628662,3,Parque O'Higgins,1531146.02653,1
22227,Fresno europeo,18/05/2011 09:07,Alto (> 8 mts),62,Grande,-68.8556707392,-32.8984575551,5,Residencial Sur,2423808.92355,0
15579,Morera,16/11/2011 16:31,Medio (4 - 8 mts),60,Mediano,-68.861303471,-32.8713587207,7,Residencial Parque,1786336.08966,0
46388,Morera,19/08/2011 12:00,Alto (> 8 mts),210,Grande,-68.8323766312,-32.8667964979,4,Cuarta Oeste,1173332.70145,1
39141,Fresno europeo,15/01/2012 10:42,Bajo (2 - 4 mts),40,Mediano,-68.8541272534,-32.872097943,6,Residencial Norte,2694682.37982,0
32885,Morera,10/06/2011 09:13,Medio (4 - 8 mts),110,Grande,-68.8510261283,-32.8857880926,5,Residencial Sur,2423808.92355,0
6456,Acer,26/05/2011 13:19,Medio (4 - 8 mts),32,Mediano,-68.8524476444,-32.8893215432,5,Residencial Sur,2423808.92355,0
16718,Fresno europeo,21/07/2011 10:52,Medio (4 - 8 mts),75,Grande,-68.8403622281,-32.8626484701,4,Cuarta Oeste,1173332.70145,0
21599,Platano,12/05/2011 09:34,Alto (> 8 mts),180,Grande,-68.8551535053,-32.8941398417,5,Residencial Sur,2423808.92355,0
7091,Morera,02/06/2011 12:47,Alto (> 8 mts),90,Grande,-68.8595154463,-32.8975211431,5,Residencial Sur,2423808.92355,0
17124,Morera,15/08/2011 13:55,Alto (> 8 mts),164,Grande,-68.8362868307,-32.8627289901,4,Cuarta Oeste,1173332.70145,0
10801,Morera,01/04/2011 12:15,Muy bajo (1 - 2 mts),8,Chico,-68.8581224336,-32.8775654193,7,Residencial Parque,1786336.08966,0
18372,Morera,01/08/2011 10:20,Alto (> 8 mts),102,Grande,-68.8373641079,-32.8677585168,4,Cuarta Oeste,1173332.70145,0
772,Aguaribay,14/12/2011 11:00,Alto (> 8 mts),185,Grande,-68.8802025551,-32.867455458,8,Aeroparque,2203364.73622,0
17414,Morera,03/08/2011 13:01,Alto (> 8 mts),200,Grande,-68.8359513684,-32.8673631727,4,Cuarta Oeste,1173332.70145,1
12032,Morera,03/05/2010 12:49,Medio (4 - 8 mts),107,Grande,-68.853457784,-32.8666470816,6,Residencial Norte,2694682.37982,0
31188,Morera,04/02/2011 10:28,Medio (4 - 8 mts),110,Grande,-68.8538094707,-32.863441391,6,Residencial Norte,2694682.37982,0
15437,Caducifolio,18/11/2011 12:37,Bajo (2 - 4 mts),10,Chico,-68.8594349558,-32.8714273288,6,Residencial Norte,2694682.37982,1
6391,Perenne,19/05/2011 10:33,Bajo (2 - 4 mts),50,Mediano,-68.8512866546,-32.8873487115,5,Residencial Sur,2423808.92355,0
8124,Morera,14/03/2011 11:02,Alto (> 8 mts),144,Grande,-68.8397615148,-32.8906738861,3,Parque O'Higgins,1531146.02653,0
13985,Morera,29/11/2011 10:38,Medio (4 - 8 mts),55,Mediano,-68.8776114419,-32.8657154135,8,Aeroparque,2203364.73622,0
42301,Perenne,03/05/2011 11:46,Muy bajo (1 - 2 mts),15,Chico,-68.8425102195,-32.8728429,4,Cuarta Oeste,1173332.70145,0
33419,Platano,02/06/2011 13:44,Alto (> 8 mts),180,Grande,-68.8572460403,-32.8884247119,5,Residencial Sur,2423808.92355,0
29436,Morera,09/03/2011 18:31,Alto (> 8 mts),156,Grande,-68.8461361979,-32.8927156223,2,Barrio Civico,2366816.36021,1
9168,Paraiso,01/03/2011 13:04,Muy bajo (1 - 2 mts),7,Chico,-68.8512285928,-32.8656314917,6,Residencial Norte,2694682.37982,0
24278,Olmo comun,20/01/2011 15:08,Alto (> 8 mts),225,Grande,-68.8439514325,-32.9008423352,2,Barrio Civico,2366816.36021,0
9315,Morera,16/02/2011 13:12,Medio (4 - 8 mts),92,Grande,-68.8463543646,-32.8657861247,4,Cuarta Oeste,1173332.70145,0
20171,Fresno europeo,13/05/2011 09:41,Medio (4 - 8 mts),64,Grande,-68.8596437868,-32.8924983838,5,Residencial Sur,2423808.92355,1
6841,Morera,07/06/2011 13:14,Medio (4 - 8 mts),76,Grande,-68.8553122464,-32.8957073656,5,Residencial Sur,2423808.92355,0
9334,Morera,21/02/2011 09:56,Medio (4 - 8 mts),120,Grande,-68.8470131081,-32.8654212883,4,Cuarta Oeste,1173332.70145,0
43825,Fresno americano,18/10/2011 12:53,Bajo (2 - 4 mts),64,Grande,-68.8313306896,-32.8813745758,3,Parque O'Higgins,1531146.02653,0
27157,Fresno europeo,27/10/2011 09:59,Medio (4 - 8 mts),70,Grande,-68.8371136021,-32.8902842852,3,Parque O'Higgins,1531146.02653,0
16246,Morera,20/07/2011 09:32,Alto (> 8 mts),160,Grande,-68.8425118918,-32.86483207,4,Cuarta Oeste,1173332.70145,0
9768,Fresno americano,18/01/2011 12:04,Medio (4 - 8 mts),44,Mediano,-68.8466914477,-32.8638780814,4,Cuarta Oeste,1173332.70145,0
36796,Morera,07/04/2011 16:04,Alto (> 8 mts),175,Grande,-68.8598885623,-32.8804562437,7,Residencial Parque,1786336.08966,0
45711,Morera,24/08/2011 12:11,Medio (4 - 8 mts),200,Grande,-68.8223974352,-32.869415045,4,Cuarta Este Área Fundacional,1822015.85685,0
42366,Morera,29/09/2011 10:29,Alto (> 8 mts),160,Grande,-68.8347258279,-32.8757830211,4,Cuarta Este Área Fundacional,1822015.85685,0
2643,Morera,21/10/2011 18:38,Muy bajo (1 - 2 mts),3,Chico,-68.8340004855,-32.8810793682,3,Parque O'Higgins,1531146.02653,0
47760,Morera,15/09/2011 14:19,Alto (> 8 mts),185,Grande,-68.8261263762,-32.8721816311,4,Cuarta Este Área Fundacional,1822015.85685,1
33513,Platano,16/06/2011 12:59,Alto (> 8 mts),94,Grande,-68.8542511349,-32.8894408004,5,Residencial Sur,2423808.92355,0
45270,Ailanthus,16/09/2011 10:22,Alto (> 8 mts),138,Grande,-68.8236567176,-32.8712790653,4,Cuarta Este Área Fundacional,1822015.85685,0
390,Fresno europeo,05/03/2012 11:40,Bajo (2 - 4 mts),25,Mediano,-68.8199619514,-32.8678269137,4,Cuarta Este Área Fundacional,1822015.85685,0
24281,Morera,20/01/2011 02:01,Alto (> 8 mts),180,Grande,-68.8437645361,-32.9008764562,2,Barrio Civico,2366816.36021,0
9862,Fresno americano,09/02/2011 12:07,Medio (4 - 8 mts),35,Mediano,-68.8577187681,-32.865882041,6,Residencial Norte,2694682.37982,1
4437,Perenne,01/08/2011 08:48,Medio (4 - 8 mts),70,Grande,-68.8371142471,-32.8686948387,4,Cuarta Oeste,1173332.70145,0
34446,Morera,09/03/2011 12:11,Medio (4 - 8 mts),144,Grande,-68.8503963336,-32.8747009653,6,Residencial Norte,2694682.37982,0
31755,Fresno europeo,28/06/2011 11:47,Medio (4 - 8 mts),105,Grande,-68.8577165242,-32.8896714765,5,Residencial Sur,2423808.92355,0
1579,Fresno europeo,30/11/2011 10:44,Bajo (2 - 4 mts),45,Mediano,-68.8720580289,-32.8754875579,7,Residencial Parque,1786336.08966,0
38925,Platano,26/10/2010 11:53,Alto (> 8 mts),260,Grande,-68.8484474818,-32.8706884429,6,Residencial Norte,2694682.37982,0
11578,Paraiso,10/05/2010 12:05,Medio (4 - 8 mts),137,Grande,-68.8518599306,-32.8668550801,6,Residencial Norte,2694682.37982,0
17347,Caducifolio,05/08/2011 07:42,Bajo (2 - 4 mts),25,Mediano,-68.8355473496,-32.8657117149,4,Cuarta Oeste,1173332.70145,0
45406,Morera,15/09/2011 16:06,Alto (> 8 mts),145,Grande,-68.8258631328,-32.871681456,4,Cuarta Este Área Fundacional,1822015.85685,1
24298,Paraiso,28/01/2011 07:44,Alto (> 8 mts),160,Grande,-68.8436484275,-32.90144131,2,Barrio Civico,2366816.36021,0
5756,Morera,06/05/2011 11:08,Bajo (2 - 4 mts),26,Mediano,-68.8407834228,-32.8790151297,1,Parque Central,1655357.93265,0
4865,Morera,22/07/2011 09:19,Alto (> 8 mts),135,Grande,-68.842485264,-32.8636283338,4,Cuarta Oeste,1173332.70145,0
36130,Fresno americano,04/04/2011 09:50,Medio (4 - 8 mts),31,Mediano,-68.8522224025,-32.8778312879,6,Residencial Norte,2694682.37982,0
31707,Platano,18/05/2011 10:21,Alto (> 8 mts),230,Grande,-68.8616077111,-32.8899719587,5,Residencial Sur,2423808.92355,0
39870,Morera,03/05/2011 13:01,Alto (> 8 mts),150,Grande,-68.8444934714,-32.8747050374,1,Parque Central,1655357.93265,0
41422,Morera,07/04/2011 10:49,Alto (> 8 mts),113,Grande,-68.8421170284,-32.8810943442,1,Parque Central,1655357.93265,0
9744,Jacaranda,18/01/2011 13:09,Bajo (2 - 4 mts),38,Mediano,-68.8469585841,-32.864173876,4,Cuarta Oeste,1173332.70145,0
31264,Prunas,03/02/2011 13:29,Bajo (2 - 4 mts),54,Mediano,-68.8534995918,-32.8638043478,6,Residencial Norte,2694682.37982,0
13809,Morera,27/01/2011 08:23,Alto (> 8 mts),150,Grande,-68.8492682707,-32.8635758759,6,Residencial Norte,2694682.37982,0
3450,Fresno americano,17/08/2011 09:36,Bajo (2 - 4 mts),26,Mediano,-68.8288776002,-32.8686326763,4,Cuarta Este Área Fundacional,1822015.85685,0
6886,Acacia SP,26/05/2011 11:10,Medio (4 - 8 mts),38,Mediano,-68.8599020897,-32.8956775668,5,Residencial Sur,2423808.92355,0
30902,Paraiso sombrilla,17/02/2011 10:42,Alto (> 8 mts),180,Grande,-68.853943915,-32.8664815768,6,Residencial Norte,2694682.37982,0
20643,Morera,03/06/2011 14:24,Alto (> 8 mts),185,Grande,-68.8597183746,-32.8968456105,5,Residencial Sur,2423808.92355,0
13553,Morera,28/01/2011 10:35,Alto (> 8 mts),170,Grande,-68.8505054032,-32.8646020361,6,Residencial Norte,2694682.37982,0
14052,Jacaranda,05/12/2011 12:16,Medio (4 - 8 mts),75,Grande,-68.8762268944,-32.8675804742,8,Aeroparque,2203364.73622,0
14937,Paraiso sombrilla,19/12/2011 11:25,Bajo (2 - 4 mts),50,Mediano,-68.880150623,-32.8736947411,8,Aeroparque,2203364.73622,0
17968,Morera,01/08/2011 09:37,Bajo (2 - 4 mts),150,Grande,-68.8397828927,-32.8672166528,4,Cuarta Oeste,1173332.70145,0
28688,Platano,01/03/2011 12:49,Alto (> 8 mts),126,Grande,-68.8462528508,-32.8908470592,2,Barrio Civico,2366816.36021,0
29159,Morera,10/03/2011 10:08,Alto (> 8 mts),195,Grande,-68.8464392371,-32.889240316,2,Barrio Civico,2366816.36021,1
4868,Paraiso,22/07/2011 08:48,Alto (> 8 mts),190,Grande,-68.8422829973,-32.8629892666,4,Cuarta Oeste,1173332.70145,0
4207,Acer,05/07/2011 12:19,Bajo (2 - 4 mts),27,Mediano,-68.8383589662,-32.8740795752,4,Cuarta Oeste,1173332.70145,0
32996,Morera,19/05/2011 10:00,Bajo (2 - 4 mts),22,Mediano,-68.8523541111,-32.887726623,5,Residencial Sur,2423808.92355,0
38706,Fresno europeo,14/12/2010 13:33,Muy bajo (1 - 2 mts),15,Chico,-68.8504371113,-32.8709067753,6,Residencial Norte,2694682.37982,0
15734,Acer,22/11/2011 12:42,Bajo (2 - 4 mts),35,Mediano,-68.8706693643,-32.8782654226,7,Residencial Parque,1786336.08966,0
2820,Fresno europeo,09/11/2011 09:17,Bajo (2 - 4 mts),80,Grande,-68.8320818192,-32.8926221171,3,Parque O'Higgins,1531146.02653,0
46310,Fresno europeo,28/09/2011 08:17,Alto (> 8 mts),135,Grande,-68.8244388274,-32.8734473943,4,Cuarta Este Área Fundacional,1822015.85685,0
595,Morera,08/03/2012 09:29,Alto (> 8 mts),110,Grande,-68.8199274921,-32.8679645419,4,Cuarta Este Área Fundacional,1822015.85685,1
47401,Morera,23/09/2011 15:00,Alto (> 8 mts),160,Grande,-68.8262945701,-32.874697139,4,Cuarta Este Área Fundacional,1822015.85685,0
35831,Fresno europeo,03/03/2011 13:08,Medio (4 - 8 mts),80,Grande,-68.8543733808,-32.8734655723,6,Residencial Norte,2694682.37982,0
22906,Morera,19/05/2011 16:21,Bajo (2 - 4 mts),16,Chico,-68.8546568091,-32.8994826675,5,Residencial Sur,2423808.92355,0
13346,Fresno europeo,12/01/2011 10:19,Medio (4 - 8 mts),60,Mediano,-68.846218791,-32.8664637524,4,Cuarta Oeste,1173332.70145,0
4174,Morera,07/07/2011 11:12,Alto (> 8 mts),126,Grande,-68.8373197574,-32.8733136151,4,Cuarta Oeste,1173332.70145,1
1837,Paraiso,18/11/2011 18:01,Muy bajo (1 - 2 mts),9,Chico,-68.8607220289,-32.8718974016,7,Residencial Parque,1786336.08966,0
34314,Morera,09/03/2011 09:57,Alto (> 8 mts),166,Grande,-68.851960744,-32.8742786697,6,Residencial Norte,2694682.37982,0
31307,Morera,28/02/2011 09:36,Medio (4 - 8 mts),100,Grande,-68.8488846206,-32.8646479121,6,Residencial Norte,2694682.37982,1
32686,Morera,18/05/2011 11:54,Alto (> 8 mts),130,Grande,-68.8514888274,-32.8871879195,5,Residencial Sur,2423808.92355,0
146,Fresno europeo,28/02/2012 18:17,Muy bajo (1 - 2 mts),14,Chico,-68.8580854,-32.8642075023,6,Residencial Norte,2694682.37982,0
13888,Fresno europeo,19/12/2011 12:22,Muy bajo (1 - 2 mts),15,Chico,-68.8755500595,-32.8664236932,8,Aeroparque,2203364.73622,0
36264,Fresno europeo,17/03/2011 11:52,Medio (4 - 8 mts),64,Grande,-68.8530676179,-32.8779868375,6,Residencial Norte,2694682.37982,0
10827,Fresno europeo,30/03/2011 12:22,Alto (> 8 mts),70,Grande,-68.8547720356,-32.8783184015,6,Residencial Norte,2694682.37982,0
44506,Fresno europeo,18/10/2011 10:20,Bajo (2 - 4 mts),28,Mediano,-68.8362258398,-32.8859069718,3,Parque O'Higgins,1531146.02653,0
15012,Aguaribay,19/12/2011 17:30,Bajo (2 - 4 mts),50,Mediano,-68.8806188675,-32.8718582666,8,Aeroparque,2203364.73622,0
47901,Morera,21/09/2011 10:32,Alto (> 8 mts),200,Grande,-68.8305873124,-32.8739251355,4,Cuarta Este Área Fundacional,1822015.85685,1
8720,Olmo comun,10/02/2011 08:20,Alto (> 8 mts),142,Grande,-68.838387235,-32.8995237267,2,Barrio Civico,2366816.36021,0
41486,Fresno americano,07/04/2011 12:28,Medio (4 - 8 mts),160,Grande,-68.8423214272,-32.8806879386,1,Parque Central,1655357.93265,0
36080,Fresno europeo,06/04/2011 10:13,Medio (4 - 8 mts),73,Grande,-68.8543323204,-32.8767253146,6,Residencial Norte,2694682.37982,0
42696,Morera,30/09/2011 13:51,Alto (> 8 mts),128,Grande,-68.8287825096,-32.8767290185,4,Cuarta Este Área Fundacional,1822015.85685,1
23107,Paraiso,17/01/2011 17:01,Medio (4 - 8 mts),43,Mediano,-68.8472744426,-32.9021915324,2,Barrio Civico,2366816.36021,0
37330,Morera,17/03/2011 09:07,Alto (> 8 mts),155,Grande,-68.8574156165,-32.8748941008,6,Residencial Norte,2694682.37982,0
14514,Jacaranda,30/11/2011 16:44,Bajo (2 - 4 mts),38,Mediano,-68.8789746301,-32.8657305933,8,Aeroparque,2203364.73622,0
36223,Tilo,30/03/2011 12:02,Bajo (2 - 4 mts),20,Chico,-68.8555232643,-32.8783122428,6,Residencial Norte,2694682.37982,0
41239,Morera,15/04/2011 10:57,Alto (> 8 mts),98,Grande,-68.8388884322,-32.8810809937,1,Parque Central,1655357.93265,0
45549,Morera,08/09/2011 09:37,Alto (> 8 mts),150,Grande,-68.8205769368,-32.8703803255,4,Cuarta Este Área Fundacional,1822015.85685,0
44009,Platano,14/10/2011 11:32,Muy bajo (1 - 2 mts),10,Chico,-68.8327585194,-32.8849317983,3,Parque O'Higgins,1531146.02653,0
1535,Alamo criollo,23/11/2011 11:34,Medio (4 - 8 mts),80,Grande,-68.8729137818,-32.8774820233,7,Residencial Parque,1786336.08966,0
47843,Morera,21/09/2011 09:35,Alto (> 8 mts),122,Grande,-68.8279579729,-32.8732034381,4,Cuarta Este Área Fundacional,1822015.85685,1
1625,Paraiso sombrilla,24/11/2011 09:53,Medio (4 - 8 mts),95,Grande,-68.8713113778,-32.8782983429,7,Residencial Parque,1786336.08966,0
27287,Prunas,31/10/2011 09:05,Medio (4 - 8 mts),15,Chico,-68.8343508128,-32.8891417298,3,Parque O'Higgins,1531146.02653,0
39780,Morera,13/07/2011 12:44,Muy bajo (1 - 2 mts),5,Chico,-68.8515307359,-32.8831409936,1,Parque Central,1655357.93265,0
26017,Morera,09/11/2011 17:16,Medio (4 - 8 mts),150,Grande,-68.832581443,-32.8865278943,3,Parque O'Higgins,1531146.02653,0
22152,Morera,13/05/2011 13:38,Alto (> 8 mts),116,Grande,-68.854743843,-32.898330696,5,Residencial Sur,2423808.92355,0
4328,Morera,13/07/2011 20:36,Alto (> 8 mts),180,Grande,-68.8354793166,-32.8701221201,4,Cuarta Oeste,1173332.70145,0
43594,Acacia SP,13/10/2011 12:15,Alto (> 8 mts),150,Grande,-68.8325637939,-32.8829890268,3,Parque O'Higgins,1531146.02653,0
6571,Morera,19/05/2011 10:19,Bajo (2 - 4 mts),30,Mediano,-68.8572318941,-32.8907782485,5,Residencial Sur,2423808.92355,0
28064,Morera,21/02/2011 17:56,Alto (> 8 mts),106,Grande,-68.8501854992,-32.8912215258,5,Residencial Sur,2423808.92355,0
27828,Morera,02/11/2011 10:37,Alto (> 8 mts),180,Grande,-68.8362201711,-32.8948574871,2,Barrio Civico,2366816.36021,0
21529,Morera,08/06/2011 11:10,Alto (> 8 mts),155,Grande,-68.8535317437,-32.8953073558,5,Residencial Sur,2423808.92355,1
14116,Morera,02/12/2011 07:30,Alto (> 8 mts),120,Grande,-68.8762632564,-32.8672310943,8,Aeroparque,2203364.73622,0
46248,Morera,27/09/2011 12:19,Alto (> 8 mts),140,Grande,-68.8261900396,-32.8756045752,4,Cuarta Este Área Fundacional,1822015.85685,1
1789,Braquiquito,25/11/2011 09:30,Medio (4 - 8 mts),85,Grande,-68.8700115751,-32.8787344446,7,Residencial Parque,1786336.08966,0
28001,Morera,04/11/2011 09:19,Alto (> 8 mts),130,Grande,-68.8358683232,-32.8935042506,3,Parque O'Higgins,1531146.02653,0
26203,Ailanthus,19/10/2011 11:33,Medio (4 - 8 mts),110,Grande,-68.8323787445,-32.8887249552,3,Parque O'Higgins,1531146.02653,0
14292,Acer,06/12/2011 10:17,Medio (4 - 8 mts),150,Grande,-68.8772161735,-32.8685375301,8,Aeroparque,2203364.73622,1
13198,Morera,22/02/2011 09:21,Alto (> 8 mts),150,Grande,-68.8474642642,-32.8645609574,4,Cuarta Oeste,1173332.70145,1
7645,Fresno europeo,27/05/2011 11:16,Bajo (2 - 4 mts),44,Mediano,-68.8547175756,-32.8842320836,5,Residencial Sur,2423808.92355,0
41560,Morera,06/05/2011 12:36,Bajo (2 - 4 mts),52,Mediano,-68.8412564109,-32.8796274629,1,Parque Central,1655357.93265,0
20692,Morera,31/05/2011 12:03,Alto (> 8 mts),87,Grande,-68.8614016839,-32.8980222112,5,Residencial Sur,2423808.92355,0
16285,Morera,21/07/2011 10:02,Alto (> 8 mts),300,Grande,-68.8422462481,-32.8642924296,4,Cuarta Oeste,1173332.70145,1
46341,Morera,19/09/2011 14:25,Alto (> 8 mts),114,Grande,-68.8260347784,-32.873441956,4,Cuarta Este Área Fundacional,1822015.85685,0
9198,Paraiso,02/03/2011 12:53,Medio (4 - 8 mts),140,Grande,-68.8504694258,-32.8652987601,6,Residencial Norte,2694682.37982,0
10374,Acer,24/08/2010 11:16,Medio (4 - 8 mts),123,Grande,-68.8474498268,-32.8740532283,6,Residencial Norte,2694682.37982,0
31730,Morera,18/05/2011 09:34,Medio (4 - 8 mts),99,Grande,-68.860347642,-32.8907458325,5,Residencial Sur,2423808.92355,0
38064,Fresno europeo,06/12/2010 10:12,Muy bajo (1 - 2 mts),4,Chico,-68.8482916801,-32.8722067794,6,Residencial Norte,2694682.37982,0
22262,Fresno europeo,15/06/2011 08:07,Medio (4 - 8 mts),93,Grande,-68.8567724549,-32.897478778,5,Residencial Sur,2423808.92355,0
9789,Paraiso,18/01/2011 08:17,Medio (4 - 8 mts),140,Grande,-68.8469907952,-32.8631581231,4,Cuarta Oeste,1173332.70145,0
29920,Platano,14/03/2011 12:56,Alto (> 8 mts),165,Grande,-68.8401800344,-32.8927142825,2,Barrio Civico,2366816.36021,0
33463,Fresno europeo,15/06/2011 10:19,Medio (4 - 8 mts),143,Grande,-68.8575178042,-32.8894239315,5,Residencial Sur,2423808.92355,0
18371,Morera,01/08/2011 10:21,Alto (> 8 mts),110,Grande,-68.83735285,-32.8677102949,4,Cuarta Oeste,1173332.70145,0
11531,Fresno europeo,23/02/2011 09:19,Muy bajo (1 - 2 mts),5,Chico,-68.852932226,-32.866133111,6,Residencial Norte,2694682.37982,0
26934,Platano,01/11/2011 17:37,Medio (4 - 8 mts),260,Grande,-68.835552054,-32.8873468749,3,Parque O'Higgins,1531146.02653,1
44346,Fresno americano,18/10/2011 11:17,Medio (4 - 8 mts),115,Grande,-68.835886932,-32.8835482157,3,Parque O'Higgins,1531146.02653,0
3570,Morera,05/09/2011 09:48,Medio (4 - 8 mts),70,Grande,-68.8314043013,-32.8696621306,4,Cuarta Este Área Fundacional,1822015.85685,0
647,Paraiso sombrilla,08/03/2012 16:27,Bajo (2 - 4 mts),80,Grande,-68.8175967585,-32.8684125669,4,Cuarta Este Área Fundacional,1822015.85685,0
23663,Ligustro,20/01/2011 19:17,Bajo (2 - 4 mts),52,Mediano,-68.8484889607,-32.9008365546,2,Barrio Civico,2366816.36021,0
13469,Morera,03/02/2011 09:20,Medio (4 - 8 mts),104,Grande,-68.8523564574,-32.8633739782,6,Residencial Norte,2694682.37982,0
29083,Fresno americano,28/04/2011 09:22,Alto (> 8 mts),155,Grande,-68.8442680219,-32.8863077484,1,Parque Central,1655357.93265,0
40266,Prunas,14/04/2011 09:46,Medio (4 - 8 mts),33,Mediano,-68.8463646511,-32.8817372209,1,Parque Central,1655357.93265,0
7212,Fresno europeo,28/06/2011 09:16,Medio (4 - 8 mts),56,Mediano,-68.8614159677,-32.8981457461,5,Residencial Sur,2423808.92355,0
31636,Morera,15/06/2011 09:11,Alto (> 8 mts),99,Grande,-68.8576295013,-32.8884865543,5,Residencial Sur,2423808.92355,0
18821,Morera,09/08/2011 11:50,Alto (> 8 mts),192,Grande,-68.8352684859,-32.8690562888,4,Cuarta Oeste,1173332.70145,0
43661,Fresno europeo,13/10/2011 17:58,Muy bajo (1 - 2 mts),9,Chico,-68.8350478847,-32.8811093944,1,Parque Central,1655357.93265,0
38993,Morera,27/12/2010 13:06,Medio (4 - 8 mts),55,Mediano,-68.8548923262,-32.8706437099,6,Residencial Norte,2694682.37982,0
31197,Morera,07/02/2011 09:02,Medio (4 - 8 mts),90,Grande,-68.8535753681,-32.8638400364,6,Residencial Norte,2694682.37982,0
1317,Aguaribay,30/11/2011 11:19,Bajo (2 - 4 mts),66,Grande,-68.8774548533,-32.8645566777,8,Aeroparque,2203364.73622,0
5221,Platano,05/05/2011 13:07,Bajo (2 - 4 mts),38,Mediano,-68.8411208082,-32.8748132051,1,Parque Central,1655357.93265,0
41808,Paraiso sombrilla,26/04/2011 12:18,Medio (4 - 8 mts),164,Grande,-68.8426878256,-32.8779404299,1,Parque Central,1655357.93265,0
21764,Platano,23/05/2011 09:13,Medio (4 - 8 mts),180,Grande,-68.8568384101,-32.895060516,5,Residencial Sur,2423808.92355,1
32022,Morera,03/06/2011 09:46,Alto (> 8 mts),130,Grande,-68.8572278961,-32.8877434629,5,Residencial Sur,2423808.92355,0
20718,Acer,31/05/2011 11:04,Alto (> 8 mts),132,Grande,-68.8618685942,-32.8969462525,5,Residencial Sur,2423808.92355,0
40453,Platano,11/04/2011 10:43,Alto (> 8 mts),210,Grande,-68.8429649996,-32.8830638618,1,Parque Central,1655357.93265,0
17813,Paraiso,21/07/2011 12:42,Muy bajo (1 - 2 mts),22,Mediano,-68.8432185776,-32.8695519774,4,Cuarta Oeste,1173332.70145,0
16254,Fresno americano,19/07/2011 21:52,Muy bajo (1 - 2 mts),0.8,Chico,-68.8431695825,-32.8648505694,4,Cuarta Oeste,1173332.70145,0
32277,Fresno europeo,28/06/2011 10:31,Alto (> 8 mts),190,Grande,-68.8506117454,-32.8914574673,5,Residencial Sur,2423808.92355,0
1592,Algarrobo,30/11/2011 10:04,Muy bajo (1 - 2 mts),12,Chico,-68.8728749828,-32.8768156718,7,Residencial Parque,1786336.08966,0
23157,Fresno europeo,11/01/2011 18:11,Alto (> 8 mts),92,Grande,-68.8479160012,-32.903305491,2,Barrio Civico,2366816.36021,0
4650,Morera,12/08/2011 10:09,Medio (4 - 8 mts),70,Grande,-68.8358595737,-32.8636589013,4,Cuarta Oeste,1173332.70145,0
8120,Fresno europeo,16/03/2011 12:24,Medio (4 - 8 mts),41,Mediano,-68.8408449788,-32.8912127877,2,Barrio Civico,2366816.36021,0
14852,Acacia SP,19/12/2011 07:54,Muy bajo (1 - 2 mts),2,Chico,-68.881077334,-32.8740486327,8,Aeroparque,2203364.73622,0
43950,Fresno americano,12/10/2011 11:41,Medio (4 - 8 mts),50,Mediano,-68.8312459096,-32.8844395842,3,Parque O'Higgins,1531146.02653,0
8231,Jacaranda,25/02/2011 13:23,Medio (4 - 8 mts),48,Mediano,-68.8437324328,-32.892250487,2,Barrio Civico,2366816.36021,0
47178,Morera,20/09/2011 11:10,Medio (4 - 8 mts),245,Grande,-68.8335883325,-32.874704891,4,Cuarta Este Área Fundacional,1822015.85685,1
41150,Morera,27/04/2011 18:17,Alto (> 8 mts),142,Grande,-68.8387048405,-32.8825544294,1,Parque Central,1655357.93265,0
28008,Morera,04/11/2011 09:02,Alto (> 8 mts),60,Mediano,-68.8359411666,-32.894112956,3,Parque O'Higgins,1531146.02653,0
4319,Fresno europeo,14/07/2011 08:53,Bajo (2 - 4 mts),43,Mediano,-68.8349705426,-32.8698613184,4,Cuarta Oeste,1173332.70145,0
47636,Prunas,08/09/2011 21:36,Medio (4 - 8 mts),48,Mediano,-68.8290911464,-32.8719408168,4,Cuarta Este Área Fundacional,1822015.85685,0
25007,Morera,15/02/2011 12:06,Alto (> 8 mts),190,Grande,-68.8354600461,-32.8960159731,2,Barrio Civico,2366816.36021,0
16111,Olmo comun,18/07/2011 12:26,Medio (4 - 8 mts),62,Grande,-68.8453093465,-32.8734760159,6,Residencial Norte,2694682.37982,0
26384,Platano,25/10/2011 09:57,Alto (> 8 mts),260,Grande,-68.8333549248,-32.8899467929,3,Parque O'Higgins,1531146.02653,0
41943,Morera,19/04/2011 11:33,Bajo (2 - 4 mts),35,Mediano,-68.8382508312,-32.8785232763,1,Parque Central,1655357.93265,0
26623,Platano,03/11/2011 10:53,Alto (> 8 mts),325,Grande,-68.834055338,-32.8899798948,3,Parque O'Higgins,1531146.02653,0
5395,Aguaribay,19/04/2011 12:44,Medio (4 - 8 mts),140,Grande,-68.8456211193,-32.87896697,1,Parque Central,1655357.93265,1
26900,Fresno europeo,28/10/2011 16:54,Medio (4 - 8 mts),62,Grande,-68.8369203548,-32.8873201732,3,Parque O'Higgins,1531146.02653,0
14077,Jacaranda,02/12/2011 10:14,Medio (4 - 8 mts),18,Chico,-68.87629202,-32.868491763,8,Aeroparque,2203364.73622,0
5820,Paraiso,03/05/2011 11:23,Medio (4 - 8 mts),85,Grande,-68.8430961439,-32.8747627339,1,Parque Central,1655357.93265,0
12866,Jacaranda,19/01/2011 09:30,Alto (> 8 mts),100,Grande,-68.8460934008,-32.8643157983,4,Cuarta Oeste,1173332.70145,0
45144,Fresno europeo,01/09/2011 11:44,Medio (4 - 8 mts),110,Grande,-68.8244147587,-32.8704832443,4,Cuarta Este Área Fundacional,1822015.85685,0
25693,Morera,04/02/2011 10:40,Alto (> 8 mts),83,Grande,-68.8403797266,-32.9018003805,2,Barrio Civico,2366816.36021,0
520,Morera,08/03/2012 18:29,Medio (4 - 8 mts),100,Grande,-68.820751821,-32.8686305963,4,Cuarta Este Área Fundacional,1822015.85685,0
19533,Morera,26/07/2011 10:41,Medio (4 - 8 mts),100,Grande,-68.8369655579,-32.8709190681,4,Cuarta Oeste,1173332.70145,0
30602,Paraiso sombrilla,11/02/2011 09:42,Medio (4 - 8 mts),96,Grande,-68.8584014567,-32.8653557277,6,Residencial Norte,2694682.37982,0
26252,Morera,18/10/2011 11:40,Medio (4 - 8 mts),58,Mediano,-68.83132539,-32.8878638013,3,Parque O'Higgins,1531146.02653,0
34661,Morera,01/04/2011 13:15,Medio (4 - 8 mts),45,Mediano,-68.8507190929,-32.8765148373,6,Residencial Norte,2694682.37982,0
34545,Morera,30/03/2011 12:20,Medio (4 - 8 mts),80,Grande,-68.8491546413,-32.8756054067,6,Residencial Norte,2694682.37982,0
14724,Prunas,30/11/2011 17:30,Bajo (2 - 4 mts),80,Grande,-68.8773718934,-32.8691043856,8,Aeroparque,2203364.73622,0
11019,Morera,07/04/2011 12:38,Alto (> 8 mts),67,Grande,-68.858013866,-32.8810795376,7,Residencial Parque,1786336.08966,0
13171,Fresno europeo,18/02/2011 10:03,Bajo (2 - 4 mts),24,Mediano,-68.8464862894,-32.8660233306,4,Cuarta Oeste,1173332.70145,0
20268,Morera,17/05/2011 13:26,Alto (> 8 mts),150,Grande,-68.8590057214,-32.8930485994,5,Residencial Sur,2423808.92355,1
5867,Fresno americano,04/10/2011 11:23,Medio (4 - 8 mts),128,Grande,-68.8432452692,-32.8864987484,1,Parque Central,1655357.93265,0
7526,Prunas,09/06/2011 13:44,Muy bajo (1 - 2 mts),30,Mediano,-68.8589418972,-32.8814109455,7,Residencial Parque,1786336.08966,0
38947,Olmo comun,30/12/2010 13:10,Bajo (2 - 4 mts),40,Mediano,-68.8561552375,-32.8711552841,6,Residencial Norte,2694682.37982,0
2402,Fresno europeo,20/10/2011 11:37,Medio (4 - 8 mts),70,Grande,-68.833226223,-32.8886901775,3,Parque O'Higgins,1531146.02653,0
26339,Morera,20/10/2011 11:23,Muy bajo (1 - 2 mts),4,Chico,-68.8327141004,-32.8893538832,3,Parque O'Higgins,1531146.02653,0
5149,Acacia SP,08/08/2011 10:29,Bajo (2 - 4 mts),14,Chico,-68.8434989452,-32.8701566738,4,Cuarta Oeste,1173332.70145,0
11650,Morera,27/01/2011 10:45,Alto (> 8 mts),170,Grande,-68.8500879091,-32.868102409,6,Residencial Norte,2694682.37982,1
14220,Morera,30/11/2011 11:29,Medio (4 - 8 mts),80,Grande,-68.8765681729,-32.8661146106,8,Aeroparque,2203364.73622,0
26220,Tipa,15/11/2011 08:06,Medio (4 - 8 mts),30,Mediano,-68.8298518603,-32.8878406804,3,Parque O'Higgins,1531146.02653,0
36448,Olmo comun,21/03/2011 11:25,Medio (4 - 8 mts),83,Grande,-68.8534999148,-32.8796426732,6,Residencial Norte,2694682.37982,0
11835,Morera,02/03/2011 12:45,Alto (> 8 mts),144,Grande,-68.8497029229,-32.8650176001,6,Residencial Norte,2694682.37982,0
35645,Morera,15/03/2011 12:01,Bajo (2 - 4 mts),38,Mediano,-68.8557669273,-32.8743172004,6,Residencial Norte,2694682.37982,0
45694,Morera,26/08/2011 10:47,Alto (> 8 mts),190,Grande,-68.8223286785,-32.8701382863,4,Cuarta Este Área Fundacional,1822015.85685,0
24225,Paraiso,25/01/2011 14:00,Alto (> 8 mts),122,Grande,-68.8457358942,-32.900964294,2,Barrio Civico,2366816.36021,0
43058,Acacia SP,03/10/2011 10:07,Alto (> 8 mts),230,Grande,-68.8322110974,-32.8782720433,4,Cuarta Este Área Fundacional,1822015.85685,1
33630,Morera,16/05/2011 12:04,Alto (> 8 mts),151,Grande,-68.8552300626,-32.8876138473,5,Residencial Sur,2423808.92355,0
7569,Morera,16/06/2011 13:09,Bajo (2 - 4 mts),28,Mediano,-68.8570332059,-32.882975146,5,Residencial Sur,2423808.92355,0
8725,Fresno europeo,14/02/2011 12:53,Muy bajo (1 - 2 mts),15,Chico,-68.8368798996,-32.9008649194,2,Barrio Civico,2366816.36021,0
41925,Fresno europeo,20/04/2011 10:01,Alto (> 8 mts),115,Grande,-68.8379727274,-32.8797836634,1,Parque Central,1655357.93265,0
24673,Acer,20/01/2011 11:16,Bajo (2 - 4 mts),58,Mediano,-68.8411143655,-32.8968291263,2,Barrio Civico,2366816.36021,0
3865,Fresno europeo,31/08/2011 10:56,Medio (4 - 8 mts),186,Grande,-68.8276399843,-32.8694925641,4,Cuarta Este Área Fundacional,1822015.85685,0
11662,Morera,26/01/2011 12:05,Alto (> 8 mts),135,Grande,-68.8497668797,-32.8687089718,6,Residencial Norte,2694682.37982,0
19367,Morera,19/07/2011 09:08,Medio (4 - 8 mts),57,Mediano,-68.836464399,-32.8714340288,4,Cuarta Oeste,1173332.70145,0
18905,Platano,02/08/2011 10:05,Alto (> 8 mts),300,Grande,-68.8410775102,-32.8706119847,4,Cuarta Oeste,1173332.70145,0
8968,Morera,13/01/2011 12:11,Alto (> 8 mts),145,Grande,-68.847529747,-32.866916043,6,Residencial Norte,2694682.37982,0
33885,Acer,14/07/2011 09:51,Alto (> 8 mts),110,Grande,-68.8536682648,-32.8851922962,5,Residencial Sur,2423808.92355,0
37151,Morera,01/04/2011 11:30,Alto (> 8 mts),120,Grande,-68.8590158216,-32.8766817192,7,Residencial Parque,1786336.08966,0
22086,Fresno europeo,10/06/2011 11:16,Alto (> 8 mts),121,Grande,-68.8545843362,-32.8972417192,5,Residencial Sur,2423808.92355,0
14535,Conifera,05/12/2011 13:08,Medio (4 - 8 mts),70,Grande,-68.879555715,-32.867898572,8,Aeroparque,2203364.73622,0
168,Paraiso,26/02/2012 20:01,Bajo (2 - 4 mts),40,Mediano,-68.8566239237,-32.8642132741,6,Residencial Norte,2694682.37982,0
2983,Prunas,16/09/2011 12:12,Bajo (2 - 4 mts),35,Mediano,-68.8247086965,-32.8719741114,4,Cuarta Este Área Fundacional,1822015.85685,0
44040,Morera,18/10/2011 12:47,Muy bajo (1 - 2 mts),8,Chico,-68.8325339602,-32.8852602782,3,Parque O'Higgins,1531146.02653,0
47443,Paraiso,20/09/2011 12:01,Alto (> 8 mts),160,Grande,-68.8302235991,-32.8741409587,4,Cuarta Este Área Fundacional,1822015.85685,0
48046,Morera,02/09/2011 11:19,Medio (4 - 8 mts),155,Grande,-68.8264722355,-32.8679673227,4,Cuarta Este Área Fundacional,1822015.85685,1
13707,Tilo,18/02/2011 14:13,Bajo (2 - 4 mts),15,Chico,-68.8535133267,-32.8655965519,6,Residencial Norte,2694682.37982,0
7797,Paraiso sombrilla,12/05/2011 09:04,Medio (4 - 8 mts),110,Grande,-68.8567383774,-32.8852448774,5,Residencial Sur,2423808.92355,0
2975,Conifera,15/09/2011 15:04,Muy bajo (1 - 2 mts),28,Mediano,-68.8258916602,-32.8719786859,4,Cuarta Este Área Fundacional,1822015.85685,0
35291,Fresno europeo,23/06/2011 16:37,Medio (4 - 8 mts),110,Grande,-68.8527159625,-32.8835759756,5,Residencial Sur,2423808.92355,0
31342,Morera,25/02/2011 10:18,Bajo (2 - 4 mts),20,Chico,-68.8490826189,-32.8662527384,6,Residencial Norte,2694682.37982,0
43638,Morera,14/10/2011 17:57,Bajo (2 - 4 mts),24,Mediano,-68.8339347126,-32.8821648845,3,Parque O'Higgins,1531146.02653,0
2429,Morera,25/10/2011 09:52,Bajo (2 - 4 mts),36,Mediano,-68.8344807468,-32.8910067474,3,Parque O'Higgins,1531146.02653,0
6771,Morera,23/05/2011 10:14,Medio (4 - 8 mts),58,Mediano,-68.8573319161,-32.8950211369,5,Residencial Sur,2423808.92355,1
6741,Fresno europeo,16/05/2011 09:52,Medio (4 - 8 mts),33,Mediano,-68.8574255184,-32.894029103,5,Residencial Sur,2423808.92355,0
37141,Platano,01/04/2011 11:53,Alto (> 8 mts),58,Mediano,-68.8580802239,-32.8768638123,7,Residencial Parque,1786336.08966,0
28319,Morera,10/03/2011 15:35,Alto (> 8 mts),162,Grande,-68.8501464116,-32.8920934145,5,Residencial Sur,2423808.92355,0
32653,Acacia visco,24/06/2011 13:41,Alto (> 8 mts),155,Grande,-68.850608844,-32.8907746931,5,Residencial Sur,2423808.92355,0
41360,Fresno americano,19/04/2011 09:10,Alto (> 8 mts),140,Grande,-68.8407471857,-32.8819837405,1,Parque Central,1655357.93265,0
19180,Morera,18/07/2011 10:02,Alto (> 8 mts),165,Grande,-68.841208482,-32.8721664292,4,Cuarta Oeste,1173332.70145,0
8790,Fresno americano,03/02/2011 10:08,Medio (4 - 8 mts),40,Mediano,-68.8555340395,-32.8667599271,6,Residencial Norte,2694682.37982,0
10407,Jacaranda,11/03/2011 11:02,Medio (4 - 8 mts),30,Mediano,-68.8570206327,-32.8734040189,6,Residencial Norte,2694682.37982,0
36612,Morera,15/06/2011 10:05,Medio (4 - 8 mts),110,Grande,-68.8577203659,-32.8828953804,7,Residencial Parque,1786336.08966,1
10910,Morera,21/03/2011 11:27,Medio (4 - 8 mts),50,Mediano,-68.8535177946,-32.8796979517,6,Residencial Norte,2694682.37982,0
47056,Morera,09/09/2011 16:10,Alto (> 8 mts),186,Grande,-68.831049936,-32.871935706,4,Cuarta Este Área Fundacional,1822015.85685,0
5691,Alamo criollo,29/04/2011 13:07,Alto (> 8 mts),120,Grande,-68.8393551293,-32.8753284562,1,Parque Central,1655357.93265,0
20758,Fresno europeo,01/06/2011 09:48,Medio (4 - 8 mts),63,Grande,-68.861855095,-32.8961868696,5,Residencial Sur,2423808.92355,0
10520,Ailanthus,17/03/2011 11:36,Medio (4 - 8 mts),50,Mediano,-68.8589054451,-32.8754106934,7,Residencial Parque,1786336.08966,0
16439,Paraiso,12/08/2011 10:01,Alto (> 8 mts),52,Mediano,-68.8418229965,-32.8635534988,4,Cuarta Oeste,1173332.70145,0
27479,Paraiso,28/10/2011 08:31,Alto (> 8 mts),155,Grande,-68.8381561408,-32.8925229151,3,Parque O'Higgins,1531146.02653,0
36561,Morera,07/06/2011 10:03,Bajo (2 - 4 mts),50,Mediano,-68.8580387292,-32.8835243834,5,Residencial Sur,2423808.92355,0
44764,Morera,24/08/2011 09:35,Alto (> 8 mts),110,Grande,-68.8236317354,-32.8687718094,4,Cuarta Este Área Fundacional,1822015.85685,0
31213,Morera,04/02/2011 13:08,Alto (> 8 mts),184,Grande,-68.8534754947,-32.8647822488,6,Residencial Norte,2694682.37982,0
3363,Fresno europeo,04/10/2011 10:21,Medio (4 - 8 mts),45,Mediano,-68.8358216808,-32.8786958351,1,Parque Central,1655357.93265,0
21826,Paraiso,12/05/2011 12:41,Alto (> 8 mts),140,Grande,-68.8552949642,-32.8941689498,5,Residencial Sur,2423808.92355,0
41656,Morera,03/05/2011 12:02,Medio (4 - 8 mts),112,Grande,-68.8369944882,-32.8765914204,1,Parque Central,1655357.93265,0
8553,Olmo comun,18/02/2011 10:15,Alto (> 8 mts),80,Grande,-68.8398421794,-32.8967480861,2,Barrio Civico,2366816.36021,0
30334,Acacia SP,10/03/2011 12:16,Alto (> 8 mts),160,Grande,-68.8409215617,-32.8909634269,2,Barrio Civico,2366816.36021,0
31969,Fresno europeo,02/06/2011 13:03,Medio (4 - 8 mts),130,Grande,-68.8595346134,-32.8836480002,7,Residencial Parque,1786336.08966,0
20264,Olmo comun,17/05/2011 13:33,Alto (> 8 mts),90,Grande,-68.8590015002,-32.8928121712,5,Residencial Sur,2423808.92355,0
33575,Platano,31/05/2011 14:15,Alto (> 8 mts),160,Grande,-68.8549760159,-32.8888706017,5,Residencial Sur,2423808.92355,0
46138,Morera,27/09/2011 11:16,Alto (> 8 mts),162,Grande,-68.8237310123,-32.8741412313,4,Cuarta Este Área Fundacional,1822015.85685,0
25353,Morera,11/02/2011 12:38,Alto (> 8 mts),190,Grande,-68.8387916889,-32.8998041658,2,Barrio Civico,2366816.36021,1
10324,Paraiso,29/11/2010 12:12,Bajo (2 - 4 mts),30,Mediano,-68.8572401142,-32.8725070721,6,Residencial Norte,2694682.37982,0
17066,Morera,16/08/2011 09:19,Alto (> 8 mts),132,Grande,-68.8366089751,-32.8640574279,4,Cuarta Oeste,1173332.70145,1
10106,Paraiso,04/01/2011 13:05,Muy bajo (1 - 2 mts),2,Chico,-68.8573150562,-32.8713120636,6,Residencial Norte,2694682.37982,0
40603,Platano,15/04/2011 10:30,Alto (> 8 mts),220,Grande,-68.845778067,-32.8848442941,1,Parque Central,1655357.93265,0
34165,Morera,10/03/2011 12:14,Alto (> 8 mts),138,Grande,-68.8568892066,-32.8733914577,6,Residencial Norte,2694682.37982,0
10759,Olmo comun,05/04/2011 11:17,Muy bajo (1 - 2 mts),10,Chico,-68.8563312084,-32.8769525693,6,Residencial Norte,2694682.37982,0
27724,Morera,01/11/2011 11:07,Alto (> 8 mts),140,Grande,-68.8376357067,-32.8953071126,2,Barrio Civico,2366816.36021,1
4123,Prunas,28/09/2011 10:48,Bajo (2 - 4 mts),30,Mediano,-68.8245442849,-32.8749158302,4,Cuarta Este Área Fundacional,1822015.85685,0
27238,Platano,26/10/2011 09:53,Alto (> 8 mts),195,Grande,-68.836293775,-32.8897071665,3,Parque O'Higgins,1531146.02653,0
1467,Fresno americano,25/11/2011 11:07,Bajo (2 - 4 mts),30,Mediano,-68.8714374751,-32.8765220014,7,Residencial Parque,1786336.08966,0
20729,Morera,31/05/2011 10:25,Medio (4 - 8 mts),138,Grande,-68.8633242846,-32.8976398457,5,Residencial Sur,2423808.92355,0
8068,Morera,02/03/2011 13:15,Alto (> 8 mts),83,Grande,-68.8403847669,-32.8894881555,3,Parque O'Higgins,1531146.02653,0
4307,Tilo,22/07/2011 08:56,Alto (> 8 mts),102,Grande,-68.8441977866,-32.8705558101,4,Cuarta Oeste,1173332.70145,0
17927,Morera,03/08/2011 14:07,Alto (> 8 mts),135,Grande,-68.8371843985,-32.8664170005,4,Cuarta Oeste,1173332.70145,0
44225,Platano,13/10/2011 12:42,Alto (> 8 mts),170,Grande,-68.8343972586,-32.8835918778,3,Parque O'Higgins,1531146.02653,0
41367,Platano,19/04/2011 09:28,Alto (> 8 mts),172,Grande,-68.8422146398,-32.8832049781,1,Parque Central,1655357.93265,0
16258,Fresno americano,21/07/2011 09:55,Bajo (2 - 4 mts),15,Chico,-68.843107702,-32.8647312877,4,Cuarta Oeste,1173332.70145,0
25424,Perenne,14/02/2011 09:43,Alto (> 8 mts),106,Grande,-68.8365552729,-32.9005986269,2,Barrio Civico,2366816.36021,1
35123,Fresno europeo,28/03/2011 10:33,Alto (> 8 mts),130,Grande,-68.8518511768,-32.8802782282,1,Parque Central,1655357.93265,0
28461,Morera,28/02/2011 08:49,Alto (> 8 mts),200,Grande,-68.8472404884,-32.8901487372,2,Barrio Civico,2366816.36021,0
28902,Fresno americano,01/03/2011 11:44,Medio (4 - 8 mts),122,Grande,-68.8472791696,-32.8879760681,2,Barrio Civico,2366816.36021,0
9512,Olmo comun,03/02/2011 12:00,Medio (4 - 8 mts),80,Grande,-68.8528889003,-32.8648202801,6,Residencial Norte,2694682.37982,0
37318,Morera,16/03/2011 13:44,Alto (> 8 mts),180,Grande,-68.8581423126,-32.8746401083,6,Residencial Norte,2694682.37982,0
9514,Morera,03/02/2011 10:22,Bajo (2 - 4 mts),80,Grande,-68.8529201884,-32.864409684,6,Residencial Norte,2694682.37982,0
13296,Acer,23/02/2011 10:07,Alto (> 8 mts),172,Grande,-68.8483345222,-32.865133115,6,Residencial Norte,2694682.37982,0
19083,Paraiso,29/07/2011 10:56,Muy bajo (1 - 2 mts),42,Mediano,-68.8436258121,-32.8714187239,4,Cuarta Oeste,1173332.70145,0
42674,Morera,23/09/2011 12:10,Muy bajo (1 - 2 mts),6,Chico,-68.8307346781,-32.8767850557,4,Cuarta Este Área Fundacional,1822015.85685,0
11951,Morera,12/05/2010 10:54,Medio (4 - 8 mts),95,Grande,-68.8517321466,-32.8670845895,6,Residencial Norte,2694682.37982,0
38163,Paraiso,20/10/2010 12:55,Medio (4 - 8 mts),67,Grande,-68.8461652183,-32.8711114192,6,Residencial Norte,2694682.37982,0
13309,Morera,25/02/2011 09:17,Alto (> 8 mts),220,Grande,-68.8476823168,-32.8654490115,6,Residencial Norte,2694682.37982,0
28807,Morera,27/04/2011 11:36,Alto (> 8 mts),160,Grande,-68.8483583295,-32.8855392735,1,Parque Central,1655357.93265,1
11673,Paraiso,26/01/2011 13:26,Alto (> 8 mts),140,Grande,-68.8494000241,-32.8681740556,6,Residencial Norte,2694682.37982,0
43622,Platano,12/10/2011 15:07,Alto (> 8 mts),180,Grande,-68.8337840657,-32.8836032146,3,Parque O'Higgins,1531146.02653,0
33755,Morera,12/05/2011 11:20,Medio (4 - 8 mts),50,Mediano,-68.8577348301,-32.8860408342,5,Residencial Sur,2423808.92355,1
24266,Morera,19/01/2011 13:48,Alto (> 8 mts),170,Grande,-68.8445754797,-32.9005164402,2,Barrio Civico,2366816.36021,0
32503,Morera,27/05/2011 10:12,Alto (> 8 mts),156,Grande,-68.852792542,-32.8882782539,5,Residencial Sur,2423808.92355,0
30381,Fresno americano,02/03/2011 13:30,Alto (> 8 mts),180,Grande,-68.8397464757,-32.8894995409,3,Parque O'Higgins,1531146.02653,0
46409,Fresno americano,19/08/2011 09:45,Medio (4 - 8 mts),110,Grande,-68.8332746161,-32.8677820184,4,Cuarta Oeste,1173332.70145,0
369,Morera,05/03/2012 12:37,Alto (> 8 mts),135,Grande,-68.8189021304,-32.867382175,4,Cuarta Este Área Fundacional,1822015.85685,0
38325,Fresno europeo,09/11/2010 10:17,Bajo (2 - 4 mts),45,Mediano,-68.8530551641,-32.8692977979,6,Residencial Norte,2694682.37982,0
26225,Fresno europeo,19/10/2011 12:14,Bajo (2 - 4 mts),37,Mediano,-68.8301789922,-32.8881196575,3,Parque O'Higgins,1531146.02653,0
601,Morera,08/03/2012 09:21,Alto (> 8 mts),160,Grande,-68.8196436984,-32.8679746839,4,Cuarta Este Área Fundacional,1822015.85685,1
46461,Morera,17/08/2011 09:15,Alto (> 8 mts),160,Grande,-68.8319048341,-32.8681051389,4,Cuarta Oeste,1173332.70145,0
13998,Aguaribay,29/11/2011 17:51,Medio (4 - 8 mts),120,Grande,-68.8781423054,-32.8649422371,8,Aeroparque,2203364.73622,0
31771,Morera,27/06/2011 11:49,Alto (> 8 mts),155,Grande,-68.8584016324,-32.8904427497,5,Residencial Sur,2423808.92355,0
15871,Acer,28/11/2011 21:02,Medio (4 - 8 mts),40,Mediano,-68.8724908521,-32.8770163468,7,Residencial Parque,1786336.08966,0
27147,Platano,27/10/2011 10:14,Alto (> 8 mts),140,Grande,-68.8378706914,-32.8896975466,3,Parque O'Higgins,1531146.02653,0
19610,Morera,11/07/2011 09:26,Alto (> 8 mts),130,Grande,-68.8370378002,-32.8717304164,4,Cuarta Oeste,1173332.70145,0
13303,Paraiso,25/02/2011 09:39,Medio (4 - 8 mts),130,Grande,-68.8476874502,-32.8657986608,6,Residencial Norte,2694682.37982,0
7822,Jacaranda,10/05/2011 13:02,Bajo (2 - 4 mts),23,Mediano,-68.8587913432,-32.8852046379,5,Residencial Sur,2423808.92355,0
32264,Acacia SP,29/06/2011 09:33,Alto (> 8 mts),140,Grande,-68.8512739709,-32.8914552188,5,Residencial Sur,2423808.92355,1
6468,Morera,30/05/2011 09:46,Alto (> 8 mts),138,Grande,-68.8539735133,-32.8889239523,5,Residencial Sur,2423808.92355,0
20797,Conifera,01/06/2011 12:49,Muy bajo (1 - 2 mts),12,Chico,-68.8630697979,-32.8966447868,5,Residencial Sur,2423808.92355,0
35736,Morera,04/03/2011 09:38,Alto (> 8 mts),160,Grande,-68.8549602107,-32.8740354801,6,Residencial Norte,2694682.37982,0
41870,Conifera,04/05/2011 11:17,Alto (> 8 mts),72,Grande,-68.8414404406,-32.8781179014,1,Parque Central,1655357.93265,0
11066,Fresno europeo,31/03/2011 12:28,Medio (4 - 8 mts),80,Grande,-68.8551449446,-32.8797746151,6,Residencial Norte,2694682.37982,0
40828,Platano,26/04/2011 17:32,Alto (> 8 mts),198,Grande,-68.8395260379,-32.8838875559,1,Parque Central,1655357.93265,0
43398,Morera,27/10/2011 16:05,Medio (4 - 8 mts),120,Grande,-68.8320270698,-32.8812270944,3,Parque O'Higgins,1531146.02653,0
22789,Platano,17/06/2011 19:12,Alto (> 8 mts),136,Grande,-68.8587773489,-32.9016927776,5,Residencial Sur,2423808.92355,0
37941,Morera,27/08/2010 10:20,Medio (4 - 8 mts),52,Mediano,-68.8484220977,-32.8741276432,6,Residencial Norte,2694682.37982,0
48089,Morera,29/09/2011 10:04,Medio (4 - 8 mts),35,Mediano,-68.826772939,-32.8677417658,4,Cuarta Este Área Fundacional,1822015.85685,0
28328,Olmo comun,11/03/2011 12:30,Alto (> 8 mts),260,Grande,-68.8481630465,-32.8886597873,5,Residencial Sur,2423808.92355,0
14242,Morera,07/12/2011 10:01,Bajo (2 - 4 mts),40,Mediano,-68.877574044,-32.866796618,8,Aeroparque,2203364.73622,0
39875,Morera,03/05/2011 12:56,Alto (> 8 mts),145,Grande,-68.8443751625,-32.8742308662,1,Parque Central,1655357.93265,0
16898,Paraiso,27/07/2011 13:49,Alto (> 8 mts),167,Grande,-68.8388089508,-32.8654196899,4,Cuarta Oeste,1173332.70145,0
44902,Acer,23/08/2011 13:37,Alto (> 8 mts),156,Grande,-68.8252999611,-32.8672235344,4,Cuarta Este Área Fundacional,1822015.85685,0
31877,Morera,29/06/2011 10:11,Alto (> 8 mts),116,Grande,-68.8602821331,-32.8900619163,5,Residencial Sur,2423808.92355,0
14432,Morera,02/12/2011 09:05,Medio (4 - 8 mts),75,Grande,-68.8781033593,-32.8683440265,8,Aeroparque,2203364.73622,0
40189,Morera,14/04/2011 12:21,Alto (> 8 mts),210,Grande,-68.84556054,-32.8831862677,1,Parque Central,1655357.93265,0
6548,Morera,23/05/2011 10:26,Alto (> 8 mts),89,Grande,-68.8567877076,-32.8911912951,5,Residencial Sur,2423808.92355,1
22584,Morera,24/06/2011 09:36,Alto (> 8 mts),62,Grande,-68.8614052623,-32.9014543185,5,Residencial Sur,2423808.92355,1
10,Morera,02/03/2012 13:10,Medio (4 - 8 mts),100,Grande,-68.8570828523,-32.8958536317,5,Residencial Sur,2423808.92355,0
26114,Morera,11/11/2011 12:37,Medio (4 - 8 mts),120,Grande,-68.8312509912,-32.8867203306,3,Parque O'Higgins,1531146.02653,0
34679,Morera,31/03/2011 09:59,Alto (> 8 mts),90,Grande,-68.8494722778,-32.8763320125,6,Residencial Norte,2694682.37982,0
9146,Acer,28/02/2011 11:16,Bajo (2 - 4 mts),25,Mediano,-68.8522182289,-32.8649354892,6,Residencial Norte,2694682.37982,0
30625,Alamo blanco,07/02/2011 13:34,Alto (> 8 mts),210,Grande,-68.8580836608,-32.8676574098,6,Residencial Norte,2694682.37982,0
40749,Morera,15/04/2011 11:45,Alto (> 8 mts),165,Grande,-68.8420285729,-32.8851153302,1,Parque Central,1655357.93265,1
12329,Morera,13/01/2011 11:38,Alto (> 8 mts),148,Grande,-68.8471193798,-32.8674587899,6,Residencial Norte,2694682.37982,0
3569,Morera,05/09/2011 09:50,Alto (> 8 mts),130,Grande,-68.8315194055,-32.8696521227,4,Cuarta Este Área Fundacional,1822015.85685,0
13567,Fresno europeo,28/01/2011 09:19,Alto (> 8 mts),150,Grande,-68.850602899,-32.8634135278,6,Residencial Norte,2694682.37982,0
3867,Fresno europeo,31/08/2011 10:51,Medio (4 - 8 mts),222,Grande,-68.8277276843,-32.8694913874,4,Cuarta Este Área Fundacional,1822015.85685,0
36095,Platano,06/04/2011 09:08,Alto (> 8 mts),180,Grande,-68.8553835043,-32.8762605373,6,Residencial Norte,2694682.37982,0
34876,Morera,29/03/2011 10:35,Medio (4 - 8 mts),66,Grande,-68.8516395351,-32.8799914193,6,Residencial Norte,2694682.37982,0
41900,Morera,18/04/2011 09:47,Alto (> 8 mts),170,Grande,-68.8423295339,-32.8787044947,1,Parque Central,1655357.93265,0
39375,Morera,30/11/2010 11:42,Bajo (2 - 4 mts),25,Mediano,-68.8565642278,-32.8726373485,6,Residencial Norte,2694682.37982,0
46281,Morera,21/09/2011 09:41,Alto (> 8 mts),150,Grande,-68.823099887,-32.874245127,4,Cuarta Este Área Fundacional,1822015.85685,0
30802,Fresno europeo,14/02/2011 11:40,Medio (4 - 8 mts),102,Grande,-68.8559908348,-32.865472861,6,Residencial Norte,2694682.37982,0
46469,Morera,17/08/2011 14:03,Alto (> 8 mts),160,Grande,-68.8315839441,-32.8683832064,4,Cuarta Este Área Fundacional,1822015.85685,0
6981,Fresno europeo,31/05/2011 11:48,Bajo (2 - 4 mts),22,Mediano,-68.861793513,-32.8957943234,5,Residencial Sur,2423808.92355,0
11470,Fresno europeo,06/01/2011 12:27,Alto (> 8 mts),63,Grande,-68.8431204602,-32.8627491493,4,Cuarta Oeste,1173332.70145,0
2607,Platano,27/10/2011 16:49,Medio (4 - 8 mts),46,Mediano,-68.8296669876,-32.8809846303,3,Parque O'Higgins,1531146.02653,1
43278,Morera,21/10/2011 17:57,Muy bajo (1 - 2 mts),5,Chico,-68.8338453286,-32.8804267461,1,Parque Central,1655357.93265,0
25700,Morera,04/02/2011 10:04,Alto (> 8 mts),92,Grande,-68.8405760116,-32.9025533615,2,Barrio Civico,2366816.36021,0
18279,Paraiso,04/08/2011 09:58,Alto (> 8 mts),155,Grande,-68.8391278355,-32.8685767408,4,Cuarta Oeste,1173332.70145,1
24973,Morera,16/02/2011 09:32,Alto (> 8 mts),111,Grande,-68.8378094251,-32.8959175608,2,Barrio Civico,2366816.36021,0
27626,Morera,07/11/2011 10:16,Medio (4 - 8 mts),145,Grande,-68.8386357052,-32.8952196374,2,Barrio Civico,2366816.36021,1
2514,Platano,21/10/2011 14:24,Alto (> 8 mts),190,Grande,-68.8354954086,-32.8885367395,3,Parque O'Higgins,1531146.02653,0
27970,Morera,31/10/2011 09:45,Alto (> 8 mts),132,Grande,-68.8359231565,-32.8931175558,3,Parque O'Higgins,1531146.02653,0
42704,Olmo comun,30/09/2011 12:10,Alto (> 8 mts),106,Grande,-68.8293674882,-32.8775984188,4,Cuarta Este Área Fundacional,1822015.85685,0
820,Aguaribay,16/12/2011 11:35,Medio (4 - 8 mts),108,Grande,-68.8824180207,-32.8670305341,8,Aeroparque,2203364.73622,0
7642,Fresno europeo,27/05/2011 13:13,Bajo (2 - 4 mts),26,Mediano,-68.8554836615,-32.8838302256,5,Residencial Sur,2423808.92355,0
29907,Morera,15/03/2011 09:17,Bajo (2 - 4 mts),11,Chico,-68.8403368516,-32.8916882041,2,Barrio Civico,2366816.36021,0
17553,Morera,28/07/2011 10:15,Bajo (2 - 4 mts),50,Mediano,-68.8403235791,-32.8670765003,4,Cuarta Oeste,1173332.70145,0
3095,Ailanthus,08/09/2011 11:21,Alto (> 8 mts),55,Mediano,-68.8292430135,-32.8713317541,4,Cuarta Este Área Fundacional,1822015.85685,1
38796,Acer,14/12/2010 09:54,Alto (> 8 mts),120,Grande,-68.8500839928,-32.8705186646,6,Residencial Norte,2694682.37982,0
7398,Morera,19/05/2011 15:54,Alto (> 8 mts),170,Grande,-68.8542279542,-32.9003544292,5,Residencial Sur,2423808.92355,1
27218,Fresno europeo,26/10/2011 09:15,Medio (4 - 8 mts),100,Grande,-68.8369751772,-32.8899473231,3,Parque O'Higgins,1531146.02653,0
22661,Fresno europeo,21/06/2011 11:01,Medio (4 - 8 mts),65,Grande,-68.8606608376,-32.9004973073,5,Residencial Sur,2423808.92355,0
875,Aguaribay,14/12/2011 11:24,Muy bajo (1 - 2 mts),12,Chico,-68.8802468004,-32.865606086,8,Aeroparque,2203364.73622,0
19327,Morera,19/07/2011 13:47,Alto (> 8 mts),150,Grande,-68.8356866299,-32.8708835812,4,Cuarta Oeste,1173332.70145,0
30219,Morera,10/03/2011 09:57,Alto (> 8 mts),140,Grande,-68.8432333698,-32.8903760098,2,Barrio Civico,2366816.36021,0
600,Morera,08/03/2012 09:22,Alto (> 8 mts),130,Grande,-68.81970164,-32.8679742119,4,Cuarta Este Área Fundacional,1822015.85685,1
16431,Paraiso,12/08/2011 10:13,Medio (4 - 8 mts),75,Grande,-68.8419632788,-32.8641559183,4,Cuarta Oeste,1173332.70145,0
40925,Acacia SP,11/04/2011 16:07,Bajo (2 - 4 mts),42,Mediano,-68.8394249957,-32.8857546504,3,Parque O'Higgins,1531146.02653,0
3427,Morera,17/08/2011 09:19,Alto (> 8 mts),110,Grande,-68.8312230613,-32.8668078601,4,Cuarta Oeste,1173332.70145,1
11257,Morera,20/01/2011 09:08,Muy bajo (1 - 2 mts),4,Chico,-68.8464741315,-32.9027315067,2,Barrio Civico,2366816.36021,0
6303,Fresno europeo,27/06/2011 11:12,Muy bajo (1 - 2 mts),5,Chico,-68.8588937476,-32.8900310597,5,Residencial Sur,2423808.92355,0
20999,Fresno europeo,22/06/2011 09:37,Medio (4 - 8 mts),90,Grande,-68.862657412,-32.9014718405,5,Residencial Sur,2423808.92355,0
38127,Paraiso,03/12/2010 14:20,Alto (> 8 mts),190,Grande,-68.8458438498,-32.8726955707,6,Residencial Norte,2694682.37982,0
31388,Morera,23/05/2011 12:52,Alto (> 8 mts),140,Grande,-68.8513845693,-32.8845261299,1,Parque Central,1655357.93265,0
46698,Morera,05/09/2011 10:16,Alto (> 8 mts),160,Grande,-68.8325034936,-32.869675147,4,Cuarta Este Área Fundacional,1822015.85685,0
36150,Fresno europeo,04/04/2011 13:32,Medio (4 - 8 mts),60,Mediano,-68.8512934206,-32.8770237141,6,Residencial Norte,2694682.37982,0
5336,Liquidambar,26/04/2011 13:13,Medio (4 - 8 mts),50,Mediano,-68.8420387986,-32.877952086,1,Parque Central,1655357.93265,0
31154,Fresno europeo,07/02/2011 13:20,Medio (4 - 8 mts),86,Grande,-68.8544102038,-32.8634816886,6,Residencial Norte,2694682.37982,0
25883,Morera,04/02/2011 13:49,Alto (> 8 mts),132,Grande,-68.8394179105,-32.9022409769,2,Barrio Civico,2366816.36021,0
47751,Morera,16/09/2011 09:33,Alto (> 8 mts),154,Grande,-68.8261256891,-32.8730810696,4,Cuarta Este Área Fundacional,1822015.85685,0
13325,Acer,22/02/2011 13:40,Medio (4 - 8 mts),120,Grande,-68.8480323975,-32.8661876865,6,Residencial Norte,2694682.37982,0
30520,Fresno americano,04/04/2011 16:07,Medio (4 - 8 mts),88,Grande,-68.8388257495,-32.8874444249,3,Parque O'Higgins,1531146.02653,0
18129,Morera,28/07/2011 09:18,Alto (> 8 mts),175,Grande,-68.8417594255,-32.8692913809,4,Cuarta Oeste,1173332.70145,0
16268,Morera,21/07/2011 09:11,Alto (> 8 mts),160,Grande,-68.842324708,-32.8646484294,4,Cuarta Oeste,1173332.70145,0
27412,Fresno europeo,19/10/2011 12:09,Alto (> 8 mts),130,Grande,-68.8350138015,-32.8886186783,3,Parque O'Higgins,1531146.02653,0
23172,Paraiso,19/01/2011 10:28,Alto (> 8 mts),88,Grande,-68.8479598164,-32.9019972889,2,Barrio Civico,2366816.36021,0
32879,Fresno europeo,10/06/2011 10:29,Medio (4 - 8 mts),100,Grande,-68.850844856,-32.8854512153,5,Residencial Sur,2423808.92355,0
36064,Platano,18/03/2011 11:49,Alto (> 8 mts),198,Grande,-68.8569873432,-32.8758255125,6,Residencial Norte,2694682.37982,0
12408,Olmo bola,21/01/2011 09:01,Alto (> 8 mts),60,Mediano,-68.8482965381,-32.8674840701,6,Residencial Norte,2694682.37982,0
47270,Morera,20/09/2011 11:35,Alto (> 8 mts),78,Grande,-68.8314031686,-32.8729672127,4,Cuarta Este Área Fundacional,1822015.85685,1
28819,Morera,28/04/2011 13:15,Alto (> 8 mts),180,Grande,-68.8473903024,-32.8850922868,1,Parque Central,1655357.93265,1
28933,Platano,28/02/2011 12:25,Alto (> 8 mts),214,Grande,-68.8476516996,-32.8869218125,1,Parque Central,1655357.93265,0
32301,Morera,29/06/2011 09:31,Medio (4 - 8 mts),45,Mediano,-68.85265312,-32.8913274948,5,Residencial Sur,2423808.92355,0
18390,Morera,02/08/2011 15:06,Alto (> 8 mts),115,Grande,-68.8390446195,-32.8692173778,4,Cuarta Oeste,1173332.70145,0
43585,Fresno americano,07/10/2011 12:09,Medio (4 - 8 mts),102,Grande,-68.8309928376,-32.8826447847,3,Parque O'Higgins,1531146.02653,1
43397,Morera,27/10/2011 16:08,Alto (> 8 mts),170,Grande,-68.8320829608,-32.8812259972,3,Parque O'Higgins,1531146.02653,0
23263,Morera,26/01/2012 13:27,Medio (4 - 8 mts),130,Grande,-68.8518364354,-32.9011992529,2,Barrio Civico,2366816.36021,1
8066,Morera,04/03/2011 13:41,Muy bajo (1 - 2 mts),8,Chico,-68.8407674428,-32.8893060977,3,Parque O'Higgins,1531146.02653,0
7135,Paraiso,15/06/2011 09:41,Bajo (2 - 4 mts),20,Chico,-68.8533157547,-32.8982650512,5,Residencial Sur,2423808.92355,0
37842,Morera,24/11/2010 12:15,Alto (> 8 mts),180,Grande,-68.8529521453,-32.8725896135,6,Residencial Norte,2694682.37982,0
32799,Morera,14/07/2011 09:39,Alto (> 8 mts),138,Grande,-68.8522887457,-32.8851264262,5,Residencial Sur,2423808.92355,0
45304,Fresno americano,09/09/2011 12:57,Medio (4 - 8 mts),58,Mediano,-68.823516945,-32.8721482849,4,Cuarta Este Área Fundacional,1822015.85685,0
20913,Morera,24/05/2011 13:24,Muy bajo (1 - 2 mts),15,Chico,-68.8616278074,-32.8946443659,5,Residencial Sur,2423808.92355,0
45287,Fresno europeo,16/09/2011 09:42,Medio (4 - 8 mts),125,Grande,-68.8245396087,-32.8716513836,4,Cuarta Este Área Fundacional,1822015.85685,0
13768,Morera,27/01/2011 11:17,Medio (4 - 8 mts),100,Grande,-68.8503980478,-32.8644150567,6,Residencial Norte,2694682.37982,0
7615,Morera,07/06/2011 09:31,Bajo (2 - 4 mts),30,Mediano,-68.8598164941,-32.8834605714,7,Residencial Parque,1786336.08966,0
42803,Fresno europeo,07/10/2011 17:33,Alto (> 8 mts),210,Grande,-68.8317414043,-32.8776758441,4,Cuarta Este Área Fundacional,1822015.85685,0
37772,Fresno europeo,25/01/2012 08:45,Alto (> 8 mts),168,Grande,-68.8492741285,-32.8725097677,6,Residencial Norte,2694682.37982,0
33312,Fresno europeo,24/06/2011 10:33,Alto (> 8 mts),93,Grande,-68.8577845788,-32.8904887571,5,Residencial Sur,2423808.92355,1
45763,Morera,24/08/2011 10:36,Alto (> 8 mts),280,Grande,-68.8205126842,-32.8699210006,4,Cuarta Este Área Fundacional,1822015.85685,0
28591,Morera,22/02/2011 09:22,Alto (> 8 mts),230,Grande,-68.8494631195,-32.8900189469,5,Residencial Sur,2423808.92355,0
2189,Fresno europeo,04/11/2011 16:53,Alto (> 8 mts),150,Grande,-68.8327189307,-32.8865983751,3,Parque O'Higgins,1531146.02653,0
4652,Fresno americano,12/08/2011 09:52,Medio (4 - 8 mts),60,Mediano,-68.8352679627,-32.86387172,4,Cuarta Oeste,1173332.70145,0
23759,Fresno americano,25/01/2011 10:25,Alto (> 8 mts),81,Grande,-68.8492592066,-32.8998460763,2,Barrio Civico,2366816.36021,0
35830,Fresno europeo,03/03/2011 13:09,Medio (4 - 8 mts),85,Grande,-68.8543564657,-32.873395207,6,Residencial Norte,2694682.37982,0
45954,Morera,24/08/2011 13:43,Alto (> 8 mts),165,Grande,-68.8190562204,-32.8699782338,4,Cuarta Este Área Fundacional,1822015.85685,0
40310,Palo borracho,11/04/2011 12:18,Bajo (2 - 4 mts),30,Mediano,-68.8460299926,-32.8804802102,1,Parque Central,1655357.93265,0
14285,Fresno europeo,06/12/2011 10:31,Medio (4 - 8 mts),130,Grande,-68.8774673622,-32.8686892783,8,Aeroparque,2203364.73622,0
3701,Paraiso,24/08/2011 11:40,Medio (4 - 8 mts),86,Grande,-68.8243518975,-32.8700239656,4,Cuarta Este Área Fundacional,1822015.85685,0
35659,Morera,17/03/2011 11:55,Medio (4 - 8 mts),140,Grande,-68.8563433901,-32.8748563554,6,Residencial Norte,2694682.37982,0
43987,Fresno americano,17/10/2011 08:56,Alto (> 8 mts),155,Grande,-68.8335968287,-32.886001803,3,Parque O'Higgins,1531146.02653,0
5780,Braquiquito,05/05/2011 12:00,Medio (4 - 8 mts),35,Mediano,-68.8410411524,-32.8770776269,1,Parque Central,1655357.93265,0
15398,Paraiso,15/11/2011 13:14,Medio (4 - 8 mts),35,Mediano,-68.86080315,-32.8699985276,7,Residencial Parque,1786336.08966,0
40450,Morera,11/04/2011 10:38,Medio (4 - 8 mts),66,Grande,-68.8453377295,-32.882883479,1,Parque Central,1655357.93265,0
12703,Morera,20/01/2011 09:22,Alto (> 8 mts),160,Grande,-68.8475234114,-32.8634243821,4,Cuarta Oeste,1173332.70145,0
45435,Morera,09/09/2011 09:16,Alto (> 8 mts),240,Grande,-68.8255485995,-32.8732581901,4,Cuarta Este Área Fundacional,1822015.85685,0
37621,Morera,13/12/2010 11:35,Alto (> 8 mts),170,Grande,-68.8505000452,-32.8721805839,6,Residencial Norte,2694682.37982,0
47852,Morera,21/09/2011 09:15,Alto (> 8 mts),106,Grande,-68.8289144351,-32.8731352293,4,Cuarta Este Área Fundacional,1822015.85685,0
23277,Morera,24/01/2012 08:56,Medio (4 - 8 mts),130,Grande,-68.8526933251,-32.9013475168,2,Barrio Civico,2366816.36021,0
47477,Fresno americano,20/09/2011 11:05,Alto (> 8 mts),86,Grande,-68.8293868183,-32.8753171613,4,Cuarta Este Área Fundacional,1822015.85685,0
35540,Platano,16/06/2011 14:45,Medio (4 - 8 mts),120,Grande,-68.8568332126,-32.8822152761,7,Residencial Parque,1786336.08966,0
41384,Morera,19/04/2011 10:09,Alto (> 8 mts),158,Grande,-68.8413095193,-32.88238662,1,Parque Central,1655357.93265,0
37579,Fresno europeo,17/11/2010 10:33,Alto (> 8 mts),90,Grande,-68.8577312457,-32.8698216181,6,Residencial Norte,2694682.37982,0
13253,Paraiso,22/02/2011 13:20,Alto (> 8 mts),140,Grande,-68.8470947393,-32.8659258306,6,Residencial Norte,2694682.37982,0
31117,Fresno europeo,08/02/2011 09:22,Bajo (2 - 4 mts),60,Mediano,-68.8543729018,-32.8644515864,6,Residencial Norte,2694682.37982,0
31851,Ailanthus,30/06/2011 09:25,Alto (> 8 mts),160,Grande,-68.8616646797,-32.8892807847,5,Residencial Sur,2423808.92355,0
45590,Fresno europeo,01/09/2011 10:08,Alto (> 8 mts),185,Grande,-68.8206946808,-32.8703265369,4,Cuarta Este Área Fundacional,1822015.85685,0
16119,Morera,18/07/2011 12:40,Alto (> 8 mts),180,Grande,-68.8447094945,-32.8731937963,6,Residencial Norte,2694682.37982,1
32812,Morera,14/07/2011 09:08,Alto (> 8 mts),107,Grande,-68.8530521739,-32.8853386822,5,Residencial Sur,2423808.92355,0
47359,Morera,23/09/2011 08:54,Medio (4 - 8 mts),150,Grande,-68.8278175932,-32.8745173731,4,Cuarta Este Área Fundacional,1822015.85685,1
30766,Fresno europeo,03/02/2011 13:08,Alto (> 8 mts),60,Mediano,-68.8554662928,-32.8684154338,6,Residencial Norte,2694682.37982,0
14629,Liquidambar,13/12/2011 10:51,Medio (4 - 8 mts),40,Mediano,-68.8792503444,-32.8661542211,8,Aeroparque,2203364.73622,0
3716,Morera,26/08/2011 11:49,Alto (> 8 mts),140,Grande,-68.8219101737,-32.8695561797,4,Cuarta Este Área Fundacional,1822015.85685,0
26481,Olmo comun,09/11/2011 09:37,Medio (4 - 8 mts),80,Grande,-68.8317268945,-32.8918568258,3,Parque O'Higgins,1531146.02653,0
39541,Paraiso,01/11/2010 10:13,Alto (> 8 mts),150,Grande,-68.8489872972,-32.8692486207,6,Residencial Norte,2694682.37982,0
37310,Ailanthus,17/03/2011 10:29,Alto (> 8 mts),190,Grande,-68.8588408803,-32.8754785722,7,Residencial Parque,1786336.08966,0
20356,Morera,26/05/2011 09:51,Alto (> 8 mts),108,Grande,-68.8605982667,-32.8938131255,5,Residencial Sur,2423808.92355,1
4454,Morera,02/08/2011 09:48,Alto (> 8 mts),138,Grande,-68.8387510962,-32.8680569716,4,Cuarta Oeste,1173332.70145,0
21589,Fresno europeo,12/05/2011 10:21,Alto (> 8 mts),114,Grande,-68.8544737979,-32.8936043227,5,Residencial Sur,2423808.92355,0
30424,Platano,21/02/2011 12:21,Alto (> 8 mts),180,Grande,-68.8416914276,-32.8888544827,3,Parque O'Higgins,1531146.02653,0
43761,Platano,17/10/2011 08:13,Alto (> 8 mts),180,Grande,-68.833792478,-32.8817677904,3,Parque O'Higgins,1531146.02653,0
47092,Platano,23/09/2011 10:42,Alto (> 8 mts),250,Grande,-68.8342315208,-32.8727358148,4,Cuarta Este Área Fundacional,1822015.85685,0
13434,Morera,02/02/2011 12:21,Medio (4 - 8 mts),184,Grande,-68.8527702109,-32.8644956934,6,Residencial Norte,2694682.37982,0
39063,Paraiso,22/12/2010 10:35,Alto (> 8 mts),130,Grande,-68.8532524586,-32.8706076813,6,Residencial Norte,2694682.37982,0
6881,Jacaranda,07/06/2011 10:12,Alto (> 8 mts),40,Mediano,-68.8589903437,-32.8950322035,5,Residencial Sur,2423808.92355,1
24063,Morera,21/01/2011 09:02,Alto (> 8 mts),130,Grande,-68.8463057758,-32.900612976,2,Barrio Civico,2366816.36021,1
14663,Aguaribay,15/12/2011 17:33,Bajo (2 - 4 mts),80,Grande,-68.882158685,-32.8672200744,8,Aeroparque,2203364.73622,0
47394,Perenne,21/09/2011 11:21,Muy bajo (1 - 2 mts),25,Mediano,-68.8285403331,-32.8754169936,4,Cuarta Este Área Fundacional,1822015.85685,0
22523,Fresno europeo,17/06/2011 09:57,Medio (4 - 8 mts),55,Mediano,-68.8606652891,-32.8994045852,5,Residencial Sur,2423808.92355,0
13115,Morera,18/02/2011 09:11,Alto (> 8 mts),200,Grande,-68.8454745148,-32.8657009724,4,Cuarta Oeste,1173332.70145,0
18250,Fresno europeo,29/07/2011 09:38,Alto (> 8 mts),140,Grande,-68.8394917878,-32.8678216919,4,Cuarta Oeste,1173332.70145,1
48252,Morera,02/09/2011 10:21,Medio (4 - 8 mts),124,Grande,-68.8303662016,-32.8699573828,4,Cuarta Este Área Fundacional,1822015.85685,0
30855,Fresno europeo,15/02/2011 12:38,Alto (> 8 mts),145,Grande,-68.8549807548,-32.8657718144,6,Residencial Norte,2694682.37982,0
37338,Olmo bola,17/03/2011 09:41,Alto (> 8 mts),51,Mediano,-68.8575858944,-32.8755259313,6,Residencial Norte,2694682.37982,0
32764,Morera,17/05/2011 09:06,Medio (4 - 8 mts),140,Grande,-68.8528489393,-32.8859689967,5,Residencial Sur,2423808.92355,0
7388,Caducifolio,22/06/2011 11:13,Medio (4 - 8 mts),74,Grande,-68.8635295714,-32.9004678039,5,Residencial Sur,2423808.92355,0
27783,Fresno americano,03/11/2011 10:25,Medio (4 - 8 mts),45,Mediano,-68.835142087,-32.8944220217,3,Parque O'Higgins,1531146.02653,0
1192,Morera,29/11/2011 09:45,Bajo (2 - 4 mts),20,Chico,-68.8763187393,-32.8656122244,8,Aeroparque,2203364.73622,0
10742,Morera,05/04/2011 12:11,Bajo (2 - 4 mts),70,Grande,-68.8566060613,-32.8760285919,6,Residencial Norte,2694682.37982,0
32738,Morera,17/05/2011 12:40,Medio (4 - 8 mts),120,Grande,-68.8529198981,-32.8869402928,5,Residencial Sur,2423808.92355,0
36817,Platano,07/04/2011 12:28,Alto (> 8 mts),175,Grande,-68.8578010183,-32.8805907639,7,Residencial Parque,1786336.08966,0
16375,Morera,12/08/2011 13:30,Medio (4 - 8 mts),40,Mediano,-68.8419782736,-32.8628698492,4,Cuarta Oeste,1173332.70145,0
44825,Conifera,24/08/2011 11:51,Medio (4 - 8 mts),47,Mediano,-68.8243065073,-32.8696169899,4,Cuarta Este Área Fundacional,1822015.85685,1
31416,Fresno europeo,23/05/2011 09:58,Bajo (2 - 4 mts),40,Mediano,-68.8503124172,-32.8844334431,1,Parque Central,1655357.93265,0
47594,Morera,15/09/2011 10:18,Alto (> 8 mts),120,Grande,-68.8297406271,-32.8719011263,4,Cuarta Este Área Fundacional,1822015.85685,1
3765,Fresno americano,29/08/2011 09:46,Medio (4 - 8 mts),25,Mediano,-68.8187431166,-32.8696519192,4,Cuarta Este Área Fundacional,1822015.85685,0
36422,Paraiso,18/03/2011 13:02,Alto (> 8 mts),110,Grande,-68.8533141955,-32.8794455257,6,Residencial Norte,2694682.37982,0
35841,Morera,03/03/2011 12:37,Alto (> 8 mts),120,Grande,-68.854498546,-32.8740702002,6,Residencial Norte,2694682.37982,0
43312,Platano,05/10/2011 13:48,Alto (> 8 mts),158,Grande,-68.8336388422,-32.8788979291,1,Parque Central,1655357.93265,0
28194,Fresno europeo,14/03/2011 17:50,Alto (> 8 mts),132,Grande,-68.8469168477,-32.8933388861,2,Barrio Civico,2366816.36021,0
1357,Paraiso sombrilla,30/11/2011 10:55,Bajo (2 - 4 mts),35,Mediano,-68.8771924676,-32.8649544524,8,Aeroparque,2203364.73622,0
1694,Acer,24/11/2011 12:36,Medio (4 - 8 mts),60,Mediano,-68.8719927011,-32.8781162903,7,Residencial Parque,1786336.08966,0
39204,Fresno europeo,26/11/2010 11:50,Muy bajo (1 - 2 mts),4,Chico,-68.8546003129,-32.8722860642,6,Residencial Norte,2694682.37982,0
38089,Fresno europeo,06/12/2010 11:31,Medio (4 - 8 mts),80,Grande,-68.8475656208,-32.8727208542,6,Residencial Norte,2694682.37982,0
11016,Fresno americano,07/04/2011 15:17,Medio (4 - 8 mts),43,Mediano,-68.8591902144,-32.8812260175,7,Residencial Parque,1786336.08966,0
19286,Morera,13/07/2011 21:09,Alto (> 8 mts),220,Grande,-68.8360706271,-32.8698708142,4,Cuarta Oeste,1173332.70145,0
31890,Prunas,01/06/2011 13:30,Bajo (2 - 4 mts),44,Mediano,-68.858738933,-32.8845831322,5,Residencial Sur,2423808.92355,0
22508,Olmo comun,21/06/2011 10:29,Alto (> 8 mts),180,Grande,-68.8597939465,-32.9002101733,5,Residencial Sur,2423808.92355,0
37230,Paraiso,11/03/2011 13:08,Alto (> 8 mts),130,Grande,-68.8575101076,-32.8731376182,6,Residencial Norte,2694682.37982,0
20058,Morera,09/08/2011 10:00,Alto (> 8 mts),150,Grande,-68.8340743219,-32.8651435091,4,Cuarta Oeste,1173332.70145,1
42870,Morera,03/10/2011 10:50,Medio (4 - 8 mts),64,Grande,-68.8322959362,-32.8770840862,4,Cuarta Este Área Fundacional,1822015.85685,0
47818,Morera,23/09/2011 14:32,Alto (> 8 mts),180,Grande,-68.8261843181,-32.873700344,4,Cuarta Este Área Fundacional,1822015.85685,0
46238,Morera,28/09/2011 10:00,Alto (> 8 mts),180,Grande,-68.8254284194,-32.8758870529,4,Cuarta Este Área Fundacional,1822015.85685,0
40744,Morera,15/04/2011 11:57,Alto (> 8 mts),190,Grande,-68.8418915101,-32.8846071435,1,Parque Central,1655357.93265,0
36143,Fresno europeo,01/04/2011 14:09,Muy bajo (1 - 2 mts),3,Chico,-68.8511890543,-32.8777584476,6,Residencial Norte,2694682.37982,0
34427,Fresno europeo,10/03/2011 08:54,Medio (4 - 8 mts),140,Grande,-68.8509852591,-32.8739682304,6,Residencial Norte,2694682.37982,0
24206,Fresno americano,26/01/2011 10:40,Medio (4 - 8 mts),80,Grande,-68.8450448432,-32.9016583719,2,Barrio Civico,2366816.36021,0
35784,Morera,18/03/2011 11:36,Alto (> 8 mts),180,Grande,-68.8543930211,-32.8752182944,6,Residencial Norte,2694682.37982,0
25491,Platano,08/02/2011 09:11,Alto (> 8 mts),236,Grande,-68.8419451005,-32.9008298064,2,Barrio Civico,2366816.36021,1
32003,Morera,03/06/2011 11:23,Alto (> 8 mts),174,Grande,-68.8586180686,-32.887194166,5,Residencial Sur,2423808.92355,0
27941,Fresno europeo,03/11/2011 11:05,Alto (> 8 mts),122,Grande,-68.8375792789,-32.893313401,3,Parque O'Higgins,1531146.02653,0
18671,Morera,05/07/2011 09:57,Alto (> 8 mts),117,Grande,-68.8364671515,-32.8745595476,4,Cuarta Oeste,1173332.70145,0
43292,Fresno europeo,07/10/2011 11:46,Alto (> 8 mts),250,Grande,-68.8328781924,-32.8799362893,3,Parque O'Higgins,1531146.02653,0
25885,Ailanthus,04/02/2011 12:39,Bajo (2 - 4 mts),18,Chico,-68.8392849654,-32.9023803895,2,Barrio Civico,2366816.36021,0
7825,Alamo criollo,09/05/2011 11:13,Alto (> 8 mts),150,Grande,-68.8605693784,-32.8845299892,5,Residencial Sur,2423808.92355,0
41579,Platano,04/05/2011 11:39,Alto (> 8 mts),67,Grande,-68.8412555694,-32.8778538171,1,Parque Central,1655357.93265,0
13785,Fresno europeo,26/01/2011 12:03,Muy bajo (1 - 2 mts),6,Chico,-68.8496173289,-32.8643092291,6,Residencial Norte,2694682.37982,0
15341,Paraiso,16/11/2011 13:01,Alto (> 8 mts),140,Grande,-68.860015438,-32.8700324008,6,Residencial Norte,2694682.37982,0
5009,Fresno europeo,21/07/2011 09:27,Medio (4 - 8 mts),80,Grande,-68.8409606375,-32.8627834145,4,Cuarta Oeste,1173332.70145,0
11528,Fresno europeo,23/02/2011 09:27,Medio (4 - 8 mts),43,Mediano,-68.8532368748,-32.8661541004,6,Residencial Norte,2694682.37982,0
34812,Morera,30/03/2011 13:37,Alto (> 8 mts),158,Grande,-68.8517381101,-32.8758331083,6,Residencial Norte,2694682.37982,0
19022,Morera,12/07/2011 10:14,Alto (> 8 mts),150,Grande,-68.8397905054,-32.8713533598,4,Cuarta Oeste,1173332.70145,0
11195,Tilo,27/01/2011 07:37,Bajo (2 - 4 mts),27,Mediano,-68.8446105398,-32.9019997663,2,Barrio Civico,2366816.36021,0
39803,Platano,05/05/2011 09:15,Alto (> 8 mts),160,Grande,-68.8476956059,-32.8845121422,1,Parque Central,1655357.93265,0
46870,Morera,09/09/2011 11:16,Alto (> 8 mts),150,Grande,-68.8333987409,-32.8711225698,4,Cuarta Este Área Fundacional,1822015.85685,0
16177,Morera,18/07/2011 09:23,Alto (> 8 mts),182,Grande,-68.8437218685,-32.8683726163,4,Cuarta Oeste,1173332.70145,1
25438,Morera,11/02/2011 09:48,Alto (> 8 mts),185,Grande,-68.8370743025,-32.8996682192,2,Barrio Civico,2366816.36021,0
24890,Morera,17/02/2011 09:07,Alto (> 8 mts),147,Grande,-68.8387964056,-32.8974364236,2,Barrio Civico,2366816.36021,0
39830,Morera,02/05/2011 11:39,Alto (> 8 mts),182,Grande,-68.8452769982,-32.8771254332,1,Parque Central,1655357.93265,0
42299,Morera,03/05/2011 11:42,Alto (> 8 mts),120,Grande,-68.8426953797,-32.8728584645,4,Cuarta Oeste,1173332.70145,0
5706,Morera,04/05/2011 13:54,Bajo (2 - 4 mts),7,Chico,-68.8413704381,-32.8787601167,1,Parque Central,1655357.93265,0
38294,Morera,01/12/2010 12:28,Alto (> 8 mts),95,Grande,-68.8467106534,-32.8711938724,6,Residencial Norte,2694682.37982,0
10508,Fresno europeo,10/03/2011 12:35,Bajo (2 - 4 mts),50,Mediano,-68.84908552,-32.874722236,6,Residencial Norte,2694682.37982,0
11356,Caducifolio,25/01/2011 10:09,Medio (4 - 8 mts),40,Mediano,-68.8485940034,-32.9005892905,2,Barrio Civico,2366816.36021,0
41984,Platano,25/04/2011 12:13,Alto (> 8 mts),176,Grande,-68.8367087641,-32.8799133963,1,Parque Central,1655357.93265,0
28494,Morera,25/02/2011 10:07,Alto (> 8 mts),170,Grande,-68.8478030568,-32.8891913929,2,Barrio Civico,2366816.36021,0
37189,Morera,01/04/2011 11:34,Alto (> 8 mts),160,Grande,-68.8583274438,-32.878364764,7,Residencial Parque,1786336.08966,0
41248,Platano,14/04/2011 13:50,Alto (> 8 mts),210,Grande,-68.8395140467,-32.8811131228,1,Parque Central,1655357.93265,0
37862,Morera,24/11/2010 12:23,Alto (> 8 mts),160,Grande,-68.8528345896,-32.8733122733,6,Residencial Norte,2694682.37982,0
30877,Prunas,15/02/2011 13:07,Bajo (2 - 4 mts),31,Mediano,-68.8554400692,-32.8654850596,6,Residencial Norte,2694682.37982,0
13693,Morera,18/02/2011 12:29,Medio (4 - 8 mts),55,Mediano,-68.8530094167,-32.8650281508,6,Residencial Norte,2694682.37982,0
7746,Fresno americano,18/05/2011 11:58,Medio (4 - 8 mts),100,Grande,-68.8516921893,-32.887144986,5,Residencial Sur,2423808.92355,0
12631,Morera,14/01/2011 13:46,Alto (> 8 mts),160,Grande,-68.8460474509,-32.8626505808,4,Cuarta Oeste,1173332.70145,0
9959,Paraiso,11/11/2010 13:53,Alto (> 8 mts),95,Grande,-68.8555044962,-32.869284241,6,Residencial Norte,2694682.37982,0
31897,Morera,01/06/2011 13:51,Medio (4 - 8 mts),160,Grande,-68.8586872901,-32.8839870479,5,Residencial Sur,2423808.92355,0
33336,Morera,23/05/2011 09:54,Alto (> 8 mts),63,Grande,-68.8574477056,-32.8912813329,5,Residencial Sur,2423808.92355,1
14565,Aguaribay,14/12/2011 11:11,Medio (4 - 8 mts),150,Grande,-68.8787853488,-32.8670917042,8,Aeroparque,2203364.73622,0
41814,Paraiso,26/04/2011 10:19,Medio (4 - 8 mts),80,Grande,-68.8428151461,-32.8784375736,1,Parque Central,1655357.93265,1
20154,Fresno europeo,13/05/2011 10:17,Alto (> 8 mts),106,Grande,-68.8590214249,-32.8917144375,5,Residencial Sur,2423808.92355,0
9601,Fresno europeo,28/01/2011 09:43,Alto (> 8 mts),140,Grande,-68.8505812854,-32.8636701254,6,Residencial Norte,2694682.37982,0
12213,Paraiso,18/01/2011 14:08,Alto (> 8 mts),83,Grande,-68.8466149783,-32.868280299,6,Residencial Norte,2694682.37982,0
8165,Morera,04/03/2011 10:15,Alto (> 8 mts),50,Mediano,-68.8449357059,-32.8917523487,2,Barrio Civico,2366816.36021,0
18260,Ligustro,08/08/2011 09:42,Bajo (2 - 4 mts),50,Mediano,-68.8391288965,-32.8690956673,4,Cuarta Oeste,1173332.70145,0
6761,Acer,17/05/2011 11:29,Bajo (2 - 4 mts),20,Chico,-68.8611380199,-32.8933516165,5,Residencial Sur,2423808.92355,0
26362,Morera,21/10/2011 10:17,Alto (> 8 mts),200,Grande,-68.8341880022,-32.8883625427,3,Parque O'Higgins,1531146.02653,0
16543,Fresno americano,19/07/2011 10:34,Medio (4 - 8 mts),146,Grande,-68.8405693121,-32.8649629188,4,Cuarta Oeste,1173332.70145,0
23215,Tilo,24/01/2011 10:02,Medio (4 - 8 mts),48,Mediano,-68.8510997341,-32.9014875552,2,Barrio Civico,2366816.36021,0
47431,Morera,26/09/2011 09:28,Medio (4 - 8 mts),110,Grande,-68.8273681109,-32.8743244224,4,Cuarta Este Área Fundacional,1822015.85685,0
33988,Fresno europeo,26/05/2011 12:33,Bajo (2 - 4 mts),100,Grande,-68.8535330626,-32.8839179085,5,Residencial Sur,2423808.92355,0
20525,Morera,03/06/2011 09:51,Alto (> 8 mts),118,Grande,-68.8594237804,-32.8979912321,5,Residencial Sur,2423808.92355,0
25292,Morera,08/02/2011 08:53,Alto (> 8 mts),134,Grande,-68.8373402349,-32.8986134979,2,Barrio Civico,2366816.36021,0
36923,Morera,07/04/2011 16:13,Alto (> 8 mts),145,Grande,-68.8586741862,-32.8796534958,7,Residencial Parque,1786336.08966,0
12596,Tilo,14/01/2011 12:51,Bajo (2 - 4 mts),38,Mediano,-68.8453689453,-32.8633413589,4,Cuarta Oeste,1173332.70145,0
691,Fresno europeo,19/07/2011 12:08,Alto (> 8 mts),75,Grande,-68.8410491626,-32.8633084083,4,Cuarta Oeste,1173332.70145,0
6302,Morera,27/06/2011 11:40,Alto (> 8 mts),100,Grande,-68.8588901551,-32.8903024261,5,Residencial Sur,2423808.92355,0
38802,Morera,14/12/2010 10:07,Alto (> 8 mts),190,Grande,-68.850290853,-32.8707045306,6,Residencial Norte,2694682.37982,0
20252,Fresno europeo,26/05/2011 08:58,Bajo (2 - 4 mts),42,Mediano,-68.859067648,-32.8947076007,5,Residencial Sur,2423808.92355,0
27289,Fresno europeo,31/10/2011 08:53,Alto (> 8 mts),115,Grande,-68.834475624,-32.8887428451,3,Parque O'Higgins,1531146.02653,0
43063,Paraiso,03/10/2011 09:58,Bajo (2 - 4 mts),25,Mediano,-68.8322239881,-32.8785764721,4,Cuarta Este Área Fundacional,1822015.85685,0
13689,Morera,23/02/2011 12:24,Alto (> 8 mts),110,Grande,-68.8526570049,-32.8657383685,6,Residencial Norte,2694682.37982,0
12422,Paraiso,24/01/2011 09:40,Alto (> 8 mts),130,Grande,-68.8484754651,-32.8666039622,6,Residencial Norte,2694682.37982,0
22739,Morera,12/05/2011 10:54,Alto (> 8 mts),104,Grande,-68.8542022863,-32.9012112024,5,Residencial Sur,2423808.92355,0
45453,Paraiso,16/09/2011 11:08,Alto (> 8 mts),140,Grande,-68.8223416461,-32.8713066782,4,Cuarta Este Área Fundacional,1822015.85685,0
3162,Morera,20/09/2011 10:33,Medio (4 - 8 mts),210,Grande,-68.8351111307,-32.8746573198,4,Cuarta Este Área Fundacional,1822015.85685,0
35339,Morera,22/06/2011 15:36,Medio (4 - 8 mts),120,Grande,-68.8543933443,-32.8835825816,5,Residencial Sur,2423808.92355,0
25287,Morera,08/02/2011 09:09,Alto (> 8 mts),138,Grande,-68.8374266618,-32.8989223742,2,Barrio Civico,2366816.36021,0
27098,Morera,27/10/2011 09:26,Alto (> 8 mts),185,Grande,-68.8370693255,-32.889367027,3,Parque O'Higgins,1531146.02653,1
5636,Platano,02/05/2011 13:50,Medio (4 - 8 mts),35,Mediano,-68.8387130831,-32.8769330591,1,Parque Central,1655357.93265,0
28821,Morera,28/04/2011 13:06,Alto (> 8 mts),180,Grande,-68.847339688,-32.8849047082,1,Parque Central,1655357.93265,0
6917,Morera,10/06/2011 10:50,Medio (4 - 8 mts),54,Mediano,-68.8536553616,-32.8962191542,5,Residencial Sur,2423808.92355,0
16380,Alamo blanco,11/08/2011 10:21,Alto (> 8 mts),320,Grande,-68.8420559568,-32.8625626495,4,Cuarta Oeste,1173332.70145,0
17500,Morera,28/07/2011 14:55,Alto (> 8 mts),125,Grande,-68.8388283876,-32.8663973948,4,Cuarta Oeste,1173332.70145,0
35593,Morera,17/03/2011 10:22,Alto (> 8 mts),170,Grande,-68.8571788864,-32.8745654383,6,Residencial Norte,2694682.37982,0
7536,Paraiso,14/06/2011 15:02,Bajo (2 - 4 mts),120,Grande,-68.8598529007,-32.8822262759,7,Residencial Parque,1786336.08966,0
37458,Morera,04/01/2011 11:38,Alto (> 8 mts),180,Grande,-68.8578223946,-32.8707672658,6,Residencial Norte,2694682.37982,0
26118,Morera,11/11/2011 12:26,Medio (4 - 8 mts),70,Grande,-68.8312364428,-32.8864459262,3,Parque O'Higgins,1531146.02653,0
3917,Morera,31/08/2011 10:20,Medio (4 - 8 mts),48,Mediano,-68.8231637006,-32.8706659731,4,Cuarta Este Área Fundacional,1822015.85685,0
7503,Fresno europeo,15/06/2011 15:11,Bajo (2 - 4 mts),14,Chico,-68.8569999616,-32.882261749,7,Residencial Parque,1786336.08966,0
44045,Morera,18/10/2011 12:22,Alto (> 8 mts),115,Grande,-68.832559384,-32.8859262559,3,Parque O'Higgins,1531146.02653,0
43989,Fresno europeo,17/10/2011 08:59,Alto (> 8 mts),148,Grande,-68.8333403301,-32.8860151473,3,Parque O'Higgins,1531146.02653,0
44308,Fresno europeo,12/10/2011 18:07,Alto (> 8 mts),140,Grande,-68.836250546,-32.8810172808,1,Parque Central,1655357.93265,0
34699,Morera,01/04/2011 13:53,Alto (> 8 mts),160,Grande,-68.8503735574,-32.8770640968,6,Residencial Norte,2694682.37982,0
15331,Paraiso,16/11/2011 13:17,Bajo (2 - 4 mts),30,Mediano,-68.8603296876,-32.8702514843,6,Residencial Norte,2694682.37982,0
26067,Morera,04/11/2011 18:01,Medio (4 - 8 mts),124,Grande,-68.8340777674,-32.8865755158,3,Parque O'Higgins,1531146.02653,0
5544,Fresno europeo,30/09/2011 10:55,Alto (> 8 mts),83,Grande,-68.8418167226,-32.8799944405,1,Parque Central,1655357.93265,0
16849,Paraiso,05/08/2011 14:00,Alto (> 8 mts),186,Grande,-68.8399447976,-32.8640845448,4,Cuarta Oeste,1173332.70145,0
36520,Morera,06/04/2011 10:17,Alto (> 8 mts),110,Grande,-68.8566913746,-32.8783353986,6,Residencial Norte,2694682.37982,1
11110,Ailanthus,30/03/2011 09:45,Alto (> 8 mts),66,Grande,-68.8520636251,-32.8816588282,1,Parque Central,1655357.93265,0
32356,Morera,06/05/2011 12:09,Alto (> 8 mts),85,Grande,-68.851317051,-32.8922652315,5,Residencial Sur,2423808.92355,1
26972,Fresno europeo,03/11/2011 17:41,Bajo (2 - 4 mts),38,Mediano,-68.8344134872,-32.8860708312,3,Parque O'Higgins,1531146.02653,0
25420,Fresno europeo,14/02/2011 12:22,Medio (4 - 8 mts),40,Mediano,-68.8366709669,-32.9004582948,2,Barrio Civico,2366816.36021,0
13524,Morera,01/02/2011 11:53,Alto (> 8 mts),180,Grande,-68.851923217,-32.8646730527,6,Residencial Norte,2694682.37982,0
29435,Morera,09/03/2011 18:30,Alto (> 8 mts),182,Grande,-68.8462188864,-32.8927016576,2,Barrio Civico,2366816.36021,0
36308,Morera,04/04/2011 12:10,Alto (> 8 mts),170,Grande,-68.8531832196,-32.87667414,6,Residencial Norte,2694682.37982,1
40384,Olmo comun,08/04/2011 12:58,Alto (> 8 mts),73,Grande,-68.8440418735,-32.8816584984,1,Parque Central,1655357.93265,0
37491,Morera,15/11/2010 12:22,Alto (> 8 mts),220,Grande,-68.8569169251,-32.8696974863,6,Residencial Norte,2694682.37982,1
27532,Acacia SP,27/10/2011 08:32,Medio (4 - 8 mts),100,Grande,-68.8365746465,-32.8910478818,3,Parque O'Higgins,1531146.02653,0
36846,Morera,28/03/2011 16:51,Alto (> 8 mts),92,Grande,-68.8576482724,-32.8791521631,7,Residencial Parque,1786336.08966,0
12022,Ligustro,28/04/2010 11:50,Bajo (2 - 4 mts),100,Grande,-68.8528617023,-32.8666106361,6,Residencial Norte,2694682.37982,0
45361,Olmo comun,16/09/2011 08:40,Medio (4 - 8 mts),146,Grande,-68.8234753208,-32.8732963789,4,Cuarta Este Área Fundacional,1822015.85685,0
40240,Morera,14/04/2011 11:57,Alto (> 8 mts),155,Grande,-68.8452660015,-32.8820400976,1,Parque Central,1655357.93265,0
41716,Morera,28/04/2011 09:17,Bajo (2 - 4 mts),30,Mediano,-68.8380681776,-32.8784230422,1,Parque Central,1655357.93265,0
13714,Morera,31/01/2011 11:37,Medio (4 - 8 mts),110,Grande,-68.8512704501,-32.8634472585,6,Residencial Norte,2694682.37982,0
27292,Fresno europeo,01/11/2011 09:34,Muy bajo (1 - 2 mts),3,Chico,-68.8348628037,-32.8887290526,3,Parque O'Higgins,1531146.02653,0
5001,Morera,06/07/2011 10:14,Medio (4 - 8 mts),80,Grande,-68.8351401149,-32.8633359212,4,Cuarta Oeste,1173332.70145,0
23484,Morera,24/01/2011 16:12,Medio (4 - 8 mts),82,Grande,-68.8493237205,-32.9031363396,2,Barrio Civico,2366816.36021,0
15030,Acacia SP,19/12/2011 10:04,Bajo (2 - 4 mts),40,Mediano,-68.8801813614,-32.8726597416,8,Aeroparque,2203364.73622,0
949,Prunas,10/01/2012 13:05,Bajo (2 - 4 mts),26,Mediano,-68.8473270375,-32.8731233897,6,Residencial Norte,2694682.37982,0
9657,Morera,25/01/2011 10:27,Alto (> 8 mts),124,Grande,-68.8491442718,-32.8635910922,6,Residencial Norte,2694682.37982,0
44813,Fresno europeo,26/08/2011 10:31,Alto (> 8 mts),130,Grande,-68.8230399291,-32.8697833057,4,Cuarta Este Área Fundacional,1822015.85685,0
760,Perenne,15/12/2011 08:07,Bajo (2 - 4 mts),80,Grande,-68.8804605529,-32.8670100599,8,Aeroparque,2203364.73622,0
13142,Morera,21/02/2011 09:03,Alto (> 8 mts),170,Grande,-68.8470365983,-32.8647872793,4,Cuarta Oeste,1173332.70145,1
32324,Acacia visco,24/06/2011 12:29,Alto (> 8 mts),160,Grande,-68.8514741295,-32.891001337,5,Residencial Sur,2423808.92355,0
5657,Platano,02/05/2011 11:37,Medio (4 - 8 mts),28,Mediano,-68.8397245029,-32.8760827513,1,Parque Central,1655357.93265,0
45806,Morera,01/09/2011 10:54,Medio (4 - 8 mts),128,Grande,-68.8196565616,-32.8703499774,4,Cuarta Este Área Fundacional,1822015.85685,0
36100,Fresno europeo,05/04/2011 13:54,Medio (4 - 8 mts),52,Mediano,-68.8561219779,-32.8762512917,6,Residencial Norte,2694682.37982,0
1132,Morera,01/12/2011 08:09,Alto (> 8 mts),108,Grande,-68.8759001798,-32.8670564216,8,Aeroparque,2203364.73622,0
1500,Paraiso,24/11/2011 11:20,Medio (4 - 8 mts),80,Grande,-68.8719608605,-32.8763204317,7,Residencial Parque,1786336.08966,0
5520,Morera,27/04/2011 12:19,Medio (4 - 8 mts),57,Mediano,-68.8381880475,-32.8761234331,1,Parque Central,1655357.93265,0
20336,Jacaranda,13/05/2011 11:04,Medio (4 - 8 mts),35,Mediano,-68.8614969306,-32.8915218441,5,Residencial Sur,2423808.92355,0
40640,Platano,15/04/2011 10:42,Alto (> 8 mts),210,Grande,-68.844318281,-32.8850945319,1,Parque Central,1655357.93265,0
26121,Morera,11/11/2011 12:20,Bajo (2 - 4 mts),70,Grande,-68.8311040307,-32.886221677,3,Parque O'Higgins,1531146.02653,1
39733,Paraiso,04/05/2011 12:45,Alto (> 8 mts),145,Grande,-68.8464181853,-32.8812049245,1,Parque Central,1655357.93265,0
12707,Fresno europeo,20/01/2011 09:05,Medio (4 - 8 mts),110,Grande,-68.847239969,-32.8634161393,4,Cuarta Oeste,1173332.70145,0
21431,Morera,10/05/2011 10:45,Alto (> 8 mts),150,Grande,-68.8565827446,-32.8931020194,5,Residencial Sur,2423808.92355,0
35214,Morera,23/03/2011 09:44,Alto (> 8 mts),167,Grande,-68.8527623302,-32.8814567574,1,Parque Central,1655357.93265,0
3929,Fresno europeo,31/08/2011 12:00,Medio (4 - 8 mts),68,Grande,-68.8219074007,-32.8708497748,4,Cuarta Este Área Fundacional,1822015.85685,1
6909,Morera,30/05/2011 09:33,Medio (4 - 8 mts),62,Grande,-68.8621667552,-32.895547498,5,Residencial Sur,2423808.92355,0
12577,Morera,11/01/2011 12:59,Medio (4 - 8 mts),110,Grande,-68.8451850478,-32.8626210709,4,Cuarta Oeste,1173332.70145,0
32572,Olmo comun,17/06/2011 11:00,Alto (> 8 mts),130,Grande,-68.853178268,-32.8902692822,5,Residencial Sur,2423808.92355,0
6572,Platano,19/05/2011 10:18,Alto (> 8 mts),170,Grande,-68.857282741,-32.8907705213,5,Residencial Sur,2423808.92355,0
13645,Fresno europeo,23/02/2011 13:28,Alto (> 8 mts),180,Grande,-68.8526102385,-32.8662691648,6,Residencial Norte,2694682.37982,0
9250,Acer,25/02/2011 12:06,Medio (4 - 8 mts),60,Mediano,-68.8484748767,-32.8657757104,6,Residencial Norte,2694682.37982,0
26501,Olmo comun,07/11/2011 08:41,Medio (4 - 8 mts),140,Grande,-68.8315194347,-32.8918649322,3,Parque O'Higgins,1531146.02653,0
30497,Platano,15/07/2011 10:27,Alto (> 8 mts),160,Grande,-68.8391595691,-32.8893449363,3,Parque O'Higgins,1531146.02653,0
3217,Fresno europeo,27/09/2011 10:48,Muy bajo (1 - 2 mts),16,Chico,-68.8242977695,-32.8744193733,4,Cuarta Este Área Fundacional,1822015.85685,0
6813,Morera,26/05/2011 09:40,Medio (4 - 8 mts),45,Mediano,-68.8606246213,-32.893987377,5,Residencial Sur,2423808.92355,0
41894,Conifera,18/04/2011 09:04,Medio (4 - 8 mts),70,Grande,-68.841779764,-32.8788129955,1,Parque Central,1655357.93265,0
33150,Platano,09/06/2011 09:21,Alto (> 8 mts),180,Grande,-68.8530567489,-32.8923527276,5,Residencial Sur,2423808.92355,0
11442,Fresno europeo,01/02/2011 14:48,Medio (4 - 8 mts),68,Grande,-68.8505297825,-32.9024839792,2,Barrio Civico,2366816.36021,0
12655,Ailanthus,18/01/2011 09:02,Alto (> 8 mts),170,Grande,-68.8469529668,-32.8633667526,4,Cuarta Oeste,1173332.70145,0
32098,Perenne,09/05/2011 09:56,Bajo (2 - 4 mts),35,Mediano,-68.8589895728,-32.8861056442,5,Residencial Sur,2423808.92355,0
46054,Fresno europeo,19/09/2011 11:47,Medio (4 - 8 mts),112,Grande,-68.8218264291,-32.8728391367,4,Cuarta Este Área Fundacional,1822015.85685,0
2492,Fresno europeo,21/10/2011 16:03,Bajo (2 - 4 mts),80,Grande,-68.8380002428,-32.8874925347,3,Parque O'Higgins,1531146.02653,0
45996,Paraiso,27/09/2011 10:19,Medio (4 - 8 mts),120,Grande,-68.8211976687,-32.8736054004,4,Cuarta Este Área Fundacional,1822015.85685,0
5872,Morera,28/04/2011 12:48,Alto (> 8 mts),44,Mediano,-68.8433703876,-32.8858530989,1,Parque Central,1655357.93265,0
38859,Platano,09/12/2010 13:08,Alto (> 8 mts),210,Grande,-68.8485658865,-32.8708007778,6,Residencial Norte,2694682.37982,0
9922,Acer,17/11/2010 10:44,Alto (> 8 mts),95,Grande,-68.8577111109,-32.8696880083,6,Residencial Norte,2694682.37982,0
17650,Morera,20/07/2011 12:07,Alto (> 8 mts),168,Grande,-68.8418035027,-32.8661085174,4,Cuarta Oeste,1173332.70145,0
43980,Morera,14/10/2011 12:08,Medio (4 - 8 mts),80,Grande,-68.8340353481,-32.8858628506,3,Parque O'Higgins,1531146.02653,0
33700,Morera,10/05/2011 14:00,Alto (> 8 mts),192,Grande,-68.8571126034,-32.8862659086,5,Residencial Sur,2423808.92355,0
21338,Fresno europeo,09/05/2011 11:30,Alto (> 8 mts),42,Mediano,-68.8538320848,-32.8936089212,5,Residencial Sur,2423808.92355,0
6960,Acer,03/06/2011 14:31,Alto (> 8 mts),140,Grande,-68.8594241087,-32.8966858539,5,Residencial Sur,2423808.92355,0
42361,Paraiso sombrilla,29/09/2011 10:39,Bajo (2 - 4 mts),33,Mediano,-68.8343679,-32.8762792905,4,Cuarta Este Área Fundacional,1822015.85685,0
11497,Morera,22/02/2011 11:39,Medio (4 - 8 mts),75,Grande,-68.8538019436,-32.8663269344,6,Residencial Norte,2694682.37982,0
7904,Platano,15/06/2011 09:45,Alto (> 8 mts),199,Grande,-68.8588719678,-32.8882574829,5,Residencial Sur,2423808.92355,0
20503,Morera,01/06/2011 12:14,Alto (> 8 mts),75,Grande,-68.8608908668,-32.8977911006,5,Residencial Sur,2423808.92355,1
24562,Morera,28/01/2011 13:47,Alto (> 8 mts),63,Grande,-68.8436893279,-32.9021317851,2,Barrio Civico,2366816.36021,0
45701,Perenne,26/08/2011 10:34,Bajo (2 - 4 mts),80,Grande,-68.8217899919,-32.8699605076,4,Cuarta Este Área Fundacional,1822015.85685,0
1019,Alamo blanco,14/12/2011 11:11,Alto (> 8 mts),75,Grande,-68.8811701172,-32.8651848006,8,Aeroparque,2203364.73622,0
24815,Morera,18/02/2011 09:13,Alto (> 8 mts),155,Grande,-68.8400251967,-32.8969170952,2,Barrio Civico,2366816.36021,1
4442,Jacaranda,01/08/2011 11:01,Muy bajo (1 - 2 mts),15,Chico,-68.8364372615,-32.8687264308,4,Cuarta Oeste,1173332.70145,0
9619,Fresno europeo,27/01/2011 10:49,Medio (4 - 8 mts),100,Grande,-68.8504266631,-32.8640943714,6,Residencial Norte,2694682.37982,0
31170,Morera,07/02/2011 12:27,Medio (4 - 8 mts),68,Grande,-68.854970132,-32.8638138383,6,Residencial Norte,2694682.37982,0
22580,Fresno europeo,16/06/2011 09:52,Muy bajo (1 - 2 mts),8,Chico,-68.8612188494,-32.8996137673,5,Residencial Sur,2423808.92355,0
36959,Morera,08/04/2011 10:23,Alto (> 8 mts),180,Grande,-68.8577703108,-32.8780185595,7,Residencial Parque,1786336.08966,0
26948,Fresno europeo,01/11/2011 16:54,Alto (> 8 mts),140,Grande,-68.8366243052,-32.8874480073,3,Parque O'Higgins,1531146.02653,0
19522,Morera,26/07/2011 11:20,Medio (4 - 8 mts),140,Grande,-68.8371469705,-32.8716306509,4,Cuarta Oeste,1173332.70145,0
23857,Morera,28/01/2011 12:35,Bajo (2 - 4 mts),8,Chico,-68.8509760022,-32.9004561512,2,Barrio Civico,2366816.36021,0
24691,Olmo comun,14/01/2011 12:44,Alto (> 8 mts),250,Grande,-68.8426215878,-32.896534827,2,Barrio Civico,2366816.36021,0
18313,Morera,03/08/2011 09:08,Alto (> 8 mts),105,Grande,-68.8378557179,-32.8685744672,4,Cuarta Oeste,1173332.70145,1
19292,Morera,13/07/2011 20:50,Alto (> 8 mts),220,Grande,-68.8356169325,-32.8698581731,4,Cuarta Oeste,1173332.70145,0
31390,Morera,23/05/2011 12:48,Alto (> 8 mts),200,Grande,-68.8513542777,-32.8846281258,5,Residencial Sur,2423808.92355,0
34091,Fresno europeo,31/05/2011 12:36,Muy bajo (1 - 2 mts),5,Chico,-68.8571871692,-32.8837517631,5,Residencial Sur,2423808.92355,0
42619,Morera,29/09/2011 10:10,Alto (> 8 mts),118,Grande,-68.828106216,-32.8766718253,4,Cuarta Este Área Fundacional,1822015.85685,1
16397,Platano,03/08/2011 08:54,Alto (> 8 mts),300,Grande,-68.8356251153,-32.8660669739,4,Cuarta Oeste,1173332.70145,0
20466,Morera,02/06/2011 13:38,Alto (> 8 mts),160,Grande,-68.8606614706,-32.8969556938,5,Residencial Sur,2423808.92355,0
21497,Morera,11/05/2011 10:32,Medio (4 - 8 mts),10,Chico,-68.8570620454,-32.8930162484,5,Residencial Sur,2423808.92355,0
46367,Morera,19/09/2011 13:10,Alto (> 8 mts),170,Grande,-68.8248566103,-32.8740007398,4,Cuarta Este Área Fundacional,1822015.85685,0
4089,Morera,30/09/2011 13:09,Medio (4 - 8 mts),100,Grande,-68.829503097,-32.8780959073,4,Cuarta Este Área Fundacional,1822015.85685,0
27948,Morera,03/11/2011 12:02,Alto (> 8 mts),145,Grande,-68.8375122454,-32.8937936447,2,Barrio Civico,2366816.36021,0
4279,Morera,14/07/2011 10:34,Muy bajo (1 - 2 mts),30,Mediano,-68.8381124358,-32.8723508112,4,Cuarta Oeste,1173332.70145,0
34799,Morera,30/03/2011 10:22,Medio (4 - 8 mts),50,Mediano,-68.8507477807,-32.8761022565,6,Residencial Norte,2694682.37982,0
20688,Morera,01/06/2011 10:21,Medio (4 - 8 mts),50,Mediano,-68.861054035,-32.8979617719,5,Residencial Sur,2423808.92355,0
2202,Fresno europeo,28/10/2011 11:38,Bajo (2 - 4 mts),18,Chico,-68.8396260066,-32.892815302,2,Barrio Civico,2366816.36021,0
35678,Morera,18/03/2011 09:38,Medio (4 - 8 mts),180,Grande,-68.8552007215,-32.8741115912,6,Residencial Norte,2694682.37982,0
38897,Platano,26/10/2010 11:11,Alto (> 8 mts),230,Grande,-68.8490761373,-32.8701838032,6,Residencial Norte,2694682.37982,0
18350,Morera,01/08/2011 08:42,Alto (> 8 mts),175,Grande,-68.8367514871,-32.8687384028,4,Cuarta Oeste,1173332.70145,1
32334,Platano,24/06/2011 12:01,Alto (> 8 mts),140,Grande,-68.8521086293,-32.8906222063,5,Residencial Sur,2423808.92355,0
32620,Fresno americano,21/06/2011 14:01,Medio (4 - 8 mts),30,Mediano,-68.8526319396,-32.889425648,5,Residencial Sur,2423808.92355,0
27983,Fresno americano,31/10/2011 09:23,Medio (4 - 8 mts),110,Grande,-68.8371447251,-32.8930757813,3,Parque O'Higgins,1531146.02653,0
27640,Morera,01/11/2011 10:42,Medio (4 - 8 mts),115,Grande,-68.8367897412,-32.8940922455,2,Barrio Civico,2366816.36021,1
38573,Fresno europeo,22/12/2010 13:15,Medio (4 - 8 mts),50,Mediano,-68.8531094237,-32.8704558484,6,Residencial Norte,2694682.37982,0
21296,Morera,13/06/2011 11:29,Medio (4 - 8 mts),105,Grande,-68.8523914092,-32.8979736669,5,Residencial Sur,2423808.92355,0
16134,Morera,21/07/2011 09:48,Alto (> 8 mts),136,Grande,-68.8447976788,-32.8726228918,6,Residencial Norte,2694682.37982,0
21391,Morera,11/05/2011 10:22,Medio (4 - 8 mts),83,Grande,-68.8550557315,-32.8932747361,5,Residencial Sur,2423808.92355,0
15781,Morera,23/11/2011 10:42,Medio (4 - 8 mts),56,Mediano,-68.872786267,-32.8782445101,7,Residencial Parque,1786336.08966,0
48370,Fresno europeo,05/09/2011 09:03,Medio (4 - 8 mts),90,Grande,-68.8291304886,-32.8691255112,4,Cuarta Este Área Fundacional,1822015.85685,0
22064,Platano,10/06/2011 12:31,Alto (> 8 mts),200,Grande,-68.8539105223,-32.8979777953,5,Residencial Sur,2423808.92355,0
47017,Morera,15/09/2011 12:55,Alto (> 8 mts),240,Grande,-68.830637595,-32.8726845299,4,Cuarta Este Área Fundacional,1822015.85685,1
22444,Paraiso,28/06/2011 09:27,Alto (> 8 mts),145,Grande,-68.8616545336,-32.8981446712,5,Residencial Sur,2423808.92355,0
5490,Morera,08/04/2011 10:16,Alto (> 8 mts),140,Grande,-68.8448752858,-32.8811138511,1,Parque Central,1655357.93265,0
2510,Fresno europeo,20/10/2011 11:56,Medio (4 - 8 mts),55,Mediano,-68.83614711,-32.8885747086,3,Parque O'Higgins,1531146.02653,0
25834,Morera,03/02/2011 18:42,Alto (> 8 mts),220,Grande,-68.8395176076,-32.9020792516,2,Barrio Civico,2366816.36021,0
17552,Morera,28/07/2011 10:18,Alto (> 8 mts),160,Grande,-68.8402401243,-32.8670812629,4,Cuarta Oeste,1173332.70145,0
29325,Fresno americano,25/04/2011 12:47,Alto (> 8 mts),220,Grande,-68.8427313677,-32.8867275333,1,Parque Central,1655357.93265,0
21863,Morera,07/06/2011 09:24,Alto (> 8 mts),120,Grande,-68.858328179,-32.895840381,5,Residencial Sur,2423808.92355,0
29086,Fresno americano,28/04/2011 09:09,Alto (> 8 mts),87,Grande,-68.8439504148,-32.8863653899,1,Parque Central,1655357.93265,0
6586,Tilo,06/05/2011 10:21,Alto (> 8 mts),72,Grande,-68.8520630498,-32.8933681435,5,Residencial Sur,2423808.92355,0
25891,Ailanthus,07/02/2011 14:22,Alto (> 8 mts),134,Grande,-68.8383779993,-32.9027719946,2,Barrio Civico,2366816.36021,0
20883,Morera,26/05/2011 10:22,Alto (> 8 mts),101,Grande,-68.8606079368,-32.895008869,5,Residencial Sur,2423808.92355,0
15471,Paraiso,21/11/2011 13:21,Medio (4 - 8 mts),142,Grande,-68.8600472394,-32.8710145487,7,Residencial Parque,1786336.08966,0
11889,Paraiso,02/03/2011 09:31,Alto (> 8 mts),165,Grande,-68.85105342,-32.86572002,6,Residencial Norte,2694682.37982,0
43675,Platano,13/10/2011 17:13,Alto (> 8 mts),220,Grande,-68.8352073981,-32.8822664681,3,Parque O'Higgins,1531146.02653,0
18486,Fresno europeo,07/07/2011 10:53,Medio (4 - 8 mts),104,Grande,-68.8384278098,-32.8740878686,4,Cuarta Oeste,1173332.70145,0
25162,Morera,09/02/2011 18:18,Alto (> 8 mts),104,Grande,-68.8362788807,-32.8986158998,2,Barrio Civico,2366816.36021,0
30632,Alamo blanco,07/02/2011 13:24,Medio (4 - 8 mts),70,Grande,-68.8581518883,-32.867418538,6,Residencial Norte,2694682.37982,0
11400,Morera,27/01/2011 18:13,Medio (4 - 8 mts),52,Mediano,-68.8502048963,-32.9007325572,2,Barrio Civico,2366816.36021,0
25056,Morera,15/02/2011 19:31,Medio (4 - 8 mts),98,Grande,-68.8352510466,-32.8976013205,2,Barrio Civico,2366816.36021,0
20159,Fresno europeo,13/05/2011 10:06,Alto (> 8 mts),110,Grande,-68.8590195219,-32.892095437,5,Residencial Sur,2423808.92355,0
39690,Morera,19/10/2010 10:31,Alto (> 8 mts),142,Grande,-68.846307627,-32.8696380452,6,Residencial Norte,2694682.37982,0
20105,Olmo comun,10/08/2011 10:36,Medio (4 - 8 mts),112,Grande,-68.833032624,-32.8659526549,4,Cuarta Oeste,1173332.70145,0
47655,Morera,08/09/2011 15:37,Alto (> 8 mts),197,Grande,-68.8279854158,-32.8711654675,4,Cuarta Este Área Fundacional,1822015.85685,0
30963,Acacia visco,10/02/2011 13:28,Bajo (2 - 4 mts),86,Grande,-68.8551911547,-32.8636351402,6,Residencial Norte,2694682.37982,0
26399,Platano,28/10/2011 09:53,Alto (> 8 mts),250,Grande,-68.8341624688,-32.8898700847,3,Parque O'Higgins,1531146.02653,0
41867,Conifera,04/05/2011 11:04,Alto (> 8 mts),60,Mediano,-68.8414849119,-32.8782878368,1,Parque Central,1655357.93265,0
37277,Paraiso,15/03/2011 09:50,Medio (4 - 8 mts),85,Grande,-68.8577263966,-32.873493489,6,Residencial Norte,2694682.37982,0
2836,Fresno europeo,09/11/2011 12:05,Alto (> 8 mts),122,Grande,-68.8334861136,-32.8940064313,3,Parque O'Higgins,1531146.02653,0
33769,Fresno europeo,12/05/2011 09:06,Bajo (2 - 4 mts),80,Grande,-68.8569099764,-32.8852048358,5,Residencial Sur,2423808.92355,0
42629,Fresno europeo,26/09/2011 09:14,Alto (> 8 mts),117,Grande,-68.8281562071,-32.8755268616,4,Cuarta Este Área Fundacional,1822015.85685,1
10758,Morera,05/04/2011 11:18,Medio (4 - 8 mts),38,Mediano,-68.8563033431,-32.8768718736,6,Residencial Norte,2694682.37982,0
43359,Platano,25/10/2011 18:00,Alto (> 8 mts),170,Grande,-68.8332565513,-32.8800119954,3,Parque O'Higgins,1531146.02653,1
19232,Paraiso,05/07/2011 12:19,Medio (4 - 8 mts),88,Grande,-68.8396859766,-32.8726566923,4,Cuarta Oeste,1173332.70145,1
15464,Acer,22/11/2011 07:01,Muy bajo (1 - 2 mts),16,Chico,-68.8598116564,-32.8712663987,6,Residencial Norte,2694682.37982,0
45532,Fresno europeo,19/09/2011 10:23,Medio (4 - 8 mts),95,Grande,-68.821397042,-32.8727599869,4,Cuarta Este Área Fundacional,1822015.85685,0
47646,Paraiso,08/09/2011 16:05,Medio (4 - 8 mts),122,Grande,-68.8277198635,-32.8720095384,4,Cuarta Este Área Fundacional,1822015.85685,0
28848,Fresno americano,27/04/2011 09:21,Alto (> 8 mts),80,Grande,-68.8473031515,-32.8853962662,1,Parque Central,1655357.93265,0
1125,Morera,01/12/2011 08:19,Alto (> 8 mts),138,Grande,-68.8757942053,-32.8666739002,8,Aeroparque,2203364.73622,0
31272,Morera,03/02/2011 12:29,Alto (> 8 mts),110,Grande,-68.8533993679,-32.8647591141,6,Residencial Norte,2694682.37982,0
14045,Paraiso,05/12/2011 12:31,Medio (4 - 8 mts),65,Grande,-68.8765622956,-32.8675157889,8,Aeroparque,2203364.73622,0
24339,Morera,26/01/2011 12:35,Alto (> 8 mts),150,Grande,-68.8439523488,-32.9025475076,2,Barrio Civico,2366816.36021,0
20145,Fresno europeo,16/05/2011 10:32,Medio (4 - 8 mts),68,Grande,-68.8616495098,-32.8911336544,5,Residencial Sur,2423808.92355,1
7765,Morera,13/05/2011 11:43,Bajo (2 - 4 mts),26,Mediano,-68.8550548135,-32.8860491795,5,Residencial Sur,2423808.92355,0
17926,Morera,03/08/2011 14:12,Alto (> 8 mts),140,Grande,-68.8372042362,-32.8664936541,4,Cuarta Oeste,1173332.70145,0
36843,Morera,28/03/2011 17:03,Medio (4 - 8 mts),102,Grande,-68.8578926316,-32.8791035692,7,Residencial Parque,1786336.08966,0
3954,Paraiso,27/09/2011 10:55,Muy bajo (1 - 2 mts),8,Chico,-68.8233330692,-32.8747815142,4,Cuarta Este Área Fundacional,1822015.85685,0
2238,Morera,03/11/2011 09:46,Muy bajo (1 - 2 mts),10,Chico,-68.8369355915,-32.8939402168,2,Barrio Civico,2366816.36021,0
14846,Morera,19/12/2011 08:04,Muy bajo (1 - 2 mts),18,Chico,-68.8798545933,-32.8713980817,8,Aeroparque,2203364.73622,0
10226,Fresno europeo,13/12/2010 11:54,Bajo (2 - 4 mts),25,Mediano,-68.8504198576,-32.8716446554,6,Residencial Norte,2694682.37982,0
37824,Paraiso,10/12/2010 10:04,Alto (> 8 mts),130,Grande,-68.8486783067,-32.8725115695,6,Residencial Norte,2694682.37982,0
1927,Prunas,18/11/2011 12:29,Bajo (2 - 4 mts),22,Mediano,-68.8594238582,-32.8713420656,6,Residencial Norte,2694682.37982,0
39866,Morera,05/05/2011 10:01,Alto (> 8 mts),170,Grande,-68.8445746864,-32.8750080172,1,Parque Central,1655357.93265,0
269,Morera,07/03/2012 09:11,Medio (4 - 8 mts),150,Grande,-68.821427173,-32.8672087923,4,Cuarta Este Área Fundacional,1822015.85685,0
39976,Morera,02/05/2011 12:32,Alto (> 8 mts),160,Grande,-68.8457664279,-32.8789633279,1,Parque Central,1655357.93265,0
31334,Acer,25/02/2011 10:44,Medio (4 - 8 mts),130,Grande,-68.8484827691,-32.8661396161,6,Residencial Norte,2694682.37982,0
23710,Morera,25/01/2011 13:09,Alto (> 8 mts),140,Grande,-68.8500752429,-32.8999630157,2,Barrio Civico,2366816.36021,0
5078,Caducifolio,10/08/2011 10:21,Bajo (2 - 4 mts),15,Chico,-68.839187288,-32.8630595289,4,Cuarta Oeste,1173332.70145,0
47126,Fresno americano,20/09/2011 11:12,Medio (4 - 8 mts),115,Grande,-68.8332511442,-32.8738067509,4,Cuarta Este Área Fundacional,1822015.85685,0
47893,Fresno americano,21/09/2011 11:01,Medio (4 - 8 mts),175,Grande,-68.8304359528,-32.8730306289,4,Cuarta Este Área Fundacional,1822015.85685,0
21196,Morera,10/05/2011 11:25,Alto (> 8 mts),180,Grande,-68.8532255733,-32.8958673075,5,Residencial Sur,2423808.92355,1
31387,Morera,23/05/2011 12:54,Alto (> 8 mts),160,Grande,-68.8513972693,-32.884472314,1,Parque Central,1655357.93265,1
37215,Platano,14/03/2011 11:10,Alto (> 8 mts),130,Grande,-68.8584524631,-32.8724929154,6,Residencial Norte,2694682.37982,0
7854,Paraiso,03/06/2011 09:53,Medio (4 - 8 mts),130,Grande,-68.8588520057,-32.884355606,5,Residencial Sur,2423808.92355,0
29291,Platano,22/02/2011 13:05,Alto (> 8 mts),220,Grande,-68.8434290041,-32.8877019718,1,Parque Central,1655357.93265,0
37124,Morera,07/04/2011 10:25,Alto (> 8 mts),120,Grande,-68.8589201873,-32.8776831649,7,Residencial Parque,1786336.08966,1
10511,Acer,10/03/2011 12:04,Medio (4 - 8 mts),104,Grande,-68.8497873924,-32.8749645075,6,Residencial Norte,2694682.37982,0
44320,Morera,12/10/2011 16:45,Alto (> 8 mts),120,Grande,-68.8353036988,-32.8821418909,3,Parque O'Higgins,1531146.02653,1
31778,Tilo,27/06/2011 11:14,Alto (> 8 mts),105,Grande,-68.8588947131,-32.8900847015,5,Residencial Sur,2423808.92355,0
6918,Fresno americano,10/06/2011 10:42,Medio (4 - 8 mts),145,Grande,-68.8536961923,-32.8964315681,5,Residencial Sur,2423808.92355,0
15258,Morera,18/11/2011 16:49,Alto (> 8 mts),130,Grande,-68.8590839123,-32.8699803146,6,Residencial Norte,2694682.37982,1
16840,Paraiso,08/08/2011 13:11,Alto (> 8 mts),172,Grande,-68.8390979725,-32.8642275576,4,Cuarta Oeste,1173332.70145,0
45198,Morera,28/09/2011 10:49,Medio (4 - 8 mts),55,Mediano,-68.8231096269,-32.8727281497,4,Cuarta Este Área Fundacional,1822015.85685,0
14552,Aguaribay,15/12/2011 08:16,Bajo (2 - 4 mts),18,Chico,-68.879368456,-32.8672175647,8,Aeroparque,2203364.73622,0
21058,Morera,23/06/2011 11:18,Medio (4 - 8 mts),125,Grande,-68.8634896481,-32.8993707313,5,Residencial Sur,2423808.92355,1
5737,Morera,04/05/2011 11:20,Medio (4 - 8 mts),50,Mediano,-68.8395931253,-32.8786678844,1,Parque Central,1655357.93265,0
43308,Platano,07/10/2011 11:09,Alto (> 8 mts),148,Grande,-68.8336713893,-32.87944441,1,Parque Central,1655357.93265,0
47457,Morera,20/09/2011 10:14,Alto (> 8 mts),125,Grande,-68.8306389121,-32.87488605,4,Cuarta Este Área Fundacional,1822015.85685,0
2368,Fresno europeo,01/11/2011 16:29,Medio (4 - 8 mts),120,Grande,-68.8367458343,-32.8867346348,3,Parque O'Higgins,1531146.02653,0
8939,Fresno europeo,24/01/2011 14:06,Muy bajo (1 - 2 mts),2,Chico,-68.8489668429,-32.8668240966,6,Residencial Norte,2694682.37982,0
16484,Paraiso,05/08/2011 09:12,Medio (4 - 8 mts),100,Grande,-68.8421641955,-32.8650301851,4,Cuarta Oeste,1173332.70145,1
1082,Morera,14/12/2011 09:31,Muy bajo (1 - 2 mts),12,Chico,-68.880987751,-32.8680084498,8,Aeroparque,2203364.73622,0
18801,Morera,10/08/2011 11:01,Medio (4 - 8 mts),140,Grande,-68.8363330884,-32.8697693936,4,Cuarta Oeste,1173332.70145,0
29619,Morera,23/03/2011 19:21,Alto (> 8 mts),178,Grande,-68.8442326087,-32.8941250938,2,Barrio Civico,2366816.36021,0
18218,Morera,05/08/2011 11:56,Medio (4 - 8 mts),83,Grande,-68.8388164643,-32.8678192772,4,Cuarta Oeste,1173332.70145,0
166,Paraiso,27/02/2012 17:20,Bajo (2 - 4 mts),50,Mediano,-68.8567592135,-32.8641420301,6,Residencial Norte,2694682.37982,0
45696,Fresno europeo,26/08/2011 10:44,Alto (> 8 mts),148,Grande,-68.822137863,-32.870144364,4,Cuarta Este Área Fundacional,1822015.85685,0
3359,Morera,04/10/2011 09:58,Alto (> 8 mts),138,Grande,-68.8351222772,-32.8794907691,1,Parque Central,1655357.93265,1
41332,Platano,19/04/2011 11:29,Alto (> 8 mts),128,Grande,-68.8402801872,-32.8834707672,1,Parque Central,1655357.93265,0
8160,Morera,03/03/2011 09:40,Muy bajo (1 - 2 mts),16,Chico,-68.8458142976,-32.890696888,2,Barrio Civico,2366816.36021,0
16191,Fresno americano,15/07/2011 11:25,Alto (> 8 mts),110,Grande,-68.8436321023,-32.8701483346,4,Cuarta Oeste,1173332.70145,0
4798,Liquidambar,28/07/2011 10:45,Muy bajo (1 - 2 mts),8,Chico,-68.8396134294,-32.8665845297,4,Cuarta Oeste,1173332.70145,0
29698,Fresno americano,02/03/2011 15:28,Alto (> 8 mts),46,Mediano,-68.8416622663,-32.8938091574,2,Barrio Civico,2366816.36021,0
27521,Morera,26/10/2011 09:46,Medio (4 - 8 mts),90,Grande,-68.8370721061,-32.8918032464,3,Parque O'Higgins,1531146.02653,1
7444,Fresno europeo,17/06/2011 09:20,Medio (4 - 8 mts),85,Grande,-68.8611443822,-32.9002047616,5,Residencial Sur,2423808.92355,0
13729,Morera,28/01/2011 08:50,Medio (4 - 8 mts),90,Grande,-68.8498143612,-32.8634181264,6,Residencial Norte,2694682.37982,0
9451,Morera,09/02/2011 13:25,Alto (> 8 mts),85,Grande,-68.8584240285,-32.866007981,6,Residencial Norte,2694682.37982,0
4552,Jacaranda,05/08/2011 13:33,Muy bajo (1 - 2 mts),24,Mediano,-68.8399741577,-32.8649138552,4,Cuarta Oeste,1173332.70145,0
25108,Morera,11/02/2011 10:26,Alto (> 8 mts),110,Grande,-68.8369362665,-32.8988627218,2,Barrio Civico,2366816.36021,0
21007,Fresno europeo,22/06/2011 09:12,Alto (> 8 mts),120,Grande,-68.8625796267,-32.9007614936,5,Residencial Sur,2423808.92355,0
1548,Morera,22/11/2011 18:15,Medio (4 - 8 mts),56,Mediano,-68.8730412749,-32.8789940072,7,Residencial Parque,1786336.08966,0
1790,Acer,25/11/2011 09:21,Medio (4 - 8 mts),58,Mediano,-68.8700529359,-32.8788539431,7,Residencial Parque,1786336.08966,0
1298,Morera,30/11/2011 17:40,Bajo (2 - 4 mts),44,Mediano,-68.8774078948,-32.8692347501,8,Aeroparque,2203364.73622,0
40445,Morera,11/04/2011 10:47,Alto (> 8 mts),164,Grande,-68.8454032859,-32.8831066091,1,Parque Central,1655357.93265,0
3624,Fresno europeo,29/08/2011 09:17,Medio (4 - 8 mts),102,Grande,-68.8243862844,-32.8690354371,4,Cuarta Este Área Fundacional,1822015.85685,0
14522,Paraiso sombrilla,30/11/2011 16:22,Bajo (2 - 4 mts),110,Grande,-68.8785714341,-32.8656848662,8,Aeroparque,2203364.73622,0
5036,Paraiso,21/07/2011 10:40,Medio (4 - 8 mts),96,Grande,-68.8406974116,-32.8625350926,4,Cuarta Oeste,1173332.70145,0
27775,Fresno europeo,03/11/2011 10:40,Alto (> 8 mts),115,Grande,-68.8350335561,-32.8938392484,3,Parque O'Higgins,1531146.02653,0
27336,Platano,25/10/2011 09:01,Alto (> 8 mts),250,Grande,-68.835591191,-32.8909802923,3,Parque O'Higgins,1531146.02653,0
11230,Fresno europeo,14/01/2011 13:35,Bajo (2 - 4 mts),25,Mediano,-68.845579369,-32.8997947891,2,Barrio Civico,2366816.36021,0
46750,Morera,05/09/2011 11:23,Medio (4 - 8 mts),140,Grande,-68.8333272271,-32.8695971687,4,Cuarta Oeste,1173332.70145,0
34398,Fresno europeo,23/03/2011 13:06,Medio (4 - 8 mts),70,Grande,-68.8506543184,-32.8756979157,6,Residencial Norte,2694682.37982,0
26288,Platano,21/10/2011 10:15,Alto (> 8 mts),140,Grande,-68.8314522239,-32.8898821715,3,Parque O'Higgins,1531146.02653,0
23223,Morera,24/01/2011 10:38,Alto (> 8 mts),180,Grande,-68.851338422,-32.901373403,2,Barrio Civico,2366816.36021,0
47532,Morera,29/08/2011 12:39,Alto (> 8 mts),105,Grande,-68.8258626955,-32.8704178215,4,Cuarta Este Área Fundacional,1822015.85685,0
2790,Platano,20/10/2011 17:07,Alto (> 8 mts),180,Grande,-68.8351885639,-32.8804023652,1,Parque Central,1655357.93265,1
29533,Morera,28/02/2011 18:42,Alto (> 8 mts),132,Grande,-68.8439040085,-32.8929014482,2,Barrio Civico,2366816.36021,0
47442,Fresno europeo,20/09/2011 12:00,Alto (> 8 mts),150,Grande,-68.8303101618,-32.874135125,4,Cuarta Este Área Fundacional,1822015.85685,0
28004,Morera,04/11/2011 09:12,Alto (> 8 mts),150,Grande,-68.8359290491,-32.8937480871,3,Parque O'Higgins,1531146.02653,1
40804,Platano,26/04/2011 16:48,Alto (> 8 mts),142,Grande,-68.840348907,-32.884302035,1,Parque Central,1655357.93265,0
17562,Morera,28/07/2011 10:02,Alto (> 8 mts),170,Grande,-68.841018017,-32.8670483501,4,Cuarta Oeste,1173332.70145,0
6611,Morera,11/05/2011 10:19,Alto (> 8 mts),102,Grande,-68.8550305578,-32.8931749257,5,Residencial Sur,2423808.92355,0
46020,Paraiso,27/09/2011 09:37,Muy bajo (1 - 2 mts),12,Chico,-68.8209176922,-32.873653236,4,Cuarta Este Área Fundacional,1822015.85685,0
42553,Fresno europeo,28/09/2011 11:01,Bajo (2 - 4 mts),28,Mediano,-68.8297256059,-32.875463563,4,Cuarta Este Área Fundacional,1822015.85685,0
10639,Paraiso sombrilla,16/03/2011 12:42,Medio (4 - 8 mts),200,Grande,-68.8564634363,-32.8744006328,6,Residencial Norte,2694682.37982,0
16226,Morera,20/07/2011 10:35,Muy bajo (1 - 2 mts),20,Chico,-68.8434154307,-32.8658926327,4,Cuarta Oeste,1173332.70145,0
42107,Paraiso,04/05/2011 10:09,Medio (4 - 8 mts),85,Grande,-68.8430815703,-32.8772675201,1,Parque Central,1655357.93265,0
26279,Platano,21/10/2011 13:31,Alto (> 8 mts),185,Grande,-68.8314005635,-32.8889314964,3,Parque O'Higgins,1531146.02653,0
45428,Morera,09/09/2011 15:37,Medio (4 - 8 mts),210,Grande,-68.8259691517,-32.8728068272,4,Cuarta Este Área Fundacional,1822015.85685,0
74,Fresno americano,02/03/2012 13:40,Bajo (2 - 4 mts),24,Mediano,-68.857099465,-32.8961049763,5,Residencial Sur,2423808.92355,0
9127,Morera,25/02/2011 11:45,Medio (4 - 8 mts),32,Mediano,-68.8519675865,-32.8658332444,6,Residencial Norte,2694682.37982,0
35174,Aguaribay,29/03/2011 12:49,Medio (4 - 8 mts),75,Grande,-68.852117078,-32.8818684981,1,Parque Central,1655357.93265,0
37473,Alamo blanco,04/01/2011 13:04,Alto (> 8 mts),260,Grande,-68.8573051886,-32.8712567028,6,Residencial Norte,2694682.37982,0
39948,Morera,28/04/2011 10:01,Muy bajo (1 - 2 mts),4,Chico,-68.8449960832,-32.8765653141,1,Parque Central,1655357.93265,0
24025,Morera,12/01/2011 13:06,Alto (> 8 mts),93,Grande,-68.8445745771,-32.8999243794,2,Barrio Civico,2366816.36021,1
21097,Acacia SP,22/06/2011 11:07,Alto (> 8 mts),180,Grande,-68.8625721326,-32.8993851452,5,Residencial Sur,2423808.92355,0
5708,Morera,04/05/2011 13:47,Medio (4 - 8 mts),32,Mediano,-68.8412584052,-32.8787831823,1,Parque Central,1655357.93265,0
15884,Morera,28/11/2011 20:32,Medio (4 - 8 mts),50,Mediano,-68.8721776133,-32.8764761983,7,Residencial Parque,1786336.08966,0
34551,Morera,30/03/2011 09:59,Alto (> 8 mts),220,Grande,-68.8487119407,-32.8763006179,6,Residencial Norte,2694682.37982,0
18675,Morera,05/07/2011 09:48,Alto (> 8 mts),121,Grande,-68.8364023223,-32.8743097839,4,Cuarta Oeste,1173332.70145,0
34794,Morera,30/03/2011 10:14,Alto (> 8 mts),180,Grande,-68.8508443454,-32.8764717712,6,Residencial Norte,2694682.37982,0
46722,Morera,08/09/2011 10:35,Alto (> 8 mts),140,Grande,-68.8328479455,-32.8705610453,4,Cuarta Este Área Fundacional,1822015.85685,0
17485,Acacia SP,16/01/2012 09:11,Medio (4 - 8 mts),45,Mediano,-68.8350707658,-32.8680714005,4,Cuarta Oeste,1173332.70145,0
38783,Paraiso,01/11/2010 11:55,Alto (> 8 mts),210,Grande,-68.8501775534,-32.8699100229,6,Residencial Norte,2694682.37982,0
23332,Morera,31/01/2011 15:37,Alto (> 8 mts),128,Grande,-68.850277633,-32.901458732,2,Barrio Civico,2366816.36021,0
29471,Morera,22/03/2011 08:21,Alto (> 8 mts),84,Grande,-68.8443075474,-32.8931870723,2,Barrio Civico,2366816.36021,0
43418,Fresno europeo,26/10/2011 16:47,Medio (4 - 8 mts),100,Grande,-68.8312874621,-32.8801627328,3,Parque O'Higgins,1531146.02653,0
30526,Platano,04/04/2011 15:54,Alto (> 8 mts),210,Grande,-68.8387816813,-32.8879221213,3,Parque O'Higgins,1531146.02653,0
34649,Morera,01/04/2011 09:23,Alto (> 8 mts),180,Grande,-68.8493818909,-32.8765135048,6,Residencial Norte,2694682.37982,0
23104,Fresno europeo,19/01/2011 15:56,Alto (> 8 mts),107,Grande,-68.8472567252,-32.9019478995,2,Barrio Civico,2366816.36021,0
16129,Morera,21/07/2011 10:07,Medio (4 - 8 mts),113,Grande,-68.8444215108,-32.8726901471,6,Residencial Norte,2694682.37982,1
18469,Morera,07/07/2011 11:46,Alto (> 8 mts),190,Grande,-68.8389619195,-32.8740049965,4,Cuarta Oeste,1173332.70145,1
33490,Platano,17/06/2011 09:21,Alto (> 8 mts),151,Grande,-68.8558056064,-32.8898269936,5,Residencial Sur,2423808.92355,0
11890,Paraiso,02/03/2011 09:28,Alto (> 8 mts),176,Grande,-68.8510480602,-32.8658181271,6,Residencial Norte,2694682.37982,0
38023,Fresno europeo,07/12/2010 10:13,Alto (> 8 mts),250,Grande,-68.8481262068,-32.87188269,6,Residencial Norte,2694682.37982,0
29587,Morera,04/03/2011 09:05,Bajo (2 - 4 mts),12,Chico,-68.843817197800007,-32.8920032553,2,Barrio Civico,2366816.36021,0
20445,Acer,17/05/2011 10:23,Alto (> 8 mts),112,Grande,-68.8616832394,-32.8926742318,5,Residencial Sur,2423808.92355,0
19376,Platano,04/07/2011 11:11,Alto (> 8 mts),225,Grande,-68.8349714771,-32.8733672575,4,Cuarta Este Área Fundacional,1822015.85685,0
45801,Morera,01/09/2011 11:07,Medio (4 - 8 mts),245,Grande,-68.8192741635,-32.870518934,4,Cuarta Este Área Fundacional,1822015.85685,0
29672,Morera,09/03/2011 16:42,Medio (4 - 8 mts),76,Grande,-68.8408882745,-32.8948133799,2,Barrio Civico,2366816.36021,0
39470,Paraiso,11/11/2010 13:57,Alto (> 8 mts),280,Grande,-68.8555013981,-32.8692193858,6,Residencial Norte,2694682.37982,0
44659,Morera,19/08/2011 11:16,Medio (4 - 8 mts),115,Grande,-68.8227392413,-32.8674897174,4,Cuarta Este Área Fundacional,1822015.85685,1
47094,Platano,23/09/2011 10:39,Alto (> 8 mts),155,Grande,-68.8343918222,-32.8727233132,4,Cuarta Este Área Fundacional,1822015.85685,0
26298,Fresno europeo,21/10/2011 09:12,Alto (> 8 mts),65,Grande,-68.8323747417,-32.8888245678,3,Parque O'Higgins,1531146.02653,0
14549,Liquidambar,05/12/2011 12:36,Bajo (2 - 4 mts),16,Chico,-68.8794053064,-32.8673530556,8,Aeroparque,2203364.73622,0
10162,Morera,23/12/2010 13:07,Bajo (2 - 4 mts),35,Mediano,-68.8548034046,-32.8714043546,6,Residencial Norte,2694682.37982,0
27153,Platano,27/10/2011 10:06,Alto (> 8 mts),220,Grande,-68.8371689847,-32.8897462279,3,Parque O'Higgins,1531146.02653,1
37808,Fresno europeo,10/12/2010 12:41,Medio (4 - 8 mts),65,Grande,-68.8489450922,-32.8718335663,6,Residencial Norte,2694682.37982,0
18471,Fresno europeo,07/07/2011 11:52,Bajo (2 - 4 mts),40,Mediano,-68.8389936258,-32.8741393897,4,Cuarta Oeste,1173332.70145,0
12272,Morera,10/01/2011 10:27,Alto (> 8 mts),185,Grande,-68.8451680907,-32.8673553634,4,Cuarta Oeste,1173332.70145,0
27383,Fresno europeo,20/10/2011 11:54,Alto (> 8 mts),125,Grande,-68.8360924498,-32.8885752511,3,Parque O'Higgins,1531146.02653,0
23329,Morera,31/01/2011 15:32,Medio (4 - 8 mts),62,Grande,-68.8501706362,-32.9015476881,2,Barrio Civico,2366816.36021,1
22890,Morera,19/05/2011 15:52,Medio (4 - 8 mts),42,Mediano,-68.8542333624,-32.9003891254,5,Residencial Sur,2423808.92355,0
25780,Morera,02/02/2011 11:41,Alto (> 8 mts),170,Grande,-68.8401318481,-32.902875419,2,Barrio Civico,2366816.36021,0
18897,Fresno americano,02/08/2011 10:22,Medio (4 - 8 mts),150,Grande,-68.8408000675,-32.8700895789,4,Cuarta Oeste,1173332.70145,0
7476,Fresno europeo,16/06/2011 10:07,Alto (> 8 mts),90,Grande,-68.8612761546,-32.9002060431,5,Residencial Sur,2423808.92355,0
43089,Morera,04/10/2011 10:36,Medio (4 - 8 mts),80,Grande,-68.8272567702,-32.8782907269,4,Cuarta Este Área Fundacional,1822015.85685,0
39259,Morera,30/12/2010 09:10,Alto (> 8 mts),170,Grande,-68.8551535207,-32.8717980219,6,Residencial Norte,2694682.37982,1
9966,Fresno europeo,11/11/2010 13:28,Muy bajo (1 - 2 mts),5,Chico,-68.8555827715,-32.8698790667,6,Residencial Norte,2694682.37982,0
8342,Morera,14/03/2011 17:55,Medio (4 - 8 mts),48,Mediano,-68.8469658384,-32.8935033685,2,Barrio Civico,2366816.36021,0
10405,Platano,14/03/2011 11:12,Bajo (2 - 4 mts),23,Mediano,-68.8584691684,-32.8726064667,6,Residencial Norte,2694682.37982,0
20343,Morera,13/05/2011 10:45,Alto (> 8 mts),160,Grande,-68.8604273895,-32.8918238939,5,Residencial Sur,2423808.92355,1
9152,Morera,28/02/2011 12:51,Alto (> 8 mts),96,Grande,-68.8518522067,-32.8653719926,6,Residencial Norte,2694682.37982,0
3380,Morera,28/09/2011 11:59,Medio (4 - 8 mts),70,Grande,-68.8294074551,-32.8759855805,4,Cuarta Este Área Fundacional,1822015.85685,0
25052,Morera,15/02/2011 19:25,Alto (> 8 mts),132,Grande,-68.8353181745,-32.897886884,2,Barrio Civico,2366816.36021,1
7611,Fresno europeo,03/06/2011 16:12,Bajo (2 - 4 mts),16,Chico,-68.8586776025,-32.8827819561,7,Residencial Parque,1786336.08966,0
24897,Fresno europeo,17/02/2011 08:52,Alto (> 8 mts),124,Grande,-68.8384835548,-32.8969107852,2,Barrio Civico,2366816.36021,0
13416,Morera,07/01/2011 11:39,Alto (> 8 mts),92,Grande,-68.8436660102,-32.863792569,4,Cuarta Oeste,1173332.70145,0
6512,Platano,09/05/2011 11:23,Muy bajo (1 - 2 mts),15,Chico,-68.8518664406,-32.8928047117,5,Residencial Sur,2423808.92355,0
3224,Paraiso,23/09/2011 09:21,Medio (4 - 8 mts),88,Grande,-68.8206250393,-32.8718677664,4,Cuarta Este Área Fundacional,1822015.85685,0
3314,Morera,26/09/2011 09:02,Alto (> 8 mts),92,Grande,-68.8288515678,-32.875498455,4,Cuarta Este Área Fundacional,1822015.85685,0
44602,Fresno americano,19/10/2011 10:29,Medio (4 - 8 mts),158,Grande,-68.8346494346,-32.8859651044,3,Parque O'Higgins,1531146.02653,0
45036,Morera,29/08/2011 09:09,Alto (> 8 mts),180,Grande,-68.8247883833,-32.870116959,4,Cuarta Este Área Fundacional,1822015.85685,0
30578,Morera,09/02/2011 12:30,Alto (> 8 mts),80,Grande,-68.8583663958,-32.8659225884,6,Residencial Norte,2694682.37982,0
45805,Fresno europeo,01/09/2011 10:56,Medio (4 - 8 mts),147,Grande,-68.8194924705,-32.8703539688,4,Cuarta Este Área Fundacional,1822015.85685,0
8549,Morera,10/02/2011 12:27,Alto (> 8 mts),75,Grande,-68.8389745427,-32.8965926141,2,Barrio Civico,2366816.36021,0
43544,Fresno americano,19/10/2011 16:51,Bajo (2 - 4 mts),26,Mediano,-68.8297482816,-32.8825206803,3,Parque O'Higgins,1531146.02653,0
16704,Paraiso,20/07/2011 12:41,Alto (> 8 mts),155,Grande,-68.8402321833,-32.8638827602,4,Cuarta Oeste,1173332.70145,0
47330,Platano,21/09/2011 14:19,Alto (> 8 mts),190,Grande,-68.8309105579,-32.8740867957,4,Cuarta Este Área Fundacional,1822015.85685,0
6731,Fresno europeo,13/05/2011 10:57,Alto (> 8 mts),105,Grande,-68.8566582571,-32.8932003444,5,Residencial Sur,2423808.92355,0
35860,Morera,29/03/2011 10:27,Alto (> 8 mts),130,Grande,-68.8525067699,-32.8758906416,6,Residencial Norte,2694682.37982,0
43509,Morera,10/11/2011 12:22,Alto (> 8 mts),145,Grande,-68.8282086914,-32.8828336255,3,Parque O'Higgins,1531146.02653,0
11677,Paraiso,26/01/2011 13:18,Alto (> 8 mts),160,Grande,-68.8494311844,-32.8678765194,6,Residencial Norte,2694682.37982,0
27313,Platano,25/10/2011 09:32,Alto (> 8 mts),172,Grande,-68.8345592177,-32.8899441503,3,Parque O'Higgins,1531146.02653,0
24342,Fresno europeo,26/01/2011 12:25,Alto (> 8 mts),70,Grande,-68.8439986557,-32.902755459,2,Barrio Civico,2366816.36021,0
38137,Fresno europeo,02/12/2010 12:28,Alto (> 8 mts),130,Grande,-68.8461245647,-32.8723475423,6,Residencial Norte,2694682.37982,0
25934,Platano,16/02/2011 16:20,Alto (> 8 mts),152,Grande,-68.8382847174,-32.9029311124,2,Barrio Civico,2366816.36021,0
20767,Morera,31/05/2011 11:31,Alto (> 8 mts),135,Grande,-68.8616386437,-32.8957073004,5,Residencial Sur,2423808.92355,0
1512,Aguaribay,24/11/2011 10:48,Medio (4 - 8 mts),160,Grande,-68.8738787539,-32.8776716677,7,Residencial Parque,1786336.08966,0
35095,Morera,21/03/2011 11:49,Medio (4 - 8 mts),60,Mediano,-68.855226309,-32.8806549403,6,Residencial Norte,2694682.37982,0
36295,Prunas,04/04/2011 10:20,Bajo (2 - 4 mts),16,Chico,-68.8542068122,-32.8767608755,6,Residencial Norte,2694682.37982,0
34124,Eucalyptus,10/03/2011 09:27,Bajo (2 - 4 mts),36,Mediano,-68.8559081688,-32.8728734272,6,Residencial Norte,2694682.37982,0
20761,Olmo comun,01/06/2011 09:41,Medio (4 - 8 mts),107,Grande,-68.8618286567,-32.89600533,5,Residencial Sur,2423808.92355,0
4961,Morera,15/07/2011 11:10,Alto (> 8 mts),190,Grande,-68.8438642668,-32.8704971845,4,Cuarta Oeste,1173332.70145,0
13820,Morera,26/01/2011 09:44,Alto (> 8 mts),170,Grande,-68.8496889265,-32.8634695906,6,Residencial Norte,2694682.37982,0
12810,Paraiso,20/01/2011 13:07,Alto (> 8 mts),140,Grande,-68.8470745177,-32.8640508579,4,Cuarta Oeste,1173332.70145,0
474,Morera,07/03/2012 10:52,Alto (> 8 mts),160,Grande,-68.8224149243,-32.86857923,4,Cuarta Este Área Fundacional,1822015.85685,1
7885,Fresno europeo,15/06/2011 11:11,Alto (> 8 mts),115,Grande,-68.8573207106,-32.8886577511,5,Residencial Sur,2423808.92355,0
31183,Fresno europeo,07/02/2011 10:05,Alto (> 8 mts),140,Grande,-68.8543627361,-32.8639545384,6,Residencial Norte,2694682.37982,0
25925,Fresno europeo,16/02/2011 16:39,Medio (4 - 8 mts),58,Mediano,-68.8380879266,-32.9022066945,2,Barrio Civico,2366816.36021,0
27270,Platano,01/11/2011 09:39,Alto (> 8 mts),118,Grande,-68.8355391165,-32.8896400508,3,Parque O'Higgins,1531146.02653,0
628,Paraiso,07/03/2012 17:51,Medio (4 - 8 mts),150,Grande,-68.8185919666,-32.868694872,4,Cuarta Este Área Fundacional,1822015.85685,0
29442,Morera,09/03/2011 18:47,Bajo (2 - 4 mts),18,Chico,-68.8454521908,-32.8927329515,2,Barrio Civico,2366816.36021,0
39309,Morera,30/11/2010 11:07,Alto (> 8 mts),110,Grande,-68.8560763262,-32.8726950483,6,Residencial Norte,2694682.37982,0
9113,Fresno europeo,23/02/2011 09:12,Muy bajo (1 - 2 mts),2,Chico,-68.8527906415,-32.8660114654,6,Residencial Norte,2694682.37982,0
4391,Morera,26/07/2011 13:34,Medio (4 - 8 mts),30,Mediano,-68.8397106351,-32.8692686368,4,Cuarta Oeste,1173332.70145,0
37250,Fresno europeo,11/03/2011 10:36,Medio (4 - 8 mts),48,Mediano,-68.856970162,-32.8731496257,6,Residencial Norte,2694682.37982,0
22397,Fresno europeo,16/06/2011 09:03,Medio (4 - 8 mts),95,Grande,-68.8606205264,-32.8981623574,5,Residencial Sur,2423808.92355,1
44074,Morera,14/10/2011 11:29,Bajo (2 - 4 mts),36,Mediano,-68.8311737893,-32.8852210735,3,Parque O'Higgins,1531146.02653,0
10752,Paraiso,06/04/2011 09:04,Medio (4 - 8 mts),120,Grande,-68.855630621,-32.8762159491,6,Residencial Norte,2694682.37982,0
22715,Platano,10/05/2011 13:06,Alto (> 8 mts),182,Grande,-68.8539041384,-32.9018663272,2,Barrio Civico,2366816.36021,0
42218,Morera,29/04/2011 14:25,Alto (> 8 mts),120,Grande,-68.8394372632,-32.8740909078,1,Parque Central,1655357.93265,0
36451,Paraiso,21/03/2011 09:19,Alto (> 8 mts),101,Grande,-68.8533622921,-32.8791152919,6,Residencial Norte,2694682.37982,0
25803,Morera,02/02/2011 09:02,Medio (4 - 8 mts),28,Mediano,-68.840769689,-32.903630406,2,Barrio Civico,2366816.36021,0
42676,Morera,23/09/2011 12:02,Muy bajo (1 - 2 mts),8,Chico,-68.830756255,-32.8772392677,4,Cuarta Este Área Fundacional,1822015.85685,0
23977,Morera,14/01/2011 18:20,Alto (> 8 mts),230,Grande,-68.8451082422,-32.8998075821,2,Barrio Civico,2366816.36021,0
34013,Morera,27/05/2011 10:02,Medio (4 - 8 mts),100,Grande,-68.854391661,-32.885101405,5,Residencial Sur,2423808.92355,1
47789,Platano,23/09/2011 12:47,Alto (> 8 mts),165,Grande,-68.827630029,-32.8737072137,4,Cuarta Este Área Fundacional,1822015.85685,0
20847,Morera,27/05/2011 09:34,Alto (> 8 mts),148,Grande,-68.8594700976,-32.8948777519,5,Residencial Sur,2423808.92355,0
46560,Morera,05/09/2011 10:40,Alto (> 8 mts),136,Grande,-68.8336488973,-32.8691662263,4,Cuarta Oeste,1173332.70145,0
9753,Morera,19/01/2011 10:10,Alto (> 8 mts),140,Grande,-68.8466101524,-32.8643396371,4,Cuarta Oeste,1173332.70145,0
10713,Paraiso sombrilla,30/03/2011 13:18,Medio (4 - 8 mts),104,Grande,-68.8479688916,-32.8754509131,6,Residencial Norte,2694682.37982,0
47576,Fresno europeo,19/09/2011 08:12,Medio (4 - 8 mts),68,Grande,-68.8263210634,-32.8720700013,4,Cuarta Este Área Fundacional,1822015.85685,0
30674,Fresno europeo,02/02/2011 13:32,Alto (> 8 mts),36,Mediano,-68.8548413973,-32.8672048458,6,Residencial Norte,2694682.37982,0
31684,Platano,19/05/2011 08:59,Alto (> 8 mts),146,Grande,-68.8607658571,-32.8911442686,5,Residencial Sur,2423808.92355,0
688,Morera,20/07/2011 09:29,Medio (4 - 8 mts),28,Mediano,-68.8416410791,-32.8641890035,4,Cuarta Oeste,1173332.70145,0
17967,Morera,01/08/2011 09:40,Medio (4 - 8 mts),200,Grande,-68.8396781425,-32.8672196358,4,Cuarta Oeste,1173332.70145,1
3683,Morera,24/08/2011 11:28,Medio (4 - 8 mts),50,Mediano,-68.8189195067,-32.8689777228,4,Cuarta Este Área Fundacional,1822015.85685,0
26831,Morera,09/11/2011 11:47,Alto (> 8 mts),195,Grande,-68.8330568695,-32.8937807961,3,Parque O'Higgins,1531146.02653,1
4406,Morera,28/07/2011 10:47,Medio (4 - 8 mts),53,Mediano,-68.8405301865,-32.8690675423,4,Cuarta Oeste,1173332.70145,1
17024,Morera,09/08/2011 11:39,Alto (> 8 mts),160,Grande,-68.8389117928,-32.8641431898,4,Cuarta Oeste,1173332.70145,0
40344,Fresno europeo,08/04/2011 10:25,Bajo (2 - 4 mts),60,Mediano,-68.8448121282,-32.880889336,1,Parque Central,1655357.93265,0
41016,Platano,11/04/2011 13:56,Alto (> 8 mts),150,Grande,-68.8405209462,-32.8799642059,1,Parque Central,1655357.93265,0
25577,Morera,07/02/2011 17:41,Medio (4 - 8 mts),98,Grande,-68.8387718534,-32.9013131183,2,Barrio Civico,2366816.36021,0
13271,Morera,23/02/2011 12:23,Alto (> 8 mts),180,Grande,-68.8476757673,-32.8646708829,6,Residencial Norte,2694682.37982,0
42779,Fresno europeo,30/09/2011 13:02,Bajo (2 - 4 mts),80,Grande,-68.8295259693,-32.8785418058,4,Cuarta Este Área Fundacional,1822015.85685,0
28804,Fresno europeo,18/04/2011 10:17,Muy bajo (1 - 2 mts),12,Chico,-68.8484351741,-32.8856608372,1,Parque Central,1655357.93265,0
3598,Perenne,01/09/2011 13:28,Bajo (2 - 4 mts),33,Mediano,-68.8288123447,-32.8687664877,4,Cuarta Este Área Fundacional,1822015.85685,0
42922,Fresno europeo,29/09/2011 10:49,Medio (4 - 8 mts),125,Grande,-68.8347914421,-32.8765869674,4,Cuarta Este Área Fundacional,1822015.85685,0
29149,Paraiso,10/03/2011 12:53,Alto (> 8 mts),140,Grande,-68.8468067383,-32.8885517705,2,Barrio Civico,2366816.36021,0
44694,Morera,19/08/2011 09:56,Alto (> 8 mts),220,Grande,-68.8233153914,-32.867316583,4,Cuarta Este Área Fundacional,1822015.85685,0
30031,Platano,29/04/2011 10:48,Alto (> 8 mts),104,Grande,-68.8404149892,-32.8870217913,3,Parque O'Higgins,1531146.02653,0
1523,Fresno americano,24/11/2011 10:13,Muy bajo (1 - 2 mts),20,Chico,-68.8734780646,-32.8781630468,7,Residencial Parque,1786336.08966,0
25923,Paraiso,16/02/2011 16:51,Alto (> 8 mts),88,Grande,-68.8379000827,-32.9020951321,2,Barrio Civico,2366816.36021,0
16614,Paraiso,26/07/2011 09:34,Alto (> 8 mts),175,Grande,-68.8404703138,-32.865922518,4,Cuarta Oeste,1173332.70145,0
41388,Morera,15/04/2011 11:24,Muy bajo (1 - 2 mts),6,Chico,-68.8412219574,-32.8820653215,1,Parque Central,1655357.93265,0
43531,Fresno americano,19/10/2011 17:24,Medio (4 - 8 mts),120,Grande,-68.8309299674,-32.8825502024,3,Parque O'Higgins,1531146.02653,0
7914,Morera,10/06/2011 08:34,Alto (> 8 mts),105,Grande,-68.8592370855,-32.8881837022,5,Residencial Sur,2423808.92355,0
41364,Platano,25/04/2011 14:54,Muy bajo (1 - 2 mts),7,Chico,-68.8424628863,-32.8831567394,1,Parque Central,1655357.93265,0
16103,Morera,15/07/2011 10:48,Medio (4 - 8 mts),35,Mediano,-68.8449590705,-32.8716158707,6,Residencial Norte,2694682.37982,0
3986,Morera,23/09/2011 11:58,Muy bajo (1 - 2 mts),8,Chico,-68.8307769996,-32.8774134316,4,Cuarta Este Área Fundacional,1822015.85685,0
4691,Paraiso,04/08/2011 10:33,Alto (> 8 mts),149,Grande,-68.8366970428,-32.8660243372,4,Cuarta Oeste,1173332.70145,0
13053,Prunas,16/02/2011 12:02,Medio (4 - 8 mts),50,Mediano,-68.8451276221,-32.8643966607,4,Cuarta Oeste,1173332.70145,0
13371,Fresno europeo,11/01/2011 10:08,Medio (4 - 8 mts),43,Mediano,-68.845176745,-32.8661324846,4,Cuarta Oeste,1173332.70145,0
20693,Paraiso,31/05/2011 12:01,Alto (> 8 mts),115,Grande,-68.8614777696,-32.8980220332,5,Residencial Sur,2423808.92355,1
44508,Fresno europeo,18/10/2011 10:17,Muy bajo (1 - 2 mts),8,Chico,-68.8359831339,-32.8859141116,3,Parque O'Higgins,1531146.02653,0
13055,Paraiso,16/02/2011 11:58,Alto (> 8 mts),138,Grande,-68.8452483454,-32.8644014087,4,Cuarta Oeste,1173332.70145,0
18563,Morera,07/07/2011 11:04,Alto (> 8 mts),158,Grande,-68.8370429328,-32.8733638416,4,Cuarta Oeste,1173332.70145,0
28586,Morera,22/02/2011 09:37,Alto (> 8 mts),250,Grande,-68.8490830649,-32.8900912716,5,Residencial Sur,2423808.92355,0
12424,Braquiquito,24/01/2011 09:45,Bajo (2 - 4 mts),15,Chico,-68.848478855,-32.8664785243,6,Residencial Norte,2694682.37982,0
11101,Morera,29/03/2011 09:11,Alto (> 8 mts),126,Grande,-68.8528445437,-32.8812318646,1,Parque Central,1655357.93265,0
4030,Morera,21/09/2011 11:34,Alto (> 8 mts),65,Grande,-68.8293131023,-32.8732114459,4,Cuarta Este Área Fundacional,1822015.85685,0
44482,Platano,17/10/2011 12:26,Alto (> 8 mts),220,Grande,-68.8360693661,-32.8846426585,3,Parque O'Higgins,1531146.02653,0
28275,Platano,28/02/2011 15:37,Alto (> 8 mts),182,Grande,-68.8491835036,-32.8925504306,2,Barrio Civico,2366816.36021,0
25902,Morera,07/02/2011 15:32,Alto (> 8 mts),178,Grande,-68.8394688328,-32.9024536608,2,Barrio Civico,2366816.36021,0
1030,Aguaribay,14/12/2011 11:00,Bajo (2 - 4 mts),70,Grande,-68.8819626399,-32.8650332111,8,Aeroparque,2203364.73622,0
20859,Fresno europeo,26/05/2011 12:04,Alto (> 8 mts),104,Grande,-68.8592000233,-32.8954805893,5,Residencial Sur,2423808.92355,0
28391,Fresno americano,14/03/2011 13:30,Medio (4 - 8 mts),146,Grande,-68.8490207517,-32.8877741298,5,Residencial Sur,2423808.92355,0
29156,Morera,10/03/2011 12:34,Alto (> 8 mts),180,Grande,-68.8468368399,-32.8891690785,2,Barrio Civico,2366816.36021,1
42714,Fresno europeo,30/09/2011 11:53,Alto (> 8 mts),140,Grande,-68.8282214904,-32.8778477914,4,Cuarta Este Área Fundacional,1822015.85685,1
7604,Acacia SP,06/06/2011 09:39,Medio (4 - 8 mts),110,Grande,-68.8600608125,-32.8823043482,7,Residencial Parque,1786336.08966,0
41057,Caducifolio,28/04/2011 11:01,Bajo (2 - 4 mts),8,Chico,-68.8383914948,-32.8821914273,1,Parque Central,1655357.93265,0
7191,Fresno europeo,17/06/2011 10:35,Medio (4 - 8 mts),70,Grande,-68.8583208469,-32.8988670382,5,Residencial Sur,2423808.92355,0
39799,Platano,05/05/2011 09:21,Alto (> 8 mts),145,Grande,-68.8481463078,-32.884331717,1,Parque Central,1655357.93265,0
15619,Paraiso,17/11/2011 16:11,Bajo (2 - 4 mts),50,Mediano,-68.8617889384,-32.8718320642,7,Residencial Parque,1786336.08966,0
28652,Morera,23/02/2011 09:26,Bajo (2 - 4 mts),31,Mediano,-68.8485929755,-32.8902961125,5,Residencial Sur,2423808.92355,0
26462,Fresno europeo,09/11/2011 09:03,Medio (4 - 8 mts),105,Grande,-68.8331980596,-32.8926961972,3,Parque O'Higgins,1531146.02653,0
12553,Morera,11/01/2011 10:33,Alto (> 8 mts),170,Grande,-68.8451576265,-32.8633237255,4,Cuarta Oeste,1173332.70145,0
47640,Morera,08/09/2011 21:29,Alto (> 8 mts),207,Grande,-68.8285117066,-32.8719702305,4,Cuarta Este Área Fundacional,1822015.85685,0
22736,Morera,12/05/2011 10:58,Medio (4 - 8 mts),82,Grande,-68.8541790516,-32.9009534164,5,Residencial Sur,2423808.92355,0
47724,Fresno europeo,15/09/2011 10:26,Alto (> 8 mts),240,Grande,-68.8284388384,-32.8720789651,4,Cuarta Este Área Fundacional,1822015.85685,0
16651,Paraiso,19/07/2011 12:12,Alto (> 8 mts),158,Grande,-68.8410283462,-32.8635010345,4,Cuarta Oeste,1173332.70145,0
28674,Platano,02/03/2011 09:15,Alto (> 8 mts),109,Grande,-68.8466825332,-32.8914977874,2,Barrio Civico,2366816.36021,0
8381,Fresno europeo,04/02/2011 13:05,Medio (4 - 8 mts),62,Grande,-68.8386674524,-32.9024943369,2,Barrio Civico,2366816.36021,0
37103,Eucalyptus,06/04/2011 14:10,Medio (4 - 8 mts),40,Mediano,-68.8589952592,-32.8761707062,7,Residencial Parque,1786336.08966,0
14458,Jacaranda,02/12/2011 10:38,Bajo (2 - 4 mts),40,Mediano,-68.8784206109,-32.8660046585,8,Aeroparque,2203364.73622,0
14978,Conifera,21/12/2011 13:15,Alto (> 8 mts),1,Chico,-68.880651129,-32.8714898496,8,Aeroparque,2203364.73622,0
26846,Morera,07/11/2011 09:32,Alto (> 8 mts),180,Grande,-68.8335009812,-32.8928632523,3,Parque O'Higgins,1531146.02653,1
3666,Morera,26/08/2011 10:47,Medio (4 - 8 mts),193,Grande,-68.8205394639,-32.868759768,4,Cuarta Este Área Fundacional,1822015.85685,0
39116,Fresno europeo,16/01/2012 12:50,Muy bajo (1 - 2 mts),2,Chico,-68.8528836109,-32.8720329171,6,Residencial Norte,2694682.37982,0
46871,Morera,09/09/2011 11:09,Alto (> 8 mts),178,Grande,-68.8333872068,-32.8708909994,4,Cuarta Este Área Fundacional,1822015.85685,0
5410,Paraiso sombrilla,19/04/2011 08:57,Bajo (2 - 4 mts),32,Mediano,-68.8434036884,-32.8785065429,1,Parque Central,1655357.93265,0
36309,Paraiso sombrilla,04/04/2011 12:15,Bajo (2 - 4 mts),32,Mediano,-68.8531304617,-32.8766841445,6,Residencial Norte,2694682.37982,0
42808,Fresno europeo,07/10/2011 17:45,Medio (4 - 8 mts),98,Grande,-68.8311104314,-32.877703902,4,Cuarta Este Área Fundacional,1822015.85685,0
44765,Morera,24/08/2011 09:34,Alto (> 8 mts),105,Grande,-68.8235452951,-32.8687722285,4,Cuarta Este Área Fundacional,1822015.85685,0
37988,Fresno europeo,10/01/2012 13:44,Medio (4 - 8 mts),86,Grande,-68.8480874647,-32.8733570247,6,Residencial Norte,2694682.37982,0
1324,Paraiso,29/11/2011 12:45,Muy bajo (1 - 2 mts),10,Chico,-68.8779484842,-32.864672143600004,8,Aeroparque,2203364.73622,0
28073,Morera,21/02/2011 18:08,Alto (> 8 mts),114,Grande,-68.8503613819,-32.8918797502,5,Residencial Sur,2423808.92355,1
37062,Jacaranda,04/04/2011 13:04,Medio (4 - 8 mts),54,Mediano,-68.8566078214,-32.8770015178,6,Residencial Norte,2694682.37982,0
15241,Fresno europeo,16/11/2011 12:22,Muy bajo (1 - 2 mts),12,Chico,-68.8603188966,-32.8694134381,6,Residencial Norte,2694682.37982,0
3537,Fresno europeo,05/09/2011 10:42,Medio (4 - 8 mts),70,Grande,-68.8336279719,-32.8690942811,4,Cuarta Oeste,1173332.70145,1
27982,Fresno americano,31/10/2011 09:24,Medio (4 - 8 mts),120,Grande,-68.8371000101,-32.8930716582,3,Parque O'Higgins,1531146.02653,0
6920,Fresno europeo,10/06/2011 09:48,Alto (> 8 mts),76,Grande,-68.8539215716,-32.8966866702,5,Residencial Sur,2423808.92355,0
33905,Morera,13/07/2011 11:56,Bajo (2 - 4 mts),100,Grande,-68.8538475744,-32.8856717977,5,Residencial Sur,2423808.92355,1
33586,Acacia SP,16/05/2011 10:44,Alto (> 8 mts),205,Grande,-68.8553326307,-32.8871701531,5,Residencial Sur,2423808.92355,1
13963,Paraiso sombrilla,29/11/2011 11:22,Medio (4 - 8 mts),125,Grande,-68.8771740424,-32.8652978974,8,Aeroparque,2203364.73622,0
15307,Morera,17/11/2011 13:07,Medio (4 - 8 mts),82,Grande,-68.8592160932,-32.8701187184,6,Residencial Norte,2694682.37982,0
28758,Morera,02/03/2011 08:40,Medio (4 - 8 mts),50,Mediano,-68.8491426146,-32.8872802877,5,Residencial Sur,2423808.92355,0
33443,Platano,15/06/2011 12:06,Alto (> 8 mts),150,Grande,-68.8561414132,-32.8887608593,5,Residencial Sur,2423808.92355,0
7691,Fresno europeo,24/05/2011 11:54,Bajo (2 - 4 mts),6,Chico,-68.8527697371,-32.8842610061,5,Residencial Sur,2423808.92355,0
34898,Fresno europeo,29/03/2011 10:09,Alto (> 8 mts),110,Grande,-68.8519443021,-32.8814042356,1,Parque Central,1655357.93265,0
30920,Fresno europeo,14/02/2011 09:21,Medio (4 - 8 mts),90,Grande,-68.855990561,-32.8643187736,6,Residencial Norte,2694682.37982,0
30437,Platano,21/02/2011 10:05,Alto (> 8 mts),230,Grande,-68.841908814,-32.8879822889,3,Parque O'Higgins,1531146.02653,0
14192,Olmo comun,30/11/2011 13:23,Medio (4 - 8 mts),115,Grande,-68.8771742252,-32.86729054,8,Aeroparque,2203364.73622,0
17498,Morera,28/07/2011 14:57,Alto (> 8 mts),220,Grande,-68.8386990858,-32.8663841806,4,Cuarta Oeste,1173332.70145,0
20175,Fresno europeo,13/05/2011 09:33,Medio (4 - 8 mts),57,Mediano,-68.8600036673,-32.8925149906,5,Residencial Sur,2423808.92355,0
533,Morera,08/03/2012 17:55,Medio (4 - 8 mts),120,Grande,-68.8214265293,-32.868357311,4,Cuarta Este Área Fundacional,1822015.85685,0
24720,Morera,17/02/2011 10:45,Bajo (2 - 4 mts),17,Chico,-68.8410036876,-32.8992385483,2,Barrio Civico,2366816.36021,0
7942,Fresno europeo,01/03/2011 11:47,Bajo (2 - 4 mts),35,Mediano,-68.8473568169,-32.8879589036,2,Barrio Civico,2366816.36021,0
3596,Morera,01/09/2011 11:20,Medio (4 - 8 mts),75,Grande,-68.8303196481,-32.8688137946,4,Cuarta Este Área Fundacional,1822015.85685,0
14303,Acer,06/12/2011 09:55,Medio (4 - 8 mts),62,Grande,-68.8770991265,-32.8680768283,8,Aeroparque,2203364.73622,0
23056,Olmo comun,14/06/2011 13:36,Medio (4 - 8 mts),66,Grande,-68.8625242254,-32.9021376752,5,Residencial Sur,2423808.92355,0
40643,Platano,15/04/2011 10:34,Alto (> 8 mts),180,Grande,-68.844014489,-32.885151455,1,Parque Central,1655357.93265,1
34669,Morera,31/03/2011 09:04,Alto (> 8 mts),120,Grande,-68.8503376703,-32.8761001434,6,Residencial Norte,2694682.37982,0
25034,Fresno europeo,15/02/2011 08:35,Alto (> 8 mts),81,Grande,-68.8362261167,-32.8968538377,2,Barrio Civico,2366816.36021,0
17316,Morera,10/08/2011 07:39,Alto (> 8 mts),123,Grande,-68.8342723801,-32.8653588195,4,Cuarta Oeste,1173332.70145,0
16441,Paraiso,12/08/2011 09:50,Alto (> 8 mts),114,Grande,-68.8417063626,-32.8630517381,4,Cuarta Oeste,1173332.70145,0
40703,Morera,19/04/2011 09:36,Alto (> 8 mts),212,Grande,-68.8417475307,-32.8840830782,1,Parque Central,1655357.93265,0
16318,Acer,22/07/2011 10:36,Muy bajo (1 - 2 mts),2,Chico,-68.8424193943,-32.8625202773,4,Cuarta Oeste,1173332.70145,0
5025,Perenne,22/07/2011 09:11,Bajo (2 - 4 mts),20,Chico,-68.8402657564,-32.8635112677,4,Cuarta Oeste,1173332.70145,0
36306,Platano,04/04/2011 12:05,Medio (4 - 8 mts),152,Grande,-68.8533985027,-32.8766327414,6,Residencial Norte,2694682.37982,0
5299,Acer,28/04/2011 13:23,Medio (4 - 8 mts),70,Grande,-68.8432002125,-32.8768144823,1,Parque Central,1655357.93265,0
3440,Perenne,17/08/2011 11:32,Bajo (2 - 4 mts),36,Mediano,-68.827453948,-32.866523625,4,Cuarta Este Área Fundacional,1822015.85685,0
5704,Fresno europeo,02/05/2011 10:32,Alto (> 8 mts),130,Grande,-68.8403641693,-32.8751103245,1,Parque Central,1655357.93265,0
35254,Fresno europeo,24/06/2011 13:18,Medio (4 - 8 mts),110,Grande,-68.8516834521,-32.8835860699,1,Parque Central,1655357.93265,0
28837,Morera,27/04/2011 11:50,Alto (> 8 mts),150,Grande,-68.8485180426,-32.8849427496,1,Parque Central,1655357.93265,0
42681,Prunas,23/09/2011 11:48,Muy bajo (1 - 2 mts),10,Chico,-68.8306624238,-32.8777314011,4,Cuarta Este Área Fundacional,1822015.85685,0
20959,Perenne,27/05/2011 12:15,Bajo (2 - 4 mts),22,Mediano,-68.8617739576,-32.8946826691,5,Residencial Sur,2423808.92355,0
40593,Morera,15/04/2011 10:56,Muy bajo (1 - 2 mts),15,Chico,-68.8456423631,-32.8840807323,1,Parque Central,1655357.93265,0
9559,Fresno europeo,07/02/2011 12:49,Bajo (2 - 4 mts),16,Chico,-68.8549918013,-32.8635803035,6,Residencial Norte,2694682.37982,0
25109,Morera,11/02/2011 10:24,Alto (> 8 mts),135,Grande,-68.836902051,-32.8988697104,2,Barrio Civico,2366816.36021,0
47501,Paraiso sombrilla,29/08/2011 15:20,Medio (4 - 8 mts),55,Mediano,-68.8274086298,-32.8705081496,4,Cuarta Este Área Fundacional,1822015.85685,0
48310,Paraiso,19/08/2011 11:05,Bajo (2 - 4 mts),55,Mediano,-68.8281024429,-32.8687153647,4,Cuarta Este Área Fundacional,1822015.85685,0
35366,Caducifolio,21/06/2011 15:20,Bajo (2 - 4 mts),26,Mediano,-68.8543329769,-32.8827917268,5,Residencial Sur,2423808.92355,0
12931,Paraiso sombrilla,12/01/2011 13:26,Bajo (2 - 4 mts),36,Mediano,-68.8440000418,-32.8642163878,4,Cuarta Oeste,1173332.70145,0
6945,Fresno europeo,03/06/2011 09:27,Alto (> 8 mts),114,Grande,-68.8570665841,-32.8968864477,5,Residencial Sur,2423808.92355,0
14003,Paraiso sombrilla,29/11/2011 17:37,Bajo (2 - 4 mts),100,Grande,-68.8782152963,-32.8652235525,8,Aeroparque,2203364.73622,0
16940,Morera,16/08/2011 13:19,Medio (4 - 8 mts),125,Grande,-68.8368816886,-32.8651955426,4,Cuarta Oeste,1173332.70145,0
12352,Morera,13/01/2011 12:28,Alto (> 8 mts),195,Grande,-68.8475720242,-32.8664803243,6,Residencial Norte,2694682.37982,0
35820,Morera,03/03/2011 13:44,Alto (> 8 mts),160,Grande,-68.8536864957,-32.8732663846,6,Residencial Norte,2694682.37982,0
11913,Morera,12/05/2010 12:08,Bajo (2 - 4 mts),77,Grande,-68.8514337325,-32.8665241296,6,Residencial Norte,2694682.37982,0
10740,Paraiso,05/04/2011 11:53,Medio (4 - 8 mts),90,Grande,-68.8569693733,-32.8759552033,6,Residencial Norte,2694682.37982,0
10476,Morera,04/03/2011 09:08,Medio (4 - 8 mts),103,Grande,-68.8535291646,-32.873673199,6,Residencial Norte,2694682.37982,0
14771,Aguaribay,06/12/2011 16:55,Bajo (2 - 4 mts),22,Mediano,-68.8792250275,-32.868994252,8,Aeroparque,2203364.73622,0
33475,Platano,15/06/2011 09:53,Alto (> 8 mts),197,Grande,-68.856246689,-32.8897436901,5,Residencial Sur,2423808.92355,0
29453,Morera,15/03/2011 13:12,Alto (> 8 mts),186,Grande,-68.8450484873,-32.8940408056,2,Barrio Civico,2366816.36021,0
35621,Paraiso,15/03/2011 13:31,Medio (4 - 8 mts),144,Grande,-68.8562883655,-32.873925744,6,Residencial Norte,2694682.37982,0
7864,Acer,21/06/2011 13:20,Alto (> 8 mts),125,Grande,-68.8529219084,-32.8898712772,5,Residencial Sur,2423808.92355,0
47688,Morera,09/09/2011 14:35,Alto (> 8 mts),160,Grande,-68.829532058,-32.8720105783,4,Cuarta Este Área Fundacional,1822015.85685,0
31127,Paraiso,08/02/2011 10:34,Muy bajo (1 - 2 mts),20,Chico,-68.8542396972,-32.8640427829,6,Residencial Norte,2694682.37982,0
31425,Platano,14/07/2011 10:05,Alto (> 8 mts),210,Grande,-68.8498194219,-32.88528579,1,Parque Central,1655357.93265,0
40186,Morera,14/04/2011 12:28,Medio (4 - 8 mts),33,Mediano,-68.8454950221,-32.8829111318,1,Parque Central,1655357.93265,0
23551,Fresno europeo,31/01/2011 19:17,Bajo (2 - 4 mts),30,Mediano,-68.8504808508,-32.9031470982,2,Barrio Civico,2366816.36021,0
45216,Acacia SP,28/09/2011 10:07,Alto (> 8 mts),180,Grande,-68.8223265531,-32.872275478,4,Cuarta Este Área Fundacional,1822015.85685,0
6879,Morera,07/06/2011 10:14,Alto (> 8 mts),120,Grande,-68.8589103284,-32.8949872893,5,Residencial Sur,2423808.92355,0
24665,Olmo comun,18/01/2011 13:41,Medio (4 - 8 mts),125,Grande,-68.8425362351,-32.9011231308,2,Barrio Civico,2366816.36021,0
11322,Prunas,13/01/2011 17:10,Medio (4 - 8 mts),43,Mediano,-68.8471597811,-32.900050903,2,Barrio Civico,2366816.36021,0
46688,Paraiso sombrilla,05/09/2011 12:56,Alto (> 8 mts),165,Grande,-68.8326993676,-32.8703468107,4,Cuarta Este Área Fundacional,1822015.85685,0
13345,Paraiso,12/01/2011 10:23,Alto (> 8 mts),210,Grande,-68.8462059572,-32.8665142694,4,Cuarta Oeste,1173332.70145,0
1176,Morera,29/11/2011 10:10,Medio (4 - 8 mts),30,Mediano,-68.876151164,-32.8649846813,8,Aeroparque,2203364.73622,0
2055,Fresno americano,11/10/2011 17:04,Bajo (2 - 4 mts),24,Mediano,-68.8292034628,-32.8814344063,3,Parque O'Higgins,1531146.02653,0
10585,Paraiso,29/03/2011 13:10,Bajo (2 - 4 mts),30,Mediano,-68.8525343132,-32.8764972524,6,Residencial Norte,2694682.37982,0
9010,Platano,11/01/2011 13:51,Alto (> 8 mts),130,Grande,-68.8453849857,-32.8670854135,4,Cuarta Oeste,1173332.70145,0
37851,Fresno europeo,24/11/2010 10:23,Alto (> 8 mts),160,Grande,-68.8523986515,-32.872718986,6,Residencial Norte,2694682.37982,0
35240,Platano,22/03/2011 11:32,Alto (> 8 mts),168,Grande,-68.8539889818,-32.8822046844,1,Parque Central,1655357.93265,0
17212,Morera,12/08/2011 10:15,Alto (> 8 mts),196,Grande,-68.8361807351,-32.8636025939,4,Cuarta Oeste,1173332.70145,1
26700,Fresno europeo,09/11/2011 10:32,Medio (4 - 8 mts),88,Grande,-68.8323239283,-32.8929359825,3,Parque O'Higgins,1531146.02653,0
22655,Fresno europeo,21/06/2011 11:13,Medio (4 - 8 mts),60,Mediano,-68.8600100845,-32.9004947184,5,Residencial Sur,2423808.92355,0
33197,Prunas,11/05/2011 12:12,Bajo (2 - 4 mts),100,Grande,-68.8563654162,-32.8911450094,5,Residencial Sur,2423808.92355,0
19249,Morera,03/08/2011 12:36,Alto (> 8 mts),160,Grande,-68.8379296671,-32.8701542415,4,Cuarta Oeste,1173332.70145,0
13825,Morera,25/01/2011 10:16,Bajo (2 - 4 mts),80,Grande,-68.8491461064,-32.8635588688,6,Residencial Norte,2694682.37982,0
4506,Morera,02/08/2011 07:37,Alto (> 8 mts),75,Grande,-68.8401224256,-32.8685621343,4,Cuarta Oeste,1173332.70145,0
48150,Acer,17/08/2011 10:31,Alto (> 8 mts),133,Grande,-68.8302818389,-32.8682496397,4,Cuarta Este Área Fundacional,1822015.85685,0
43363,Morera,25/10/2011 17:52,Alto (> 8 mts),120,Grande,-68.8335379618,-32.8799873934,1,Parque Central,1655357.93265,1
41222,Acer,15/04/2011 13:42,Alto (> 8 mts),115,Grande,-68.8387074641,-32.8820499358,1,Parque Central,1655357.93265,0
26830,Morera,09/11/2011 11:48,Medio (4 - 8 mts),50,Mediano,-68.8330580198,-32.8938513098,3,Parque O'Higgins,1531146.02653,0
17565,Jacaranda,28/07/2011 09:56,Muy bajo (1 - 2 mts),5,Chico,-68.8411331575,-32.8669502117,4,Cuarta Oeste,1173332.70145,0
7759,Morera,17/05/2011 09:25,Bajo (2 - 4 mts),36,Mediano,-68.852237343,-32.8860812008,5,Residencial Sur,2423808.92355,0
22470,Paraiso,23/06/2011 12:39,Alto (> 8 mts),160,Grande,-68.86185264,-32.8992783198,5,Residencial Sur,2423808.92355,0
19697,Morera,12/07/2011 09:43,Alto (> 8 mts),120,Grande,-68.8348114825,-32.8715606099,4,Cuarta Oeste,1173332.70145,1
412,Acer,06/03/2012 12:30,Bajo (2 - 4 mts),24,Mediano,-68.8181695523,-32.8673379826,4,Cuarta Este Área Fundacional,1822015.85685,0
34258,Morera,04/03/2011 12:05,Medio (4 - 8 mts),160,Grande,-68.8527152918,-32.874441144,6,Residencial Norte,2694682.37982,0
18451,Morera,11/07/2011 09:47,Alto (> 8 mts),145,Grande,-68.8397714488,-32.8732886485,4,Cuarta Oeste,1173332.70145,0
11570,Paraiso,10/05/2010 11:45,Bajo (2 - 4 mts),150,Grande,-68.8518195698,-32.8673530384,6,Residencial Norte,2694682.37982,0
2144,Morera,28/10/2011 10:51,Alto (> 8 mts),169,Grande,-68.8388178514,-32.8918580584,3,Parque O'Higgins,1531146.02653,1
20009,Platano,11/08/2011 10:02,Alto (> 8 mts),280,Grande,-68.8335311813,-32.8666372692,4,Cuarta Oeste,1173332.70145,0
5499,Fresno europeo,08/04/2011 12:24,Bajo (2 - 4 mts),28,Mediano,-68.8437576757,-32.8805210036,1,Parque Central,1655357.93265,0
34082,Olmo bola,31/05/2011 13:09,Bajo (2 - 4 mts),60,Mediano,-68.8562223686,-32.8838965931,5,Residencial Sur,2423808.92355,0
24341,Fresno europeo,26/01/2011 12:29,Alto (> 8 mts),105,Grande,-68.8439784691,-32.902669381,2,Barrio Civico,2366816.36021,0
27403,Morera,19/10/2011 12:28,Medio (4 - 8 mts),105,Grande,-68.8342959927,-32.8883041399,3,Parque O'Higgins,1531146.02653,0
35825,Morera,03/03/2011 13:19,Alto (> 8 mts),152,Grande,-68.8541347672,-32.8731863868,6,Residencial Norte,2694682.37982,0
39949,Morera,28/04/2011 09:58,Medio (4 - 8 mts),160,Grande,-68.8450102986,-32.8766247533,1,Parque Central,1655357.93265,0
41475,Platano,07/04/2011 11:41,Alto (> 8 mts),220,Grande,-68.8434034114,-32.8806214906,1,Parque Central,1655357.93265,0
8711,Morera,10/02/2011 09:24,Alto (> 8 mts),250,Grande,-68.8377500925,-32.9002970024,2,Barrio Civico,2366816.36021,0
48010,Morera,29/08/2011 08:54,Alto (> 8 mts),130,Grande,-68.8267214229,-32.8689450145,4,Cuarta Este Área Fundacional,1822015.85685,0
15776,Fresno americano,23/11/2011 11:22,Bajo (2 - 4 mts),60,Mediano,-68.8726863856,-32.8778486551,7,Residencial Parque,1786336.08966,0
32858,Fresno europeo,10/06/2011 11:25,Alto (> 8 mts),120,Grande,-68.8490915249,-32.8856079902,1,Parque Central,1655357.93265,0
14378,Paraiso sombrilla,01/12/2011 11:30,Bajo (2 - 4 mts),66,Grande,-68.8784150023,-32.8664222832,8,Aeroparque,2203364.73622,0
1683,Morera,23/11/2011 07:57,Medio (4 - 8 mts),70,Grande,-68.8723131003,-32.879535641,7,Residencial Parque,1786336.08966,0
3670,Morera,25/08/2011 13:59,Medio (4 - 8 mts),96,Grande,-68.8201772009,-32.869485767,4,Cuarta Este Área Fundacional,1822015.85685,0
33122,Fresno europeo,27/06/2011 11:38,Alto (> 8 mts),137,Grande,-68.8540208072,-32.8902645852,5,Residencial Sur,2423808.92355,0
16418,Morera,02/08/2011 09:53,Medio (4 - 8 mts),42,Mediano,-68.8346092927,-32.8666622893,4,Cuarta Oeste,1173332.70145,0
30021,Platano,02/05/2011 14:23,Alto (> 8 mts),98,Grande,-68.8409043261,-32.8864364583,3,Parque O'Higgins,1531146.02653,0
13506,Morera,01/02/2011 13:18,Alto (> 8 mts),150,Grande,-68.8513764548,-32.8635892879,6,Residencial Norte,2694682.37982,1
40664,Fresno europeo,13/04/2011 09:21,Medio (4 - 8 mts),38,Mediano,-68.8439933424,-32.8841870011,1,Parque Central,1655357.93265,0
34547,Morera,30/03/2011 12:32,Alto (> 8 mts),194,Grande,-68.8490926105,-32.875389736,6,Residencial Norte,2694682.37982,0
24775,Platano,15/02/2011 09:46,Alto (> 8 mts),270,Grande,-68.840496021,-32.8952901505,2,Barrio Civico,2366816.36021,0
2122,Morera,11/11/2011 12:14,Medio (4 - 8 mts),110,Grande,-68.8308202253,-32.8862332643,3,Parque O'Higgins,1531146.02653,1
31412,Fresno europeo,23/05/2011 10:05,Muy bajo (1 - 2 mts),4,Chico,-68.8504017474,-32.8847744998,1,Parque Central,1655357.93265,0
21580,Fresno europeo,07/06/2011 12:52,Medio (4 - 8 mts),52,Mediano,-68.8546006301,-32.8960158724,5,Residencial Sur,2423808.92355,0
7727,Morera,19/05/2011 09:46,Alto (> 8 mts),160,Grande,-68.8506911822,-32.887332804,5,Residencial Sur,2423808.92355,0
22080,Fresno europeo,10/06/2011 11:35,Medio (4 - 8 mts),74,Grande,-68.8541698219,-32.8967224487,5,Residencial Sur,2423808.92355,0
29703,Morera,02/03/2011 15:11,Medio (4 - 8 mts),38,Mediano,-68.8420979763,-32.8935846462,2,Barrio Civico,2366816.36021,0
7070,Acer,03/06/2011 08:50,Medio (4 - 8 mts),90,Grande,-68.8589705842,-32.896972539,5,Residencial Sur,2423808.92355,0
24911,Fresno europeo,10/02/2011 09:37,Alto (> 8 mts),74,Grande,-68.8374620468,-32.89675758,2,Barrio Civico,2366816.36021,0
2570,Jacaranda,21/10/2011 13:33,Muy bajo (1 - 2 mts),3,Chico,-68.8313086646,-32.8888768526,3,Parque O'Higgins,1531146.02653,0
45984,Morera,24/08/2011 11:34,Medio (4 - 8 mts),37,Mediano,-68.8186078595,-32.8688237354,4,Cuarta Este Área Fundacional,1822015.85685,0
27549,Fresno europeo,26/10/2011 10:33,Alto (> 8 mts),165,Grande,-68.8357854198,-32.8923178393,3,Parque O'Higgins,1531146.02653,0
12176,Morera,19/01/2011 12:26,Alto (> 8 mts),183,Grande,-68.8474300016,-32.8681428531,6,Residencial Norte,2694682.37982,0
48407,Morera,01/09/2011 10:23,Muy bajo (1 - 2 mts),8,Chico,-68.8302276741,-32.8686387375,4,Cuarta Este Área Fundacional,1822015.85685,0
149,Paraiso,28/02/2012 18:08,Bajo (2 - 4 mts),60,Mediano,-68.8578812477,-32.8641980282,6,Residencial Norte,2694682.37982,0
41574,Platano,04/05/2011 11:52,Alto (> 8 mts),51,Mediano,-68.8413689021,-32.8782780091,1,Parque Central,1655357.93265,0
40685,Morera,19/04/2011 12:00,Alto (> 8 mts),220,Grande,-68.8428527434,-32.8838972804,1,Parque Central,1655357.93265,1
41074,Morera,28/04/2011 11:52,Alto (> 8 mts),78,Grande,-68.8388846933,-32.8837452198,1,Parque Central,1655357.93265,0
40227,Paraiso sombrilla,14/04/2011 12:22,Medio (4 - 8 mts),75,Grande,-68.8455523871,-32.8814371939,1,Parque Central,1655357.93265,0
25712,Morera,04/02/2011 09:02,Alto (> 8 mts),142,Grande,-68.8414388807,-32.9023509104,2,Barrio Civico,2366816.36021,0
11925,Morera,12/05/2010 11:52,Muy bajo (1 - 2 mts),18,Chico,-68.8510467664,-32.8673647462,6,Residencial Norte,2694682.37982,0
48175,Fresno europeo,17/08/2011 09:37,Medio (4 - 8 mts),85,Grande,-68.8290676095,-32.8676709995,4,Cuarta Este Área Fundacional,1822015.85685,0
13405,Fresno europeo,06/04/2011 12:57,Medio (4 - 8 mts),70,Grande,-68.8437562299,-32.8655354195,4,Cuarta Oeste,1173332.70145,0
8955,Morera,20/01/2011 14:10,Alto (> 8 mts),155,Grande,-68.8478951003,-32.8675033857,6,Residencial Norte,2694682.37982,0
43181,Fresno europeo,07/10/2011 13:34,Medio (4 - 8 mts),50,Mediano,-68.8309180354,-32.8803921656,3,Parque O'Higgins,1531146.02653,0
28059,Morera,16/03/2011 18:26,Alto (> 8 mts),122,Grande,-68.8455347305,-32.8930689821,2,Barrio Civico,2366816.36021,1
8593,Ailanthus,11/02/2011 08:41,Alto (> 8 mts),50,Mediano,-68.8373515644,-32.8991995192,2,Barrio Civico,2366816.36021,0
37574,Morera,16/11/2010 10:23,Medio (4 - 8 mts),88,Grande,-68.8571298881,-32.8704296668,6,Residencial Norte,2694682.37982,0
34466,Paraiso,11/03/2011 09:47,Alto (> 8 mts),144,Grande,-68.8498476723,-32.8739801448,6,Residencial Norte,2694682.37982,1
45191,Fresno europeo,28/09/2011 13:05,Alto (> 8 mts),180,Grande,-68.8224752143,-32.8727425861,4,Cuarta Este Área Fundacional,1822015.85685,0
26843,Morera,07/11/2011 09:41,Alto (> 8 mts),70,Grande,-68.8331128566,-32.8928804703,3,Parque O'Higgins,1531146.02653,0
28311,Morera,10/03/2011 15:13,Medio (4 - 8 mts),56,Mediano,-68.8494442419,-32.8922297382,2,Barrio Civico,2366816.36021,0
11043,Morera,04/04/2011 11:47,Medio (4 - 8 mts),45,Mediano,-68.8575221005,-32.880243163,7,Residencial Parque,1786336.08966,0
38954,Morera,03/01/2011 09:32,Medio (4 - 8 mts),110,Grande,-68.8558771875,-32.8708910697,6,Residencial Norte,2694682.37982,0
23101,Morera,19/01/2011 15:49,Alto (> 8 mts),185,Grande,-68.8472453786,-32.9017222143,2,Barrio Civico,2366816.36021,1
14001,Paraiso,29/11/2011 17:41,Bajo (2 - 4 mts),100,Grande,-68.8781902444,-32.8651206437,8,Aeroparque,2203364.73622,0
4115,Fresno europeo,28/09/2011 11:29,Medio (4 - 8 mts),50,Mediano,-68.8254602972,-32.8746592896,4,Cuarta Este Área Fundacional,1822015.85685,0
25011,Morera,15/02/2011 11:56,Alto (> 8 mts),130,Grande,-68.8349999085,-32.8961086494,2,Barrio Civico,2366816.36021,0
32018,Morera,03/06/2011 10:37,Alto (> 8 mts),135,Grande,-68.8573512581,-32.8874328328,5,Residencial Sur,2423808.92355,0
10575,Paraiso sombrilla,28/03/2011 09:35,Medio (4 - 8 mts),42,Mediano,-68.8532511804,-32.8756365136,6,Residencial Norte,2694682.37982,0
15841,Paraiso,25/11/2011 11:25,Bajo (2 - 4 mts),30,Mediano,-68.8725202797,-32.8773089422,7,Residencial Parque,1786336.08966,0
12940,Fresno europeo,14/01/2011 11:00,Bajo (2 - 4 mts),24,Mediano,-68.8441833614,-32.8638490041,4,Cuarta Oeste,1173332.70145,0
33550,Morera,30/05/2011 10:38,Alto (> 8 mts),126,Grande,-68.8544399279,-32.8879681066,5,Residencial Sur,2423808.92355,0
7648,Caducifolio,27/05/2011 10:58,Bajo (2 - 4 mts),22,Mediano,-68.8548287316,-32.884636234,5,Residencial Sur,2423808.92355,0
22567,Acer,16/06/2011 10:55,Alto (> 8 mts),103,Grande,-68.8617463762,-32.9003575492,5,Residencial Sur,2423808.92355,0
19970,Prunas,05/08/2011 09:02,Bajo (2 - 4 mts),35,Mediano,-68.8331229833,-32.8646072789,4,Cuarta Oeste,1173332.70145,0
42054,Olmo bola,12/04/2011 13:07,Medio (4 - 8 mts),100,Grande,-68.843129577,-32.8804707451,1,Parque Central,1655357.93265,0
20748,Fresno europeo,01/06/2011 11:21,Bajo (2 - 4 mts),15,Chico,-68.8618450185,-32.8968257065,5,Residencial Sur,2423808.92355,0
14977,Paraiso,21/12/2011 16:22,Bajo (2 - 4 mts),60,Mediano,-68.880661279700007,-32.8715242797,8,Aeroparque,2203364.73622,0
844,Aguaribay,16/12/2011 12:12,Medio (4 - 8 mts),98,Grande,-68.8806808924,-32.8672342965,8,Aeroparque,2203364.73622,0
34079,Fresno europeo,31/05/2011 13:17,Bajo (2 - 4 mts),30,Mediano,-68.8563043336,-32.8842282397,5,Residencial Sur,2423808.92355,0
32351,Morera,06/05/2011 12:27,Medio (4 - 8 mts),80,Grande,-68.8515245495,-32.8928742098,5,Residencial Sur,2423808.92355,1
10720,Platano,06/04/2011 14:16,Bajo (2 - 4 mts),20,Chico,-68.8589729243,-32.8761827547,7,Residencial Parque,1786336.08966,0
7157,Fresno americano,13/05/2011 13:37,Medio (4 - 8 mts),38,Mediano,-68.8546744596,-32.8983348623,5,Residencial Sur,2423808.92355,0
9360,Tilo,16/02/2011 10:28,Medio (4 - 8 mts),46,Mediano,-68.8454216207,-32.8650555864,4,Cuarta Oeste,1173332.70145,0
38684,Prunas,17/12/2010 09:40,Medio (4 - 8 mts),35,Mediano,-68.8515802092,-32.8719866534,6,Residencial Norte,2694682.37982,0
1792,Acer,25/11/2011 09:18,Medio (4 - 8 mts),78,Grande,-68.8701075915,-32.8790120234,7,Residencial Parque,1786336.08966,0
5893,Paraiso,14/04/2011 12:24,Alto (> 8 mts),81,Grande,-68.8455320419,-32.8830664337,1,Parque Central,1655357.93265,0
42936,Morera,29/09/2011 10:18,Medio (4 - 8 mts),80,Grande,-68.8347756823,-32.8775164165,1,Parque Central,1655357.93265,0
10874,Jacaranda,01/04/2011 11:37,Alto (> 8 mts),81,Grande,-68.8583225807,-32.8783117164,7,Residencial Parque,1786336.08966,1
44336,Fresno europeo,18/10/2011 11:34,Medio (4 - 8 mts),65,Grande,-68.8353456351,-32.8827216036,3,Parque O'Higgins,1531146.02653,0
5672,Platano,02/05/2011 11:18,Bajo (2 - 4 mts),26,Mediano,-68.8402584547,-32.8753694256,1,Parque Central,1655357.93265,0
26536,Platano,21/10/2011 13:41,Alto (> 8 mts),156,Grande,-68.8314821201,-32.8903486882,3,Parque O'Higgins,1531146.02653,0
15780,Paraiso sombrilla,23/11/2011 10:47,Medio (4 - 8 mts),140,Grande,-68.8727551941,-32.8781535878,7,Residencial Parque,1786336.08966,0
24576,Fresno europeo,28/01/2011 10:02,Bajo (2 - 4 mts),53,Mediano,-68.8429704913,-32.9030509685,2,Barrio Civico,2366816.36021,0
4178,Morera,07/07/2011 09:45,Alto (> 8 mts),125,Grande,-68.8365665085,-32.8743932383,4,Cuarta Oeste,1173332.70145,1
12988,Morera,15/02/2011 12:20,Alto (> 8 mts),154,Grande,-68.8446183768,-32.86449193,4,Cuarta Oeste,1173332.70145,0
22752,Fresno europeo,11/05/2011 09:47,Medio (4 - 8 mts),40,Mediano,-68.8534740472,-32.9022420991,2,Barrio Civico,2366816.36021,0
42459,Acacia SP,30/09/2011 17:29,Alto (> 8 mts),150,Grande,-68.8321004071,-32.8755431006,4,Cuarta Este Área Fundacional,1822015.85685,0
5150,Morera,08/08/2011 10:28,Alto (> 8 mts),175,Grande,-68.84355269,-32.8701957456,4,Cuarta Oeste,1173332.70145,0
38985,Morera,27/12/2010 11:59,Medio (4 - 8 mts),120,Grande,-68.8550169999,-32.8712382803,6,Residencial Norte,2694682.37982,0
46890,Morera,08/09/2011 11:54,Medio (4 - 8 mts),124,Grande,-68.8341767634,-32.8716142153,4,Cuarta Oeste,1173332.70145,0
35680,Morera,18/03/2011 09:35,Medio (4 - 8 mts),80,Grande,-68.8551023869,-32.8741295112,6,Residencial Norte,2694682.37982,0
23654,Fresno europeo,20/01/2011 19:44,Medio (4 - 8 mts),78,Grande,-68.8484463476,-32.9000633037,2,Barrio Civico,2366816.36021,0
42635,Morera,26/09/2011 09:06,Alto (> 8 mts),160,Grande,-68.8287057891,-32.8755052255,4,Cuarta Este Área Fundacional,1822015.85685,1
21084,Paraiso sombrilla,22/06/2011 11:33,Medio (4 - 8 mts),100,Grande,-68.8625190256,-32.9002059857,5,Residencial Sur,2423808.92355,0
48102,Prunas,29/09/2011 09:37,Medio (4 - 8 mts),50,Mediano,-68.8257098427,-32.8677866615,4,Cuarta Este Área Fundacional,1822015.85685,0
1443,Aguaribay,25/11/2011 09:41,Medio (4 - 8 mts),100,Grande,-68.8714995127,-32.8755415063,7,Residencial Parque,1786336.08966,0
44418,Morera,18/10/2011 10:55,Alto (> 8 mts),220,Grande,-68.836759783,-32.8844933396,3,Parque O'Higgins,1531146.02653,1
41459,Paraiso,07/04/2011 11:15,Alto (> 8 mts),198,Grande,-68.8416802627,-32.8807786964,1,Parque Central,1655357.93265,0
13644,Fresno europeo,23/02/2011 13:27,Alto (> 8 mts),80,Grande,-68.8526030701,-32.8663422947,6,Residencial Norte,2694682.37982,0
39914,Morera,02/05/2011 10:09,Medio (4 - 8 mts),170,Grande,-68.8431307463,-32.8758386583,1,Parque Central,1655357.93265,0
22420,Morera,15/06/2011 09:53,Alto (> 8 mts),150,Grande,-68.8603101283,-32.899302298,5,Residencial Sur,2423808.92355,1
27330,Platano,25/10/2011 09:11,Alto (> 8 mts),300,Grande,-68.8355791078,-32.890381456,3,Parque O'Higgins,1531146.02653,0
45921,Fresno americano,25/08/2011 11:44,Medio (4 - 8 mts),136,Grande,-68.820262932,-32.8692557328,4,Cuarta Este Área Fundacional,1822015.85685,0
43899,Morera,11/10/2011 09:26,Medio (4 - 8 mts),130,Grande,-68.8325988012,-32.8840027291,3,Parque O'Higgins,1531146.02653,0
46666,Morera,02/09/2011 10:59,Medio (4 - 8 mts),50,Mediano,-68.8318064416,-32.8706619673,4,Cuarta Este Área Fundacional,1822015.85685,0
38271,Fresno europeo,02/12/2010 10:04,Alto (> 8 mts),180,Grande,-68.8461131526,-32.8722419895,6,Residencial Norte,2694682.37982,0
43804,Fresno europeo,18/10/2011 16:25,Bajo (2 - 4 mts),24,Mediano,-68.8319275246,-32.882502585,3,Parque O'Higgins,1531146.02653,0
23257,Fresno europeo,27/01/2012 12:28,Bajo (2 - 4 mts),70,Grande,-68.8518103281,-32.901544755,2,Barrio Civico,2366816.36021,0
38020,Morera,07/12/2010 13:00,Alto (> 8 mts),45,Mediano,-68.8480878353,-32.8714579987,6,Residencial Norte,2694682.37982,0
23462,Fresno europeo,24/01/2011 15:18,Medio (4 - 8 mts),92,Grande,-68.8491692292,-32.901590767,2,Barrio Civico,2366816.36021,0
44699,Morera,19/08/2011 09:48,Alto (> 8 mts),195,Grande,-68.8230227945,-32.8673194705,4,Cuarta Este Área Fundacional,1822015.85685,0
7074,Caducifolio,02/06/2011 14:02,Muy bajo (1 - 2 mts),24,Mediano,-68.8582405373,-32.8977589399,5,Residencial Sur,2423808.92355,0
9487,Morera,02/02/2011 09:30,Medio (4 - 8 mts),100,Grande,-68.852068828,-32.8643463117,6,Residencial Norte,2694682.37982,1
26289,Platano,21/10/2011 10:13,Alto (> 8 mts),160,Grande,-68.8314583679,-32.8899488544,3,Parque O'Higgins,1531146.02653,0
2786,Morera,21/10/2011 16:33,Medio (4 - 8 mts),180,Grande,-68.8354423837,-32.8798514071,1,Parque Central,1655357.93265,1
9532,Olmo comun,04/02/2011 13:15,Medio (4 - 8 mts),64,Grande,-68.8534828804,-32.8646550932,6,Residencial Norte,2694682.37982,0
26257,Acacia SP,25/10/2011 11:01,Alto (> 8 mts),115,Grande,-68.8304715081,-32.8897412956,3,Parque O'Higgins,1531146.02653,0
32153,Fresno americano,10/05/2011 11:05,Alto (> 8 mts),70,Grande,-68.8592498474,-32.8858830029,5,Residencial Sur,2423808.92355,0
24636,Platano,17/01/2011 12:10,Alto (> 8 mts),260,Grande,-68.8419040891,-32.899848806,2,Barrio Civico,2366816.36021,0
6977,Fresno europeo,01/06/2011 10:29,Medio (4 - 8 mts),70,Grande,-68.8618899447,-32.8964428873,5,Residencial Sur,2423808.92355,0
36441,Morera,18/03/2011 12:22,Medio (4 - 8 mts),102,Grande,-68.8522771113,-32.8800290532,6,Residencial Norte,2694682.37982,0
24923,Morera,10/02/2011 08:58,Alto (> 8 mts),142,Grande,-68.8384539358,-32.8972711779,2,Barrio Civico,2366816.36021,0
12109,Morera,20/01/2011 13:35,Medio (4 - 8 mts),90,Grande,-68.8479353968,-32.8685998053,6,Residencial Norte,2694682.37982,0
33672,Morera,13/05/2011 10:49,Alto (> 8 mts),197,Grande,-68.8557780495,-32.8875080807,5,Residencial Sur,2423808.92355,0
28193,Fresno americano,14/03/2011 17:48,Bajo (2 - 4 mts),22,Mediano,-68.846895648,-32.8932535448,2,Barrio Civico,2366816.36021,0
17354,Morera,05/08/2011 07:29,Alto (> 8 mts),180,Grande,-68.8354456391,-32.8652278362,4,Cuarta Oeste,1173332.70145,1
23535,Morera,01/02/2011 15:06,Alto (> 8 mts),120,Grande,-68.8511013497,-32.9024561885,2,Barrio Civico,2366816.36021,0
34379,Prunas,28/03/2011 10:11,Bajo (2 - 4 mts),20,Chico,-68.8512566392,-32.8750670438,6,Residencial Norte,2694682.37982,0
9125,Paraiso,21/02/2011 09:49,Medio (4 - 8 mts),73,Grande,-68.852848471,-32.865342398,6,Residencial Norte,2694682.37982,0
10056,Fresno europeo,25/10/2010 11:59,Muy bajo (1 - 2 mts),15,Chico,-68.8488872424,-32.8694535074,6,Residencial Norte,2694682.37982,0
2990,Paraiso,16/09/2011 09:20,Alto (> 8 mts),138,Grande,-68.8246785868,-32.8716837022,4,Cuarta Este Área Fundacional,1822015.85685,0
13475,Fresno europeo,02/02/2011 08:41,Alto (> 8 mts),140,Grande,-68.8521404792,-32.8635866648,6,Residencial Norte,2694682.37982,0
43984,Fresno americano,14/10/2011 12:16,Medio (4 - 8 mts),140,Grande,-68.8338475611,-32.885988207,3,Parque O'Higgins,1531146.02653,0
31501,Platano,19/05/2011 10:30,Alto (> 8 mts),170,Grande,-68.8584094322,-32.890560872,5,Residencial Sur,2423808.92355,1
32816,Morera,13/07/2011 11:58,Muy bajo (1 - 2 mts),12,Chico,-68.8531323404,-32.8856528358,5,Residencial Sur,2423808.92355,1
22005,Fresno europeo,27/05/2011 10:19,Medio (4 - 8 mts),64,Grande,-68.8587725057,-32.894874260900004,5,Residencial Sur,2423808.92355,0
7068,Fresno europeo,03/06/2011 08:58,Medio (4 - 8 mts),92,Grande,-68.8591796604,-32.8969701957,5,Residencial Sur,2423808.92355,0
17819,Morera,21/07/2011 12:31,Medio (4 - 8 mts),105,Grande,-68.8432894986,-32.8698706349,4,Cuarta Oeste,1173332.70145,0
14544,Morera,05/12/2011 12:46,Medio (4 - 8 mts),50,Mediano,-68.8794513031,-32.8675404786,8,Aeroparque,2203364.73622,0
47329,Morera,21/09/2011 14:18,Alto (> 8 mts),144,Grande,-68.830826564,-32.8740904693,4,Cuarta Este Área Fundacional,1822015.85685,0
34425,Fresno europeo,10/03/2011 09:01,Medio (4 - 8 mts),96,Grande,-68.8510132829,-32.8740791721,6,Residencial Norte,2694682.37982,0
25648,Morera,07/02/2011 12:17,Alto (> 8 mts),180,Grande,-68.8418338184,-32.9025345754,2,Barrio Civico,2366816.36021,0
43375,Morera,25/10/2011 16:51,Medio (4 - 8 mts),140,Grande,-68.8337472696,-32.8808891832,3,Parque O'Higgins,1531146.02653,0
7919,Morera,10/06/2011 12:59,Medio (4 - 8 mts),32,Mediano,-68.859796839,-32.8890712722,5,Residencial Sur,2423808.92355,0
46237,Morera,28/09/2011 09:59,Alto (> 8 mts),185,Grande,-68.8253306454,-32.8758367994,4,Cuarta Este Área Fundacional,1822015.85685,0
3889,Morera,01/09/2011 09:22,Alto (> 8 mts),180,Grande,-68.8247313373,-32.8702144172,4,Cuarta Este Área Fundacional,1822015.85685,0
48083,Morera,29/09/2011 11:27,Alto (> 8 mts),80,Grande,-68.8272179463,-32.8675683614,4,Cuarta Este Área Fundacional,1822015.85685,0
26406,Morera,28/10/2011 09:39,Medio (4 - 8 mts),35,Mediano,-68.8342517756,-32.8893461644,3,Parque O'Higgins,1531146.02653,1
25068,Fresno europeo,14/02/2011 18:26,Medio (4 - 8 mts),98,Grande,-68.8358936702,-32.8970476575,2,Barrio Civico,2366816.36021,1
29946,Platano,28/04/2011 12:32,Alto (> 8 mts),260,Grande,-68.8431432307,-32.8855198797,1,Parque Central,1655357.93265,1
39178,Fresno europeo,25/11/2010 11:43,Alto (> 8 mts),90,Grande,-68.8542065968,-32.8725837781,6,Residencial Norte,2694682.37982,0
42726,Morera,26/09/2011 11:19,Medio (4 - 8 mts),140,Grande,-68.8277008264,-32.8767958427,4,Cuarta Este Área Fundacional,1822015.85685,0
29190,Morera,25/02/2011 18:31,Medio (4 - 8 mts),35,Mediano,-68.846640082,-32.8878534674,1,Parque Central,1655357.93265,0
10190,Paraiso sombrilla,20/12/2010 09:52,Medio (4 - 8 mts),70,Grande,-68.8524685553,-32.8711498291,6,Residencial Norte,2694682.37982,0
46877,Morera,09/09/2011 10:18,Alto (> 8 mts),110,Grande,-68.8338172614,-32.8705559609,4,Cuarta Oeste,1173332.70145,1
39571,Paraiso,26/10/2010 09:18,Alto (> 8 mts),110,Grande,-68.848887493,-32.8695684215,6,Residencial Norte,2694682.37982,0
13042,Tilo,15/02/2011 13:13,Muy bajo (1 - 2 mts),20,Chico,-68.8447006005,-32.8648719559,4,Cuarta Oeste,1173332.70145,0
34389,Fresno americano,28/03/2011 09:17,Bajo (2 - 4 mts),90,Grande,-68.8504741896,-32.8749799523,6,Residencial Norte,2694682.37982,0
35691,Fresno europeo,17/03/2011 13:09,Medio (4 - 8 mts),100,Grande,-68.8548024053,-32.8746147255,6,Residencial Norte,2694682.37982,0
11569,Paraiso,10/05/2010 11:46,Medio (4 - 8 mts),144,Grande,-68.8518145155,-32.8674367999,6,Residencial Norte,2694682.37982,0
17258,Prunas,05/08/2011 11:14,Bajo (2 - 4 mts),51,Mediano,-68.8355210972,-32.8648184758,4,Cuarta Oeste,1173332.70145,0
45463,Morera,19/09/2011 11:09,Alto (> 8 mts),180,Grande,-68.8231201598,-32.8713449411,4,Cuarta Este Área Fundacional,1822015.85685,0
8822,Morera,01/02/2011 13:50,Medio (4 - 8 mts),60,Mediano,-68.8545117608,-32.8683263445,6,Residencial Norte,2694682.37982,0
7128,Fresno europeo,13/06/2011 11:42,Medio (4 - 8 mts),57,Mediano,-68.8522741507,-32.8975094048,5,Residencial Sur,2423808.92355,0
23078,Fresno europeo,19/01/2011 15:26,Alto (> 8 mts),148,Grande,-68.8472047576,-32.9010055916,2,Barrio Civico,2366816.36021,0
18756,Morera,06/07/2011 12:07,Medio (4 - 8 mts),64,Grande,-68.8370995276,-32.8726719338,4,Cuarta Oeste,1173332.70145,0
599,Alamo blanco,08/03/2012 09:23,Medio (4 - 8 mts),160,Grande,-68.8197707782,-32.8679715352,4,Cuarta Este Área Fundacional,1822015.85685,0
15014,Paraiso,19/12/2011 17:27,Bajo (2 - 4 mts),32,Mediano,-68.8806474023,-32.8719522666,8,Aeroparque,2203364.73622,0
3240,Caducifolio,29/09/2011 11:25,Muy bajo (1 - 2 mts),1,Chico,-68.8272220325,-32.8676089198,4,Cuarta Este Área Fundacional,1822015.85685,0
46486,Fresno europeo,17/08/2011 13:24,Medio (4 - 8 mts),70,Grande,-68.8304116271,-32.8683779465,4,Cuarta Este Área Fundacional,1822015.85685,0
25298,Morera,08/02/2011 08:29,Alto (> 8 mts),180,Grande,-68.8372532266,-32.8982657831,2,Barrio Civico,2366816.36021,0
43998,Morera,17/10/2011 09:13,Alto (> 8 mts),185,Grande,-68.8326826149,-32.8859197483,3,Parque O'Higgins,1531146.02653,0
27449,Fresno europeo,25/10/2011 11:10,Alto (> 8 mts),100,Grande,-68.8356176725,-32.8913627136,3,Parque O'Higgins,1531146.02653,0
28728,Platano,14/03/2011 08:57,Alto (> 8 mts),240,Grande,-68.8480939003,-32.8877544326,5,Residencial Sur,2423808.92355,0
8406,Morera,16/02/2011 16:42,Bajo (2 - 4 mts),32,Mediano,-68.8380683089,-32.9021224937,2,Barrio Civico,2366816.36021,0
9421,Fresno europeo,14/02/2011 12:13,Alto (> 8 mts),140,Grande,-68.8559338586,-32.8649836996,6,Residencial Norte,2694682.37982,0
32910,Morera,19/05/2011 11:01,Medio (4 - 8 mts),100,Grande,-68.8501076582,-32.8864826886,5,Residencial Sur,2423808.92355,0
34178,Morera,03/03/2011 12:52,Alto (> 8 mts),140,Grande,-68.8535108369,-32.8741067382,6,Residencial Norte,2694682.37982,0
31519,Fresno europeo,18/05/2011 12:21,Medio (4 - 8 mts),100,Grande,-68.8595286348,-32.8913766404,5,Residencial Sur,2423808.92355,0
25418,Morera,14/02/2011 12:11,Alto (> 8 mts),220,Grande,-68.8367102056,-32.9006266013,2,Barrio Civico,2366816.36021,1
20636,Fresno europeo,06/06/2011 10:54,Bajo (2 - 4 mts),74,Grande,-68.859342426,-32.8962672603,5,Residencial Sur,2423808.92355,1
5339,Liquidambar,26/04/2011 12:51,Bajo (2 - 4 mts),46,Mediano,-68.8420206209,-32.8776671163,1,Parque Central,1655357.93265,0
10832,Fresno europeo,31/03/2011 11:20,Bajo (2 - 4 mts),22,Mediano,-68.855839585,-32.8772834491,6,Residencial Norte,2694682.37982,0
1367,Aguaribay,15/12/2011 07:46,Bajo (2 - 4 mts),20,Chico,-68.8790217908,-32.8670511187,8,Aeroparque,2203364.73622,0
30549,Fresno europeo,08/02/2011 10:16,Medio (4 - 8 mts),60,Mediano,-68.8576441257,-32.866354282,6,Residencial Norte,2694682.37982,0
15896,Tilo,28/11/2011 12:25,Bajo (2 - 4 mts),52,Mediano,-68.8719232114,-32.8757418131,7,Residencial Parque,1786336.08966,0
13876,Paraiso,16/12/2011 12:31,Bajo (2 - 4 mts),36,Mediano,-68.8760641378,-32.8682182066,8,Aeroparque,2203364.73622,0
28297,Morera,10/03/2011 17:45,Alto (> 8 mts),114,Grande,-68.8495652464,-32.8932181176,2,Barrio Civico,2366816.36021,0
29397,Platano,02/03/2011 13:07,Alto (> 8 mts),120,Grande,-68.8455929436,-32.8917014652,2,Barrio Civico,2366816.36021,0
15891,Morera,28/11/2011 12:43,Medio (4 - 8 mts),100,Grande,-68.8720047157,-32.8759782152,7,Residencial Parque,1786336.08966,0
46112,Morera,05/10/2011 11:27,Medio (4 - 8 mts),150,Grande,-68.8251847468,-32.8744642012,4,Cuarta Este Área Fundacional,1822015.85685,0
5830,Paraiso,03/05/2011 11:13,Medio (4 - 8 mts),90,Grande,-68.843238874,-32.8740686104,1,Parque Central,1655357.93265,0
32814,Fresno europeo,14/07/2011 09:05,Medio (4 - 8 mts),25,Mediano,-68.853083832,-32.8854527835,5,Residencial Sur,2423808.92355,0
20071,Olmo comun,15/08/2011 13:46,Medio (4 - 8 mts),91,Grande,-68.8335249114,-32.8656372164,4,Cuarta Oeste,1173332.70145,0
14730,Aguaribay,05/12/2011 12:14,Muy bajo (1 - 2 mts),15,Chico,-68.8784861135,-32.8697159429,8,Aeroparque,2203364.73622,0
20077,Paraiso,15/08/2011 09:24,Medio (4 - 8 mts),180,Grande,-68.8329176975,-32.8655161064,4,Cuarta Oeste,1173332.70145,0
26982,Morera,03/11/2011 16:21,Medio (4 - 8 mts),160,Grande,-68.8342359383,-32.8872982287,3,Parque O'Higgins,1531146.02653,1
18396,Morera,02/08/2011 14:07,Alto (> 8 mts),180,Grande,-68.8389041925,-32.868701518,4,Cuarta Oeste,1173332.70145,0
35852,Morera,29/03/2011 10:52,Alto (> 8 mts),143,Grande,-68.8526294184,-32.8763560601,6,Residencial Norte,2694682.37982,0
870,Aguaribay,14/12/2011 11:33,Medio (4 - 8 mts),130,Grande,-68.8803349588,-32.8659381404,8,Aeroparque,2203364.73622,0
42001,Morera,20/04/2011 13:09,Alto (> 8 mts),165,Grande,-68.8369782936,-32.8786144986,1,Parque Central,1655357.93265,0
2800,Platano,11/11/2011 09:10,Alto (> 8 mts),300,Grande,-68.8289735278,-32.8851560431,3,Parque O'Higgins,1531146.02653,0
987,Jacaranda,16/01/2012 09:27,Alto (> 8 mts),100,Grande,-68.8350819564,-32.8684999573,4,Cuarta Oeste,1173332.70145,0
22538,Fresno americano,16/06/2011 12:05,Bajo (2 - 4 mts),32,Mediano,-68.8606288154,-32.9003767472,5,Residencial Sur,2423808.92355,0
10458,Morera,09/03/2011 13:23,Medio (4 - 8 mts),15,Chico,-68.8556356409,-32.8734028736,6,Residencial Norte,2694682.37982,0
32052,Morera,09/06/2011 10:24,Alto (> 8 mts),127,Grande,-68.8613130246,-32.8875219722,5,Residencial Sur,2423808.92355,0
22461,Morera,24/06/2011 10:28,Alto (> 8 mts),110,Grande,-68.8611499023,-32.8989933223,5,Residencial Sur,2423808.92355,0
24013,Morera,13/01/2011 09:43,Alto (> 8 mts),102,Grande,-68.8449336161,-32.9006528498,2,Barrio Civico,2366816.36021,0
32726,Fresno europeo,17/05/2011 13:15,Medio (4 - 8 mts),100,Grande,-68.8533185215,-32.8863556529,5,Residencial Sur,2423808.92355,0
46301,Morera,28/09/2011 08:34,Alto (> 8 mts),230,Grande,-68.8235835689,-32.8734852642,4,Cuarta Este Área Fundacional,1822015.85685,1
4259,Fresno europeo,18/07/2011 14:08,Muy bajo (1 - 2 mts),5,Chico,-68.8359678884,-32.8714692336,4,Cuarta Oeste,1173332.70145,0
25045,Fresno europeo,14/02/2011 12:33,Alto (> 8 mts),140,Grande,-68.8366213584,-32.896390435,2,Barrio Civico,2366816.36021,0
12456,Morera,24/01/2011 14:13,Medio (4 - 8 mts),89,Grande,-68.8489267189,-32.8673650678,6,Residencial Norte,2694682.37982,0
40352,Olmo comun,08/04/2011 09:56,Medio (4 - 8 mts),150,Grande,-68.8444708662,-32.8814697826,1,Parque Central,1655357.93265,0
21337,Morera,09/05/2011 11:32,Alto (> 8 mts),200,Grande,-68.8538979736,-32.8935971491,5,Residencial Sur,2423808.92355,0
22927,Platano,19/05/2011 15:23,Alto (> 8 mts),182,Grande,-68.855695815,-32.9002306112,5,Residencial Sur,2423808.92355,0
40495,Morera,08/04/2011 12:52,Alto (> 8 mts),130,Grande,-68.8426096673,-32.8820592353,1,Parque Central,1655357.93265,0
42790,Perenne,30/09/2011 12:43,Bajo (2 - 4 mts),13,Chico,-68.8303843041,-32.877845964,4,Cuarta Este Área Fundacional,1822015.85685,0
34359,Morera,23/03/2011 12:13,Alto (> 8 mts),126,Grande,-68.8521646154,-32.8756342468,6,Residencial Norte,2694682.37982,0
15206,Paraiso,16/11/2011 13:06,Bajo (2 - 4 mts),56,Mediano,-68.8599141819,-32.869407707,6,Residencial Norte,2694682.37982,0
24473,Olmo comun,20/01/2011 08:20,Alto (> 8 mts),135,Grande,-68.8465212726,-32.9035165017,2,Barrio Civico,2366816.36021,0
7246,Morera,01/06/2011 10:18,Muy bajo (1 - 2 mts),5,Chico,-68.8541514865,-32.9019826571,2,Barrio Civico,2366816.36021,0
47367,Morera,21/09/2011 12:10,Medio (4 - 8 mts),230,Grande,-68.8283875964,-32.874252798,4,Cuarta Este Área Fundacional,1822015.85685,0
14665,Aguaribay,15/12/2011 17:28,Bajo (2 - 4 mts),64,Grande,-68.8820527984,-32.8672398111,8,Aeroparque,2203364.73622,0
12129,Paraiso,20/01/2011 12:43,Alto (> 8 mts),130,Grande,-68.8477950617,-32.8676865885,6,Residencial Norte,2694682.37982,0
46512,Caducifolio,17/08/2011 09:39,Medio (4 - 8 mts),35,Mediano,-68.8306894927,-32.8668251297,4,Cuarta Este Área Fundacional,1822015.85685,0
34345,Fresno europeo,28/03/2011 12:19,Medio (4 - 8 mts),70,Grande,-68.8520686739,-32.8747245948,6,Residencial Norte,2694682.37982,0
38171,Paraiso,20/10/2010 13:59,Medio (4 - 8 mts),114,Grande,-68.8454497796,-32.8712172979,6,Residencial Norte,2694682.37982,0
39237,Morera,29/12/2010 09:38,Alto (> 8 mts),170,Grande,-68.8543859481,-32.8715795699,6,Residencial Norte,2694682.37982,0
32170,Morera,11/05/2011 09:58,Medio (4 - 8 mts),150,Grande,-68.8578274519,-32.8853921718,5,Residencial Sur,2423808.92355,0
7195,Platano,15/06/2011 11:37,Alto (> 8 mts),121,Grande,-68.8609521138,-32.8983436788,5,Residencial Sur,2423808.92355,0
15865,Acacia SP,28/11/2011 21:10,Medio (4 - 8 mts),100,Grande,-68.8727827371,-32.876946815,7,Residencial Parque,1786336.08966,0
37900,Morera,18/11/2010 10:16,Alto (> 8 mts),170,Grande,-68.8498875446,-32.8733385274,6,Residencial Norte,2694682.37982,0
37468,Fresno europeo,04/01/2011 12:22,Medio (4 - 8 mts),60,Mediano,-68.8572232505,-32.8708446431,6,Residencial Norte,2694682.37982,0
37435,Fresno americano,03/01/2011 10:46,Medio (4 - 8 mts),45,Mediano,-68.8566107321,-32.8712139961,6,Residencial Norte,2694682.37982,0
36055,Morera,17/03/2011 13:12,Alto (> 8 mts),125,Grande,-68.8574396921,-32.8755409133,6,Residencial Norte,2694682.37982,0
9773,Morera,18/01/2011 09:51,Alto (> 8 mts),120,Grande,-68.8459138678,-32.8634612345,4,Cuarta Oeste,1173332.70145,0
34524,Morera,29/03/2011 12:53,Alto (> 8 mts),150,Grande,-68.8494023141,-32.8759999247,6,Residencial Norte,2694682.37982,0
7747,Morera,18/05/2011 11:56,Bajo (2 - 4 mts),44,Mediano,-68.8516151062,-32.887161162,5,Residencial Sur,2423808.92355,0
5538,Morera,08/04/2011 13:12,Medio (4 - 8 mts),87,Grande,-68.8407000176,-32.8800911544,1,Parque Central,1655357.93265,0
15970,Morera,10/08/2011 12:22,Alto (> 8 mts),142,Grande,-68.843597221,-32.8729243712,4,Cuarta Oeste,1173332.70145,0
43204,Morera,11/11/2011 09:33,Alto (> 8 mts),210,Grande,-68.8280940236,-32.8818811582,3,Parque O'Higgins,1531146.02653,0
21142,Paraiso,17/06/2011 11:22,Alto (> 8 mts),150,Grande,-68.8622695902,-32.8981817163,5,Residencial Sur,2423808.92355,0
28725,Fresno americano,14/03/2011 09:03,Alto (> 8 mts),176,Grande,-68.848226207,-32.8877942911,5,Residencial Sur,2423808.92355,0
8413,Fresno americano,16/02/2011 18:18,Bajo (2 - 4 mts),56,Mediano,-68.8369231624,-32.9011817828,2,Barrio Civico,2366816.36021,1
40758,Fresno europeo,20/04/2011 19:45,Alto (> 8 mts),60,Mediano,-68.8413562944,-32.8845406657,1,Parque Central,1655357.93265,0
36131,Morera,04/04/2011 09:49,Alto (> 8 mts),115,Grande,-68.852132078,-32.877854719,6,Residencial Norte,2694682.37982,0
9309,Morera,18/02/2011 09:16,Medio (4 - 8 mts),76,Grande,-68.8454605562,-32.8657850995,4,Cuarta Oeste,1173332.70145,0
42310,Morera,03/05/2011 12:05,Alto (> 8 mts),115,Grande,-68.8418950645,-32.8729140819,4,Cuarta Oeste,1173332.70145,0
3196,Morera,26/09/2011 09:23,Medio (4 - 8 mts),145,Grande,-68.8270527304,-32.8743386925,4,Cuarta Este Área Fundacional,1822015.85685,0
43920,Morera,11/10/2011 10:05,Alto (> 8 mts),220,Grande,-68.833968438,-32.8847224821,3,Parque O'Higgins,1531146.02653,0
6990,Morera,31/05/2011 10:07,Medio (4 - 8 mts),45,Mediano,-68.8626459473,-32.8968024542,5,Residencial Sur,2423808.92355,0
41945,Morera,19/04/2011 11:31,Medio (4 - 8 mts),61,Grande,-68.8384019436,-32.878515717,1,Parque Central,1655357.93265,0
9543,Morera,08/02/2011 12:15,Alto (> 8 mts),160,Grande,-68.8548695524,-32.8648432306,6,Residencial Norte,2694682.37982,0
1768,Acer,25/11/2011 10:23,Medio (4 - 8 mts),60,Mediano,-68.870531755,-32.8786401557,7,Residencial Parque,1786336.08966,0
45253,Paraiso,29/09/2011 11:15,Medio (4 - 8 mts),108,Grande,-68.8229098695,-32.8728311984,4,Cuarta Este Área Fundacional,1822015.85685,0
6262,Fresno europeo,14/07/2011 10:33,Medio (4 - 8 mts),38,Mediano,-68.8504426979,-32.8839937182,1,Parque Central,1655357.93265,0
30205,Fresno europeo,09/03/2011 09:28,Alto (> 8 mts),114,Grande,-68.8418197203,-32.8891046922,3,Parque O'Higgins,1531146.02653,0
35056,Fresno europeo,22/03/2011 12:55,Medio (4 - 8 mts),51,Mediano,-68.8538385396,-32.879878294,6,Residencial Norte,2694682.37982,0
24379,Morera,21/01/2011 13:57,Alto (> 8 mts),160,Grande,-68.844938031,-32.9037045964,2,Barrio Civico,2366816.36021,0
5282,Morera,28/04/2011 09:30,Bajo (2 - 4 mts),40,Mediano,-68.8444039867,-32.8771447538,1,Parque Central,1655357.93265,0
1258,Paraiso sombrilla,05/12/2011 11:38,Medio (4 - 8 mts),80,Grande,-68.8791289992,-32.8690611723,8,Aeroparque,2203364.73622,0
35252,Eucalyptus,24/06/2011 13:23,Alto (> 8 mts),100,Grande,-68.8516865496,-32.8836807225,1,Parque Central,1655357.93265,0
43124,Morera,04/10/2011 08:52,Alto (> 8 mts),210,Grande,-68.8282116528,-32.8779620224,4,Cuarta Este Área Fundacional,1822015.85685,1
12275,Morera,10/01/2011 10:21,Alto (> 8 mts),195,Grande,-68.8451499955,-32.8675323445,4,Cuarta Oeste,1173332.70145,1
46466,Fresno europeo,17/08/2011 09:27,Medio (4 - 8 mts),80,Grande,-68.8318850875,-32.8676760726,4,Cuarta Oeste,1173332.70145,0
29858,Platano,14/03/2011 09:05,Medio (4 - 8 mts),80,Grande,-68.8420053639,-32.8923636206,2,Barrio Civico,2366816.36021,0
37718,Morera,14/01/2012 10:29,Medio (4 - 8 mts),130,Grande,-68.8514635936,-32.8726378853,6,Residencial Norte,2694682.37982,0
26892,Fresno europeo,28/10/2011 17:19,Medio (4 - 8 mts),120,Grande,-68.837764144,-32.8874080134,3,Parque O'Higgins,1531146.02653,0
8810,Paraiso,03/02/2011 09:23,Bajo (2 - 4 mts),25,Mediano,-68.8548861992,-32.866787321,6,Residencial Norte,2694682.37982,0
40905,Platano,18/04/2011 18:38,Alto (> 8 mts),172,Grande,-68.838188109,-32.8855780378,3,Parque O'Higgins,1531146.02653,0
21257,Fresno europeo,14/06/2011 10:33,Alto (> 8 mts),113,Grande,-68.8535921115,-32.8966833165,5,Residencial Sur,2423808.92355,0
37436,Morera,03/01/2011 12:00,Medio (4 - 8 mts),90,Grande,-68.8566519503,-32.8714260335,6,Residencial Norte,2694682.37982,0
26691,Morera,10/11/2011 09:20,Alto (> 8 mts),210,Grande,-68.8319196836,-32.8936355035,3,Parque O'Higgins,1531146.02653,0
5319,Morera,28/04/2011 12:12,Medio (4 - 8 mts),200,Grande,-68.844882316,-32.8761591892,1,Parque Central,1655357.93265,1
7748,Paraiso,18/05/2011 11:38,Bajo (2 - 4 mts),24,Mediano,-68.8510870166,-32.8871769397,5,Residencial Sur,2423808.92355,0
34814,Morera,30/03/2011 13:44,Alto (> 8 mts),165,Grande,-68.8519142632,-32.8758008136,6,Residencial Norte,2694682.37982,0
9259,Morera,21/02/2011 13:22,Bajo (2 - 4 mts),40,Mediano,-68.8475421825,-32.864983548,6,Residencial Norte,2694682.37982,0
618,Morera,07/03/2012 16:30,Alto (> 8 mts),160,Grande,-68.8188012173,-32.8681799742,4,Cuarta Este Área Fundacional,1822015.85685,0
21114,Morera,21/06/2011 10:11,Alto (> 8 mts),138,Grande,-68.8635712218,-32.8992649619,5,Residencial Sur,2423808.92355,1
39756,Fresno europeo,13/07/2011 14:09,Alto (> 8 mts),80,Grande,-68.8500497573,-32.8834872495,1,Parque Central,1655357.93265,0
45208,Paraiso sombrilla,28/09/2011 10:28,Medio (4 - 8 mts),50,Mediano,-68.8230455795,-32.872263548,4,Cuarta Este Área Fundacional,1822015.85685,0
29592,Morera,04/03/2011 08:58,Alto (> 8 mts),220,Grande,-68.8437300069,-32.8916879152,2,Barrio Civico,2366816.36021,0
23845,Perenne,28/01/2011 13:09,Bajo (2 - 4 mts),28,Mediano,-68.8510490847,-32.9010974634,2,Barrio Civico,2366816.36021,0
4676,Prunas,10/08/2011 07:50,Medio (4 - 8 mts),25,Mediano,-68.8343243825,-32.8655480748,4,Cuarta Oeste,1173332.70145,0
35781,Morera,18/03/2011 11:46,Alto (> 8 mts),190,Grande,-68.8545902369,-32.8751765951,6,Residencial Norte,2694682.37982,1
26256,Acacia SP,25/10/2011 11:03,Alto (> 8 mts),120,Grande,-68.8304883763,-32.8898066911,3,Parque O'Higgins,1531146.02653,0
10923,Morera,29/03/2011 10:23,Medio (4 - 8 mts),42,Mediano,-68.8512926809,-32.8802153937,1,Parque Central,1655357.93265,0
20665,Ailanthus,02/06/2011 13:51,Alto (> 8 mts),63,Grande,-68.860704421,-32.8960398564,5,Residencial Sur,2423808.92355,0
38059,Fresno europeo,08/06/2011 11:06,Muy bajo (1 - 2 mts),4,Chico,-68.8480407449,-32.8720062626,6,Residencial Norte,2694682.37982,0
44771,Morera,23/08/2011 13:58,Alto (> 8 mts),164,Grande,-68.8231295536,-32.8687715513,4,Cuarta Este Área Fundacional,1822015.85685,0
7001,Morera,01/06/2011 12:03,Medio (4 - 8 mts),32,Mediano,-68.8629713367,-32.8958231194,5,Residencial Sur,2423808.92355,0
5774,Morera,06/05/2011 10:34,Bajo (2 - 4 mts),26,Mediano,-68.8396906115,-32.8788480009,1,Parque Central,1655357.93265,0
44338,Fresno europeo,18/10/2011 11:30,Bajo (2 - 4 mts),35,Mediano,-68.8353534087,-32.8828959877,3,Parque O'Higgins,1531146.02653,0
44257,Platano,13/10/2011 11:09,Alto (> 8 mts),286,Grande,-68.8342681165,-32.8847314709,3,Parque O'Higgins,1531146.02653,0
16571,Morera,27/07/2011 09:06,Alto (> 8 mts),220,Grande,-68.8415958586,-32.8660369901,4,Cuarta Oeste,1173332.70145,0
37643,Morera,29/02/2012 08:50,Bajo (2 - 4 mts),105,Grande,-68.8527074239,-32.8719469442,6,Residencial Norte,2694682.37982,0
47719,Fresno europeo,15/09/2011 13:09,Bajo (2 - 4 mts),82,Grande,-68.8276993646,-32.8721114917,4,Cuarta Este Área Fundacional,1822015.85685,0
10629,Paraiso,17/03/2011 09:24,Medio (4 - 8 mts),130,Grande,-68.8570040099,-32.8739030308,6,Residencial Norte,2694682.37982,0
15876,Acer,28/11/2011 20:51,Medio (4 - 8 mts),50,Mediano,-68.8723206132,-32.8768540504,7,Residencial Parque,1786336.08966,0
11939,Fresno europeo,12/05/2010 11:22,Medio (4 - 8 mts),86,Grande,-68.8516207534,-32.8677193904,6,Residencial Norte,2694682.37982,0
26420,Fresno europeo,25/10/2011 08:55,Alto (> 8 mts),250,Grande,-68.8330002346,-32.8888078811,3,Parque O'Higgins,1531146.02653,0
2117,Fresno europeo,18/10/2011 11:21,Medio (4 - 8 mts),100,Grande,-68.8303213811,-32.8878191231,3,Parque O'Higgins,1531146.02653,0
21996,Fresno europeo,27/05/2011 10:52,Medio (4 - 8 mts),83,Grande,-68.8589030159,-32.8940581073,5,Residencial Sur,2423808.92355,1
34022,Morera,27/05/2011 13:06,Medio (4 - 8 mts),150,Grande,-68.8551512321,-32.883845223,5,Residencial Sur,2423808.92355,0
20675,Caducifolio,01/06/2011 11:20,Bajo (2 - 4 mts),26,Mediano,-68.8613585011,-32.8969485725,5,Residencial Sur,2423808.92355,0
10084,Morera,20/10/2010 13:48,Bajo (2 - 4 mts),35,Mediano,-68.8455757732,-32.8712234615,6,Residencial Norte,2694682.37982,0
3388,Morera,19/08/2011 09:15,Alto (> 8 mts),200,Grande,-68.8324193626,-32.8683031055,4,Cuarta Oeste,1173332.70145,0
37019,Fresno europeo,07/04/2011 17:39,Alto (> 8 mts),58,Mediano,-68.8565975159,-32.8774953635,6,Residencial Norte,2694682.37982,0
12536,Morera,10/01/2011 14:08,Bajo (2 - 4 mts),24,Mediano,-68.8441996999,-32.862623587,4,Cuarta Oeste,1173332.70145,0
22163,Platano,18/05/2011 11:01,Alto (> 8 mts),122,Grande,-68.8540377623,-32.898859707,5,Residencial Sur,2423808.92355,1
22820,Fresno americano,14/06/2011 12:13,Medio (4 - 8 mts),28,Mediano,-68.8582390594,-32.9021970076,5,Residencial Sur,2423808.92355,0
9007,Prunas,11/01/2011 14:06,Bajo (2 - 4 mts),28,Mediano,-68.845551145,-32.8670990964,4,Cuarta Oeste,1173332.70145,0
19045,Morera,26/07/2011 09:53,Bajo (2 - 4 mts),25,Mediano,-68.8414654994,-32.8724442966,4,Cuarta Oeste,1173332.70145,0
2697,Caducifolio,11/10/2011 12:18,Bajo (2 - 4 mts),20,Chico,-68.8297790698,-32.8831492333,3,Parque O'Higgins,1531146.02653,0
45972,Morera,24/08/2011 13:21,Medio (4 - 8 mts),52,Mediano,-68.8179424258,-32.8691432723,4,Cuarta Este Área Fundacional,1822015.85685,0
33008,Morera,18/05/2011 13:14,Alto (> 8 mts),177,Grande,-68.8519643489,-32.8882205013,5,Residencial Sur,2423808.92355,0
42512,Fresno europeo,28/09/2011 12:04,Medio (4 - 8 mts),55,Mediano,-68.8293993588,-32.8757534312,4,Cuarta Este Área Fundacional,1822015.85685,0
27068,Fresno europeo,27/10/2011 10:37,Alto (> 8 mts),142,Grande,-68.8371081019,-32.8875277177,3,Parque O'Higgins,1531146.02653,0
24174,Olmo comun,24/01/2011 09:23,Alto (> 8 mts),142,Grande,-68.8458070122,-32.9024839095,2,Barrio Civico,2366816.36021,0
41951,Morera,19/04/2011 11:21,Medio (4 - 8 mts),84,Grande,-68.8388434529,-32.878533509,1,Parque Central,1655357.93265,0
29623,Morera,23/03/2011 19:29,Alto (> 8 mts),108,Grande,-68.8438631194,-32.8942755598,2,Barrio Civico,2366816.36021,1
28791,Morera,18/04/2011 10:46,Alto (> 8 mts),125,Grande,-68.8476451597,-32.8860690707,1,Parque Central,1655357.93265,0
41391,Morera,15/04/2011 11:19,Alto (> 8 mts),136,Grande,-68.8413624977,-32.8819213237,1,Parque Central,1655357.93265,0
3485,Morera,23/08/2011 13:31,Alto (> 8 mts),110,Grande,-68.8254201477,-32.867380881,4,Cuarta Este Área Fundacional,1822015.85685,0
25367,Morera,10/02/2011 13:32,Alto (> 8 mts),208,Grande,-68.8382524363,-32.9006971343,2,Barrio Civico,2366816.36021,0
46559,Fresno americano,05/09/2011 10:50,Alto (> 8 mts),115,Grande,-68.8335909072,-32.8689222408,4,Cuarta Oeste,1173332.70145,0
11449,Paraiso,01/02/2011 15:44,Alto (> 8 mts),108,Grande,-68.8517509585,-32.9026529608,2,Barrio Civico,2366816.36021,1
7979,Platano,21/02/2011 09:13,Alto (> 8 mts),117,Grande,-68.8413782803,-32.8882522671,3,Parque O'Higgins,1531146.02653,0
33007,Morera,18/05/2011 13:13,Alto (> 8 mts),175,Grande,-68.8520219871,-32.8882078638,5,Residencial Sur,2423808.92355,0
34904,Fresno europeo,29/03/2011 09:48,Medio (4 - 8 mts),24,Mediano,-68.8518583138,-32.8808455891,1,Parque Central,1655357.93265,0
28878,Platano,26/04/2011 11:03,Alto (> 8 mts),163,Grande,-68.8464788912,-32.8848962606,1,Parque Central,1655357.93265,0
23116,Fresno europeo,17/01/2011 16:16,Alto (> 8 mts),124,Grande,-68.8478466702,-32.9019695596,2,Barrio Civico,2366816.36021,0
33300,Platano,24/06/2011 11:14,Alto (> 8 mts),138,Grande,-68.8572853513,-32.8896582857,5,Residencial Sur,2423808.92355,0
37971,Fresno europeo,10/01/2012 18:00,Bajo (2 - 4 mts),80,Grande,-68.8480961233,-32.8727315084,6,Residencial Norte,2694682.37982,0
46028,Fresno europeo,20/09/2011 09:19,Medio (4 - 8 mts),195,Grande,-68.8215462711,-32.8734749723,4,Cuarta Este Área Fundacional,1822015.85685,0
40565,Platano,15/04/2011 12:30,Alto (> 8 mts),200,Grande,-68.846358479,-32.8847569816,1,Parque Central,1655357.93265,1
36532,Morera,04/04/2011 12:16,Alto (> 8 mts),137,Grande,-68.8568972871,-32.8791634917,7,Residencial Parque,1786336.08966,0
43762,Morera,17/10/2011 08:11,Alto (> 8 mts),160,Grande,-68.833810673,-32.881990235,3,Parque O'Higgins,1531146.02653,0
20739,Fresno europeo,01/06/2011 11:43,Bajo (2 - 4 mts),20,Chico,-68.8609794338,-32.8968304215,5,Residencial Sur,2423808.92355,0
16520,Morera,19/07/2011 11:34,Alto (> 8 mts),200,Grande,-68.8411816321,-32.8642713374,4,Cuarta Oeste,1173332.70145,1
23030,Morera,10/06/2011 18:43,Medio (4 - 8 mts),42,Mediano,-68.8624269163,-32.901641195,5,Residencial Sur,2423808.92355,0
46359,Morera,19/09/2011 13:46,Alto (> 8 mts),170,Grande,-68.8253368929,-32.8742856251,4,Cuarta Este Área Fundacional,1822015.85685,0
44654,Fresno europeo,19/08/2011 11:24,Medio (4 - 8 mts),145,Grande,-68.8227858093,-32.8678177557,4,Cuarta Este Área Fundacional,1822015.85685,1
38180,Morera,20/10/2010 13:54,Alto (> 8 mts),200,Grande,-68.8452710442,-32.8705261086,6,Residencial Norte,2694682.37982,0
25753,Morera,03/02/2011 10:17,Alto (> 8 mts),123,Grande,-68.8417128007,-32.9027798838,2,Barrio Civico,2366816.36021,0
2770,Prunas,17/10/2011 16:09,Bajo (2 - 4 mts),36,Mediano,-68.8330868353,-32.8812484387,3,Parque O'Higgins,1531146.02653,0
33877,Acacia visco,13/05/2011 11:32,Medio (4 - 8 mts),120,Grande,-68.8549903991,-32.8858140625,5,Residencial Sur,2423808.92355,0
960,Morera,11/01/2012 12:57,Alto (> 8 mts),130,Grande,-68.8340307032,-32.89509312,3,Parque O'Higgins,1531146.02653,0
44873,Morera,23/08/2011 10:41,Medio (4 - 8 mts),207,Grande,-68.8249178973,-32.8678267469,4,Cuarta Este Área Fundacional,1822015.85685,0
29984,Platano,28/04/2011 09:54,Alto (> 8 mts),222,Grande,-68.8417590455,-32.8857817908,1,Parque Central,1655357.93265,0
43810,Fresno europeo,18/10/2011 16:10,Medio (4 - 8 mts),66,Grande,-68.8313877589,-32.882523363,3,Parque O'Higgins,1531146.02653,0
16558,Paraiso,27/07/2011 09:48,Muy bajo (1 - 2 mts),25,Mediano,-68.8409112792,-32.8656118145,4,Cuarta Oeste,1173332.70145,0
12557,Paraiso,11/01/2011 10:09,Alto (> 8 mts),150,Grande,-68.8448841416,-32.8633164662,4,Cuarta Oeste,1173332.70145,0
28634,Acacia SP,23/02/2011 11:42,Bajo (2 - 4 mts),20,Chico,-68.8475147514,-32.8906010169,2,Barrio Civico,2366816.36021,0
7565,Fresno europeo,16/06/2011 12:55,Bajo (2 - 4 mts),30,Mediano,-68.8570840987,-32.8831517835,5,Residencial Sur,2423808.92355,0
40201,Fresno americano,14/04/2011 11:54,Alto (> 8 mts),180,Grande,-68.846290412,-32.8836361773,1,Parque Central,1655357.93265,0
8211,Morera,03/03/2011 19:45,Medio (4 - 8 mts),62,Grande,-68.842426522,-32.8934010535,2,Barrio Civico,2366816.36021,0
29394,Platano,02/03/2011 13:18,Alto (> 8 mts),143,Grande,-68.8458356192,-32.8916581796,2,Barrio Civico,2366816.36021,0
27926,Platano,03/11/2011 11:31,Alto (> 8 mts),175,Grande,-68.8382687302,-32.8938558375,2,Barrio Civico,2366816.36021,0
42849,Acacia SP,04/10/2011 13:11,Alto (> 8 mts),190,Grande,-68.8321828235,-32.8772281152,4,Cuarta Este Área Fundacional,1822015.85685,0
24835,Morera,18/02/2011 10:19,Alto (> 8 mts),100,Grande,-68.8398736364,-32.8968592831,2,Barrio Civico,2366816.36021,0
23850,Morera,28/01/2011 12:57,Alto (> 8 mts),117,Grande,-68.8510193329,-32.9008625756,2,Barrio Civico,2366816.36021,0
4282,Morera,26/07/2011 13:45,Medio (4 - 8 mts),160,Grande,-68.83730862,-32.8722634996,4,Cuarta Oeste,1173332.70145,0
22015,Paraiso,17/05/2011 12:07,Alto (> 8 mts),160,Grande,-68.8588853651,-32.8929895832,5,Residencial Sur,2423808.92355,1
9028,Morera,10/01/2011 11:11,Bajo (2 - 4 mts),35,Mediano,-68.8449876723,-32.8671673647,4,Cuarta Oeste,1173332.70145,0
28675,Platano,02/03/2011 09:12,Alto (> 8 mts),153,Grande,-68.8466238781,-32.8915097034,2,Barrio Civico,2366816.36021,0
20687,Morera,01/06/2011 10:25,Bajo (2 - 4 mts),65,Grande,-68.8610506928,-32.8979118145,5,Residencial Sur,2423808.92355,1
18,Morera,02/03/2012 12:58,Medio (4 - 8 mts),140,Grande,-68.8565970585,-32.8958954911,5,Residencial Sur,2423808.92355,0
1944,Fresno europeo,21/11/2011 12:32,Bajo (2 - 4 mts),33,Mediano,-68.8583525784,-32.8702871378,6,Residencial Norte,2694682.37982,0
3302,Paraiso,29/09/2011 14:11,Medio (4 - 8 mts),53,Mediano,-68.8230226651,-32.8733898328,4,Cuarta Este Área Fundacional,1822015.85685,0
13168,Paraiso sombrilla,18/02/2011 11:24,Medio (4 - 8 mts),96,Grande,-68.8465119295,-32.8658126548,4,Cuarta Oeste,1173332.70145,0
12040,Fresno europeo,03/05/2010 13:01,Medio (4 - 8 mts),128,Grande,-68.8537698082,-32.8667200305,6,Residencial Norte,2694682.37982,0
897,Fresno europeo,17/01/2012 08:19,Alto (> 8 mts),160,Grande,-68.8467030967,-32.8736174276,6,Residencial Norte,2694682.37982,0
7915,Conifera,13/06/2011 15:14,Alto (> 8 mts),126,Grande,-68.8590632736,-32.8884926426,5,Residencial Sur,2423808.92355,0
33253,Platano,30/06/2011 11:30,Alto (> 8 mts),142,Grande,-68.8556819806,-32.8899627035,5,Residencial Sur,2423808.92355,0
16489,Morera,04/08/2011 13:52,Alto (> 8 mts),140,Grande,-68.84194372,-32.8659065346,4,Cuarta Oeste,1173332.70145,0
43723,Fresno europeo,11/10/2011 08:59,Alto (> 8 mts),85,Grande,-68.8324252134,-32.8829446357,3,Parque O'Higgins,1531146.02653,1
6985,Fresno europeo,30/05/2011 10:18,Medio (4 - 8 mts),50,Mediano,-68.862078017300007,-32.8967738306,5,Residencial Sur,2423808.92355,0
27717,Ailanthus,01/11/2011 11:17,Muy bajo (1 - 2 mts),5,Chico,-68.8372265728,-32.895065401,2,Barrio Civico,2366816.36021,0
15457,Morera,22/11/2011 07:13,Medio (4 - 8 mts),100,Grande,-68.8598627107,-32.8716596434,7,Residencial Parque,1786336.08966,0
35107,Fresno europeo,28/03/2011 12:26,Alto (> 8 mts),80,Grande,-68.8523353616,-32.881333172,1,Parque Central,1655357.93265,0
19366,Morera,19/07/2011 09:14,Alto (> 8 mts),156,Grande,-68.8365638781,-32.8714245999,4,Cuarta Oeste,1173332.70145,0
18969,Morera,04/08/2011 08:02,Alto (> 8 mts),213,Grande,-68.8376665892,-32.8690486936,4,Cuarta Oeste,1173332.70145,0
12380,Morera,21/01/2011 13:37,Alto (> 8 mts),180,Grande,-68.8476351864,-32.8670358345,6,Residencial Norte,2694682.37982,0
38353,Paraiso,05/11/2010 10:02,Alto (> 8 mts),210,Grande,-68.8522913337,-32.8691332714,6,Residencial Norte,2694682.37982,1
3027,Morera,15/09/2011 12:57,Medio (4 - 8 mts),120,Grande,-68.8285426699,-32.8730616516,4,Cuarta Este Área Fundacional,1822015.85685,0
6692,Prunas,12/05/2011 09:33,Bajo (2 - 4 mts),47,Mediano,-68.8551646762,-32.8941884297,5,Residencial Sur,2423808.92355,0
44728,Morera,26/08/2011 09:22,Alto (> 8 mts),180,Grande,-68.8241361523,-32.8680549485,4,Cuarta Este Área Fundacional,1822015.85685,0
47925,Olmo comun,31/08/2011 11:52,Medio (4 - 8 mts),110,Grande,-68.8275604229,-32.8710255707,4,Cuarta Este Área Fundacional,1822015.85685,0
38721,Paraiso,15/12/2010 10:33,Alto (> 8 mts),185,Grande,-68.851013408,-32.870813135,6,Residencial Norte,2694682.37982,0
3218,Fresno americano,28/09/2011 08:29,Alto (> 8 mts),80,Grande,-68.8238451663,-32.8734696269,4,Cuarta Este Área Fundacional,1822015.85685,0
43431,Morera,26/10/2011 15:44,Medio (4 - 8 mts),120,Grande,-68.8323455289,-32.8807679289,3,Parque O'Higgins,1531146.02653,0
26774,Morera,01/11/2011 10:21,Medio (4 - 8 mts),100,Grande,-68.833059971,-32.8948071415,3,Parque O'Higgins,1531146.02653,0
3828,Jacaranda,02/09/2011 13:32,Alto (> 8 mts),85,Grande,-68.8292114435,-32.8706060881,4,Cuarta Este Área Fundacional,1822015.85685,0
32094,Fresno europeo,07/06/2011 13:20,Alto (> 8 mts),90,Grande,-68.8590663076,-32.8880275217,5,Residencial Sur,2423808.92355,0
9272,Acacia SP,22/02/2011 09:18,Bajo (2 - 4 mts),44,Mediano,-68.8474832572,-32.8645624233,4,Cuarta Oeste,1173332.70145,0
9392,Fresno europeo,15/02/2011 10:19,Muy bajo (1 - 2 mts),5,Chico,-68.8443732905,-32.8659667399,4,Cuarta Oeste,1173332.70145,0
46601,Morera,05/09/2011 10:19,Medio (4 - 8 mts),110,Grande,-68.8317897821,-32.868580885,4,Cuarta Este Área Fundacional,1822015.85685,0
12454,Morera,24/01/2011 14:18,Bajo (2 - 4 mts),20,Chico,-68.8489178722,-32.8674689522,6,Residencial Norte,2694682.37982,0
8577,Prunas,03/02/2011 11:17,Bajo (2 - 4 mts),26,Mediano,-68.8407237494,-32.9031549507,2,Barrio Civico,2366816.36021,0
17568,Morera,28/07/2011 09:45,Alto (> 8 mts),160,Grande,-68.8410335165,-32.8665791756,4,Cuarta Oeste,1173332.70145,0
20100,Olmo comun,10/08/2011 10:49,Medio (4 - 8 mts),125,Grande,-68.8331450516,-32.8657170243,4,Cuarta Oeste,1173332.70145,0
38430,Paraiso,03/11/2010 11:09,Alto (> 8 mts),210,Grande,-68.8510233846,-32.8701952607,6,Residencial Norte,2694682.37982,0
782,Aguaribay,14/12/2011 10:35,Medio (4 - 8 mts),138,Grande,-68.8795850182,-32.8674570463,8,Aeroparque,2203364.73622,1
44561,Morera,20/10/2011 09:10,Muy bajo (1 - 2 mts),6,Chico,-68.8341204273,-32.8853973298,3,Parque O'Higgins,1531146.02653,0
40688,Morera,19/04/2011 11:32,Alto (> 8 mts),190,Grande,-68.8429057712,-32.8841243689,1,Parque Central,1655357.93265,0
35378,Platano,21/06/2011 14:50,Medio (4 - 8 mts),130,Grande,-68.8546276821,-32.8822252251,5,Residencial Sur,2423808.92355,0
155,Fresno europeo,27/02/2012 17:48,Bajo (2 - 4 mts),24,Mediano,-68.857541242600007,-32.8641826418,6,Residencial Norte,2694682.37982,0
41668,Morera,26/04/2011 10:03,Alto (> 8 mts),150,Grande,-68.8372807295,-32.8771225415,1,Parque Central,1655357.93265,0
9202,Jacaranda,02/03/2011 09:26,Medio (4 - 8 mts),66,Grande,-68.8502299601,-32.8661245472,6,Residencial Norte,2694682.37982,0
17743,Paraiso,18/07/2011 11:07,Medio (4 - 8 mts),120,Grande,-68.8423469396,-32.8666364245,4,Cuarta Oeste,1173332.70145,0
39942,Morera,28/04/2011 12:14,Medio (4 - 8 mts),210,Grande,-68.844872716,-32.8761058385,1,Parque Central,1655357.93265,0
1143,Morera,02/12/2011 07:30,Alto (> 8 mts),120,Grande,-68.8770404666,-32.8683222789,8,Aeroparque,2203364.73622,0
37880,Fresno europeo,19/11/2010 10:40,Medio (4 - 8 mts),80,Grande,-68.8500827667,-32.8735278467,6,Residencial Norte,2694682.37982,0
45205,Fresno europeo,28/09/2011 10:35,Alto (> 8 mts),144,Grande,-68.8232368118,-32.8723340251,4,Cuarta Este Área Fundacional,1822015.85685,0
35763,Jacaranda,21/03/2011 09:13,Medio (4 - 8 mts),44,Mediano,-68.8542770261,-32.8742735448,6,Residencial Norte,2694682.37982,0
46536,Morera,07/09/2011 10:30,Alto (> 8 mts),170,Grande,-68.8334048324,-32.8694649935,4,Cuarta Oeste,1173332.70145,0
2488,Fresno europeo,21/10/2011 09:56,Bajo (2 - 4 mts),35,Mediano,-68.836983106,-32.8881725583,3,Parque O'Higgins,1531146.02653,0
11061,Platano,04/04/2011 10:12,Bajo (2 - 4 mts),10,Chico,-68.8557403048,-32.8806919671,6,Residencial Norte,2694682.37982,0
43249,Platano,04/10/2011 08:32,Alto (> 8 mts),160,Grande,-68.8337980237,-32.8794949199,1,Parque Central,1655357.93265,0
5839,Paraiso,03/05/2011 11:25,Medio (4 - 8 mts),92,Grande,-68.8435227639,-32.8734050595,1,Parque Central,1655357.93265,0
9913,Fresno europeo,06/04/2011 13:09,Bajo (2 - 4 mts),54,Mediano,-68.8437664305,-32.8650124536,4,Cuarta Oeste,1173332.70145,0
6688,Fresno europeo,12/05/2011 09:59,Medio (4 - 8 mts),66,Grande,-68.8550174397,-32.8936604911,5,Residencial Sur,2423808.92355,0
37475,Paraiso,04/01/2011 13:09,Alto (> 8 mts),110,Grande,-68.8573353328,-32.8714471029,6,Residencial Norte,2694682.37982,0
34234,Morera,23/03/2011 10:08,Medio (4 - 8 mts),106,Grande,-68.8523821505,-32.8746164914,6,Residencial Norte,2694682.37982,0
27835,Morera,02/11/2011 10:24,Alto (> 8 mts),125,Grande,-68.8358301315,-32.8952039299,2,Barrio Civico,2366816.36021,0
23492,Morera,24/01/2011 16:40,Alto (> 8 mts),110,Grande,-68.8488005735,-32.9033287518,2,Barrio Civico,2366816.36021,1
43421,Paraiso,26/10/2011 16:33,Alto (> 8 mts),200,Grande,-68.831650531,-32.8801298594,3,Parque O'Higgins,1531146.02653,0
11753,Morera,02/06/2010 11:28,Medio (4 - 8 mts),158,Grande,-68.8503017557,-32.8668154948,6,Residencial Norte,2694682.37982,0
46948,Alamo blanco,09/09/2011 14:45,Alto (> 8 mts),130,Grande,-68.831644676,-32.8707901112,4,Cuarta Este Área Fundacional,1822015.85685,0
21387,Platano,09/05/2011 12:58,Alto (> 8 mts),290,Grande,-68.8541857422,-32.8925410437,5,Residencial Sur,2423808.92355,0
11335,Ailanthus,17/01/2011 18:59,Muy bajo (1 - 2 mts),5,Chico,-68.8484586986,-32.9001923144,2,Barrio Civico,2366816.36021,0
29177,Platano,10/03/2011 09:07,Alto (> 8 mts),228,Grande,-68.8457103725,-32.8887428347,2,Barrio Civico,2366816.36021,0
25232,Fresno europeo,09/02/2011 09:21,Alto (> 8 mts),128,Grande,-68.8382624795,-32.8975237391,2,Barrio Civico,2366816.36021,0
43455,Ligustro,03/10/2011 10:07,Muy bajo (1 - 2 mts),24,Mediano,-68.8321574271,-32.8799875321,3,Parque O'Higgins,1531146.02653,0
40927,Fresno europeo,11/04/2011 16:05,Alto (> 8 mts),102,Grande,-68.8393739147,-32.8855759597,3,Parque O'Higgins,1531146.02653,0
482,Fresno europeo,07/03/2012 10:41,Muy bajo (1 - 2 mts),16,Chico,-68.8227024673,-32.8682332782,4,Cuarta Este Área Fundacional,1822015.85685,0
24168,Caducifolio,24/01/2011 10:53,Medio (4 - 8 mts),100,Grande,-68.8454256084,-32.9024803791,2,Barrio Civico,2366816.36021,0
46142,Morera,27/09/2011 11:07,Alto (> 8 mts),80,Grande,-68.8236233395,-32.8740918813,4,Cuarta Este Área Fundacional,1822015.85685,0
14940,Acacia SP,19/12/2011 11:20,Bajo (2 - 4 mts),46,Mediano,-68.8801371707,-32.874000097,8,Aeroparque,2203364.73622,0
47228,Morera,19/09/2011 10:11,Medio (4 - 8 mts),40,Mediano,-68.8333875466,-32.8751652989,4,Cuarta Este Área Fundacional,1822015.85685,0
45011,Morera,31/08/2011 12:41,Medio (4 - 8 mts),125,Grande,-68.8252361712,-32.8695259839,4,Cuarta Este Área Fundacional,1822015.85685,0
38974,Morera,28/12/2010 12:22,Medio (4 - 8 mts),70,Grande,-68.8557775862,-32.8710996971,6,Residencial Norte,2694682.37982,0
35832,Fresno europeo,03/03/2011 13:06,Medio (4 - 8 mts),107,Grande,-68.8543870487,-32.8735118316,6,Residencial Norte,2694682.37982,0
14169,Morera,30/11/2011 10:17,Alto (> 8 mts),75,Grande,-68.8766420068,-32.8668437321,8,Aeroparque,2203364.73622,0
46737,Morera,07/09/2011 10:50,Alto (> 8 mts),103,Grande,-68.8330545331,-32.8698913886,4,Cuarta Oeste,1173332.70145,0
15581,Acacia SP,16/11/2011 16:27,Bajo (2 - 4 mts),18,Chico,-68.8613410101,-32.8715650808,7,Residencial Parque,1786336.08966,0
4488,Caducifolio,29/07/2011 10:52,Muy bajo (1 - 2 mts),2,Chico,-68.8389006736,-32.8676357438,4,Cuarta Oeste,1173332.70145,0
30038,Acacia SP,05/05/2011 09:33,Medio (4 - 8 mts),74,Grande,-68.8398732674,-32.8869394434,3,Parque O'Higgins,1531146.02653,0
47958,Morera,02/09/2011 10:22,Medio (4 - 8 mts),208,Grande,-68.826185231,-32.8688513962,4,Cuarta Este Área Fundacional,1822015.85685,0
15210,Paraiso,16/11/2011 13:00,Bajo (2 - 4 mts),15,Chico,-68.8599402188,-32.8695585013,6,Residencial Norte,2694682.37982,0
10747,Morera,04/04/2011 13:02,Bajo (2 - 4 mts),34,Mediano,-68.857268163,-32.8768767392,6,Residencial Norte,2694682.37982,0
3308,Fresno americano,26/09/2011 08:29,Alto (> 8 mts),51,Mediano,-68.8293090407,-32.8763179456,4,Cuarta Este Área Fundacional,1822015.85685,0
40980,Morera,14/04/2011 09:39,Alto (> 8 mts),180,Grande,-68.8388547613,-32.8809651189,1,Parque Central,1655357.93265,0
13902,Morera,19/12/2011 12:07,Bajo (2 - 4 mts),33,Mediano,-68.8757249045,-32.8670754041,8,Aeroparque,2203364.73622,0
14041,Paraiso,05/12/2011 12:35,Medio (4 - 8 mts),90,Grande,-68.8767455984,-32.8674786593,8,Aeroparque,2203364.73622,0
23679,Fresno europeo,25/01/2011 09:56,Medio (4 - 8 mts),78,Grande,-68.8485820324,-32.9002236082,2,Barrio Civico,2366816.36021,0
38996,Paraiso,27/12/2010 09:07,Medio (4 - 8 mts),180,Grande,-68.8540422925,-32.8704540144,6,Residencial Norte,2694682.37982,0
16412,Morera,02/08/2011 10:08,Alto (> 8 mts),150,Grande,-68.8349501238,-32.8668402506,4,Cuarta Oeste,1173332.70145,1
3960,Perenne,27/09/2011 10:13,Bajo (2 - 4 mts),160,Grande,-68.8222179662,-32.8742741303,4,Cuarta Este Área Fundacional,1822015.85685,0
17953,Morera,02/08/2011 13:35,Medio (4 - 8 mts),32,Mediano,-68.8376890462,-32.8674776011,4,Cuarta Oeste,1173332.70145,0
40898,Platano,26/04/2011 16:09,Alto (> 8 mts),170,Grande,-68.838343985,-32.8840958737,3,Parque O'Higgins,1531146.02653,0
25392,Alamo blanco,11/02/2011 09:35,Alto (> 8 mts),114,Grande,-68.836446471,-32.8998798359,2,Barrio Civico,2366816.36021,0
38056,Fresno europeo,07/12/2010 11:34,Alto (> 8 mts),90,Grande,-68.8476528154,-32.8709719703,6,Residencial Norte,2694682.37982,0
13679,Morera,23/02/2011 11:50,Alto (> 8 mts),190,Grande,-68.8527085751,-32.8652238877,6,Residencial Norte,2694682.37982,0
6355,Morera,27/06/2011 10:13,Alto (> 8 mts),88,Grande,-68.8543133527,-32.8910805334,5,Residencial Sur,2423808.92355,0
38260,Fresno europeo,17/01/2012 08:05,Medio (4 - 8 mts),120,Grande,-68.8462556866,-32.8737009317,6,Residencial Norte,2694682.37982,0
7663,Morera,26/05/2011 09:32,Bajo (2 - 4 mts),44,Mediano,-68.8530945816,-32.8849451225,5,Residencial Sur,2423808.92355,0
223,Fresno europeo,06/03/2012 09:48,Muy bajo (1 - 2 mts),16,Chico,-68.8383855905,-32.8699559094,4,Cuarta Oeste,1173332.70145,0
25464,Morera,08/02/2011 13:17,Alto (> 8 mts),170,Grande,-68.8406362196,-32.9005671058,2,Barrio Civico,2366816.36021,0
32308,Platano,29/06/2011 08:59,Alto (> 8 mts),170,Grande,-68.8521355831,-32.8916122558,5,Residencial Sur,2423808.92355,0
4234,Fresno americano,04/07/2011 11:36,Bajo (2 - 4 mts),42,Mediano,-68.8357842894,-32.8718447223,4,Cuarta Oeste,1173332.70145,0
40789,Platano,19/04/2011 10:32,Alto (> 8 mts),156,Grande,-68.8404300359,-32.8837233548,1,Parque Central,1655357.93265,0
32683,Morera,18/05/2011 12:06,Medio (4 - 8 mts),62,Grande,-68.8520176846,-32.887097452,5,Residencial Sur,2423808.92355,1
17222,Morera,12/08/2011 10:00,Alto (> 8 mts),200,Grande,-68.8353487272,-32.8637376577,4,Cuarta Oeste,1173332.70145,0
6366,Acacia visco,24/06/2011 12:27,Alto (> 8 mts),120,Grande,-68.8514818205,-32.8909569053,5,Residencial Sur,2423808.92355,0
34594,Paraiso,17/01/2012 16:24,Alto (> 8 mts),140,Grande,-68.8486392934,-32.875185703,6,Residencial Norte,2694682.37982,1
38545,Morera,20/12/2010 10:46,Alto (> 8 mts),250,Grande,-68.8532798634,-32.8716794675,6,Residencial Norte,2694682.37982,0
16209,Fresno europeo,14/07/2011 12:19,Bajo (2 - 4 mts),20,Chico,-68.8436415539,-32.8684797292,4,Cuarta Oeste,1173332.70145,0
47239,Morera,16/09/2011 11:26,Alto (> 8 mts),152,Grande,-68.8334552639,-32.8743234778,4,Cuarta Este Área Fundacional,1822015.85685,0
10485,Fresno europeo,09/03/2011 10:12,Medio (4 - 8 mts),90,Grande,-68.8519073943,-32.8740656968,6,Residencial Norte,2694682.37982,0
26013,Morera,09/11/2011 17:24,Bajo (2 - 4 mts),24,Mediano,-68.8326019319,-32.8869166356,3,Parque O'Higgins,1531146.02653,0
23133,Olmo comun,21/01/2011 10:33,Alto (> 8 mts),172,Grande,-68.8473030087,-32.902647817,2,Barrio Civico,2366816.36021,0
19298,Morera,13/07/2011 20:34,Alto (> 8 mts),160,Grande,-68.8354998518,-32.8701916461,4,Cuarta Oeste,1173332.70145,0
46614,Morera,05/09/2011 09:54,Alto (> 8 mts),132,Grande,-68.831687532,-32.8696377235,4,Cuarta Este Área Fundacional,1822015.85685,0
15296,Morera,18/11/2011 11:32,Bajo (2 - 4 mts),22,Mediano,-68.859888505,-32.8699119411,6,Residencial Norte,2694682.37982,0
45785,Morera,23/08/2011 11:50,Alto (> 8 mts),180,Grande,-68.8216148911,-32.8701564766,4,Cuarta Este Área Fundacional,1822015.85685,0
36769,Morera,28/03/2011 15:55,Alto (> 8 mts),168,Grande,-68.8573600264,-32.8815820781,7,Residencial Parque,1786336.08966,1
16714,Morera,21/07/2011 14:17,Alto (> 8 mts),183,Grande,-68.8403114607,-32.863166735,4,Cuarta Oeste,1173332.70145,0
36546,Platano,04/04/2011 11:46,Alto (> 8 mts),190,Grande,-68.8556269074,-32.8794007217,6,Residencial Norte,2694682.37982,0
8434,Morera,08/02/2011 17:57,Medio (4 - 8 mts),58,Mediano,-68.8390584673,-32.9017503536,2,Barrio Civico,2366816.36021,0
19320,Morera,21/07/2011 10:06,Muy bajo (1 - 2 mts),2,Chico,-68.8357905902,-32.8712918245,4,Cuarta Oeste,1173332.70145,0
26198,Fresno europeo,19/10/2011 12:24,Medio (4 - 8 mts),96,Grande,-68.8318105742,-32.8887475462,3,Parque O'Higgins,1531146.02653,0
5316,Tilo,28/04/2011 12:32,Medio (4 - 8 mts),120,Grande,-68.8435595637,-32.8762550023,1,Parque Central,1655357.93265,0
36524,Morera,06/04/2011 10:02,Alto (> 8 mts),150,Grande,-68.856816149,-32.8786240834,7,Residencial Parque,1786336.08966,0
34014,Platano,27/05/2011 09:59,Alto (> 8 mts),240,Grande,-68.8545111824,-32.8851077513,5,Residencial Sur,2423808.92355,1
38772,Morera,01/11/2010 11:31,Alto (> 8 mts),200,Grande,-68.84977568,-32.8695369815,6,Residencial Norte,2694682.37982,0
37745,Morera,13/01/2012 18:23,Alto (> 8 mts),140,Grande,-68.8502704607,-32.872325052,6,Residencial Norte,2694682.37982,0
13762,Morera,27/01/2011 13:08,Alto (> 8 mts),120,Grande,-68.8499316306,-32.8646110171,6,Residencial Norte,2694682.37982,0
30571,Paraiso,09/02/2011 11:01,Medio (4 - 8 mts),45,Mediano,-68.8578049974,-32.8662383176,6,Residencial Norte,2694682.37982,0
24102,Fresno europeo,11/01/2011 10:40,Alto (> 8 mts),105,Grande,-68.8465408563,-32.9016686974,2,Barrio Civico,2366816.36021,0
33606,Morera,17/05/2011 09:10,Alto (> 8 mts),88,Grande,-68.8536544668,-32.886903104,5,Residencial Sur,2423808.92355,0
30507,Platano,04/04/2011 15:17,Alto (> 8 mts),174,Grande,-68.8399040167,-32.8876343004,3,Parque O'Higgins,1531146.02653,0
31004,Fresno europeo,10/02/2011 12:28,Medio (4 - 8 mts),100,Grande,-68.8551260066,-32.8643360519,6,Residencial Norte,2694682.37982,0
40550,Fresno americano,18/04/2011 09:37,Alto (> 8 mts),80,Grande,-68.8469353113,-32.883968167,1,Parque Central,1655357.93265,0
22601,Fresno europeo,23/06/2011 11:31,Medio (4 - 8 mts),32,Mediano,-68.8618088877,-32.9004768822,5,Residencial Sur,2423808.92355,0
24317,Morera,27/01/2011 12:35,Alto (> 8 mts),120,Grande,-68.8436729961,-32.9010241288,2,Barrio Civico,2366816.36021,0
36205,Platano,30/03/2011 13:01,Alto (> 8 mts),240,Grande,-68.8550663725,-32.8774157826,6,Residencial Norte,2694682.37982,0
25080,Acer,14/02/2011 17:56,Medio (4 - 8 mts),48,Mediano,-68.8367853145,-32.8970022017,2,Barrio Civico,2366816.36021,0
5791,Conifera,04/05/2011 11:19,Alto (> 8 mts),50,Mediano,-68.8414277979,-32.8780832216,1,Parque Central,1655357.93265,0
9417,Jacaranda,14/02/2011 11:23,Bajo (2 - 4 mts),48,Mediano,-68.8563925549,-32.865559349,6,Residencial Norte,2694682.37982,0
9963,Paraiso,11/11/2010 13:38,Alto (> 8 mts),150,Grande,-68.8555351285,-32.8695339133,6,Residencial Norte,2694682.37982,0
19875,Morera,29/06/2011 10:51,Alto (> 8 mts),170,Grande,-68.8345796761,-32.8624179139,4,Cuarta Oeste,1173332.70145,1
46523,Morera,16/08/2011 13:44,Alto (> 8 mts),165,Grande,-68.8317312537,-32.8674368265,4,Cuarta Oeste,1173332.70145,0
5164,Caducifolio,10/08/2011 12:26,Bajo (2 - 4 mts),26,Mediano,-68.8437117761,-32.872991522,6,Residencial Norte,2694682.37982,0
7837,Fresno europeo,10/06/2011 10:15,Bajo (2 - 4 mts),28,Mediano,-68.8510545481,-32.8856574785,5,Residencial Sur,2423808.92355,0
47336,Fresno europeo,22/09/2011 09:13,Medio (4 - 8 mts),55,Mediano,-68.8316922056,-32.8740234672,4,Cuarta Este Área Fundacional,1822015.85685,0
43791,Acacia SP,19/10/2011 08:24,Medio (4 - 8 mts),160,Grande,-68.8323852986,-32.8820646161,3,Parque O'Higgins,1531146.02653,1
41534,Morera,06/05/2011 10:27,Medio (4 - 8 mts),82,Grande,-68.8390021276,-32.8785987254,1,Parque Central,1655357.93265,0
44329,Morera,12/10/2011 16:19,Alto (> 8 mts),130,Grande,-68.8360687907,-32.882285093,3,Parque O'Higgins,1531146.02653,1
37769,Fresno europeo,22/02/2012 07:45,Medio (4 - 8 mts),100,Grande,-68.8490775839,-32.8725509202,6,Residencial Norte,2694682.37982,0
9582,Paraiso,31/01/2011 11:49,Alto (> 8 mts),100,Grande,-68.8512060245,-32.8633119203,6,Residencial Norte,2694682.37982,0
35191,Fresno americano,29/03/2011 10:32,Alto (> 8 mts),120,Grande,-68.8516618627,-32.8826504561,1,Parque Central,1655357.93265,0
8480,Morera,14/02/2011 15:42,Alto (> 8 mts),152,Grande,-68.8352035496,-32.8979769309,2,Barrio Civico,2366816.36021,1
4192,Perenne,06/07/2011 12:04,Bajo (2 - 4 mts),35,Mediano,-68.8374150944,-32.8755084822,1,Parque Central,1655357.93265,0
32696,Acacia visco,18/05/2011 11:09,Medio (4 - 8 mts),100,Grande,-68.8510521425,-32.8868143701,5,Residencial Sur,2423808.92355,1
1586,Acacia SP,30/11/2011 10:36,Bajo (2 - 4 mts),50,Mediano,-68.8725042227,-32.8757610897,7,Residencial Parque,1786336.08966,0
40995,Morera,14/04/2011 13:11,Medio (4 - 8 mts),160,Grande,-68.8382502432,-32.8799649022,1,Parque Central,1655357.93265,1
12787,Morera,24/01/2011 08:37,Medio (4 - 8 mts),120,Grande,-68.8478043477,-32.863536245,4,Cuarta Oeste,1173332.70145,0
16884,Paraiso,28/07/2011 13:37,Alto (> 8 mts),160,Grande,-68.8398285932,-32.8652258204,4,Cuarta Oeste,1173332.70145,0
2684,Fresno americano,12/10/2011 08:19,Alto (> 8 mts),70,Grande,-68.8310504061,-32.883007057,3,Parque O'Higgins,1531146.02653,0
36954,Alamo criollo,08/04/2011 10:38,Alto (> 8 mts),75,Grande,-68.8581045001,-32.8780520745,7,Residencial Parque,1786336.08966,0
36638,Platano,14/06/2011 18:44,Alto (> 8 mts),180,Grande,-68.8574424503,-32.8816951542,7,Residencial Parque,1786336.08966,0
16945,Morera,16/08/2011 13:12,Medio (4 - 8 mts),123,Grande,-68.8369368435,-32.8654159888,4,Cuarta Oeste,1173332.70145,0
45834,Fresno europeo,26/08/2011 11:00,Medio (4 - 8 mts),100,Grande,-68.8204083194,-32.869218882,4,Cuarta Este Área Fundacional,1822015.85685,0
39839,Morera,02/05/2011 11:04,Alto (> 8 mts),150,Grande,-68.8443077475,-32.8734274668,6,Residencial Norte,2694682.37982,0
12185,Paraiso,19/01/2011 10:43,Alto (> 8 mts),190,Grande,-68.8461171235,-32.8683063543,6,Residencial Norte,2694682.37982,0
20256,Fresno europeo,17/05/2011 10:27,Alto (> 8 mts),100,Grande,-68.860028161,-32.8926034108,5,Residencial Sur,2423808.92355,0
10589,Ailanthus,29/03/2011 13:21,Medio (4 - 8 mts),36,Mediano,-68.8524730465,-32.8766698004,6,Residencial Norte,2694682.37982,0
16070,Fresno americano,15/07/2011 08:38,Alto (> 8 mts),200,Grande,-68.8437630287,-32.8707465831,4,Cuarta Oeste,1173332.70145,1
22936,Morera,19/05/2011 15:35,Medio (4 - 8 mts),162,Grande,-68.8552385529,-32.900448069,5,Residencial Sur,2423808.92355,1
34588,Acacia visco,17/01/2012 19:18,Bajo (2 - 4 mts),32,Mediano,-68.8489802928,-32.8749094665,6,Residencial Norte,2694682.37982,0
19118,Morera,27/07/2011 08:48,Medio (4 - 8 mts),100,Grande,-68.8412333439,-32.871706146,4,Cuarta Oeste,1173332.70145,0
3995,Fresno europeo,26/09/2011 11:56,Muy bajo (1 - 2 mts),4,Chico,-68.8294810235,-32.8776386611,4,Cuarta Este Área Fundacional,1822015.85685,0
38386,Caducifolio,05/11/2010 12:02,Bajo (2 - 4 mts),50,Mediano,-68.8529490455,-32.8692112818,6,Residencial Norte,2694682.37982,0
1373,Morera,16/12/2011 12:46,Bajo (2 - 4 mts),40,Mediano,-68.8758048599,-32.8676596784,8,Aeroparque,2203364.73622,0
5096,Acacia SP,09/08/2011 10:06,Bajo (2 - 4 mts),7,Chico,-68.8429566678,-32.8677838288,4,Cuarta Oeste,1173332.70145,0
45736,Morera,24/08/2011 11:24,Medio (4 - 8 mts),169,Grande,-68.822228942,-32.8687158124,4,Cuarta Este Área Fundacional,1822015.85685,0
17059,Acer,16/08/2011 09:40,Bajo (2 - 4 mts),14,Chico,-68.8368541447,-32.8644834382,4,Cuarta Oeste,1173332.70145,0
30225,Morera,10/03/2011 09:27,Medio (4 - 8 mts),23,Mediano,-68.8430383336,-32.8910681992,2,Barrio Civico,2366816.36021,0
35777,Paraiso,18/03/2011 12:02,Medio (4 - 8 mts),90,Grande,-68.8547462288,-32.8749245725,6,Residencial Norte,2694682.37982,0
31471,Platano,19/05/2011 11:46,Alto (> 8 mts),200,Grande,-68.8584196032,-32.8915749341,5,Residencial Sur,2423808.92355,0
891,Paraiso,18/01/2012 10:36,Alto (> 8 mts),170,Grande,-68.847204773,-32.8730963185,6,Residencial Norte,2694682.37982,0
17611,Morera,19/07/2011 20:23,Alto (> 8 mts),170,Grande,-68.8434727808,-32.8662006965,4,Cuarta Oeste,1173332.70145,0
44643,Morera,25/08/2011 12:50,Alto (> 8 mts),195,Grande,-68.8232286049,-32.8665718564,4,Cuarta Este Área Fundacional,1822015.85685,1
21991,Morera,27/05/2011 13:05,Alto (> 8 mts),117,Grande,-68.8585357375,-32.8939441333,5,Residencial Sur,2423808.92355,0
22252,Fresno europeo,14/06/2011 10:31,Alto (> 8 mts),125,Grande,-68.8563012149,-32.897002215,5,Residencial Sur,2423808.92355,0
37301,Platano,17/03/2011 10:02,Alto (> 8 mts),220,Grande,-68.8580153522,-32.8756296401,6,Residencial Norte,2694682.37982,0
19854,Morera,30/06/2011 09:36,Alto (> 8 mts),157,Grande,-68.8337917355,-32.8632759147,4,Cuarta Oeste,1173332.70145,1
32217,Morera,10/05/2011 09:41,Alto (> 8 mts),190,Grande,-68.8599042331,-32.8856458171,5,Residencial Sur,2423808.92355,0
24948,Olmo comun,09/02/2011 10:01,Alto (> 8 mts),122,Grande,-68.8369491776,-32.8968491976,2,Barrio Civico,2366816.36021,0
5222,Platano,05/05/2011 13:05,Medio (4 - 8 mts),54,Mediano,-68.8411649212,-32.8747848767,1,Parque Central,1655357.93265,0
10012,Paraiso,03/11/2010 12:42,Muy bajo (1 - 2 mts),20,Chico,-68.8514510977,-32.8690126604,6,Residencial Norte,2694682.37982,0
12017,Paraiso,07/04/2010 12:14,Medio (4 - 8 mts),134,Grande,-68.8527134737,-32.8668301858,6,Residencial Norte,2694682.37982,0
30293,Morera,11/03/2011 09:15,Alto (> 8 mts),118,Grande,-68.8409462399,-32.8904466809,3,Parque O'Higgins,1531146.02653,0
16228,Paraiso,20/07/2011 10:24,Alto (> 8 mts),200,Grande,-68.8430696136,-32.8658621757,4,Cuarta Oeste,1173332.70145,0
250,Morera,07/03/2012 11:57,Muy bajo (1 - 2 mts),4,Chico,-68.8223482065,-32.8669830912,4,Cuarta Este Área Fundacional,1822015.85685,0
189,Prunas,24/02/2012 11:17,Bajo (2 - 4 mts),22,Mediano,-68.8580176954,-32.8646533329,6,Residencial Norte,2694682.37982,0
37627,Morera,13/12/2010 11:24,Alto (> 8 mts),140,Grande,-68.8499357087,-32.8722760288,6,Residencial Norte,2694682.37982,0
47947,Paraiso sombrilla,02/09/2011 10:45,Medio (4 - 8 mts),165,Grande,-68.8263825213,-32.867948443,4,Cuarta Este Área Fundacional,1822015.85685,0
16457,Morera,16/08/2011 09:43,Alto (> 8 mts),145,Grande,-68.8416161664,-32.8636656785,4,Cuarta Oeste,1173332.70145,0
41275,Morera,11/04/2011 09:57,Alto (> 8 mts),130,Grande,-68.8408181474,-32.8818563062,1,Parque Central,1655357.93265,0
23990,Morera,13/01/2011 13:42,Alto (> 8 mts),160,Grande,-68.8462726366,-32.8998113328,2,Barrio Civico,2366816.36021,0
33017,Acacia SP,18/05/2011 13:26,Alto (> 8 mts),105,Grande,-68.851210955,-32.888218133,5,Residencial Sur,2423808.92355,0
13276,Morera,23/02/2011 12:00,Alto (> 8 mts),160,Grande,-68.8479797936,-32.8645833645,6,Residencial Norte,2694682.37982,1
10188,Fresno americano,20/12/2010 09:47,Alto (> 8 mts),80,Grande,-68.8524521848,-32.871051765,6,Residencial Norte,2694682.37982,0
21088,Morera,22/06/2011 11:27,Alto (> 8 mts),160,Grande,-68.8624985216,-32.8999868524,5,Residencial Sur,2423808.92355,0
3130,Perenne,09/09/2011 15:36,Bajo (2 - 4 mts),27,Mediano,-68.8259688925,-32.8728213441,4,Cuarta Este Área Fundacional,1822015.85685,0
28934,Fresno europeo,26/04/2011 10:37,Alto (> 8 mts),140,Grande,-68.8459411772,-32.8851823375,1,Parque Central,1655357.93265,0
1670,Aguaribay,23/11/2011 08:10,Alto (> 8 mts),136,Grande,-68.8720779374,-32.8788375809,7,Residencial Parque,1786336.08966,1
7717,Paraiso,30/05/2011 13:30,Medio (4 - 8 mts),100,Grande,-68.8574364759,-32.8849928676,5,Residencial Sur,2423808.92355,0
24514,Morera,10/01/2011 10:25,Alto (> 8 mts),107,Grande,-68.8470008815,-32.9034973307,2,Barrio Civico,2366816.36021,0
17503,Morera,28/07/2011 14:50,Alto (> 8 mts),190,Grande,-68.8390115791,-32.8664238727,4,Cuarta Oeste,1173332.70145,0
11823,Morera,02/03/2011 13:26,Bajo (2 - 4 mts),50,Mediano,-68.8496484141,-32.8656101125,6,Residencial Norte,2694682.37982,0
38967,Morera,28/12/2010 12:00,Alto (> 8 mts),90,Grande,-68.8556241443,-32.8705753651,6,Residencial Norte,2694682.37982,1
10572,Fresno europeo,23/03/2011 09:23,Muy bajo (1 - 2 mts),3,Chico,-68.854372982,-32.8763146946,6,Residencial Norte,2694682.37982,0
41777,Morera,27/04/2011 10:48,Medio (4 - 8 mts),150,Grande,-68.8419611588,-32.8781801461,1,Parque Central,1655357.93265,1
9435,Morera,11/02/2011 12:11,Medio (4 - 8 mts),80,Grande,-68.8565088474,-32.8644687367,6,Residencial Norte,2694682.37982,0
2834,Fresno americano,09/11/2011 12:19,Medio (4 - 8 mts),85,Grande,-68.8342895955,-32.8938689502,3,Parque O'Higgins,1531146.02653,0
39084,Morera,22/12/2010 09:12,Alto (> 8 mts),90,Grande,-68.8535354131,-32.8716372971,6,Residencial Norte,2694682.37982,0
22951,Platano,19/05/2011 16:52,Alto (> 8 mts),162,Grande,-68.8558001369,-32.8999978782,5,Residencial Sur,2423808.92355,0
47055,Morera,09/09/2011 16:12,Alto (> 8 mts),180,Grande,-68.8311238641,-32.8719312243,4,Cuarta Este Área Fundacional,1822015.85685,0
40358,Olmo comun,08/04/2011 09:41,Medio (4 - 8 mts),150,Grande,-68.8438771957,-32.881558581,1,Parque Central,1655357.93265,0
19323,Morera,21/07/2011 09:53,Alto (> 8 mts),210,Grande,-68.8357417506,-32.871122873,4,Cuarta Oeste,1173332.70145,0
40780,Platano,18/04/2011 19:07,Alto (> 8 mts),132,Grande,-68.840582362,-32.8846268518,1,Parque Central,1655357.93265,0
35992,Prunas,21/03/2011 11:52,Medio (4 - 8 mts),45,Mediano,-68.855546564,-32.8751265771,6,Residencial Norte,2694682.37982,0
4265,Fresno europeo,11/07/2011 10:43,Medio (4 - 8 mts),18,Chico,-68.8363873273,-32.8726879535,4,Cuarta Oeste,1173332.70145,0
37257,Paraiso,11/03/2011 11:06,Alto (> 8 mts),138,Grande,-68.8570489177,-32.87354583,6,Residencial Norte,2694682.37982,0
6983,Perenne,30/05/2011 10:23,Bajo (2 - 4 mts),100,Grande,-68.8620659761,-32.8966696531,5,Residencial Sur,2423808.92355,0
37455,Braquiquito,04/01/2011 13:19,Muy bajo (1 - 2 mts),10,Chico,-68.8583366937,-32.8712725006,6,Residencial Norte,2694682.37982,0
13664,Paraiso,25/02/2011 13:46,Alto (> 8 mts),170,Grande,-68.8520492636,-32.8649914245,6,Residencial Norte,2694682.37982,0
16341,Morera,12/08/2011 14:35,Alto (> 8 mts),186,Grande,-68.8420961463,-32.8641806122,4,Cuarta Oeste,1173332.70145,0
22440,Paraiso,28/06/2011 09:34,Medio (4 - 8 mts),140,Grande,-68.8619277442,-32.8981347823,5,Residencial Sur,2423808.92355,0
21144,Paraiso,17/06/2011 11:17,Medio (4 - 8 mts),135,Grande,-68.8624006047,-32.8981271883,5,Residencial Sur,2423808.92355,1
41630,Ailanthus,03/05/2011 11:20,Bajo (2 - 4 mts),8,Chico,-68.8369891731,-32.8785087441,1,Parque Central,1655357.93265,0
25562,Morera,08/02/2011 16:01,Medio (4 - 8 mts),62,Grande,-68.8389997474,-32.9011882574,2,Barrio Civico,2366816.36021,0
26075,Fresno americano,04/11/2011 17:34,Bajo (2 - 4 mts),120,Grande,-68.8335996529,-32.8861117753,3,Parque O'Higgins,1531146.02653,0
35322,Morera,23/06/2011 10:53,Medio (4 - 8 mts),110,Grande,-68.854078938,-32.8823771101,5,Residencial Sur,2423808.92355,0
16041,Morera,15/08/2011 13:13,Alto (> 8 mts),170,Grande,-68.8453684904,-32.8714497444,6,Residencial Norte,2694682.37982,0
29308,Morera,22/02/2011 12:05,Alto (> 8 mts),250,Grande,-68.8440341557,-32.8883426586,2,Barrio Civico,2366816.36021,0
35392,Morera,21/06/2011 12:58,Bajo (2 - 4 mts),60,Mediano,-68.8556489881,-32.8822980015,5,Residencial Sur,2423808.92355,0
5134,Morera,08/08/2011 11:11,Alto (> 8 mts),140,Grande,-68.8434228866,-32.8695276233,4,Cuarta Oeste,1173332.70145,0
14496,Paraiso,30/11/2011 17:55,Muy bajo (1 - 2 mts),5,Chico,-68.8791783129,-32.8664908897,8,Aeroparque,2203364.73622,0
22073,Fresno europeo,10/06/2011 11:58,Alto (> 8 mts),120,Grande,-68.8537797918,-32.8970751404,5,Residencial Sur,2423808.92355,1
30540,Platano,04/04/2011 15:58,Alto (> 8 mts),178,Grande,-68.8576768438,-32.8667615158,6,Residencial Norte,2694682.37982,0
17152,Morera,15/08/2011 10:56,Alto (> 8 mts),165,Grande,-68.8379860586,-32.8631166768,4,Cuarta Oeste,1173332.70145,0
33229,Platano,09/05/2011 11:59,Alto (> 8 mts),200,Grande,-68.8555640854,-32.8921254875,5,Residencial Sur,2423808.92355,0
17839,Morera,02/08/2011 10:37,Alto (> 8 mts),142,Grande,-68.8368273373,-32.8669261019,4,Cuarta Oeste,1173332.70145,0
39688,Morera,30/08/2010 11:47,Alto (> 8 mts),60,Mediano,-68.8462605981,-32.8694613455,6,Residencial Norte,2694682.37982,0
5107,Acacia SP,08/08/2011 14:29,Bajo (2 - 4 mts),8,Chico,-68.8430526341,-32.868183409,4,Cuarta Oeste,1173332.70145,0
27715,Olmo bola,01/11/2011 11:21,Alto (> 8 mts),110,Grande,-68.837040042,-32.8950883991,2,Barrio Civico,2366816.36021,0
27638,Morera,01/11/2011 10:49,Alto (> 8 mts),120,Grande,-68.8369483971,-32.8940653115,2,Barrio Civico,2366816.36021,0
35858,Morera,29/03/2011 10:36,Alto (> 8 mts),210,Grande,-68.8525517098,-32.8760348961,6,Residencial Norte,2694682.37982,0
24421,Paraiso,12/07/2011 12:43,Medio (4 - 8 mts),108,Grande,-68.8457304212,-32.9033811766,2,Barrio Civico,2366816.36021,0
44937,Morera,23/08/2011 10:10,Medio (4 - 8 mts),80,Grande,-68.8247218164,-32.8686506209,4,Cuarta Este Área Fundacional,1822015.85685,0
5217,Tipa,09/08/2011 09:40,Alto (> 8 mts),260,Grande,-68.8398100525,-32.8726113292,4,Cuarta Oeste,1173332.70145,1
46985,Alamo blanco,07/09/2011 12:23,Alto (> 8 mts),138,Grande,-68.8310132869,-32.8718310519,4,Cuarta Este Área Fundacional,1822015.85685,0
16916,Fresno europeo,27/07/2011 09:11,Medio (4 - 8 mts),38,Mediano,-68.8397854451,-32.8659220035,4,Cuarta Oeste,1173332.70145,0
36714,Morera,14/06/2011 10:34,Medio (4 - 8 mts),110,Grande,-68.8602066478,-32.8819152216,7,Residencial Parque,1786336.08966,1
21352,Paraiso,09/05/2011 09:11,Medio (4 - 8 mts),45,Mediano,-68.8532293439,-32.8932566459,5,Residencial Sur,2423808.92355,0
31070,Fresno europeo,16/02/2011 12:45,Alto (> 8 mts),120,Grande,-68.8555053304,-32.8653557787,6,Residencial Norte,2694682.37982,0
15777,Paraiso sombrilla,23/11/2011 11:20,Medio (4 - 8 mts),130,Grande,-68.872671877,-32.8779065291,7,Residencial Parque,1786336.08966,0
24019,Platano,13/01/2011 09:06,Alto (> 8 mts),256,Grande,-68.8446811066,-32.9003495604,2,Barrio Civico,2366816.36021,0
43566,Platano,11/10/2011 12:42,Alto (> 8 mts),160,Grande,-68.830129424,-32.8837403433,3,Parque O'Higgins,1531146.02653,0
43814,Morera,18/10/2011 16:00,Medio (4 - 8 mts),150,Grande,-68.8311434073,-32.8824201962,3,Parque O'Higgins,1531146.02653,0
5393,Morera,25/04/2011 10:11,Muy bajo (1 - 2 mts),5,Chico,-68.845344741,-32.8779275263,1,Parque Central,1655357.93265,0
36071,Morera,18/03/2011 11:36,Medio (4 - 8 mts),80,Grande,-68.8563039852,-32.8759525913,6,Residencial Norte,2694682.37982,0
7151,Morera,15/06/2011 12:01,Medio (4 - 8 mts),35,Mediano,-68.8539421332,-32.8990800632,5,Residencial Sur,2423808.92355,0
44156,Fresno europeo,06/10/2011 15:54,Medio (4 - 8 mts),120,Grande,-68.8350476739,-32.8775960523,1,Parque Central,1655357.93265,0
22400,Fresno europeo,16/06/2011 08:49,Medio (4 - 8 mts),78,Grande,-68.8608372953,-32.8981553944,5,Residencial Sur,2423808.92355,0
25040,Morera,15/02/2011 08:21,Alto (> 8 mts),190,Grande,-68.8366534555,-32.8967795275,2,Barrio Civico,2366816.36021,0
16765,Paraiso,11/08/2011 13:51,Medio (4 - 8 mts),52,Mediano,-68.8387692952,-32.8625119144,4,Cuarta Oeste,1173332.70145,0
1609,Acer,24/11/2011 10:13,Bajo (2 - 4 mts),60,Mediano,-68.8715911898,-32.8791158236,7,Residencial Parque,1786336.08966,0
41200,Morera,18/04/2011 09:18,Alto (> 8 mts),150,Grande,-68.8375868314,-32.8812063949,1,Parque Central,1655357.93265,0
17853,Platano,02/08/2011 09:55,Alto (> 8 mts),180,Grande,-68.8358577072,-32.8664122128,4,Cuarta Oeste,1173332.70145,0
34962,Morera,04/04/2011 10:29,Alto (> 8 mts),130,Grande,-68.8573196188,-32.8803833122,7,Residencial Parque,1786336.08966,0
34296,Morera,04/03/2011 13:19,Medio (4 - 8 mts),94,Grande,-68.8513050753,-32.8737101855,6,Residencial Norte,2694682.37982,0
45275,Fresno europeo,16/09/2011 10:08,Alto (> 8 mts),140,Grande,-68.823975521,-32.8712744946,4,Cuarta Este Área Fundacional,1822015.85685,0
38032,Fresno europeo,07/12/2010 09:38,Medio (4 - 8 mts),140,Grande,-68.8474112776,-32.8720007535,6,Residencial Norte,2694682.37982,0
23463,Fresno europeo,24/01/2011 15:22,Alto (> 8 mts),86,Grande,-68.8492479742,-32.9016466486,2,Barrio Civico,2366816.36021,0
33813,Acacia SP,12/05/2011 12:41,Medio (4 - 8 mts),90,Grande,-68.8552917361,-32.8864244965,5,Residencial Sur,2423808.92355,0
46357,Morera,19/09/2011 13:52,Alto (> 8 mts),140,Grande,-68.8255413364,-32.8742862431,4,Cuarta Este Área Fundacional,1822015.85685,0
46062,Fresno europeo,19/09/2011 11:29,Medio (4 - 8 mts),158,Grande,-68.8220853028,-32.8732282253,4,Cuarta Este Área Fundacional,1822015.85685,0
22671,Platano,12/05/2011 12:10,Alto (> 8 mts),138,Grande,-68.8536444864,-32.900710688,5,Residencial Sur,2423808.92355,0
41672,Fresno europeo,26/04/2011 13:02,Medio (4 - 8 mts),70,Grande,-68.8372112397,-32.8768561982,1,Parque Central,1655357.93265,0
1025,Aguaribay,14/12/2011 11:04,Medio (4 - 8 mts),115,Grande,-68.8815911461,-32.8651038082,8,Aeroparque,2203364.73622,0
20901,Acacia SP,27/05/2011 09:28,Medio (4 - 8 mts),49,Mediano,-68.8617306939,-32.895356455,5,Residencial Sur,2423808.92355,0
6517,Paraiso,06/05/2011 12:16,Alto (> 8 mts),100,Grande,-68.8512870127,-32.892469868,5,Residencial Sur,2423808.92355,0
2088,Acacia SP,22/11/2011 12:00,Medio (4 - 8 mts),85,Grande,-68.8280645019,-32.8823559119,3,Parque O'Higgins,1531146.02653,0
8740,Fresno americano,14/02/2011 08:50,Bajo (2 - 4 mts),48,Mediano,-68.8365184678,-32.9006929685,2,Barrio Civico,2366816.36021,0
5741,Morera,04/05/2011 11:16,Medio (4 - 8 mts),44,Mediano,-68.8393176183,-32.8785561916,1,Parque Central,1655357.93265,0
26661,Morera,14/11/2011 13:08,Medio (4 - 8 mts),48,Mediano,-68.8320518159,-32.8939979669,3,Parque O'Higgins,1531146.02653,0
23470,Fresno americano,24/01/2011 15:38,Alto (> 8 mts),290,Grande,-68.8492678156,-32.902111674,2,Barrio Civico,2366816.36021,1
21221,Paraiso,10/05/2011 10:21,Alto (> 8 mts),130,Grande,-68.8512682453,-32.8937145519,5,Residencial Sur,2423808.92355,0
845,Aguaribay,16/12/2011 12:11,Medio (4 - 8 mts),96,Grande,-68.8806701325,-32.867186096,8,Aeroparque,2203364.73622,0
631,Paraiso,07/03/2012 17:56,Medio (4 - 8 mts),120,Grande,-68.8184934126,-32.8686960482,4,Cuarta Este Área Fundacional,1822015.85685,0
6969,Liquidambar,31/05/2011 10:53,Medio (4 - 8 mts),22,Mediano,-68.8608627803,-32.8961304921,5,Residencial Sur,2423808.92355,0
43120,Morera,04/10/2011 09:01,Medio (4 - 8 mts),130,Grande,-68.8280788189,-32.8782733757,4,Cuarta Este Área Fundacional,1822015.85685,1
23532,Fresno americano,01/02/2011 15:21,Bajo (2 - 4 mts),28,Mediano,-68.8514351306,-32.9024342778,2,Barrio Civico,2366816.36021,1
10086,Braquiquito,20/10/2010 13:23,Medio (4 - 8 mts),56,Mediano,-68.845414249,-32.8710699415,6,Residencial Norte,2694682.37982,0
39550,Morera,28/10/2010 13:26,Alto (> 8 mts),180,Grande,-68.8489997363,-32.8687891069,6,Residencial Norte,2694682.37982,0
2066,Platano,11/10/2011 16:23,Alto (> 8 mts),84,Grande,-68.8282698519,-32.8813873805,3,Parque O'Higgins,1531146.02653,0
10075,Morera,22/10/2010 11:14,Muy bajo (1 - 2 mts),12,Chico,-68.8465413275,-32.8699472337,6,Residencial Norte,2694682.37982,0
17366,Morera,03/08/2011 09:58,Alto (> 8 mts),170,Grande,-68.834925276,-32.8648274852,4,Cuarta Oeste,1173332.70145,1
39566,Fresno americano,28/10/2010 11:40,Alto (> 8 mts),67,Grande,-68.8500648393,-32.8691331474,6,Residencial Norte,2694682.37982,0
3126,Fresno europeo,09/09/2011 14:24,Alto (> 8 mts),140,Grande,-68.8300917417,-32.8719841177,4,Cuarta Este Área Fundacional,1822015.85685,0
48307,Fresno americano,19/08/2011 11:12,Bajo (2 - 4 mts),85,Grande,-68.8282754635,-32.868697298,4,Cuarta Este Área Fundacional,1822015.85685,0
32074,Morera,08/06/2011 09:29,Alto (> 8 mts),152,Grande,-68.8595677896,-32.8870161924,5,Residencial Sur,2423808.92355,0
22783,Platano,17/06/2011 19:20,Alto (> 8 mts),166,Grande,-68.8580911768,-32.9016966724,5,Residencial Sur,2423808.92355,0
13208,Fresno europeo,22/02/2011 10:58,Medio (4 - 8 mts),60,Mediano,-68.8471500848,-32.8649290743,4,Cuarta Oeste,1173332.70145,0
33916,Morera,13/07/2011 11:12,Medio (4 - 8 mts),53,Mediano,-68.8531856853,-32.8853179197,5,Residencial Sur,2423808.92355,0
12182,Morera,19/01/2011 10:32,Alto (> 8 mts),150,Grande,-68.8461625166,-32.8684930691,6,Residencial Norte,2694682.37982,0
3733,Morera,24/08/2011 10:10,Alto (> 8 mts),180,Grande,-68.8206121319,-32.8695981402,4,Cuarta Este Área Fundacional,1822015.85685,0
24446,Fresno europeo,20/01/2011 10:00,Muy bajo (1 - 2 mts),4,Chico,-68.8456827868,-32.9026813165,2,Barrio Civico,2366816.36021,0
34028,Fresno europeo,27/05/2011 11:22,Bajo (2 - 4 mts),34,Mediano,-68.8546660489,-32.8840502461,5,Residencial Sur,2423808.92355,0
6811,Platano,23/05/2011 13:43,Alto (> 8 mts),160,Grande,-68.8611272034,-32.893484842,5,Residencial Sur,2423808.92355,0
20776,Acer,31/05/2011 11:11,Medio (4 - 8 mts),58,Mediano,-68.8609450083,-32.8957476436,5,Residencial Sur,2423808.92355,0
35152,Morera,30/03/2011 10:42,Alto (> 8 mts),180,Grande,-68.8515336351,-32.8823661274,1,Parque Central,1655357.93265,0
44347,Fresno americano,18/10/2011 11:16,Medio (4 - 8 mts),90,Grande,-68.8359790561,-32.8835447298,3,Parque O'Higgins,1531146.02653,0
47120,Fresno europeo,20/09/2011 11:31,Alto (> 8 mts),90,Grande,-68.8327249623,-32.8738440647,4,Cuarta Este Área Fundacional,1822015.85685,0
28027,Morera,16/03/2011 18:36,Alto (> 8 mts),156,Grande,-68.8457728233,-32.8929155791,2,Barrio Civico,2366816.36021,1
45046,Morera,01/09/2011 07:59,Alto (> 8 mts),165,Grande,-68.8223893496,-32.8702550517,4,Cuarta Este Área Fundacional,1822015.85685,0
10773,Fresno europeo,04/04/2011 13:56,Muy bajo (1 - 2 mts),3,Chico,-68.8511329594,-32.8770550744,6,Residencial Norte,2694682.37982,0
30842,Fresno europeo,14/02/2011 13:29,Medio (4 - 8 mts),50,Mediano,-68.8556501822,-32.8665224293,6,Residencial Norte,2694682.37982,0
11997,Paraiso,12/05/2010 11:15,Medio (4 - 8 mts),140,Grande,-68.8524357133,-32.8682130819,6,Residencial Norte,2694682.37982,0
620,Paraiso sombrilla,07/03/2012 16:42,Medio (4 - 8 mts),110,Grande,-68.8188165734,-32.8683312322,4,Cuarta Este Área Fundacional,1822015.85685,0
46588,Morera,05/09/2011 13:49,Alto (> 8 mts),168,Grande,-68.8327901414,-32.8688353317,4,Cuarta Oeste,1173332.70145,0
20263,Acer,17/05/2011 13:35,Medio (4 - 8 mts),62,Grande,-68.8590056562,-32.8927523937,5,Residencial Sur,2423808.92355,0
2576,Morera,21/10/2011 09:10,Alto (> 8 mts),63,Grande,-68.8322636553,-32.8888250933,3,Parque O'Higgins,1531146.02653,0
37737,Morera,14/01/2012 09:00,Muy bajo (1 - 2 mts),7,Chico,-68.8506972194,-32.8722882112,6,Residencial Norte,2694682.37982,0
35450,Morera,28/03/2011 10:33,Alto (> 8 mts),70,Grande,-68.8542064711,-32.881189952,6,Residencial Norte,2694682.37982,1
45731,Morera,24/08/2011 11:29,Medio (4 - 8 mts),140,Grande,-68.8219035013,-32.8687243421,4,Cuarta Este Área Fundacional,1822015.85685,0
27723,Morera,01/11/2011 11:08,Alto (> 8 mts),112,Grande,-68.837624912,-32.8952484887,2,Barrio Civico,2366816.36021,1
33958,Morera,24/05/2011 11:01,Alto (> 8 mts),180,Grande,-68.8522205106,-32.885001206,5,Residencial Sur,2423808.92355,1
33544,Morera,30/05/2011 12:59,Alto (> 8 mts),160,Grande,-68.8550788737,-32.8878566782,5,Residencial Sur,2423808.92355,0
42355,Platano,05/10/2011 11:12,Alto (> 8 mts),280,Grande,-68.8348116497,-32.8754554176,4,Cuarta Este Área Fundacional,1822015.85685,0
16260,Fresno americano,21/07/2011 09:48,Muy bajo (1 - 2 mts),20,Chico,-68.8429510894,-32.8647292878,4,Cuarta Oeste,1173332.70145,0
40181,Platano,14/04/2011 12:44,Alto (> 8 mts),190,Grande,-68.845925844,-32.8827317062,1,Parque Central,1655357.93265,0
3367,Acacia SP,30/09/2011 15:16,Alto (> 8 mts),200,Grande,-68.8321445738,-32.8762869072,4,Cuarta Este Área Fundacional,1822015.85685,1
22240,Acacia SP,14/06/2011 11:05,Alto (> 8 mts),94,Grande,-68.8555802665,-32.8973684789,5,Residencial Sur,2423808.92355,0
35739,Morera,04/03/2011 09:43,Alto (> 8 mts),111,Grande,-68.8551777218,-32.8739962379,6,Residencial Norte,2694682.37982,0
17383,Paraiso,22/07/2011 13:30,Alto (> 8 mts),160,Grande,-68.8402671153,-32.8659716716,4,Cuarta Oeste,1173332.70145,0
28009,Morera,04/11/2011 09:01,Alto (> 8 mts),98,Grande,-68.8358817896,-32.8941234116,3,Parque O'Higgins,1531146.02653,0
19830,Morera,04/08/2011 10:19,Alto (> 8 mts),180,Grande,-68.8342345927,-32.8646651253,4,Cuarta Oeste,1173332.70145,0
9223,Fresno europeo,28/02/2011 10:49,Bajo (2 - 4 mts),52,Mediano,-68.8495525861,-32.865005756,6,Residencial Norte,2694682.37982,0
21874,Fresno europeo,06/06/2011 11:20,Bajo (2 - 4 mts),98,Grande,-68.859168481,-32.8960425985,5,Residencial Sur,2423808.92355,0
11153,Ligustro,26/01/2011 13:17,Bajo (2 - 4 mts),110,Grande,-68.8452922791,-32.900723725,2,Barrio Civico,2366816.36021,0
22467,Morera,23/06/2011 12:47,Alto (> 8 mts),162,Grande,-68.8615304192,-32.899284342,5,Residencial Sur,2423808.92355,0
36559,Fresno europeo,07/06/2011 10:06,Bajo (2 - 4 mts),80,Grande,-68.8578970186,-32.8835290944,5,Residencial Sur,2423808.92355,0
12665,Morera,17/01/2011 12:22,Medio (4 - 8 mts),150,Grande,-68.8464587513,-32.8629181414,4,Cuarta Oeste,1173332.70145,0
28283,Morera,10/03/2011 17:18,Medio (4 - 8 mts),122,Grande,-68.8504813991,-32.8923240173,5,Residencial Sur,2423808.92355,0
32978,Acacia SP,19/05/2011 13:45,Medio (4 - 8 mts),80,Grande,-68.8509930868,-32.8875313875,5,Residencial Sur,2423808.92355,0
28560,Platano,23/02/2011 08:51,Alto (> 8 mts),240,Grande,-68.8499591748,-32.8908891777,5,Residencial Sur,2423808.92355,0
38410,Paraiso,04/11/2010 11:14,Alto (> 8 mts),230,Grande,-68.8523154417,-32.8702367982,6,Residencial Norte,2694682.37982,0
23649,Morera,20/01/2011 19:48,Medio (4 - 8 mts),116,Grande,-68.8483276558,-32.8997787667,2,Barrio Civico,2366816.36021,0
9933,Paraiso,16/11/2010 10:34,Muy bajo (1 - 2 mts),15,Chico,-68.8570979012,-32.8702594427,6,Residencial Norte,2694682.37982,0
16267,Morera,21/07/2011 09:13,Alto (> 8 mts),200,Grande,-68.8423571373,-32.8647103131,4,Cuarta Oeste,1173332.70145,0
21546,Platano,08/06/2011 11:50,Alto (> 8 mts),240,Grande,-68.8543804232,-32.8950260212,5,Residencial Sur,2423808.92355,0
28101,Platano,21/02/2011 19:21,Alto (> 8 mts),132,Grande,-68.8497761406,-32.8910549612,5,Residencial Sur,2423808.92355,0
15675,Acacia SP,15/11/2011 12:01,Medio (4 - 8 mts),48,Mediano,-68.8611998157,-32.8699375386,7,Residencial Parque,1786336.08966,0
23200,Paraiso,18/01/2011 12:09,Alto (> 8 mts),120,Grande,-68.8488062263,-32.9012601919,2,Barrio Civico,2366816.36021,0
28738,Morera,11/03/2011 13:27,Alto (> 8 mts),95,Grande,-68.848092343,-32.8868594969,1,Parque Central,1655357.93265,0
35780,Morera,18/03/2011 11:48,Medio (4 - 8 mts),140,Grande,-68.8546788447,-32.8751612791,6,Residencial Norte,2694682.37982,0
9834,Morera,11/01/2011 12:55,Alto (> 8 mts),110,Grande,-68.8452408027,-32.8626460483,4,Cuarta Oeste,1173332.70145,0
25901,Morera,04/02/2011 12:31,Bajo (2 - 4 mts),20,Chico,-68.839358795,-32.902422321,2,Barrio Civico,2366816.36021,1
38,Fresno europeo,01/03/2012 13:19,Bajo (2 - 4 mts),54,Mediano,-68.8555195434,-32.8964048593,5,Residencial Sur,2423808.92355,0
46314,Morera,28/09/2011 08:08,Alto (> 8 mts),168,Grande,-68.8247133785,-32.8734821555,4,Cuarta Este Área Fundacional,1822015.85685,0
20410,Fresno europeo,23/05/2011 13:47,Medio (4 - 8 mts),66,Grande,-68.8613100989,-32.893447788,5,Residencial Sur,2423808.92355,0
27466,Fresno europeo,28/10/2011 09:57,Alto (> 8 mts),160,Grande,-68.8376033401,-32.8909701075,3,Parque O'Higgins,1531146.02653,0
26676,Morera,10/11/2011 09:58,Alto (> 8 mts),138,Grande,-68.83273375,-32.8941518356,3,Parque O'Higgins,1531146.02653,0
9575,Paraiso sombrilla,11/02/2011 09:02,Bajo (2 - 4 mts),80,Grande,-68.8553402902,-32.8640227127,6,Residencial Norte,2694682.37982,0
35301,Morera,23/06/2011 16:14,Medio (4 - 8 mts),110,Grande,-68.8525101727,-32.882804739,1,Parque Central,1655357.93265,0
33888,Morera,14/07/2011 09:39,Alto (> 8 mts),95,Grande,-68.8541028543,-32.8852127737,5,Residencial Sur,2423808.92355,1
15252,Acacia SP,18/11/2011 17:05,Muy bajo (1 - 2 mts),5,Chico,-68.859092467,-32.8709893205,6,Residencial Norte,2694682.37982,0
31214,Morera,04/02/2011 13:06,Alto (> 8 mts),120,Grande,-68.8534692783,-32.8648428661,6,Residencial Norte,2694682.37982,0
18423,Morera,11/07/2011 11:02,Alto (> 8 mts),180,Grande,-68.8389483213,-32.8734293377,4,Cuarta Oeste,1173332.70145,0
34154,Paraiso,10/03/2011 13:38,Medio (4 - 8 mts),60,Mediano,-68.8565073551,-32.8727691218,6,Residencial Norte,2694682.37982,0
13081,Morera,17/02/2011 10:13,Bajo (2 - 4 mts),38,Mediano,-68.8464368445,-32.8644744804,4,Cuarta Oeste,1173332.70145,0
16854,Morera,05/08/2011 13:50,Alto (> 8 mts),125,Grande,-68.8400464056,-32.8643479779,4,Cuarta Oeste,1173332.70145,0
31954,Morera,02/06/2011 13:31,Medio (4 - 8 mts),160,Grande,-68.8606094344,-32.883950882,7,Residencial Parque,1786336.08966,0
24860,Morera,16/02/2011 12:38,Muy bajo (1 - 2 mts),8,Chico,-68.8392734002,-32.8953203399,2,Barrio Civico,2366816.36021,0
36054,Morera,17/03/2011 13:16,Alto (> 8 mts),158,Grande,-68.8574192897,-32.8754697464,6,Residencial Norte,2694682.37982,0
34074,Fresno europeo,31/05/2011 13:27,Bajo (2 - 4 mts),80,Grande,-68.8564450596,-32.8847686954,5,Residencial Sur,2423808.92355,0
42517,Morera,28/09/2011 11:48,Medio (4 - 8 mts),85,Grande,-68.8294223224,-32.876306728,4,Cuarta Este Área Fundacional,1822015.85685,0
37418,Olmo bola,03/01/2011 12:54,Alto (> 8 mts),165,Grande,-68.8571357625,-32.8710973783,6,Residencial Norte,2694682.37982,0
6041,Morera,25/04/2011 09:18,Alto (> 8 mts),122,Grande,-68.8463652206,-32.8868463072,1,Parque Central,1655357.93265,0
11729,Morera,02/06/2010 10:32,Medio (4 - 8 mts),156,Grande,-68.8510001096,-32.8667452812,6,Residencial Norte,2694682.37982,0
29783,Morera,09/03/2011 09:47,Alto (> 8 mts),165,Grande,-68.8431523281,-32.8911734668,2,Barrio Civico,2366816.36021,0
9999,Caducifolio,04/11/2010 11:24,Medio (4 - 8 mts),80,Grande,-68.8523309421,-32.8700976905,6,Residencial Norte,2694682.37982,0
44658,Fresno europeo,19/08/2011 11:17,Alto (> 8 mts),170,Grande,-68.8227487492,-32.867544103,4,Cuarta Este Área Fundacional,1822015.85685,0
36608,Morera,15/06/2011 13:34,Medio (4 - 8 mts),140,Grande,-68.8571625057,-32.8828717244,5,Residencial Sur,2423808.92355,0
6696,Paraiso,11/05/2011 11:55,Alto (> 8 mts),80,Grande,-68.8552504452,-32.8946750202,5,Residencial Sur,2423808.92355,0
13462,Morera,02/02/2011 13:10,Bajo (2 - 4 mts),36,Mediano,-68.8528430379,-32.8635756106,6,Residencial Norte,2694682.37982,0
22772,Morera,29/06/2011 15:39,Medio (4 - 8 mts),40,Mediano,-68.8556488994,-32.9017239336,5,Residencial Sur,2423808.92355,1
4490,Caducifolio,29/07/2011 10:48,Muy bajo (1 - 2 mts),5,Chico,-68.8388588316,-32.8674727465,4,Cuarta Oeste,1173332.70145,0
6345,Platano,30/06/2011 11:26,Alto (> 8 mts),155,Grande,-68.8559163078,-32.8899217267,5,Residencial Sur,2423808.92355,0
39997,Morera,20/04/2011 12:58,Medio (4 - 8 mts),240,Grande,-68.8440898272,-32.8776054633,1,Parque Central,1655357.93265,0
44298,Olmo bola,20/10/2011 16:33,Alto (> 8 mts),120,Grande,-68.835815557,-32.8809417158,1,Parque Central,1655357.93265,0
11926,Morera,12/05/2010 11:50,Medio (4 - 8 mts),162,Grande,-68.8510421486,-32.8674202923,6,Residencial Norte,2694682.37982,0
38886,Jacaranda,09/12/2010 10:01,Bajo (2 - 4 mts),30,Mediano,-68.8490717194,-32.871701061,6,Residencial Norte,2694682.37982,0
8754,Fresno europeo,15/02/2011 09:16,Medio (4 - 8 mts),64,Grande,-68.8395871827,-32.8954400338,2,Barrio Civico,2366816.36021,0
2639,Fresno europeo,21/10/2011 18:52,Bajo (2 - 4 mts),12,Chico,-68.834490421500007,-32.8810373999,3,Parque O'Higgins,1531146.02653,0
20690,Morera,31/05/2011 12:09,Alto (> 8 mts),80,Grande,-68.8611720209,-32.8980196797,5,Residencial Sur,2423808.92355,0
3116,Acer,15/09/2011 10:30,Alto (> 8 mts),150,Grande,-68.8301835451,-32.8729464704,4,Cuarta Este Área Fundacional,1822015.85685,0
10562,Paraiso,23/03/2011 10:34,Alto (> 8 mts),77,Grande,-68.854899885,-32.8754860246,6,Residencial Norte,2694682.37982,1
29586,Platano,04/03/2011 09:24,Alto (> 8 mts),160,Grande,-68.8438733877,-32.8920183838,2,Barrio Civico,2366816.36021,0
14323,Paraiso sombrilla,01/12/2011 12:31,Bajo (2 - 4 mts),60,Mediano,-68.8784914547,-32.8670351479,8,Aeroparque,2203364.73622,0
2339,Fresno europeo,01/11/2011 10:05,Muy bajo (1 - 2 mts),15,Chico,-68.8355230676,-32.889302192,3,Parque O'Higgins,1531146.02653,0
26498,Fresno europeo,09/11/2011 09:01,Medio (4 - 8 mts),90,Grande,-68.8329839768,-32.8927112384,3,Parque O'Higgins,1531146.02653,0
27897,Platano,04/11/2011 10:48,Alto (> 8 mts),148,Grande,-68.839904296,-32.8930650078,2,Barrio Civico,2366816.36021,0
31283,Morera,03/02/2011 11:40,Muy bajo (1 - 2 mts),22,Mediano,-68.8529088445,-32.8645886527,6,Residencial Norte,2694682.37982,0
10507,Acer,10/03/2011 12:41,Muy bajo (1 - 2 mts),40,Mediano,-68.8490554417,-32.8745966947,6,Residencial Norte,2694682.37982,0
21791,Fresno europeo,13/05/2011 10:58,Medio (4 - 8 mts),35,Mediano,-68.8566012444,-32.8932118468,5,Residencial Sur,2423808.92355,0
36363,Platano,17/03/2011 12:48,Alto (> 8 mts),250,Grande,-68.8520472412,-32.8779884705,6,Residencial Norte,2694682.37982,0
7451,Morera,16/06/2011 12:03,Alto (> 8 mts),148,Grande,-68.8605593517,-32.9003754263,5,Residencial Sur,2423808.92355,1
2524,Fresno europeo,19/10/2011 12:47,Bajo (2 - 4 mts),28,Mediano,-68.8347176336,-32.8876194474,3,Parque O'Higgins,1531146.02653,0
11126,Morera,27/01/2011 10:13,Alto (> 8 mts),130,Grande,-68.8434059267,-32.9020199699,2,Barrio Civico,2366816.36021,0
35778,Morera,18/03/2011 11:58,Alto (> 8 mts),150,Grande,-68.8547707542,-32.8750215331,6,Residencial Norte,2694682.37982,0
5856,Fresno europeo,03/05/2011 11:57,Bajo (2 - 4 mts),40,Mediano,-68.837054957,-32.8768229116,1,Parque Central,1655357.93265,0
29144,Paraiso,10/03/2011 13:05,Alto (> 8 mts),136,Grande,-68.84675705,-32.8883181255,2,Barrio Civico,2366816.36021,0
3696,Fresno europeo,31/08/2011 11:47,Alto (> 8 mts),140,Grande,-68.8244550651,-32.8696472745,4,Cuarta Este Área Fundacional,1822015.85685,0
46989,Morera,08/09/2011 12:42,Alto (> 8 mts),62,Grande,-68.8313076635,-32.8718101945,4,Cuarta Este Área Fundacional,1822015.85685,0
22885,Morera,29/06/2011 16:40,Bajo (2 - 4 mts),18,Chico,-68.8546828989,-32.9016278729,5,Residencial Sur,2423808.92355,0
38606,Fresno europeo,17/12/2010 11:25,Alto (> 8 mts),80,Grande,-68.8524121778,-32.870786827,6,Residencial Norte,2694682.37982,0
14710,Aguaribay,06/12/2011 08:09,Muy bajo (1 - 2 mts),18,Chico,-68.8773761719,-32.8695660495,8,Aeroparque,2203364.73622,1
12091,Morera,05/05/2010 11:54,Medio (4 - 8 mts),108,Grande,-68.8525714031,-32.8684243765,6,Residencial Norte,2694682.37982,1
29944,Platano,28/04/2011 12:35,Alto (> 8 mts),82,Grande,-68.8432891577,-32.8855505398,1,Parque Central,1655357.93265,1
27297,Platano,31/10/2011 09:43,Alto (> 8 mts),300,Grande,-68.835489724,-32.8887484726,3,Parque O'Higgins,1531146.02653,0
38420,Fresno europeo,04/11/2010 10:18,Muy bajo (1 - 2 mts),26,Mediano,-68.8516812261,-32.8697790646,6,Residencial Norte,2694682.37982,0
9384,Fresno europeo,15/02/2011 09:58,Alto (> 8 mts),110,Grande,-68.8438992403,-32.8657803821,4,Cuarta Oeste,1173332.70145,0
9475,Morera,01/02/2011 12:25,Bajo (2 - 4 mts),34,Mediano,-68.8512955944,-32.8645994901,6,Residencial Norte,2694682.37982,0
42834,Morera,30/09/2011 13:53,Alto (> 8 mts),160,Grande,-68.831679456,-32.8765859744,4,Cuarta Este Área Fundacional,1822015.85685,0
43234,Morera,04/10/2011 08:54,Alto (> 8 mts),118,Grande,-68.8349355463,-32.8797825776,1,Parque Central,1655357.93265,1
23176,Paraiso,19/01/2011 10:16,Alto (> 8 mts),120,Grande,-68.8479458429,-32.9017302816,2,Barrio Civico,2366816.36021,0
16506,Morera,20/07/2011 09:59,Alto (> 8 mts),175,Grande,-68.840144731,-32.8646935367,4,Cuarta Oeste,1173332.70145,1
6083,Conifera,19/04/2011 11:27,Alto (> 8 mts),50,Mediano,-68.8429285737,-32.8842009737,1,Parque Central,1655357.93265,0
37599,Platano,17/11/2010 11:25,Muy bajo (1 - 2 mts),4,Chico,-68.8581926184,-32.87035847,6,Residencial Norte,2694682.37982,0
6058,Acer,14/04/2011 09:56,Medio (4 - 8 mts),70,Grande,-68.8465015634,-32.8822694526,1,Parque Central,1655357.93265,0
17162,Fresno europeo,06/07/2011 10:32,Alto (> 8 mts),160,Grande,-68.835077661,-32.8630502089,4,Cuarta Oeste,1173332.70145,0
48205,Morera,01/09/2011 13:23,Muy bajo (1 - 2 mts),5,Chico,-68.8285797602,-32.8687889127,4,Cuarta Este Área Fundacional,1822015.85685,0
1767,Acer,25/11/2011 10:24,Medio (4 - 8 mts),30,Mediano,-68.8705474459,-32.8786866822,7,Residencial Parque,1786336.08966,0
40760,Fresno europeo,20/04/2011 19:42,Medio (4 - 8 mts),42,Mediano,-68.8415196871,-32.8845115174,1,Parque Central,1655357.93265,0
11988,Paraiso,14/05/2010 12:35,Alto (> 8 mts),213,Grande,-68.8513638586,-32.8678893651,6,Residencial Norte,2694682.37982,0
46744,Morera,07/09/2011 10:35,Alto (> 8 mts),125,Grande,-68.833187554,-32.8704079663,4,Cuarta Este Área Fundacional,1822015.85685,0
33024,Acacia SP,19/05/2011 10:52,Alto (> 8 mts),156,Grande,-68.8511526564,-32.8877083858,5,Residencial Sur,2423808.92355,0
5019,Morera,20/07/2011 13:57,Medio (4 - 8 mts),90,Grande,-68.8406799173,-32.8641953989,4,Cuarta Oeste,1173332.70145,0
15416,Acacia SP,17/11/2011 13:22,Medio (4 - 8 mts),82,Grande,-68.8591143118,-32.8710944826,6,Residencial Norte,2694682.37982,0
10690,Morera,29/03/2011 10:47,Medio (4 - 8 mts),120,Grande,-68.8505130668,-32.8757285867,6,Residencial Norte,2694682.37982,0
33927,Fresno europeo,24/05/2011 09:36,Medio (4 - 8 mts),100,Grande,-68.8516855578,-32.884054141,1,Parque Central,1655357.93265,0
18323,Platano,01/08/2011 13:07,Alto (> 8 mts),180,Grande,-68.8375063333,-32.8677513078,4,Cuarta Oeste,1173332.70145,0
33025,Acacia SP,19/05/2011 10:50,Alto (> 8 mts),160,Grande,-68.8511363966,-32.8876205832,5,Residencial Sur,2423808.92355,0
3341,Platano,05/10/2011 11:10,Bajo (2 - 4 mts),40,Mediano,-68.8295613869,-32.8791804816,4,Cuarta Este Área Fundacional,1822015.85685,0
9164,Acer,01/03/2011 13:27,Bajo (2 - 4 mts),20,Chico,-68.8511932345,-32.8660482781,6,Residencial Norte,2694682.37982,0
3723,Morera,24/08/2011 11:10,Medio (4 - 8 mts),30,Mediano,-68.8213029388,-32.8701640898,4,Cuarta Este Área Fundacional,1822015.85685,0
28472,Morera,25/02/2011 12:01,Alto (> 8 mts),152,Grande,-68.8476744604,-32.8902035827,2,Barrio Civico,2366816.36021,0
13850,Aguaribay,19/12/2011 08:00,Bajo (2 - 4 mts),93,Grande,-68.8761416338,-32.8689421696,8,Aeroparque,2203364.73622,0
47923,Morera,29/08/2011 12:07,Medio (4 - 8 mts),107,Grande,-68.827696015,-32.8710811215,4,Cuarta Este Área Fundacional,1822015.85685,0
40731,Morera,15/04/2011 12:30,Alto (> 8 mts),200,Grande,-68.843020326,-32.8844935095,1,Parque Central,1655357.93265,0
3021,Morera,15/09/2011 10:01,Alto (> 8 mts),200,Grande,-68.8291559498,-32.8722949789,4,Cuarta Este Área Fundacional,1822015.85685,0
32273,Fresno europeo,28/06/2011 10:39,Medio (4 - 8 mts),110,Grande,-68.850704339200007,-32.8918157297,5,Residencial Sur,2423808.92355,0
34184,Morera,03/03/2011 12:35,Alto (> 8 mts),104,Grande,-68.8534188011,-32.8737381982,6,Residencial Norte,2694682.37982,0
17310,Morera,04/08/2011 09:43,Alto (> 8 mts),130,Grande,-68.8355495433,-32.8650938908,4,Cuarta Oeste,1173332.70145,0
18138,Morera,27/07/2011 10:03,Alto (> 8 mts),126,Grande,-68.8416185638,-32.8687743658,4,Cuarta Oeste,1173332.70145,0
3362,Fresno europeo,04/10/2011 10:17,Alto (> 8 mts),105,Grande,-68.8356292953,-32.8787093738,1,Parque Central,1655357.93265,0
6876,Fresno europeo,07/06/2011 10:18,Medio (4 - 8 mts),110,Grande,-68.8587377635,-32.895011139,5,Residencial Sur,2423808.92355,0
9111,Morera,23/02/2011 09:03,Bajo (2 - 4 mts),30,Mediano,-68.8528111245,-32.8658711451,6,Residencial Norte,2694682.37982,0
23913,Morera,19/01/2012 10:49,Alto (> 8 mts),125,Grande,-68.8524522108,-32.8998699106,2,Barrio Civico,2366816.36021,1
34800,Morera,30/03/2011 10:24,Alto (> 8 mts),180,Grande,-68.8507368347,-32.876066356,6,Residencial Norte,2694682.37982,0
19945,Morera,08/08/2011 09:19,Alto (> 8 mts),116,Grande,-68.8333954687,-32.8636798303,4,Cuarta Oeste,1173332.70145,0
44543,Fresno europeo,17/10/2011 11:46,Medio (4 - 8 mts),90,Grande,-68.8366629642,-32.8849000567,3,Parque O'Higgins,1531146.02653,1
19979,Morera,05/08/2011 08:42,Alto (> 8 mts),170,Grande,-68.8325498574,-32.8640768665,4,Cuarta Oeste,1173332.70145,0
8251,Platano,18/02/2011 10:53,Alto (> 8 mts),166,Grande,-68.8441617835,-32.8921133724,2,Barrio Civico,2366816.36021,0
2993,Fresno europeo,16/09/2011 09:15,Medio (4 - 8 mts),128,Grande,-68.8246547821,-32.8713723175,4,Cuarta Este Área Fundacional,1822015.85685,0
27082,Platano,27/10/2011 09:54,Medio (4 - 8 mts),35,Mediano,-68.8384965955,-32.8895507423,3,Parque O'Higgins,1531146.02653,1
42802,Fresno europeo,07/10/2011 17:32,Muy bajo (1 - 2 mts),3,Chico,-68.8318075615,-32.8776694408,4,Cuarta Este Área Fundacional,1822015.85685,0
23703,Fresno americano,24/01/2011 19:33,Medio (4 - 8 mts),78,Grande,-68.8491957984,-32.9008627285,2,Barrio Civico,2366816.36021,0
13018,Olmo bola,15/02/2011 09:09,Alto (> 8 mts),180,Grande,-68.8439101717,-32.8650495674,4,Cuarta Oeste,1173332.70145,0
38674,Fresno europeo,16/12/2010 11:58,Alto (> 8 mts),130,Grande,-68.8518019996,-32.8715104647,6,Residencial Norte,2694682.37982,0
26847,Morera,07/11/2011 09:30,Alto (> 8 mts),175,Grande,-68.8336838427,-32.8928543552,3,Parque O'Higgins,1531146.02653,1
7773,Platano,16/05/2011 13:54,Alto (> 8 mts),160,Grande,-68.8545120061,-32.8856507,5,Residencial Sur,2423808.92355,0
46383,Morera,19/08/2011 12:08,Alto (> 8 mts),140,Grande,-68.8324997175,-32.8671938592,4,Cuarta Oeste,1173332.70145,0
33694,Morera,10/05/2011 13:49,Alto (> 8 mts),180,Grande,-68.857846475,-32.8861279744,5,Residencial Sur,2423808.92355,0
20085,Fresno europeo,15/08/2011 08:54,Alto (> 8 mts),150,Grande,-68.8326800196,-32.8647749625,4,Cuarta Oeste,1173332.70145,0
10718,Olmo comun,06/04/2011 14:07,Alto (> 8 mts),115,Grande,-68.8590061533,-32.8763805778,7,Residencial Parque,1786336.08966,0
138,Morera,29/02/2012 10:05,Medio (4 - 8 mts),80,Grande,-68.858020634,-32.8640911354,6,Residencial Norte,2694682.37982,0
21002,Fresno europeo,22/06/2011 09:31,Alto (> 8 mts),160,Grande,-68.8626382153,-32.9013055477,5,Residencial Sur,2423808.92355,0
24169,Morera,24/01/2011 10:50,Alto (> 8 mts),180,Grande,-68.8454589728,-32.902552729600004,2,Barrio Civico,2366816.36021,1
47620,Caducifolio,08/09/2011 10:43,Muy bajo (1 - 2 mts),6,Chico,-68.8300866379,-32.8709659504,4,Cuarta Este Área Fundacional,1822015.85685,0
23928,Morera,19/01/2012 09:35,Alto (> 8 mts),190,Grande,-68.851485599,-32.8988016671,2,Barrio Civico,2366816.36021,0
2443,Acacia SP,27/10/2011 09:44,Medio (4 - 8 mts),65,Grande,-68.8378097618,-32.8908294059,3,Parque O'Higgins,1531146.02653,0
34166,Paraiso,10/03/2011 12:13,Alto (> 8 mts),143,Grande,-68.8568927141,-32.8734030936,6,Residencial Norte,2694682.37982,0
37125,Morera,07/04/2011 10:23,Alto (> 8 mts),160,Grande,-68.8587829505,-32.8777115513,7,Residencial Parque,1786336.08966,0
16295,Fresno americano,22/07/2011 09:21,Medio (4 - 8 mts),44,Mediano,-68.8426299185,-32.8636416201,4,Cuarta Oeste,1173332.70145,0
47929,Tilo,31/08/2011 11:43,Medio (4 - 8 mts),42,Mediano,-68.827536682,-32.870594438,4,Cuarta Este Área Fundacional,1822015.85685,0
8204,Ligustro,15/03/2011 09:28,Alto (> 8 mts),56,Mediano,-68.8413012783,-32.892979521,2,Barrio Civico,2366816.36021,1
4683,Morera,05/08/2011 09:47,Alto (> 8 mts),150,Grande,-68.8366911333,-32.8649708937,4,Cuarta Oeste,1173332.70145,0
766,Aguaribay,14/12/2011 11:11,Medio (4 - 8 mts),150,Grande,-68.880548737,-32.8673340818,8,Aeroparque,2203364.73622,0
43282,Morera,21/10/2011 17:24,Medio (4 - 8 mts),124,Grande,-68.8338337459,-32.8801054576,1,Parque Central,1655357.93265,0
15188,Paraiso,17/11/2011 13:32,Bajo (2 - 4 mts),60,Mediano,-68.860109819,-32.8689448092,6,Residencial Norte,2694682.37982,0
20488,Morera,02/06/2011 09:56,Alto (> 8 mts),145,Grande,-68.8596844229,-32.8980427472,5,Residencial Sur,2423808.92355,0
35221,Morera,22/03/2011 13:36,Alto (> 8 mts),150,Grande,-68.8533518097,-32.881346612,6,Residencial Norte,2694682.37982,1
14152,Morera,30/11/2011 10:59,Medio (4 - 8 mts),35,Mediano,-68.8763122933,-32.8674542069,8,Aeroparque,2203364.73622,0
32055,Morera,09/06/2011 09:54,Medio (4 - 8 mts),85,Grande,-68.8611989563,-32.8869342462,5,Residencial Sur,2423808.92355,0
5082,Morera,15/08/2011 10:40,Alto (> 8 mts),70,Grande,-68.8382202546,-32.8628957841,4,Cuarta Oeste,1173332.70145,0
19555,Fresno americano,26/07/2011 09:50,Medio (4 - 8 mts),98,Grande,-68.8381716494,-32.8710534537,4,Cuarta Oeste,1173332.70145,0
48067,Morera,27/09/2011 11:01,Alto (> 8 mts),160,Grande,-68.8269323499,-32.8665196584,4,Cuarta Este Área Fundacional,1822015.85685,0
8568,Morera,02/02/2011 13:06,Medio (4 - 8 mts),55,Mediano,-68.8408965667,-32.9037958238,2,Barrio Civico,2366816.36021,0
23069,Morera,15/06/2011 19:44,Medio (4 - 8 mts),42,Mediano,-68.861158102,-32.9016604529,5,Residencial Sur,2423808.92355,0
31698,Alamo criollo,18/05/2011 10:42,Alto (> 8 mts),205,Grande,-68.8619255846,-32.8908260021,5,Residencial Sur,2423808.92355,0
7284,Morera,12/05/2011 10:49,Alto (> 8 mts),98,Grande,-68.8542312905,-32.9014646734,5,Residencial Sur,2423808.92355,0
43787,Fresno europeo,19/10/2011 08:38,Muy bajo (1 - 2 mts),6,Chico,-68.8323773402,-32.8817508165,3,Parque O'Higgins,1531146.02653,0
37355,Platano,29/11/2010 11:36,Alto (> 8 mts),80,Grande,-68.8582929237,-32.8717002645,6,Residencial Norte,2694682.37982,0
17592,Fresno americano,19/07/2011 11:08,Alto (> 8 mts),90,Grande,-68.8428068048,-32.866681922,4,Cuarta Oeste,1173332.70145,0
30677,Fresno europeo,02/02/2011 13:38,Bajo (2 - 4 mts),30,Mediano,-68.8548527647,-32.8670893131,6,Residencial Norte,2694682.37982,0
24230,Fresno americano,27/01/2011 12:18,Medio (4 - 8 mts),63,Grande,-68.844897285,-32.9016785608,2,Barrio Civico,2366816.36021,0
24522,Olmo comun,10/01/2011 09:46,Alto (> 8 mts),120,Grande,-68.8466237262,-32.9032372118,2,Barrio Civico,2366816.36021,0
6739,Morera,16/05/2011 10:21,Alto (> 8 mts),140,Grande,-68.8576415748,-32.893007412,5,Residencial Sur,2423808.92355,0
9954,Caducifolio,12/11/2010 11:12,Bajo (2 - 4 mts),35,Mediano,-68.8561985821,-32.8704961123,6,Residencial Norte,2694682.37982,0
23775,Caducifolio,26/01/2011 14:28,Bajo (2 - 4 mts),46,Mediano,-68.8502233069,-32.8998742865,2,Barrio Civico,2366816.36021,0
10448,Morera,09/03/2011 13:01,Medio (4 - 8 mts),65,Grande,-68.8561378232,-32.8738202278,6,Residencial Norte,2694682.37982,0
4628,Paraiso,08/08/2011 09:11,Alto (> 8 mts),78,Grande,-68.8336901647,-32.8636952077,4,Cuarta Oeste,1173332.70145,1
14049,Acer,05/12/2011 12:24,Medio (4 - 8 mts),35,Mediano,-68.8763403882,-32.867558247,8,Aeroparque,2203364.73622,0
31905,Acer,31/05/2011 13:55,Medio (4 - 8 mts),110,Grande,-68.8579784578,-32.8837157363,5,Residencial Sur,2423808.92355,0
35125,Fresno americano,28/03/2011 10:30,Alto (> 8 mts),160,Grande,-68.852140141,-32.8801991625,6,Residencial Norte,2694682.37982,0
7441,Fresno americano,17/06/2011 09:46,Bajo (2 - 4 mts),30,Mediano,-68.861073627,-32.8995033437,5,Residencial Sur,2423808.92355,0
8789,Fresno europeo,04/02/2011 12:57,Muy bajo (1 - 2 mts),2,Chico,-68.8554985996,-32.8688795536,6,Residencial Norte,2694682.37982,0
47623,Platano,08/09/2011 10:38,Alto (> 8 mts),190,Grande,-68.8302949941,-32.8709408145,4,Cuarta Este Área Fundacional,1822015.85685,1
43573,Fresno americano,11/10/2011 08:12,Alto (> 8 mts),155,Grande,-68.8299975817,-32.8826944239,3,Parque O'Higgins,1531146.02653,1
34227,Morera,23/03/2011 10:24,Medio (4 - 8 mts),160,Grande,-68.8522870221,-32.8750199773,6,Residencial Norte,2694682.37982,0
27328,Fresno europeo,25/10/2011 09:15,Muy bajo (1 - 2 mts),5,Chico,-68.835568232400007,-32.8902177017,3,Parque O'Higgins,1531146.02653,0
39912,Morera,02/05/2011 10:26,Medio (4 - 8 mts),200,Grande,-68.8431607535,-32.8755746999,1,Parque Central,1655357.93265,0
29380,Platano,03/03/2011 09:15,Alto (> 8 mts),128,Grande,-68.8461026226,-32.8908383741,2,Barrio Civico,2366816.36021,0
20799,Olmo comun,01/06/2011 12:41,Medio (4 - 8 mts),115,Grande,-68.8630258523,-32.8964270191,5,Residencial Sur,2423808.92355,0
10939,Fresno europeo,07/04/2011 16:28,Bajo (2 - 4 mts),45,Mediano,-68.8585173549,-32.8790627256,7,Residencial Parque,1786336.08966,0
935,Morera,13/01/2012 19:14,Medio (4 - 8 mts),100,Grande,-68.8502990446,-32.872953833,6,Residencial Norte,2694682.37982,0
36244,Morera,17/03/2011 13:01,Alto (> 8 mts),158,Grande,-68.8543830357,-32.8785331564,6,Residencial Norte,2694682.37982,0
41115,Platano,02/05/2011 14:52,Alto (> 8 mts),172,Grande,-68.8399132317,-32.8826299036,1,Parque Central,1655357.93265,0
7827,Morera,09/05/2011 09:51,Bajo (2 - 4 mts),50,Mediano,-68.8589546994,-32.884834755,5,Residencial Sur,2423808.92355,0
13214,Fresno europeo,21/02/2011 13:33,Medio (4 - 8 mts),110,Grande,-68.8475418081,-32.8647902178,6,Residencial Norte,2694682.37982,0
45849,Morera,26/08/2011 10:29,Medio (4 - 8 mts),196,Grande,-68.8214903965,-32.8687777891,4,Cuarta Este Área Fundacional,1822015.85685,0
46996,Alamo blanco,08/09/2011 12:58,Alto (> 8 mts),160,Grande,-68.8318602424,-32.8717801023,4,Cuarta Este Área Fundacional,1822015.85685,0
5390,Fresno europeo,20/04/2011 12:11,Bajo (2 - 4 mts),40,Mediano,-68.844790835,-32.8781142247,1,Parque Central,1655357.93265,0
3072,Morera,08/09/2011 15:40,Muy bajo (1 - 2 mts),25,Mediano,-68.8278202486,-32.8711806015,4,Cuarta Este Área Fundacional,1822015.85685,0
12923,Fresno europeo,14/01/2011 09:00,Medio (4 - 8 mts),84,Grande,-68.8449220932,-32.8642572547,4,Cuarta Oeste,1173332.70145,0
4422,Acacia SP,12/08/2011 09:25,Alto (> 8 mts),100,Grande,-68.834263202,-32.869068977,4,Cuarta Oeste,1173332.70145,1
35132,Fresno americano,28/03/2011 10:08,Alto (> 8 mts),104,Grande,-68.8530152074,-32.8800319966,6,Residencial Norte,2694682.37982,0
24147,Morera,25/01/2011 11:48,Alto (> 8 mts),110,Grande,-68.8459977333,-32.9020262394,2,Barrio Civico,2366816.36021,0
14799,Prunas,05/12/2011 18:07,Bajo (2 - 4 mts),22,Mediano,-68.8797902083,-32.8688031771,8,Aeroparque,2203364.73622,0
16606,Morera,26/07/2011 10:03,Alto (> 8 mts),166,Grande,-68.8407831101,-32.8656474487,4,Cuarta Oeste,1173332.70145,0
46764,Morera,05/09/2011 10:56,Medio (4 - 8 mts),86,Grande,-68.8334675721,-32.8704958857,4,Cuarta Oeste,1173332.70145,0
43499,Fresno europeo,14/11/2011 08:03,Bajo (2 - 4 mts),28,Mediano,-68.828505168,-32.8842451482,3,Parque O'Higgins,1531146.02653,0
41394,Morera,15/04/2011 11:13,Alto (> 8 mts),184,Grande,-68.8416663647,-32.8818903298,1,Parque Central,1655357.93265,0
17749,Morera,20/07/2011 12:45,Alto (> 8 mts),124,Grande,-68.8420245568,-32.8662929229,4,Cuarta Oeste,1173332.70145,0
31728,Morera,18/05/2011 09:38,Alto (> 8 mts),132,Grande,-68.8603368372,-32.8906163375,5,Residencial Sur,2423808.92355,1
5574,Perenne,04/10/2011 11:49,Medio (4 - 8 mts),195,Grande,-68.8381225683,-32.8799706657,1,Parque Central,1655357.93265,0
10676,Morera,23/03/2011 13:00,Muy bajo (1 - 2 mts),8,Chico,-68.8506882481,-32.875848484,6,Residencial Norte,2694682.37982,0
11347,Caducifolio,19/01/2011 19:12,Medio (4 - 8 mts),50,Mediano,-68.8486000517,-32.9027128308,2,Barrio Civico,2366816.36021,0
13028,Paraiso sombrilla,16/02/2011 10:06,Alto (> 8 mts),140,Grande,-68.8453617116,-32.8656288462,4,Cuarta Oeste,1173332.70145,0
2285,Fresno europeo,03/11/2011 12:22,Muy bajo (1 - 2 mts),60,Mediano,-68.8374480146,-32.8930250509,3,Parque O'Higgins,1531146.02653,0
38043,Morera,06/12/2010 11:55,Alto (> 8 mts),60,Mediano,-68.8469370433,-32.8715335446,6,Residencial Norte,2694682.37982,1
25157,Morera,09/02/2011 18:52,Alto (> 8 mts),158,Grande,-68.8361738443,-32.8981933204,2,Barrio Civico,2366816.36021,1
19378,Platano,04/07/2011 11:05,Alto (> 8 mts),240,Grande,-68.8348792614,-32.8729647098,4,Cuarta Este Área Fundacional,1822015.85685,0
19272,Morera,02/08/2011 10:38,Medio (4 - 8 mts),120,Grande,-68.8367725221,-32.8701380393,4,Cuarta Oeste,1173332.70145,0
29735,Ligustro,15/03/2011 09:36,Medio (4 - 8 mts),52,Mediano,-68.8412282463,-32.8927189667,2,Barrio Civico,2366816.36021,0
36014,Morera,18/03/2011 11:31,Alto (> 8 mts),116,Grande,-68.8561758322,-32.8759212436,6,Residencial Norte,2694682.37982,0
39913,Morera,02/05/2011 10:14,Medio (4 - 8 mts),200,Grande,-68.843139237,-32.8757300771,1,Parque Central,1655357.93265,0
27189,Platano,26/10/2011 12:36,Alto (> 8 mts),176,Grande,-68.8357123129,-32.8909041683,3,Parque O'Higgins,1531146.02653,1
19702,Morera,12/07/2011 09:37,Alto (> 8 mts),140,Grande,-68.834468741,-32.8714661831,4,Cuarta Oeste,1173332.70145,1
32732,Morera,17/05/2011 12:57,Medio (4 - 8 mts),150,Grande,-68.8534070263,-32.8868446794,5,Residencial Sur,2423808.92355,0
39058,Paraiso,22/12/2010 13:35,Alto (> 8 mts),190,Grande,-68.8534305427,-32.8704335926,6,Residencial Norte,2694682.37982,0
44691,Acer,19/08/2011 10:03,Medio (4 - 8 mts),58,Mediano,-68.8235703716,-32.8673021848,4,Cuarta Este Área Fundacional,1822015.85685,0
7763,Acacia visco,13/05/2011 11:28,Medio (4 - 8 mts),110,Grande,-68.854964404,-32.8857160454,5,Residencial Sur,2423808.92355,0
31772,Platano,27/06/2011 11:48,Medio (4 - 8 mts),115,Grande,-68.8584823473,-32.8904267008,5,Residencial Sur,2423808.92355,0
13835,Fresno europeo,25/01/2011 09:25,Alto (> 8 mts),130,Grande,-68.8489536959,-32.8630428064,6,Residencial Norte,2694682.37982,0
46519,Morera,16/08/2011 14:04,Alto (> 8 mts),190,Grande,-68.8317005541,-32.8669461732,4,Cuarta Oeste,1173332.70145,0
10969,Morera,08/04/2011 11:06,Alto (> 8 mts),101,Grande,-68.8564495198,-32.8817469173,7,Residencial Parque,1786336.08966,1
44102,Morera,11/11/2011 08:51,Medio (4 - 8 mts),140,Grande,-68.8289835635,-32.8861036493,3,Parque O'Higgins,1531146.02653,0
40270,Fresno europeo,11/04/2011 11:48,Muy bajo (1 - 2 mts),5,Chico,-68.8461516925,-32.8812312898,1,Parque Central,1655357.93265,0
44712,Morera,29/08/2011 08:57,Alto (> 8 mts),155,Grande,-68.8229869306,-32.868040685,4,Cuarta Este Área Fundacional,1822015.85685,0
42945,Ailanthus,29/09/2011 11:22,Bajo (2 - 4 mts),70,Grande,-68.8337000286,-32.8775486196,4,Cuarta Este Área Fundacional,1822015.85685,0
2498,Fresno europeo,20/10/2011 12:07,Alto (> 8 mts),115,Grande,-68.8366775477,-32.8885601143,3,Parque O'Higgins,1531146.02653,0
46872,Morera,09/09/2011 11:07,Alto (> 8 mts),135,Grande,-68.8333843769,-32.870804433000004,4,Cuarta Este Área Fundacional,1822015.85685,1
9098,Jacaranda,17/02/2011 10:19,Muy bajo (1 - 2 mts),10,Chico,-68.8539613392,-32.8663049569,6,Residencial Norte,2694682.37982,0
31777,Tilo,27/06/2011 11:16,Alto (> 8 mts),95,Grande,-68.8588932067,-32.890122129,5,Residencial Sur,2423808.92355,0
15349,Paraiso,16/11/2011 12:50,Bajo (2 - 4 mts),40,Mediano,-68.8600865343,-32.8704126123,6,Residencial Norte,2694682.37982,0
39626,Fresno europeo,25/10/2010 11:58,Bajo (2 - 4 mts),35,Mediano,-68.8488793839,-32.8694357724,6,Residencial Norte,2694682.37982,0
21294,Morera,13/06/2011 11:24,Medio (4 - 8 mts),86,Grande,-68.8524157254,-32.8980700863,5,Residencial Sur,2423808.92355,0
2625,Morera,27/10/2011 12:47,Muy bajo (1 - 2 mts),20,Chico,-68.8310391538,-32.8804666738,3,Parque O'Higgins,1531146.02653,0
26413,Fresno europeo,28/10/2011 09:26,Muy bajo (1 - 2 mts),3,Chico,-68.8340568421,-32.8887585305,3,Parque O'Higgins,1531146.02653,0
9705,Jacaranda,24/01/2011 09:39,Muy bajo (1 - 2 mts),7,Chico,-68.8485986794,-32.8637165975,6,Residencial Norte,2694682.37982,0
41885,Fresno europeo,18/04/2011 12:00,Bajo (2 - 4 mts),16,Chico,-68.8420799457,-32.8795284175,1,Parque Central,1655357.93265,0
27636,Morera,01/11/2011 10:52,Alto (> 8 mts),100,Grande,-68.8371473512,-32.8940354543,2,Barrio Civico,2366816.36021,1
14740,Aguaribay,05/12/2011 12:02,Muy bajo (1 - 2 mts),12,Chico,-68.8792378735,-32.869826858,8,Aeroparque,2203364.73622,0
33360,Fresno europeo,19/05/2011 10:04,Alto (> 8 mts),112,Grande,-68.8575719732,-32.8907106018,5,Residencial Sur,2423808.92355,0
7509,Jacaranda,15/06/2011 13:20,Bajo (2 - 4 mts),40,Mediano,-68.8573146147,-32.8829401453,5,Residencial Sur,2423808.92355,0
40570,Morera,15/04/2011 12:20,Alto (> 8 mts),160,Grande,-68.8459564279,-32.8847062628,1,Parque Central,1655357.93265,0
17675,Morera,18/07/2011 11:42,Alto (> 8 mts),175,Grande,-68.8416086554,-32.8681916367,4,Cuarta Oeste,1173332.70145,0
28800,Fresno americano,18/04/2011 10:24,Alto (> 8 mts),145,Grande,-68.8481442935,-32.885715768,1,Parque Central,1655357.93265,0
22605,Fresno europeo,23/06/2011 10:42,Medio (4 - 8 mts),93,Grande,-68.8622655215,-32.9004720661,5,Residencial Sur,2423808.92355,0
40738,Fresno europeo,15/04/2011 12:12,Bajo (2 - 4 mts),10,Chico,-68.842515022,-32.8844559951,1,Parque Central,1655357.93265,0
31737,Caducifolio,18/05/2011 09:21,Medio (4 - 8 mts),31,Mediano,-68.8603846805,-32.8911162888,5,Residencial Sur,2423808.92355,1
37328,Morera,16/03/2011 13:05,Alto (> 8 mts),140,Grande,-68.8574467981,-32.8747730388,6,Residencial Norte,2694682.37982,0
306,Fresno europeo,05/03/2012 13:14,Medio (4 - 8 mts),105,Grande,-68.8224011128,-32.8671097264,4,Cuarta Este Área Fundacional,1822015.85685,0
35010,Morera,31/03/2011 10:02,Alto (> 8 mts),113,Grande,-68.8561451636,-32.8795670942,6,Residencial Norte,2694682.37982,1
25416,Morera,14/02/2011 12:07,Alto (> 8 mts),148,Grande,-68.836742041,-32.9007521581,2,Barrio Civico,2366816.36021,0
27825,Morera,02/11/2011 10:45,Alto (> 8 mts),155,Grande,-68.836139917,-32.8945608158,3,Parque O'Higgins,1531146.02653,0
1557,Morera,21/11/2011 17:55,Medio (4 - 8 mts),64,Grande,-68.8736764745,-32.8791431241,7,Residencial Parque,1786336.08966,0
38150,Morera,03/01/2011 10:43,Muy bajo (1 - 2 mts),2,Chico,-68.8464467711,-32.8701800443,6,Residencial Norte,2694682.37982,0
9066,Braquiquito,15/02/2011 13:14,Muy bajo (1 - 2 mts),7,Chico,-68.8552684019,-32.8654447718,6,Residencial Norte,2694682.37982,0
33891,Morera,14/07/2011 09:25,Alto (> 8 mts),116,Grande,-68.8544047457,-32.8852236266,5,Residencial Sur,2423808.92355,0
28463,Morera,28/02/2011 08:36,Alto (> 8 mts),190,Grande,-68.8484167772,-32.8900655935,2,Barrio Civico,2366816.36021,1
45821,Morera,26/08/2011 11:29,Medio (4 - 8 mts),158,Grande,-68.8214314666,-32.8694459505,4,Cuarta Este Área Fundacional,1822015.85685,0
10491,Morera,09/03/2011 12:30,Bajo (2 - 4 mts),26,Mediano,-68.8502866426,-32.874312864,6,Residencial Norte,2694682.37982,0
48244,Olmo bola,02/09/2011 10:38,Medio (4 - 8 mts),80,Grande,-68.8295605676,-32.8699544843,4,Cuarta Este Área Fundacional,1822015.85685,0
24583,Platano,28/01/2011 09:13,Alto (> 8 mts),264,Grande,-68.8426154301,-32.9025548633,2,Barrio Civico,2366816.36021,0
20401,Prunas,23/05/2011 14:04,Medio (4 - 8 mts),57,Mediano,-68.8621130492,-32.8932999059,5,Residencial Sur,2423808.92355,0
26592,Platano,03/11/2011 11:44,Alto (> 8 mts),190,Grande,-68.831664048,-32.8912372794,3,Parque O'Higgins,1531146.02653,0
20732,Morera,31/05/2011 10:20,Alto (> 8 mts),200,Grande,-68.8632522323,-32.8973010918,5,Residencial Sur,2423808.92355,0
18553,Paraiso,07/07/2011 11:28,Alto (> 8 mts),130,Grande,-68.837553656,-32.8737337495,4,Cuarta Oeste,1173332.70145,0
34990,Paraiso,31/03/2011 12:53,Medio (4 - 8 mts),90,Grande,-68.8552556999,-32.8801923156,6,Residencial Norte,2694682.37982,1
34367,Morera,23/03/2011 12:35,Alto (> 8 mts),140,Grande,-68.8514348865,-32.875769538,6,Residencial Norte,2694682.37982,0
17185,Morera,04/07/2011 10:37,Alto (> 8 mts),140,Grande,-68.8362611996,-32.8631303011,4,Cuarta Oeste,1173332.70145,0
38923,Morera,26/10/2010 12:06,Medio (4 - 8 mts),39,Mediano,-68.848111144,-32.8707527586,6,Residencial Norte,2694682.37982,0
19478,Morera,11/07/2011 12:49,Alto (> 8 mts),158,Grande,-68.839552665,-32.8713621693,4,Cuarta Oeste,1173332.70145,0
46507,Morera,17/08/2011 09:47,Medio (4 - 8 mts),50,Mediano,-68.8303242184,-32.8669794801,4,Cuarta Este Área Fundacional,1822015.85685,0
2083,Fresno europeo,22/11/2011 12:40,Alto (> 8 mts),65,Grande,-68.8295986898,-32.8820234602,3,Parque O'Higgins,1531146.02653,0
23823,Paraiso,26/01/2011 16:43,Alto (> 8 mts),46,Mediano,-68.8504466173,-32.9013202336,2,Barrio Civico,2366816.36021,0
34437,Morera,09/03/2011 12:55,Alto (> 8 mts),140,Grande,-68.8503695099,-32.8738759734,6,Residencial Norte,2694682.37982,0
14538,Paraiso,05/12/2011 13:02,Bajo (2 - 4 mts),40,Mediano,-68.8795176864,-32.8677886323,8,Aeroparque,2203364.73622,0
42103,Paraiso,04/05/2011 10:01,Alto (> 8 mts),120,Grande,-68.8430378076,-32.876997253,1,Parque Central,1655357.93265,0
6328,Morera,29/06/2011 12:01,Medio (4 - 8 mts),88,Grande,-68.8562643014,-32.8907458965,5,Residencial Sur,2423808.92355,0
41294,Platano,11/04/2011 10:29,Alto (> 8 mts),176,Grande,-68.8398717626,-32.8818588303,1,Parque Central,1655357.93265,0
22854,Fresno europeo,10/05/2011 10:42,Alto (> 8 mts),98,Grande,-68.8570568434,-32.9011314735,5,Residencial Sur,2423808.92355,0
3857,Morera,31/08/2011 11:27,Medio (4 - 8 mts),159,Grande,-68.8276917101,-32.8701363963,4,Cuarta Este Área Fundacional,1822015.85685,0
26427,Fresno americano,09/11/2011 09:28,Bajo (2 - 4 mts),140,Grande,-68.8344605663,-32.8922472096,3,Parque O'Higgins,1531146.02653,0
45412,Morera,09/09/2011 16:06,Medio (4 - 8 mts),170,Grande,-68.8250236153,-32.8722131179,4,Cuarta Este Área Fundacional,1822015.85685,0
18760,Morera,11/07/2011 11:58,Alto (> 8 mts),120,Grande,-68.8375516938,-32.8725831856,4,Cuarta Oeste,1173332.70145,0
26738,Morera,11/01/2012 13:15,Medio (4 - 8 mts),100,Grande,-68.8332780414,-32.8952335417,3,Parque O'Higgins,1531146.02653,0
24699,Morera,14/01/2011 11:59,Alto (> 8 mts),180,Grande,-68.8433625523,-32.896314212,2,Barrio Civico,2366816.36021,1
12545,Fresno europeo,10/01/2011 13:01,Medio (4 - 8 mts),90,Grande,-68.844653363,-32.8626964013,4,Cuarta Oeste,1173332.70145,0
23893,Morera,28/02/2012 12:29,Alto (> 8 mts),195,Grande,-68.8516744548,-32.9002860266,2,Barrio Civico,2366816.36021,0
5955,Morera,02/05/2011 11:12,Alto (> 8 mts),145,Grande,-68.8448116612,-32.875395258,1,Parque Central,1655357.93265,0
20565,Prunas,02/06/2011 14:04,Bajo (2 - 4 mts),32,Mediano,-68.858238582,-32.8977330231,5,Residencial Sur,2423808.92355,0
37063,Morera,04/04/2011 13:06,Medio (4 - 8 mts),130,Grande,-68.8567306697,-32.8769816671,6,Residencial Norte,2694682.37982,1
23088,Morera,19/01/2011 14:25,Alto (> 8 mts),190,Grande,-68.8477917913,-32.9009702743,2,Barrio Civico,2366816.36021,0
27495,Morera,27/10/2011 10:00,Alto (> 8 mts),130,Grande,-68.8372389791,-32.8923220001,3,Parque O'Higgins,1531146.02653,0
851,Aguaribay,16/12/2011 11:34,Medio (4 - 8 mts),100,Grande,-68.8805737371,-32.8668372174,8,Aeroparque,2203364.73622,0
37679,Fresno europeo,24/02/2012 08:57,Alto (> 8 mts),115,Grande,-68.8520103445,-32.8720796768,6,Residencial Norte,2694682.37982,0
4904,Morera,20/07/2011 11:00,Alto (> 8 mts),123,Grande,-68.8434145987,-32.8654814867,4,Cuarta Oeste,1173332.70145,1
38136,Fresno europeo,02/12/2010 12:25,Medio (4 - 8 mts),90,Grande,-68.8460504286,-32.8723668871,6,Residencial Norte,2694682.37982,0
6105,Platano,02/05/2011 15:02,Alto (> 8 mts),142,Grande,-68.8398006065,-32.8822166002,1,Parque Central,1655357.93265,0
386,Fresno americano,05/03/2012 11:52,Bajo (2 - 4 mts),15,Chico,-68.8196667326,-32.8678372655,4,Cuarta Este Área Fundacional,1822015.85685,0
30144,Morera,16/03/2011 08:07,Alto (> 8 mts),170,Grande,-68.8400857042,-32.8916156812,2,Barrio Civico,2366816.36021,0
39206,Fresno europeo,26/11/2010 11:47,Medio (4 - 8 mts),100,Grande,-68.8546938241,-32.8722670389,6,Residencial Norte,2694682.37982,0
44161,Fresno europeo,26/09/2011 11:57,Bajo (2 - 4 mts),14,Chico,-68.8353220346,-32.8774852125,1,Parque Central,1655357.93265,0
22650,Morera,21/06/2011 11:32,Alto (> 8 mts),148,Grande,-68.8599130083,-32.9009174123,5,Residencial Sur,2423808.92355,1
17191,Morera,04/07/2011 09:59,Alto (> 8 mts),70,Grande,-68.8361734856,-32.8627804187,4,Cuarta Oeste,1173332.70145,0
25319,Morera,09/02/2011 11:08,Alto (> 8 mts),135,Grande,-68.839048858500007,-32.8994467065,2,Barrio Civico,2366816.36021,0
6056,Morera,14/04/2011 11:50,Bajo (2 - 4 mts),30,Mediano,-68.8453405799,-32.8823061802,1,Parque Central,1655357.93265,0
9374,Morera,16/02/2011 09:05,Medio (4 - 8 mts),82,Grande,-68.8446514519,-32.8653082071,4,Cuarta Oeste,1173332.70145,0
41344,Platano,19/04/2011 10:17,Alto (> 8 mts),168,Grande,-68.8400624463,-32.882610003800004,1,Parque Central,1655357.93265,0
30181,Morera,09/03/2011 13:09,Alto (> 8 mts),180,Grande,-68.8426328098,-32.8899459142,2,Barrio Civico,2366816.36021,0
3272,Paraiso,30/09/2011 12:17,Alto (> 8 mts),168,Grande,-68.8293502121,-32.8772126996,4,Cuarta Este Área Fundacional,1822015.85685,0
8819,Acer,01/02/2011 13:22,Muy bajo (1 - 2 mts),15,Chico,-68.8545981979,-32.867531454,6,Residencial Norte,2694682.37982,0
15203,Paraiso,16/11/2011 13:08,Bajo (2 - 4 mts),37,Mediano,-68.859893352,-32.8693090689,6,Residencial Norte,2694682.37982,0
9396,Fresno europeo,09/02/2011 09:30,Bajo (2 - 4 mts),10,Chico,-68.858263312,-32.8665980731,6,Residencial Norte,2694682.37982,0
14546,Olmo bola,05/12/2011 12:42,Bajo (2 - 4 mts),60,Mediano,-68.8794347826,-32.8674638474,8,Aeroparque,2203364.73622,0
8257,Platano,09/03/2011 18:03,Alto (> 8 mts),46,Mediano,-68.8464238514,-32.8920356534,2,Barrio Civico,2366816.36021,0
23268,Morera,26/01/2012 13:17,Medio (4 - 8 mts),130,Grande,-68.8521605936,-32.9011967648,2,Barrio Civico,2366816.36021,0
47811,Morera,23/09/2011 15:28,Alto (> 8 mts),122,Grande,-68.8264171876,-32.8742848746,4,Cuarta Este Área Fundacional,1822015.85685,0
27385,Fresno europeo,20/10/2011 12:01,Alto (> 8 mts),145,Grande,-68.8363471564,-32.8885719643,3,Parque O'Higgins,1531146.02653,0
13399,Morera,06/04/2011 13:16,Muy bajo (1 - 2 mts),8,Chico,-68.8437693022,-32.864911434,4,Cuarta Oeste,1173332.70145,0
15180,Paraiso,18/11/2011 07:52,Bajo (2 - 4 mts),67,Grande,-68.8602083103,-32.869539137,6,Residencial Norte,2694682.37982,0
22319,Fresno europeo,09/06/2011 09:24,Bajo (2 - 4 mts),38,Mediano,-68.8570195754,-32.8981413336,5,Residencial Sur,2423808.92355,0
6758,Fresno europeo,17/05/2011 09:15,Alto (> 8 mts),51,Mediano,-68.8604260949,-32.8932772748,5,Residencial Sur,2423808.92355,0
18200,Morera,22/07/2011 09:11,Alto (> 8 mts),135,Grande,-68.8404003049,-32.8690983779,4,Cuarta Oeste,1173332.70145,0
3533,Paraiso,07/09/2011 11:51,Alto (> 8 mts),220,Grande,-68.8335058275,-32.8686056085,4,Cuarta Oeste,1173332.70145,0
15497,Paraiso,22/11/2011 12:08,Muy bajo (1 - 2 mts),12,Chico,-68.8602669937,-32.8715711038,7,Residencial Parque,1786336.08966,0
40080,Morera,20/04/2011 09:17,Medio (4 - 8 mts),180,Grande,-68.8454302835,-32.8782444907,1,Parque Central,1655357.93265,0
48219,Morera,01/09/2011 12:55,Alto (> 8 mts),134,Grande,-68.827572122,-32.8688967474,4,Cuarta Este Área Fundacional,1822015.85685,0
29637,Platano,23/03/2011 18:28,Alto (> 8 mts),210,Grande,-68.8429550373,-32.8937588502,2,Barrio Civico,2366816.36021,0
37283,Paraiso,15/03/2011 10:06,Alto (> 8 mts),120,Grande,-68.8580874834,-32.8735079692,6,Residencial Norte,2694682.37982,0
7112,Fresno europeo,31/05/2011 11:10,Medio (4 - 8 mts),38,Mediano,-68.8619840316,-32.8970824848,5,Residencial Sur,2423808.92355,0
37295,Morera,17/03/2011 11:47,Muy bajo (1 - 2 mts),4,Chico,-68.8588264198,-32.8747293484,7,Residencial Parque,1786336.08966,0
8048,Morera,09/03/2011 10:20,Alto (> 8 mts),94,Grande,-68.8429505162,-32.8892260018,2,Barrio Civico,2366816.36021,0
31578,Morera,13/06/2011 11:18,Alto (> 8 mts),121,Grande,-68.8591732166,-32.8891854904,5,Residencial Sur,2423808.92355,0
42667,Platano,23/09/2011 12:22,Alto (> 8 mts),95,Grande,-68.8300745512,-32.8766545873,4,Cuarta Este Área Fundacional,1822015.85685,0
37482,Morera,15/11/2010 11:40,Alto (> 8 mts),180,Grande,-68.8570457654,-32.8705163137,6,Residencial Norte,2694682.37982,0
107,Platano,29/02/2012 10:06,Medio (4 - 8 mts),180,Grande,-68.8568847571,-32.9017166601,5,Residencial Sur,2423808.92355,0
12227,Fresno europeo,18/01/2011 10:11,Bajo (2 - 4 mts),18,Chico,-68.8452356331,-32.8678523971,4,Cuarta Oeste,1173332.70145,0
18353,Platano,01/08/2011 10:56,Alto (> 8 mts),215,Grande,-68.83639481,-32.8685676058,4,Cuarta Oeste,1173332.70145,0
35518,Morera,17/06/2011 13:08,Medio (4 - 8 mts),150,Grande,-68.8560046843,-32.8830370295,5,Residencial Sur,2423808.92355,0
24304,Fresno europeo,28/01/2011 07:25,Alto (> 8 mts),111,Grande,-68.843774507,-32.9018940257,2,Barrio Civico,2366816.36021,0
47937,Fresno europeo,31/08/2011 11:26,Bajo (2 - 4 mts),36,Mediano,-68.8277263046,-32.8701490956,4,Cuarta Este Área Fundacional,1822015.85685,0
41407,Fresno europeo,15/04/2011 12:47,Medio (4 - 8 mts),62,Grande,-68.8424435632,-32.8823219777,1,Parque Central,1655357.93265,0
11896,Paraiso,02/03/2011 09:11,Alto (> 8 mts),180,Grande,-68.8510129918,-32.8662278002,6,Residencial Norte,2694682.37982,0
8123,Morera,16/03/2011 12:08,Alto (> 8 mts),180,Grande,-68.8405811421,-32.8915245667,2,Barrio Civico,2366816.36021,0
20138,Platano,16/05/2011 10:48,Alto (> 8 mts),140,Grande,-68.861073097,-32.8912469568,5,Residencial Sur,2423808.92355,0
25189,Morera,09/02/2011 17:35,Alto (> 8 mts),128,Grande,-68.8364134677,-32.8986934166,2,Barrio Civico,2366816.36021,1
36689,Fresno europeo,07/06/2011 09:38,Bajo (2 - 4 mts),60,Mediano,-68.8593628969,-32.8834761826,7,Residencial Parque,1786336.08966,0
5974,Fresno americano,27/04/2011 09:10,Alto (> 8 mts),110,Grande,-68.8472050151,-32.8850046802,1,Parque Central,1655357.93265,0
45474,Fresno europeo,19/09/2011 10:34,Alto (> 8 mts),120,Grande,-68.823218653,-32.8720752395,4,Cuarta Este Área Fundacional,1822015.85685,0
7390,Morera,12/05/2011 12:24,Alto (> 8 mts),102,Grande,-68.8540678307,-32.9000518065,5,Residencial Sur,2423808.92355,1
35103,Morera,28/03/2011 12:37,Alto (> 8 mts),140,Grande,-68.8527662767,-32.8812440978,1,Parque Central,1655357.93265,1
31809,Morera,03/01/2012 10:05,Medio (4 - 8 mts),70,Grande,-68.8599265946,-32.8891612694,5,Residencial Sur,2423808.92355,0
13460,Morera,02/02/2011 13:05,Alto (> 8 mts),126,Grande,-68.8528351264,-32.863653882,6,Residencial Norte,2694682.37982,0
43200,Acacia SP,11/11/2011 09:41,Medio (4 - 8 mts),35,Mediano,-68.8281331502,-32.8820950033,3,Parque O'Higgins,1531146.02653,0
20074,Olmo comun,15/08/2011 13:41,Medio (4 - 8 mts),168,Grande,-68.8332204772,-32.8655981165,4,Cuarta Oeste,1173332.70145,1
6544,Platano,23/05/2011 10:45,Alto (> 8 mts),170,Grande,-68.856618803,-32.8915578349,5,Residencial Sur,2423808.92355,0
28234,Morera,28/02/2011 17:10,Medio (4 - 8 mts),168,Grande,-68.8488914225,-32.8923301023,2,Barrio Civico,2366816.36021,0
9517,Morera,03/02/2011 10:05,Alto (> 8 mts),150,Grande,-68.852961088,-32.8640520448,6,Residencial Norte,2694682.37982,0
47426,Morera,22/09/2011 09:23,Alto (> 8 mts),180,Grande,-68.8276946025,-32.8745733793,4,Cuarta Este Área Fundacional,1822015.85685,1
46925,Fresno europeo,07/09/2011 10:49,Bajo (2 - 4 mts),30,Mediano,-68.8322788279,-32.8707278661,4,Cuarta Este Área Fundacional,1822015.85685,0
2426,Platano,25/10/2011 09:07,Alto (> 8 mts),120,Grande,-68.8355842172,-32.8906697082,3,Parque O'Higgins,1531146.02653,0
26318,Platano,20/10/2011 12:12,Alto (> 8 mts),140,Grande,-68.8315823272,-32.8899156823,3,Parque O'Higgins,1531146.02653,0
22802,Morera,14/06/2011 12:37,Alto (> 8 mts),68,Grande,-68.8600403066,-32.9019175481,5,Residencial Sur,2423808.92355,0
47464,Morera,20/09/2011 10:02,Alto (> 8 mts),215,Grande,-68.8306026097,-32.8743093679,4,Cuarta Este Área Fundacional,1822015.85685,0
37417,Acer,03/01/2011 12:45,Muy bajo (1 - 2 mts),35,Mediano,-68.8571730017,-32.8712627916,6,Residencial Norte,2694682.37982,0
9699,Morera,24/01/2011 08:40,Medio (4 - 8 mts),100,Grande,-68.8478405198,-32.8635381492,4,Cuarta Oeste,1173332.70145,0
47698,Morera,09/09/2011 14:09,Alto (> 8 mts),150,Grande,-68.8304910942,-32.8721714237,4,Cuarta Este Área Fundacional,1822015.85685,0
10764,Paraiso,04/04/2011 11:55,Medio (4 - 8 mts),140,Grande,-68.853863337,-32.8765417626,6,Residencial Norte,2694682.37982,0
16415,Fresno europeo,02/08/2011 10:01,Medio (4 - 8 mts),113,Grande,-68.8347525998,-32.8668296961,4,Cuarta Oeste,1173332.70145,0
16204,Morera,14/07/2011 12:45,Alto (> 8 mts),220,Grande,-68.8442184961,-32.8685118902,4,Cuarta Oeste,1173332.70145,0
43718,Morera,11/10/2011 09:05,Muy bajo (1 - 2 mts),6,Chico,-68.8324403434,-32.8833085745,3,Parque O'Higgins,1531146.02653,0
31518,Fresno europeo,18/05/2011 12:22,Alto (> 8 mts),95,Grande,-68.8594500522,-32.8913955778,5,Residencial Sur,2423808.92355,0
13176,Fresno europeo,18/02/2011 09:47,Bajo (2 - 4 mts),100,Grande,-68.8467409519,-32.8661080243,4,Cuarta Oeste,1173332.70145,0
37013,Platano,07/04/2011 17:26,Medio (4 - 8 mts),52,Mediano,-68.8567774743,-32.8770906191,6,Residencial Norte,2694682.37982,0
37691,Fresno europeo,24/02/2012 08:32,Alto (> 8 mts),158,Grande,-68.8518692722,-32.872675169,6,Residencial Norte,2694682.37982,0
40169,Fresno europeo,14/04/2011 09:39,Medio (4 - 8 mts),120,Grande,-68.8442261879,-32.8803434991,1,Parque Central,1655357.93265,0
32312,Platano,27/06/2011 09:12,Alto (> 8 mts),180,Grande,-68.8517091782,-32.8916874424,5,Residencial Sur,2423808.92355,0
42021,Morera,08/04/2011 12:39,Alto (> 8 mts),182,Grande,-68.8411142649,-32.8807176996,1,Parque Central,1655357.93265,0
41631,Morera,03/05/2011 11:22,Alto (> 8 mts),132,Grande,-68.8371602151,-32.8784974965,1,Parque Central,1655357.93265,1
29971,Fresno americano,28/04/2011 12:24,Medio (4 - 8 mts),115,Grande,-68.8418702957,-32.8867440369,3,Parque O'Higgins,1531146.02653,0
10896,Morera,18/03/2011 13:08,Alto (> 8 mts),50,Mediano,-68.8536562112,-32.878795186,6,Residencial Norte,2694682.37982,0
19464,Fresno europeo,12/07/2011 11:31,Bajo (2 - 4 mts),30,Mediano,-68.8390847591,-32.8707157749,4,Cuarta Oeste,1173332.70145,0
27017,Acacia SP,09/11/2011 10:41,Medio (4 - 8 mts),150,Grande,-68.8386830452,-32.8908604544,3,Parque O'Higgins,1531146.02653,0
15967,Braquiquito,15/08/2011 12:33,Medio (4 - 8 mts),160,Grande,-68.8438517936,-32.8726823256,6,Residencial Norte,2694682.37982,0
16761,Paraiso,11/08/2011 14:04,Medio (4 - 8 mts),70,Grande,-68.8384720763,-32.8625102064,4,Cuarta Oeste,1173332.70145,0
8655,Morera,04/02/2011 09:08,Alto (> 8 mts),96,Grande,-68.8415019813,-32.9024892637,2,Barrio Civico,2366816.36021,0
31358,Acer,28/02/2011 13:03,Alto (> 8 mts),170,Grande,-68.8489547139,-32.8657589041,6,Residencial Norte,2694682.37982,0
26574,Acacia SP,04/11/2011 08:31,Medio (4 - 8 mts),176,Grande,-68.8327618638,-32.8904961195,3,Parque O'Higgins,1531146.02653,0
17864,Fresno europeo,01/08/2011 14:00,Alto (> 8 mts),150,Grande,-68.8364522052,-32.8661129073,4,Cuarta Oeste,1173332.70145,0
46130,Morera,27/09/2011 11:38,Alto (> 8 mts),168,Grande,-68.8241931788,-32.8743743527,4,Cuarta Este Área Fundacional,1822015.85685,0
4366,Ailanthus,11/08/2011 09:02,Muy bajo (1 - 2 mts),5,Chico,-68.8345748871,-32.8691468099,4,Cuarta Oeste,1173332.70145,0
47866,Morera,21/09/2011 12:07,Alto (> 8 mts),128,Grande,-68.8301112844,-32.8740505638,4,Cuarta Este Área Fundacional,1822015.85685,0
40191,Morera,14/04/2011 12:16,Alto (> 8 mts),195,Grande,-68.8456080249,-32.8833412029,1,Parque Central,1655357.93265,0
35558,Aguaribay,16/06/2011 09:33,Medio (4 - 8 mts),170,Grande,-68.8563286364,-32.8836047471,5,Residencial Sur,2423808.92355,1
33879,Morera,13/05/2011 11:27,Medio (4 - 8 mts),60,Mediano,-68.8549588651,-32.885687789,5,Residencial Sur,2423808.92355,0
16896,Paraiso,27/07/2011 13:58,Alto (> 8 mts),207,Grande,-68.8389371958,-32.8653955237,4,Cuarta Oeste,1173332.70145,0
20769,Fresno europeo,31/05/2011 11:28,Alto (> 8 mts),66,Grande,-68.8614853025,-32.8957182133,5,Residencial Sur,2423808.92355,1
8559,Morera,18/02/2011 08:52,Alto (> 8 mts),90,Grande,-68.8403615955,-32.8965738052,2,Barrio Civico,2366816.36021,0
7849,Fresno europeo,03/06/2011 15:42,Bajo (2 - 4 mts),22,Mediano,-68.8588035832,-32.8837789432,5,Residencial Sur,2423808.92355,0
2817,Fresno europeo,09/11/2011 09:02,Medio (4 - 8 mts),120,Grande,-68.8329378536,-32.8927117069,3,Parque O'Higgins,1531146.02653,0
26504,Olmo comun,07/11/2011 08:47,Medio (4 - 8 mts),120,Grande,-68.8315299078,-32.8916394333,3,Parque O'Higgins,1531146.02653,0
36745,Morera,09/06/2011 12:47,Medio (4 - 8 mts),130,Grande,-68.8585142445,-32.8822587571,7,Residencial Parque,1786336.08966,0
40306,Aguaribay,11/04/2011 12:37,Alto (> 8 mts),320,Grande,-68.8457735546,-32.8802689188,1,Parque Central,1655357.93265,0
45684,Fresno europeo,26/08/2011 11:13,Alto (> 8 mts),150,Grande,-68.8229085523,-32.8697597659,4,Cuarta Este Área Fundacional,1822015.85685,0
23848,Fresno europeo,28/01/2011 13:03,Medio (4 - 8 mts),93,Grande,-68.8510287628,-32.9009554907,2,Barrio Civico,2366816.36021,0
18338,Paraiso,02/08/2011 10:05,Alto (> 8 mts),140,Grande,-68.8386362387,-32.867570087,4,Cuarta Oeste,1173332.70145,0
18061,Fresno europeo,29/07/2011 13:39,Alto (> 8 mts),57,Mediano,-68.8413081561,-32.8678620066,4,Cuarta Oeste,1173332.70145,0
8072,Fresno americano,02/03/2011 13:03,Alto (> 8 mts),75,Grande,-68.8405128165,-32.8899835287,3,Parque O'Higgins,1531146.02653,1
46538,Morera,07/09/2011 10:37,Alto (> 8 mts),123,Grande,-68.8331834916,-32.8694847026,4,Cuarta Oeste,1173332.70145,0
14856,Paraiso,19/12/2011 07:45,Bajo (2 - 4 mts),35,Mediano,-68.880894312,-32.8739852948,8,Aeroparque,2203364.73622,0
85,Fresno europeo,29/02/2012 10:56,Bajo (2 - 4 mts),36,Mediano,-68.85658883,-32.9018751105,5,Residencial Sur,2423808.92355,0
8821,Morera,01/02/2011 13:51,Medio (4 - 8 mts),35,Mediano,-68.854508294,-32.8683627311,6,Residencial Norte,2694682.37982,0
44606,Fresno americano,19/10/2011 10:19,Medio (4 - 8 mts),170,Grande,-68.8342154294,-32.8859728254,3,Parque O'Higgins,1531146.02653,0
24574,Catalpa,28/01/2011 10:12,Alto (> 8 mts),150,Grande,-68.8432859109,-32.9029950086,2,Barrio Civico,2366816.36021,0
37130,Fresno europeo,07/04/2011 10:14,Alto (> 8 mts),90,Grande,-68.8582532927,-32.8778018889,7,Residencial Parque,1786336.08966,0
36220,Fresno europeo,30/03/2011 12:11,Muy bajo (1 - 2 mts),15,Chico,-68.8550032066,-32.8784141789,6,Residencial Norte,2694682.37982,0
42377,Morera,29/09/2011 11:52,Bajo (2 - 4 mts),55,Mediano,-68.834450526,-32.8763227714,4,Cuarta Este Área Fundacional,1822015.85685,0
46670,Morera,02/09/2011 10:45,Alto (> 8 mts),70,Grande,-68.8312429381,-32.8707246479,4,Cuarta Este Área Fundacional,1822015.85685,1
42297,Morera,03/05/2011 11:39,Alto (> 8 mts),140,Grande,-68.8428201492,-32.8728777372,4,Cuarta Oeste,1173332.70145,0
13063,Fresno europeo,17/02/2011 11:54,Medio (4 - 8 mts),68,Grande,-68.8458117884,-32.864888376,4,Cuarta Oeste,1173332.70145,0
20881,Fresno europeo,26/05/2011 10:34,Medio (4 - 8 mts),66,Grande,-68.8606211156,-32.8951244805,5,Residencial Sur,2423808.92355,1
14622,Acer,13/12/2011 11:01,Medio (4 - 8 mts),65,Grande,-68.8796502162,-32.8664582424,8,Aeroparque,2203364.73622,0
135,Morera,29/02/2012 10:09,Bajo (2 - 4 mts),36,Mediano,-68.8578008863,-32.8640816488,6,Residencial Norte,2694682.37982,0
25924,Morera,16/02/2011 16:41,Medio (4 - 8 mts),52,Mediano,-68.8380800622,-32.9021741883,2,Barrio Civico,2366816.36021,0
36501,Morera,06/04/2011 11:34,Medio (4 - 8 mts),106,Grande,-68.8548805924,-32.8785682921,6,Residencial Norte,2694682.37982,0
2897,Morera,08/09/2011 13:02,Alto (> 8 mts),116,Grande,-68.8318817342,-32.8708714707,4,Cuarta Este Área Fundacional,1822015.85685,0
9194,Paraiso sombrilla,02/03/2011 13:01,Alto (> 8 mts),145,Grande,-68.8504582724,-32.865428663,6,Residencial Norte,2694682.37982,0
26690,Morera,10/11/2011 09:22,Alto (> 8 mts),175,Grande,-68.8319667474,-32.8937026553,3,Parque O'Higgins,1531146.02653,0
1855,Acacia SP,17/11/2011 12:26,Muy bajo (1 - 2 mts),4,Chico,-68.8592762277,-32.8712808576,6,Residencial Norte,2694682.37982,0
44995,Paraiso,31/08/2011 11:37,Alto (> 8 mts),200,Grande,-68.8244807993,-32.8699277591,4,Cuarta Este Área Fundacional,1822015.85685,0
10326,Paraiso,26/11/2010 13:38,Medio (4 - 8 mts),50,Mediano,-68.8573520628,-32.8722402613,6,Residencial Norte,2694682.37982,0
8608,Fresno europeo,31/01/2011 10:20,Medio (4 - 8 mts),23,Mediano,-68.8384667896,-32.9036984456,2,Barrio Civico,2366816.36021,0
31058,Fresno europeo,16/02/2011 10:16,Medio (4 - 8 mts),93,Grande,-68.8550471647,-32.8650768755,6,Residencial Norte,2694682.37982,0
39360,Morera,01/12/2010 09:55,Alto (> 8 mts),110,Grande,-68.8563222415,-32.8719752371,6,Residencial Norte,2694682.37982,0
34968,Morera,04/04/2011 10:15,Alto (> 8 mts),90,Grande,-68.8567354265,-32.8804899991,7,Residencial Parque,1786336.08966,0
31635,Morera,15/06/2011 09:12,Alto (> 8 mts),105,Grande,-68.8577213315,-32.8884690758,5,Residencial Sur,2423808.92355,0
18781,Morera,08/07/2011 13:12,Alto (> 8 mts),122,Grande,-68.8384521676,-32.8729775805,4,Cuarta Oeste,1173332.70145,0
16634,Fresno europeo,26/07/2011 13:56,Alto (> 8 mts),80,Grande,-68.8403755842,-32.865124307,4,Cuarta Oeste,1173332.70145,0
43299,Fresno europeo,07/10/2011 11:33,Alto (> 8 mts),120,Grande,-68.8335859533,-32.8798843198,1,Parque Central,1655357.93265,0
18985,Morera,03/08/2011 13:05,Alto (> 8 mts),200,Grande,-68.8370697598,-32.869796324,4,Cuarta Oeste,1173332.70145,0
11460,Morera,06/01/2011 14:13,Muy bajo (1 - 2 mts),8,Chico,-68.8438253232,-32.8630325432,4,Cuarta Oeste,1173332.70145,0
40919,Platano,11/04/2011 16:16,Alto (> 8 mts),162,Grande,-68.83916174,-32.88607288,3,Parque O'Higgins,1531146.02653,0
18327,Morera,02/08/2011 10:28,Alto (> 8 mts),170,Grande,-68.8378119379,-32.8675616271,4,Cuarta Oeste,1173332.70145,1
3328,Morera,05/10/2011 07:25,Alto (> 8 mts),80,Grande,-68.830871405,-32.8793891371,4,Cuarta Este Área Fundacional,1822015.85685,0
32271,Ailanthus,28/06/2011 10:43,Alto (> 8 mts),115,Grande,-68.850962846,-32.8918300143,5,Residencial Sur,2423808.92355,0
36466,Morera,18/03/2011 12:21,Alto (> 8 mts),122,Grande,-68.8547576638,-32.8788552486,6,Residencial Norte,2694682.37982,1
3286,Morera,30/09/2011 11:22,Medio (4 - 8 mts),52,Mediano,-68.827974646,-32.8769531016,4,Cuarta Este Área Fundacional,1822015.85685,0
12061,Morera,04/02/2010 13:40,Medio (4 - 8 mts),113,Grande,-68.8531390691,-32.8672485839,6,Residencial Norte,2694682.37982,0
18425,Paraiso,11/07/2011 11:00,Alto (> 8 mts),140,Grande,-68.838928676,-32.8733615952,4,Cuarta Oeste,1173332.70145,0
23835,Morera,28/01/2011 13:35,Alto (> 8 mts),180,Grande,-68.8514296895,-32.9011056311,2,Barrio Civico,2366816.36021,0
14857,Paraiso sombrilla,19/12/2011 07:44,Bajo (2 - 4 mts),40,Mediano,-68.880847078,-32.8739728191,8,Aeroparque,2203364.73622,0
37256,Olmo bola,11/03/2011 11:05,Alto (> 8 mts),70,Grande,-68.8570394803,-32.8735006444,6,Residencial Norte,2694682.37982,0
44522,Platano,18/10/2011 09:55,Alto (> 8 mts),280,Grande,-68.8354583222,-32.8852111845,3,Parque O'Higgins,1531146.02653,0
17641,Morera,09/08/2011 10:32,Alto (> 8 mts),180,Grande,-68.8427851216,-32.8671143331,4,Cuarta Oeste,1173332.70145,0
31432,Morera,14/07/2011 09:30,Medio (4 - 8 mts),66,Grande,-68.8492832084,-32.8853848721,1,Parque Central,1655357.93265,0
36993,Morera,01/04/2011 11:55,Alto (> 8 mts),72,Grande,-68.8575715677,-32.8779365029,7,Residencial Parque,1786336.08966,1
26628,Morera,03/11/2011 10:48,Muy bajo (1 - 2 mts),8,Chico,-68.8342959062,-32.8900937837,3,Parque O'Higgins,1531146.02653,0
30413,Morera,21/02/2011 13:15,Alto (> 8 mts),220,Grande,-68.8427170358,-32.8883068349,3,Parque O'Higgins,1531146.02653,0
11670,Fresno americano,27/01/2011 09:18,Bajo (2 - 4 mts),25,Mediano,-68.8493884981,-32.8683082762,6,Residencial Norte,2694682.37982,0
35106,Platano,28/03/2011 12:27,Alto (> 8 mts),150,Grande,-68.8524153855,-32.8813176961,1,Parque Central,1655357.93265,0
16024,Morera,15/08/2011 14:45,Alto (> 8 mts),140,Grande,-68.8459976475,-32.8737245028,6,Residencial Norte,2694682.37982,0
23120,Morera,19/01/2011 17:07,Alto (> 8 mts),130,Grande,-68.8477806792,-32.9034165444,2,Barrio Civico,2366816.36021,0
24823,Morera,18/02/2011 08:57,Alto (> 8 mts),135,Grande,-68.8400502811,-32.8965784523,2,Barrio Civico,2366816.36021,0
21635,Platano,10/06/2011 10:37,Alto (> 8 mts),280,Grande,-68.8537248474,-32.8966088218,5,Residencial Sur,2423808.92355,0
39231,Fresno europeo,30/12/2010 08:42,Alto (> 8 mts),130,Grande,-68.8542005921,-32.8718131832,6,Residencial Norte,2694682.37982,0
35100,Morera,29/03/2011 09:21,Alto (> 8 mts),120,Grande,-68.8532901859,-32.8811406535,6,Residencial Norte,2694682.37982,1
14139,Acer,01/12/2011 12:23,Medio (4 - 8 mts),110,Grande,-68.875852614,-32.8661994328,8,Aeroparque,2203364.73622,0
39209,Fresno europeo,26/11/2010 11:42,Medio (4 - 8 mts),70,Grande,-68.8549450063,-32.8722172863,6,Residencial Norte,2694682.37982,0
40631,Fresno europeo,12/04/2011 10:56,Medio (4 - 8 mts),43,Mediano,-68.8450479268,-32.883986131,1,Parque Central,1655357.93265,0
36521,Morera,06/04/2011 10:16,Alto (> 8 mts),130,Grande,-68.8567181124,-32.8783874569,6,Residencial Norte,2694682.37982,0
7718,Morera,31/05/2011 13:32,Medio (4 - 8 mts),110,Grande,-68.8564950548,-32.8849790058,5,Residencial Sur,2423808.92355,0
15695,Morera,18/11/2011 08:03,Bajo (2 - 4 mts),35,Mediano,-68.8607372468,-32.8695767307,7,Residencial Parque,1786336.08966,0
13173,Fresno europeo,18/02/2011 09:56,Medio (4 - 8 mts),112,Grande,-68.8465715502,-32.8660969963,4,Cuarta Oeste,1173332.70145,0
30812,Morera,22/06/2011 12:22,Alto (> 8 mts),105,Grande,-68.8556635662,-32.8663743296,6,Residencial Norte,2694682.37982,0
10644,Paraiso,16/03/2011 12:20,Bajo (2 - 4 mts),20,Chico,-68.856586257,-32.8741475221,6,Residencial Norte,2694682.37982,0
23947,Acer,19/01/2012 08:53,Bajo (2 - 4 mts),18,Chico,-68.8512848311,-32.8976352271,2,Barrio Civico,2366816.36021,1
3558,Morera,07/09/2011 08:56,Alto (> 8 mts),140,Grande,-68.8324070368,-32.8695566579,4,Cuarta Este Área Fundacional,1822015.85685,0
33337,Morera,23/05/2011 09:27,Alto (> 8 mts),135,Grande,-68.8576081069,-32.8913053988,5,Residencial Sur,2423808.92355,1
26741,Morera,11/01/2012 13:04,Alto (> 8 mts),135,Grande,-68.8336306729,-32.8951695062,3,Parque O'Higgins,1531146.02653,1
47543,Morera,19/09/2011 09:15,Alto (> 8 mts),138,Grande,-68.8267668612,-32.8712296736,4,Cuarta Este Área Fundacional,1822015.85685,0
20762,Morera,31/05/2011 12:02,Alto (> 8 mts),90,Grande,-68.8618192354,-32.8959467097,5,Residencial Sur,2423808.92355,0
37715,Acer,14/01/2012 10:34,Bajo (2 - 4 mts),40,Mediano,-68.8514077401,-32.8725007092,6,Residencial Norte,2694682.37982,0
16618,Paraiso,26/07/2011 09:12,Alto (> 8 mts),98,Grande,-68.8401481407,-32.8658845061,4,Cuarta Oeste,1173332.70145,0
11143,Ligustro,21/01/2011 10:37,Muy bajo (1 - 2 mts),15,Chico,-68.8442324431,-32.9029407429,2,Barrio Civico,2366816.36021,0
22131,Fresno europeo,13/06/2011 09:37,Alto (> 8 mts),82,Grande,-68.8552005715,-32.8982026645,5,Residencial Sur,2423808.92355,0
12073,Morera,02/02/2010 12:18,Bajo (2 - 4 mts),73,Grande,-68.8528474397,-32.8677996529,6,Residencial Norte,2694682.37982,0
5522,Morera,27/04/2011 12:17,Medio (4 - 8 mts),47,Mediano,-68.8381532222,-32.8759874686,1,Parque Central,1655357.93265,0
42327,Morera,27/04/2011 10:48,Medio (4 - 8 mts),50,Mediano,-68.8380498078,-32.8755773978,1,Parque Central,1655357.93265,0
23190,Morera,18/01/2011 13:07,Alto (> 8 mts),150,Grande,-68.8481944806,-32.9009674835,2,Barrio Civico,2366816.36021,1
36875,Prunas,07/04/2011 16:42,Medio (4 - 8 mts),42,Mediano,-68.8585229999,-32.8796401601,7,Residencial Parque,1786336.08966,0
5514,Morera,27/04/2011 13:21,Muy bajo (1 - 2 mts),5,Chico,-68.8383085424,-32.8765786456,1,Parque Central,1655357.93265,0
16117,Caducifolio,18/07/2011 12:38,Bajo (2 - 4 mts),18,Chico,-68.8448474352,-32.8732586189,6,Residencial Norte,2694682.37982,0
45925,Fresno americano,25/08/2011 13:56,Muy bajo (1 - 2 mts),5,Chico,-68.8199258822,-32.8694926641,4,Cuarta Este Área Fundacional,1822015.85685,0
552,Morera,08/03/2012 16:52,Medio (4 - 8 mts),180,Grande,-68.8204025409,-32.8679468682,4,Cuarta Este Área Fundacional,1822015.85685,0
2219,Ailanthus,31/10/2011 09:36,Bajo (2 - 4 mts),8,Chico,-68.8363739853,-32.895430803000004,2,Barrio Civico,2366816.36021,0
6320,Morera,27/06/2011 09:35,Medio (4 - 8 mts),43,Mediano,-68.8562500366,-32.8901663466,5,Residencial Sur,2423808.92355,0
19061,Morera,26/07/2011 12:50,Alto (> 8 mts),178,Grande,-68.8415136216,-32.871821828,4,Cuarta Oeste,1173332.70145,0
38927,Acer,26/10/2010 11:40,Medio (4 - 8 mts),62,Grande,-68.8486239202,-32.8706546528,6,Residencial Norte,2694682.37982,0
8471,Morera,14/02/2011 15:54,Alto (> 8 mts),132,Grande,-68.8351570272,-32.897795592,2,Barrio Civico,2366816.36021,0
17923,Morera,03/08/2011 14:24,Alto (> 8 mts),110,Grande,-68.8372671862,-32.8667707646,4,Cuarta Oeste,1173332.70145,0
407,Paraiso,05/03/2012 11:06,Alto (> 8 mts),220,Grande,-68.8194867909,-32.8672160244,4,Cuarta Este Área Fundacional,1822015.85685,0
34064,Morera,30/05/2011 09:31,Medio (4 - 8 mts),110,Grande,-68.8562103578,-32.8843917059,5,Residencial Sur,2423808.92355,0
33869,Acacia visco,13/05/2011 11:57,Medio (4 - 8 mts),120,Grande,-68.8551330428,-32.8863547923,5,Residencial Sur,2423808.92355,0
8138,Morera,01/03/2011 11:42,Alto (> 8 mts),63,Grande,-68.847416475,-32.8907841775,2,Barrio Civico,2366816.36021,0
3109,Morera,16/09/2011 11:23,Alto (> 8 mts),180,Grande,-68.8225898775,-32.8713029558,4,Cuarta Este Área Fundacional,1822015.85685,1
32565,Platano,17/06/2011 11:15,Muy bajo (1 - 2 mts),2,Chico,-68.8539466338,-32.8901709057,5,Residencial Sur,2423808.92355,0
9546,Prunas,08/02/2011 12:05,Bajo (2 - 4 mts),28,Mediano,-68.8548557418,-32.8650118271,6,Residencial Norte,2694682.37982,0
18378,Paraiso,29/07/2011 14:11,Alto (> 8 mts),160,Grande,-68.8374616591,-32.8681681031,4,Cuarta Oeste,1173332.70145,1
11736,Acer,02/06/2010 10:45,Medio (4 - 8 mts),198,Grande,-68.8509454318,-32.8674356538,6,Residencial Norte,2694682.37982,0
26844,Fresno europeo,07/11/2011 09:39,Medio (4 - 8 mts),45,Mediano,-68.8331689834,-32.892877841,3,Parque O'Higgins,1531146.02653,0
2485,Fresno americano,21/10/2011 10:10,Bajo (2 - 4 mts),30,Mediano,-68.8374359089,-32.888515805,3,Parque O'Higgins,1531146.02653,0
3307,Morera,26/09/2011 08:37,Muy bajo (1 - 2 mts),3,Chico,-68.8292954766,-32.8760691283,4,Cuarta Este Área Fundacional,1822015.85685,0
137,Morera,29/02/2012 10:06,Medio (4 - 8 mts),80,Grande,-68.8579538039,-32.8640881831,6,Residencial Norte,2694682.37982,0
31363,Paraiso,28/02/2011 12:27,Alto (> 8 mts),144,Grande,-68.849494521,-32.8656245971,6,Residencial Norte,2694682.37982,0
6980,Morera,31/05/2011 11:55,Medio (4 - 8 mts),41,Mediano,-68.8617954292,-32.8958219732,5,Residencial Sur,2423808.92355,0
31628,Platano,10/06/2011 08:33,Alto (> 8 mts),195,Grande,-68.8591448532,-32.8881990976,5,Residencial Sur,2423808.92355,0
37066,Morera,04/04/2011 12:46,Medio (4 - 8 mts),110,Grande,-68.8568881784,-32.8769576748,6,Residencial Norte,2694682.37982,0
25715,Morera,04/02/2011 08:53,Alto (> 8 mts),142,Grande,-68.8412383943,-32.9021600749,2,Barrio Civico,2366816.36021,0
44906,Morera,23/08/2011 13:29,Alto (> 8 mts),140,Grande,-68.8254292139,-32.8675246725,4,Cuarta Este Área Fundacional,1822015.85685,0
33991,Fresno europeo,26/05/2011 12:28,Bajo (2 - 4 mts),110,Grande,-68.8532457822,-32.8839335317,5,Residencial Sur,2423808.92355,0
46746,Morera,05/09/2011 11:27,Medio (4 - 8 mts),176,Grande,-68.8336355288,-32.8695677303,4,Cuarta Oeste,1173332.70145,0
41307,Morera,20/04/2011 11:23,Alto (> 8 mts),180,Grande,-68.8411508714,-32.8823016595,1,Parque Central,1655357.93265,0
483,Fresno europeo,07/03/2012 10:08,Medio (4 - 8 mts),150,Grande,-68.822690215,-32.8681587421,4,Cuarta Este Área Fundacional,1822015.85685,0
33470,Platano,15/06/2011 10:02,Alto (> 8 mts),154,Grande,-68.8567444501,-32.8896480048,5,Residencial Sur,2423808.92355,0
3015,Braquiquito,16/09/2011 11:59,Bajo (2 - 4 mts),40,Mediano,-68.8241818457,-32.872236571,4,Cuarta Este Área Fundacional,1822015.85685,0
8958,Morera,21/01/2011 09:03,Bajo (2 - 4 mts),23,Mediano,-68.8482973278,-32.8674488454,6,Residencial Norte,2694682.37982,0
10216,Prunas,15/12/2010 09:23,Bajo (2 - 4 mts),25,Mediano,-68.8511934674,-32.8718568648,6,Residencial Norte,2694682.37982,0
13924,Fresno europeo,30/11/2011 12:07,Bajo (2 - 4 mts),12,Chico,-68.8755692322,-32.8658227106,8,Aeroparque,2203364.73622,0
40166,Fresno europeo,14/04/2011 09:54,Medio (4 - 8 mts),90,Grande,-68.8445922807,-32.8802956589,1,Parque Central,1655357.93265,0
45221,Morera,30/09/2011 10:53,Alto (> 8 mts),93,Grande,-68.8221891475,-32.8729498939,4,Cuarta Este Área Fundacional,1822015.85685,0
12387,Morera,21/01/2011 10:24,Alto (> 8 mts),146,Grande,-68.8476823208,-32.8664610722,6,Residencial Norte,2694682.37982,1
16539,Platano,19/07/2011 10:42,Alto (> 8 mts),222,Grande,-68.840877499,-32.8649037606,4,Cuarta Oeste,1173332.70145,0
31993,Fresno americano,03/06/2011 12:27,Alto (> 8 mts),131,Grande,-68.8589313435,-32.8876481936,5,Residencial Sur,2423808.92355,0
40630,Fresno europeo,12/04/2011 12:15,Medio (4 - 8 mts),48,Mediano,-68.8449597338,-32.884002703,1,Parque Central,1655357.93265,0
18728,Perenne,12/07/2011 19:29,Bajo (2 - 4 mts),100,Grande,-68.8362608979,-32.8731779732,4,Cuarta Oeste,1173332.70145,0
34090,Olmo bola,31/05/2011 12:37,Bajo (2 - 4 mts),90,Grande,-68.8570937599,-32.8837573371,5,Residencial Sur,2423808.92355,0
4589,Morera,11/08/2011 11:01,Alto (> 8 mts),128,Grande,-68.8345145518,-32.866842062,4,Cuarta Oeste,1173332.70145,0
5201,Perenne,08/08/2011 09:29,Bajo (2 - 4 mts),40,Mediano,-68.8392199657,-32.86945994,4,Cuarta Oeste,1173332.70145,0
8361,Fresno europeo,03/02/2011 18:22,Muy bajo (1 - 2 mts),32,Mediano,-68.839912203,-32.9027894864,2,Barrio Civico,2366816.36021,0
4316,Morera,15/07/2011 08:44,Medio (4 - 8 mts),58,Mediano,-68.8438533993,-32.8710451405,4,Cuarta Oeste,1173332.70145,0
12835,Fresno europeo,21/01/2011 09:05,Bajo (2 - 4 mts),50,Mediano,-68.8475290158,-32.863934148,4,Cuarta Oeste,1173332.70145,0
6448,Fresno europeo,26/05/2011 09:45,Medio (4 - 8 mts),25,Mediano,-68.8506664365,-32.889102086,5,Residencial Sur,2423808.92355,0
40333,Fresno europeo,08/04/2011 12:09,Medio (4 - 8 mts),150,Grande,-68.8439887837,-32.8804936768,1,Parque Central,1655357.93265,0
20157,Liquidambar,13/05/2011 10:09,Alto (> 8 mts),80,Grande,-68.8590154681,-32.8919557604,5,Residencial Sur,2423808.92355,0
2052,Fresno europeo,11/10/2011 17:13,Medio (4 - 8 mts),86,Grande,-68.8294394939,-32.8814195916,3,Parque O'Higgins,1531146.02653,0
24228,Perenne,27/01/2011 12:27,Alto (> 8 mts),95,Grande,-68.8449067818,-32.9018343377,2,Barrio Civico,2366816.36021,0
33726,Morera,11/05/2011 10:17,Alto (> 8 mts),180,Grande,-68.8583928668,-32.8870234851,5,Residencial Sur,2423808.92355,0
44098,Morera,11/11/2011 08:55,Medio (4 - 8 mts),180,Grande,-68.8288482924,-32.8857576655,3,Parque O'Higgins,1531146.02653,0
36174,Fresno europeo,04/04/2011 10:09,Medio (4 - 8 mts),84,Grande,-68.8527786603,-32.8774125699,6,Residencial Norte,2694682.37982,0
1626,Jacaranda,24/11/2011 09:52,Muy bajo (1 - 2 mts),30,Mediano,-68.871298006200007,-32.8782586681,7,Residencial Parque,1786336.08966,0
36952,Jacaranda,08/04/2011 10:41,Alto (> 8 mts),65,Grande,-68.8581302927,-32.8781612989,7,Residencial Parque,1786336.08966,0
45018,Morera,29/08/2011 09:37,Alto (> 8 mts),140,Grande,-68.8256622569,-32.8696479465,4,Cuarta Este Área Fundacional,1822015.85685,0
17077,Morera,16/08/2011 09:04,Alto (> 8 mts),170,Grande,-68.8367496155,-32.8635125368,4,Cuarta Oeste,1173332.70145,1
20033,Morera,10/08/2011 12:25,Alto (> 8 mts),135,Grande,-68.8344285461,-32.8680648661,4,Cuarta Oeste,1173332.70145,1
24344,Fresno europeo,26/01/2011 12:22,Alto (> 8 mts),210,Grande,-68.8440240538,-32.9028369755,2,Barrio Civico,2366816.36021,0
38159,Acer,20/10/2010 12:30,Medio (4 - 8 mts),95,Grande,-68.8465433628,-32.8710484043,6,Residencial Norte,2694682.37982,0
8961,Morera,19/01/2011 12:38,Alto (> 8 mts),130,Grande,-68.8474057225,-32.8684905034,6,Residencial Norte,2694682.37982,0
11325,Fresno europeo,21/01/2011 09:19,Medio (4 - 8 mts),110,Grande,-68.8474165316,-32.8998102245,2,Barrio Civico,2366816.36021,0
35284,Morera,24/06/2011 13:35,Medio (4 - 8 mts),140,Grande,-68.8522138096,-32.8838103554,1,Parque Central,1655357.93265,1
13373,Fresno europeo,11/01/2011 09:51,Bajo (2 - 4 mts),39,Mediano,-68.8452920697,-32.8661790916,4,Cuarta Oeste,1173332.70145,0
8263,Morera,09/03/2011 18:56,Alto (> 8 mts),62,Grande,-68.8453403297,-32.8923308437,2,Barrio Civico,2366816.36021,0
25485,Platano,08/02/2011 09:37,Alto (> 8 mts),270,Grande,-68.8417710276,-32.9001437609,2,Barrio Civico,2366816.36021,0
7106,Fresno europeo,01/06/2011 11:12,Bajo (2 - 4 mts),35,Mediano,-68.8610366741,-32.8969501115,5,Residencial Sur,2423808.92355,0
28361,Morera,14/03/2011 10:30,Alto (> 8 mts),158,Grande,-68.8493876048,-32.888702185,5,Residencial Sur,2423808.92355,0
39748,Morera,02/05/2011 12:04,Alto (> 8 mts),140,Grande,-68.8459340157,-32.8794272761,1,Parque Central,1655357.93265,0
43506,Morera,10/11/2011 12:17,Alto (> 8 mts),120,Grande,-68.8282921259,-32.8833333353,3,Parque O'Higgins,1531146.02653,0
47085,Fresno europeo,23/09/2011 11:34,Alto (> 8 mts),112,Grande,-68.8336160394,-32.8727916312,4,Cuarta Este Área Fundacional,1822015.85685,0
43293,Morera,07/10/2011 11:45,Alto (> 8 mts),120,Grande,-68.8329758367,-32.879928116,3,Parque O'Higgins,1531146.02653,0
16556,Olmo comun,27/07/2011 09:52,Alto (> 8 mts),180,Grande,-68.8408823941,-32.8655130421,4,Cuarta Oeste,1173332.70145,0
219,Platano,06/03/2012 09:56,Alto (> 8 mts),180,Grande,-68.8386777703,-32.8699654865,4,Cuarta Oeste,1173332.70145,0
43321,Paraiso,05/10/2011 13:20,Alto (> 8 mts),158,Grande,-68.8326402187,-32.8789100249,4,Cuarta Este Área Fundacional,1822015.85685,0
17108,Morera,16/08/2011 09:13,Alto (> 8 mts),160,Grande,-68.8371860886,-32.8633220364,4,Cuarta Oeste,1173332.70145,0
4826,Paraiso,20/07/2011 10:01,Alto (> 8 mts),105,Grande,-68.8401373867,-32.8647459383,4,Cuarta Oeste,1173332.70145,0
26705,Morera,09/11/2011 10:20,Alto (> 8 mts),158,Grande,-68.8328736885,-32.8929820509,3,Parque O'Higgins,1531146.02653,0
5337,Caducifolio,26/04/2011 13:06,Bajo (2 - 4 mts),70,Grande,-68.8420011215,-32.8777869528,1,Parque Central,1655357.93265,0
28924,Morera,28/02/2011 12:50,Medio (4 - 8 mts),55,Mediano,-68.8470003394,-32.8870463534,1,Parque Central,1655357.93265,0
21377,Morera,10/05/2011 09:53,Alto (> 8 mts),110,Grande,-68.8548850504,-32.8931442428,5,Residencial Sur,2423808.92355,0
12928,Paraiso sombrilla,12/01/2011 13:49,Alto (> 8 mts),120,Grande,-68.8443962518,-32.8642306708,4,Cuarta Oeste,1173332.70145,0
42473,Morera,30/09/2011 15:05,Alto (> 8 mts),142,Grande,-68.8317877088,-32.876455558399996,4,Cuarta Este Área Fundacional,1822015.85685,1
37425,Morera,04/01/2011 10:16,Alto (> 8 mts),97,Grande,-68.856865246,-32.8706808469,6,Residencial Norte,2694682.37982,0
41893,Platano,18/04/2011 08:59,Alto (> 8 mts),280,Grande,-68.8417808622,-32.8789166014,1,Parque Central,1655357.93265,0
25456,Morera,08/02/2011 13:44,Alto (> 8 mts),180,Grande,-68.8408722911,-32.9012461085,2,Barrio Civico,2366816.36021,0
39539,Morera,01/11/2010 10:17,Alto (> 8 mts),210,Grande,-68.8490217935,-32.8693839166,6,Residencial Norte,2694682.37982,1
29134,Morera,10/03/2011 13:30,Alto (> 8 mts),152,Grande,-68.8459663639,-32.8883516565,2,Barrio Civico,2366816.36021,1
20922,Fresno europeo,24/05/2011 13:06,Medio (4 - 8 mts),100,Grande,-68.8609403052,-32.8946143885,5,Residencial Sur,2423808.92355,0
40140,Morera,14/04/2011 08:44,Alto (> 8 mts),160,Grande,-68.8433341752,-32.8798261107,1,Parque Central,1655357.93265,0
6232,Fresno americano,11/04/2011 15:03,Alto (> 8 mts),164,Grande,-68.8390315523,-32.8872786154,3,Parque O'Higgins,1531146.02653,0
15473,Paraiso,21/11/2011 13:18,Medio (4 - 8 mts),120,Grande,-68.860071969,-32.8711219204,7,Residencial Parque,1786336.08966,0
29358,Morera,20/04/2011 10:55,Alto (> 8 mts),102,Grande,-68.8426419493,-32.8874997813,3,Parque O'Higgins,1531146.02653,0
17524,Paraiso sombrilla,28/07/2011 09:50,Alto (> 8 mts),145,Grande,-68.8391266743,-32.8672120298,4,Cuarta Oeste,1173332.70145,0
31420,Platano,14/07/2011 10:19,Alto (> 8 mts),240,Grande,-68.8502798447,-32.8851990582,1,Parque Central,1655357.93265,1
37564,Morera,16/11/2010 11:03,Alto (> 8 mts),90,Grande,-68.8569945075,-32.8696324141,6,Residencial Norte,2694682.37982,0
4417,Acacia SP,12/08/2011 09:49,Alto (> 8 mts),91,Grande,-68.8349790755,-32.8686978464,4,Cuarta Oeste,1173332.70145,1
20024,Fresno americano,11/08/2011 09:02,Alto (> 8 mts),180,Grande,-68.8336049556,-32.8681510402,4,Cuarta Oeste,1173332.70145,0
43581,Fresno americano,07/10/2011 12:15,Medio (4 - 8 mts),125,Grande,-68.8307256475,-32.8826606539,3,Parque O'Higgins,1531146.02653,1
23278,Paraiso sombrilla,24/01/2012 08:55,Medio (4 - 8 mts),140,Grande,-68.8526960595,-32.9013744805,2,Barrio Civico,2366816.36021,0
15932,Fresno americano,25/11/2011 09:47,Bajo (2 - 4 mts),40,Mediano,-68.8733644748,-32.8769621949,7,Residencial Parque,1786336.08966,0
16040,Paraiso,15/08/2011 14:27,Alto (> 8 mts),155,Grande,-68.8454251904,-32.8716562123,6,Residencial Norte,2694682.37982,0
6762,Acer,17/05/2011 11:28,Medio (4 - 8 mts),22,Mediano,-68.8612050665,-32.8933409274,5,Residencial Sur,2423808.92355,0
33254,Platano,30/06/2011 11:29,Alto (> 8 mts),145,Grande,-68.8557787009,-32.8899426334,5,Residencial Sur,2423808.92355,0
44866,Morera,19/08/2011 09:48,Alto (> 8 mts),130,Grande,-68.82537166,-32.8669066555,4,Cuarta Este Área Fundacional,1822015.85685,0
38214,Eucalyptus,24/08/2010 10:38,Medio (4 - 8 mts),72,Grande,-68.8469099821,-32.8742270168,6,Residencial Norte,2694682.37982,0
5087,Alamo blanco,11/08/2011 13:59,Medio (4 - 8 mts),12,Chico,-68.8385155259,-32.8624960454,4,Cuarta Oeste,1173332.70145,0
35508,Morera,06/04/2011 11:28,Alto (> 8 mts),100,Grande,-68.8555604733,-32.8813431724,6,Residencial Norte,2694682.37982,0
42334,Morera,27/04/2011 09:57,Alto (> 8 mts),150,Grande,-68.8376105873,-32.8755624581,1,Parque Central,1655357.93265,0
31022,Fresno europeo,10/02/2011 09:34,Medio (4 - 8 mts),110,Grande,-68.8558182605,-32.8645191744,6,Residencial Norte,2694682.37982,0
26401,Morera,28/10/2011 09:48,Medio (4 - 8 mts),75,Grande,-68.834279792,-32.8898043789,3,Parque O'Higgins,1531146.02653,0
41003,Platano,12/04/2011 13:47,Alto (> 8 mts),180,Grande,-68.8392847201,-32.8801659607,1,Parque Central,1655357.93265,0
13295,Paraiso sombrilla,23/02/2011 10:11,Medio (4 - 8 mts),76,Grande,-68.8483358489,-32.8650761511,6,Residencial Norte,2694682.37982,0
40437,Morera,11/04/2011 12:08,Alto (> 8 mts),210,Grande,-68.84556258,-32.8837106477,1,Parque Central,1655357.93265,0
45112,Morera,31/08/2011 15:58,Alto (> 8 mts),150,Grande,-68.8256323164,-32.8702056025,4,Cuarta Este Área Fundacional,1822015.85685,0
9821,Prunas,12/01/2011 12:06,Bajo (2 - 4 mts),37,Mediano,-68.8441223238,-32.8633995808,4,Cuarta Oeste,1173332.70145,0
154,Braquiquito,27/02/2012 17:50,Bajo (2 - 4 mts),50,Mediano,-68.8575776041,-32.8641832819,6,Residencial Norte,2694682.37982,0
38328,Paraiso,09/11/2010 10:02,Alto (> 8 mts),160,Grande,-68.8530296561,-32.8690537342,6,Residencial Norte,2694682.37982,0
28492,Morera,25/02/2011 10:14,Alto (> 8 mts),170,Grande,-68.847689566,-32.8892147195,2,Barrio Civico,2366816.36021,1
46282,Morera,21/09/2011 09:42,Alto (> 8 mts),160,Grande,-68.8230828715,-32.8742042563,4,Cuarta Este Área Fundacional,1822015.85685,0
41991,Platano,25/04/2011 13:45,Alto (> 8 mts),194,Grande,-68.8365359589,-32.8792210312,1,Parque Central,1655357.93265,0
33664,Morera,13/05/2011 11:36,Alto (> 8 mts),185,Grande,-68.8565882646,-32.8873598491,5,Residencial Sur,2423808.92355,0
22180,Morera,13/05/2011 14:12,Alto (> 8 mts),72,Grande,-68.8553453295,-32.8993649965,5,Residencial Sur,2423808.92355,0
48074,Morera,29/09/2011 13:46,Bajo (2 - 4 mts),5,Chico,-68.827170038,-32.866851018,4,Cuarta Este Área Fundacional,1822015.85685,0
22197,Fresno europeo,18/05/2011 09:55,Alto (> 8 mts),150,Grande,-68.8568552374,-32.8985776035,5,Residencial Sur,2423808.92355,0
24795,Platano,17/02/2011 12:17,Alto (> 8 mts),230,Grande,-68.8411779829,-32.8978941937,2,Barrio Civico,2366816.36021,0
21138,Perenne,17/06/2011 11:33,Alto (> 8 mts),185,Grande,-68.8623058778,-32.8984222074,5,Residencial Sur,2423808.92355,0
28058,Morera,16/03/2011 18:24,Alto (> 8 mts),146,Grande,-68.8455713597,-32.89318391,2,Barrio Civico,2366816.36021,1
33124,Fresno europeo,27/06/2011 11:10,Medio (4 - 8 mts),18,Chico,-68.8541372941,-32.8904892612,5,Residencial Sur,2423808.92355,0
23756,Morera,25/01/2011 10:33,Medio (4 - 8 mts),84,Grande,-68.8492680636,-32.900072322,2,Barrio Civico,2366816.36021,0
20023,Fresno americano,11/08/2011 09:03,Alto (> 8 mts),128,Grande,-68.8335881601,-32.8681048511,4,Cuarta Oeste,1173332.70145,0
25575,Jacaranda,07/02/2011 17:38,Alto (> 8 mts),88,Grande,-68.838656383,-32.9013313638,2,Barrio Civico,2366816.36021,0
31135,Fresno europeo,08/02/2011 10:14,Bajo (2 - 4 mts),56,Mediano,-68.8547771766,-32.8640681144,6,Residencial Norte,2694682.37982,0
8882,Morera,05/04/2010 11:09,Bajo (2 - 4 mts),99,Grande,-68.8536315552,-32.8680695376,6,Residencial Norte,2694682.37982,0
27630,Morera,07/11/2011 10:10,Medio (4 - 8 mts),150,Grande,-68.8382519817,-32.89530187,2,Barrio Civico,2366816.36021,1
36616,Morera,15/06/2011 09:50,Medio (4 - 8 mts),130,Grande,-68.8583188322,-32.8828413676,7,Residencial Parque,1786336.08966,0
2038,Morera,01/11/2011 10:24,Medio (4 - 8 mts),90,Grande,-68.8330628547,-32.8948651656,3,Parque O'Higgins,1531146.02653,0
32687,Morera,18/05/2011 11:52,Muy bajo (1 - 2 mts),3,Chico,-68.8513933595,-32.887208004,5,Residencial Sur,2423808.92355,0
33386,Acacia SP,01/06/2011 12:04,Medio (4 - 8 mts),40,Mediano,-68.8557912028,-32.8883395461,5,Residencial Sur,2423808.92355,0
11045,Conifera,04/04/2011 10:42,Muy bajo (1 - 2 mts),32,Mediano,-68.857461075,-32.8803514607,7,Residencial Parque,1786336.08966,0
37562,Morera,16/11/2010 11:08,Alto (> 8 mts),190,Grande,-68.8569741867,-32.8695114736,6,Residencial Norte,2694682.37982,0
47087,Morera,23/09/2011 11:32,Alto (> 8 mts),90,Grande,-68.833785575,-32.8727768966,4,Cuarta Este Área Fundacional,1822015.85685,0
15394,Fresno europeo,16/11/2011 12:24,Muy bajo (1 - 2 mts),10,Chico,-68.8611855076,-32.8707500984,7,Residencial Parque,1786336.08966,0
25226,Fresno europeo,09/02/2011 09:36,Medio (4 - 8 mts),122,Grande,-68.8375974158,-32.8976654344,2,Barrio Civico,2366816.36021,0
21043,Ligustro,22/06/2011 12:50,Medio (4 - 8 mts),70,Grande,-68.8638224385,-32.9003434916,5,Residencial Sur,2423808.92355,0
14564,Aguaribay,14/12/2011 11:12,Medio (4 - 8 mts),35,Mediano,-68.878838071,-32.8668690663,8,Aeroparque,2203364.73622,1
12568,Morera,11/01/2011 08:53,Alto (> 8 mts),140,Grande,-68.8447358668,-32.8626861144,4,Cuarta Oeste,1173332.70145,0
26617,Platano,03/11/2011 11:00,Muy bajo (1 - 2 mts),8,Chico,-68.8334607452,-32.8900196968,3,Parque O'Higgins,1531146.02653,0
14844,Aguaribay,07/12/2011 09:58,Muy bajo (1 - 2 mts),13,Chico,-68.8783587798,-32.8699946539,8,Aeroparque,2203364.73622,0
37782,Paraiso,25/01/2012 08:18,Alto (> 8 mts),130,Grande,-68.8497693952,-32.8728773493,6,Residencial Norte,2694682.37982,0
5823,Paraiso,03/05/2011 11:17,Medio (4 - 8 mts),88,Grande,-68.8431408442,-32.8745189151,1,Parque Central,1655357.93265,0
8044,Morera,10/03/2011 10:03,Alto (> 8 mts),140,Grande,-68.8463285982,-32.8892612103,2,Barrio Civico,2366816.36021,1
17324,Morera,08/08/2011 12:04,Alto (> 8 mts),175,Grande,-68.8341671554,-32.8648789631,4,Cuarta Oeste,1173332.70145,1
26170,Fresno europeo,14/11/2011 17:01,Bajo (2 - 4 mts),60,Mediano,-68.8299127681,-32.8875652964,3,Parque O'Higgins,1531146.02653,0
19317,Morera,12/07/2011 20:34,Alto (> 8 mts),116,Grande,-68.8365433301,-32.8704297087,4,Cuarta Oeste,1173332.70145,1
3502,Fresno europeo,25/08/2011 09:05,Medio (4 - 8 mts),102,Grande,-68.8241867908,-32.8684606749,4,Cuarta Este Área Fundacional,1822015.85685,0
36678,Fresno europeo,03/06/2011 15:56,Medio (4 - 8 mts),140,Grande,-68.8587228795,-32.8831108222,7,Residencial Parque,1786336.08966,0
45028,Morera,29/08/2011 09:25,Alto (> 8 mts),120,Grande,-68.8253906825,-32.8701097103,4,Cuarta Este Área Fundacional,1822015.85685,0
41437,Morera,07/04/2011 13:52,Alto (> 8 mts),135,Grande,-68.8416007024,-32.8817973723,1,Parque Central,1655357.93265,0
7676,Acacia visco,26/05/2011 13:35,Bajo (2 - 4 mts),50,Mediano,-68.8547828895,-32.8849839365,5,Residencial Sur,2423808.92355,0
28341,Morera,11/03/2011 09:54,Alto (> 8 mts),174,Grande,-68.8470976223,-32.889042691,2,Barrio Civico,2366816.36021,1
9047,Fresno europeo,14/02/2011 13:27,Alto (> 8 mts),80,Grande,-68.8556547431,-32.8664659299,6,Residencial Norte,2694682.37982,0
12765,Morera,21/01/2011 12:30,Alto (> 8 mts),100,Grande,-68.8480085007,-32.8644038006,6,Residencial Norte,2694682.37982,0
40026,Morera,19/04/2011 09:34,Medio (4 - 8 mts),120,Grande,-68.8441605465,-32.8784112144,1,Parque Central,1655357.93265,0
25861,Morera,07/02/2011 15:46,Alto (> 8 mts),108,Grande,-68.8383036997,-32.9024847104,2,Barrio Civico,2366816.36021,1
876,Aguaribay,14/12/2011 11:23,Medio (4 - 8 mts),126,Grande,-68.8802296639,-32.865541537,8,Aeroparque,2203364.73622,0
3871,Morera,31/08/2011 13:43,Medio (4 - 8 mts),60,Mediano,-68.8263250983,-32.8702113434,4,Cuarta Este Área Fundacional,1822015.85685,0
36832,Platano,07/04/2011 11:32,Alto (> 8 mts),210,Grande,-68.8590562428,-32.8802614544,7,Residencial Parque,1786336.08966,0
22846,Morera,10/05/2011 11:13,Medio (4 - 8 mts),82,Grande,-68.8570160302,-32.9005852244,5,Residencial Sur,2423808.92355,0
41667,Olmo bola,26/04/2011 10:02,Medio (4 - 8 mts),40,Mediano,-68.8373013644,-32.8771911457,1,Parque Central,1655357.93265,0
37210,Prunas,14/03/2011 11:23,Medio (4 - 8 mts),50,Mediano,-68.8581079968,-32.872915821,6,Residencial Norte,2694682.37982,1
30864,Morera,15/02/2011 12:56,Medio (4 - 8 mts),60,Mediano,-68.8553518563,-32.8656211263,6,Residencial Norte,2694682.37982,0
37747,Morera,13/01/2012 18:20,Medio (4 - 8 mts),100,Grande,-68.8504362925,-32.8722949832,6,Residencial Norte,2694682.37982,1
3739,Morera,25/08/2011 11:58,Alto (> 8 mts),180,Grande,-68.8203798145,-32.8701108175,4,Cuarta Este Área Fundacional,1822015.85685,0
8060,Morera,04/03/2011 12:08,Alto (> 8 mts),110,Grande,-68.8409723057,-32.89028547,3,Parque O'Higgins,1531146.02653,0
23129,Olmo comun,10/01/2011 14:52,Medio (4 - 8 mts),117,Grande,-68.84732422,-32.9032069428,2,Barrio Civico,2366816.36021,0
40001,Morera,20/04/2011 12:46,Medio (4 - 8 mts),50,Mediano,-68.8441617833,-32.8778876027,1,Parque Central,1655357.93265,0
29627,Morera,23/03/2011 19:34,Alto (> 8 mts),172,Grande,-68.8435079541,-32.8943437489,2,Barrio Civico,2366816.36021,0
37354,Platano,29/11/2010 11:37,Alto (> 8 mts),75,Grande,-68.8583001152,-32.8717470255,6,Residencial Norte,2694682.37982,0
7354,Morera,23/06/2011 09:47,Alto (> 8 mts),107,Grande,-68.8624063641,-32.9015236614,5,Residencial Sur,2423808.92355,1
45079,Fresno europeo,31/08/2011 11:54,Alto (> 8 mts),155,Grande,-68.8218672987,-32.8705800292,4,Cuarta Este Área Fundacional,1822015.85685,0
12847,Paraiso sombrilla,18/01/2011 12:01,Alto (> 8 mts),200,Grande,-68.8466277288,-32.8638748041,4,Cuarta Oeste,1173332.70145,0
22283,Morera,13/06/2011 14:14,Alto (> 8 mts),125,Grande,-68.8558504208,-32.898186624,5,Residencial Sur,2423808.92355,1
36624,Olmo bola,15/06/2011 09:28,Bajo (2 - 4 mts),44,Mediano,-68.8583994796,-32.8823218359,7,Residencial Parque,1786336.08966,0
13478,Fresno europeo,02/02/2011 08:49,Alto (> 8 mts),140,Grande,-68.8521193087,-32.8637894311,6,Residencial Norte,2694682.37982,0
26419,Fresno europeo,25/10/2011 08:57,Medio (4 - 8 mts),75,Grande,-68.8330853378,-32.8888030851,3,Parque O'Higgins,1531146.02653,0
11547,Morera,23/02/2011 10:10,Medio (4 - 8 mts),70,Grande,-68.8538658899,-32.8657543479,6,Residencial Norte,2694682.37982,0
33669,Morera,13/05/2011 10:54,Alto (> 8 mts),198,Grande,-68.8561431159,-32.8874425875,5,Residencial Sur,2423808.92355,0
46967,Paraiso,09/09/2011 08:45,Medio (4 - 8 mts),76,Grande,-68.8305402261,-32.8709853696,4,Cuarta Este Área Fundacional,1822015.85685,0
19162,Morera,18/07/2011 11:02,Alto (> 8 mts),122,Grande,-68.840099585,-32.8731857424,4,Cuarta Oeste,1173332.70145,0
17910,Morera,01/08/2011 09:22,Alto (> 8 mts),155,Grande,-68.8367942213,-32.8670418291,4,Cuarta Oeste,1173332.70145,0
25356,Caducifolio,11/02/2011 12:35,Bajo (2 - 4 mts),31,Mediano,-68.8388532717,-32.9000307497,2,Barrio Civico,2366816.36021,0
47011,Morera,15/09/2011 14:57,Medio (4 - 8 mts),100,Grande,-68.8306022175,-32.8720433209,4,Cuarta Este Área Fundacional,1822015.85685,0
36419,Fresno europeo,21/03/2011 09:17,Medio (4 - 8 mts),110,Grande,-68.8532335582,-32.8791605862,6,Residencial Norte,2694682.37982,0
32005,Morera,03/06/2011 11:10,Alto (> 8 mts),148,Grande,-68.8584735513,-32.8872202743,5,Residencial Sur,2423808.92355,0
8086,Fresno americano,02/03/2011 13:35,Alto (> 8 mts),200,Grande,-68.8395828843,-32.8895327126,3,Parque O'Higgins,1531146.02653,0
6240,Morera,14/07/2011 08:56,Alto (> 8 mts),120,Grande,-68.8545763706,-32.8855314927,5,Residencial Sur,2423808.92355,0
33632,Morera,16/05/2011 11:53,Alto (> 8 mts),150,Grande,-68.8553677557,-32.8875864148,5,Residencial Sur,2423808.92355,0
2460,Morera,26/10/2011 10:04,Alto (> 8 mts),155,Grande,-68.837140995,-32.8927008335,3,Parque O'Higgins,1531146.02653,1
43575,Fresno europeo,11/10/2011 08:10,Alto (> 8 mts),180,Grande,-68.8302254784,-32.8826845921,3,Parque O'Higgins,1531146.02653,1
6138,Ligustro,07/04/2011 12:46,Medio (4 - 8 mts),120,Grande,-68.8423331953,-32.8810214733,1,Parque Central,1655357.93265,0
46004,Fresno europeo,27/09/2011 10:09,Medio (4 - 8 mts),170,Grande,-68.82170207,-32.8735780777,4,Cuarta Este Área Fundacional,1822015.85685,0
31374,Fresno europeo,23/05/2011 13:19,Alto (> 8 mts),160,Grande,-68.8507165843,-32.8841310748,1,Parque Central,1655357.93265,1
7435,Morera,27/06/2011 14:36,Bajo (2 - 4 mts),25,Mediano,-68.8594651766,-32.9003921143,5,Residencial Sur,2423808.92355,0
10783,Olmo bola,31/03/2011 10:08,Medio (4 - 8 mts),120,Grande,-68.8499180812,-32.8776412526,6,Residencial Norte,2694682.37982,0
21068,Morera,23/06/2011 10:48,Medio (4 - 8 mts),100,Grande,-68.8630058581,-32.8998778539,5,Residencial Sur,2423808.92355,1
19985,Morera,16/08/2011 10:47,Alto (> 8 mts),180,Grande,-68.8347984705,-32.8679574052,4,Cuarta Oeste,1173332.70145,0
23870,Acer,28/01/2011 10:10,Alto (> 8 mts),88,Grande,-68.8509628375,-32.8997347427,2,Barrio Civico,2366816.36021,0
3495,Paraiso,19/08/2011 10:26,Medio (4 - 8 mts),120,Grande,-68.8240945459,-32.8676308629,4,Cuarta Este Área Fundacional,1822015.85685,0
48187,Morera,02/09/2011 13:11,Alto (> 8 mts),180,Grande,-68.8284270022,-32.8694033522,4,Cuarta Este Área Fundacional,1822015.85685,1
40938,Fresno americano,18/04/2011 18:31,Medio (4 - 8 mts),98,Grande,-68.8385304914,-32.8851931161,3,Parque O'Higgins,1531146.02653,0
9716,Morera,24/01/2011 13:31,Alto (> 8 mts),130,Grande,-68.8481111612,-32.8641059655,6,Residencial Norte,2694682.37982,0
18518,Paraiso,06/07/2011 12:36,Alto (> 8 mts),190,Grande,-68.8378210628,-32.8742290362,4,Cuarta Oeste,1173332.70145,0
10729,Paraiso sombrilla,06/04/2011 09:41,Bajo (2 - 4 mts),60,Mediano,-68.8577091634,-32.8760179095,6,Residencial Norte,2694682.37982,0
4599,Morera,29/07/2011 09:38,Medio (4 - 8 mts),47,Mediano,-68.8348863906,-32.8669539063,4,Cuarta Oeste,1173332.70145,1
3910,Morera,01/09/2011 10:36,Medio (4 - 8 mts),156,Grande,-68.8204448294,-32.8706130894,4,Cuarta Este Área Fundacional,1822015.85685,1
37011,Platano,07/04/2011 17:24,Alto (> 8 mts),188,Grande,-68.8569409777,-32.877065365,6,Residencial Norte,2694682.37982,0
24138,Fresno europeo,25/01/2011 12:33,Medio (4 - 8 mts),120,Grande,-68.846151355,-32.902495979,2,Barrio Civico,2366816.36021,0
9018,Morera,11/01/2011 11:38,Alto (> 8 mts),120,Grande,-68.8454143229,-32.8662413785,4,Cuarta Oeste,1173332.70145,1
41518,Morera,03/05/2011 14:12,Medio (4 - 8 mts),55,Mediano,-68.8386649,-32.877348995,1,Parque Central,1655357.93265,0
3028,Morera,15/09/2011 12:56,Medio (4 - 8 mts),123,Grande,-68.8284683774,-32.8730689571,4,Cuarta Este Área Fundacional,1822015.85685,0
35568,Morera,09/03/2011 10:09,Alto (> 8 mts),145,Grande,-68.8559093073,-32.8734273022,6,Residencial Norte,2694682.37982,0
47757,Morera,15/09/2011 14:23,Alto (> 8 mts),175,Grande,-68.8260723786,-32.8724745163,4,Cuarta Este Área Fundacional,1822015.85685,0
22398,Morera,16/06/2011 08:54,Alto (> 8 mts),180,Grande,-68.860685084,-32.8981620777,5,Residencial Sur,2423808.92355,1
18237,Platano,29/07/2011 10:43,Alto (> 8 mts),159,Grande,-68.8388403718,-32.8673989334,4,Cuarta Oeste,1173332.70145,0
9281,Morera,23/02/2011 09:10,Medio (4 - 8 mts),66,Grande,-68.8483518844,-32.8661562327,6,Residencial Norte,2694682.37982,0
15357,Paraiso,16/11/2011 12:34,Bajo (2 - 4 mts),20,Chico,-68.8601219065,-32.8706686745,6,Residencial Norte,2694682.37982,1
2747,Platano,13/10/2011 10:48,Alto (> 8 mts),185,Grande,-68.8353213592,-32.8846148901,3,Parque O'Higgins,1531146.02653,0
38021,Fresno europeo,07/12/2010 13:05,Medio (4 - 8 mts),40,Mediano,-68.8481148748,-32.871572764,6,Residencial Norte,2694682.37982,0
14604,Aguaribay,13/12/2011 12:54,Alto (> 8 mts),180,Grande,-68.8801298349,-32.8657517817,8,Aeroparque,2203364.73622,0
33478,Fresno europeo,16/06/2011 10:09,Alto (> 8 mts),90,Grande,-68.8558334166,-32.8890622558,5,Residencial Sur,2423808.92355,0
1090,Aguaribay,13/12/2011 18:39,Medio (4 - 8 mts),100,Grande,-68.88091613,-32.8675253237,8,Aeroparque,2203364.73622,0
6759,Fresno europeo,17/05/2011 09:13,Alto (> 8 mts),48,Mediano,-68.860435068,-32.8933374177,5,Residencial Sur,2423808.92355,0
33522,Platano,16/06/2011 11:58,Alto (> 8 mts),170,Grande,-68.8548126608,-32.8890101248,5,Residencial Sur,2423808.92355,0
24178,Fresno europeo,24/01/2011 09:08,Medio (4 - 8 mts),58,Mediano,-68.8457981102,-32.902254689,2,Barrio Civico,2366816.36021,0
26034,Ailanthus,09/11/2011 16:38,Medio (4 - 8 mts),124,Grande,-68.8314665914,-32.8862016364,3,Parque O'Higgins,1531146.02653,0
6438,Acer,10/05/2011 09:32,Alto (> 8 mts),128,Grande,-68.8609948215,-32.8859189898,5,Residencial Sur,2423808.92355,0
35847,Morera,03/03/2011 12:10,Alto (> 8 mts),149,Grande,-68.8541289586,-32.8741887031,6,Residencial Norte,2694682.37982,0
39700,Morera,19/10/2010 12:33,Alto (> 8 mts),187,Grande,-68.8457647774,-32.8701527099,6,Residencial Norte,2694682.37982,0
43494,Morera,14/11/2011 07:58,Bajo (2 - 4 mts),42,Mediano,-68.8285464197,-32.8844663898,3,Parque O'Higgins,1531146.02653,0
38580,Paraiso,17/12/2010 10:12,Alto (> 8 mts),130,Grande,-68.8519130405,-32.8714785824,6,Residencial Norte,2694682.37982,0
17358,Morera,04/08/2011 08:03,Alto (> 8 mts),122,Grande,-68.8353789764,-32.8649450672,4,Cuarta Oeste,1173332.70145,1
15599,Acacia SP,16/11/2011 15:41,Bajo (2 - 4 mts),90,Grande,-68.8613926066,-32.8708382892,7,Residencial Parque,1786336.08966,0
16405,Platano,02/08/2011 10:31,Medio (4 - 8 mts),150,Grande,-68.8357590343,-32.8666230853,4,Cuarta Oeste,1173332.70145,1
13440,Morera,02/02/2011 10:27,Alto (> 8 mts),160,Grande,-68.8525414501,-32.8648377499,6,Residencial Norte,2694682.37982,0
30999,Fresno europeo,10/02/2011 12:45,Medio (4 - 8 mts),88,Grande,-68.8550899298,-32.8646175681,6,Residencial Norte,2694682.37982,0
43536,Fresno americano,19/10/2011 17:15,Medio (4 - 8 mts),120,Grande,-68.8306488882,-32.8825645197,3,Parque O'Higgins,1531146.02653,0
16702,Morera,21/07/2011 10:23,Medio (4 - 8 mts),56,Mediano,-68.8402084723,-32.8641167198,4,Cuarta Oeste,1173332.70145,0
31368,Fresno europeo,23/05/2011 13:28,Bajo (2 - 4 mts),60,Mediano,-68.8503657422,-32.8841956675,1,Parque Central,1655357.93265,1
26876,Platano,28/10/2011 18:18,Alto (> 8 mts),250,Grande,-68.8381381641,-32.8861367031,3,Parque O'Higgins,1531146.02653,0
14345,Morera,01/12/2011 13:00,Medio (4 - 8 mts),80,Grande,-68.8776193866,-32.8665167752,8,Aeroparque,2203364.73622,0
15798,Caducifolio,22/11/2011 17:12,Muy bajo (1 - 2 mts),26,Mediano,-68.8732062686,-32.8794126758,7,Residencial Parque,1786336.08966,0
43462,Acacia SP,03/10/2011 09:52,Alto (> 8 mts),200,Grande,-68.8322716336,-32.879491574,4,Cuarta Este Área Fundacional,1822015.85685,0
22276,Fresno europeo,14/06/2011 09:07,Medio (4 - 8 mts),70,Grande,-68.8565349877,-32.8981572579,5,Residencial Sur,2423808.92355,0
5075,Morera,10/08/2011 11:19,Medio (4 - 8 mts),40,Mediano,-68.8392047683,-32.8634834122,4,Cuarta Oeste,1173332.70145,0
28543,Morera,21/02/2011 09:56,Alto (> 8 mts),145,Grande,-68.8491349581,-32.8889315892,5,Residencial Sur,2423808.92355,1
32340,Paraiso,06/05/2011 10:37,Alto (> 8 mts),140,Grande,-68.8527723419,-32.8926319832,5,Residencial Sur,2423808.92355,0
15806,Paraiso sombrilla,21/11/2011 17:11,Bajo (2 - 4 mts),104,Grande,-68.8734656705,-32.8785403245,7,Residencial Parque,1786336.08966,0
27458,Fresno europeo,25/10/2011 10:40,Alto (> 8 mts),135,Grande,-68.8356549913,-32.8920820624,3,Parque O'Higgins,1531146.02653,0
15472,Paraiso,21/11/2011 13:19,Medio (4 - 8 mts),150,Grande,-68.8600554515,-32.8710685649,7,Residencial Parque,1786336.08966,1
11003,Ailanthus,29/03/2011 10:05,Bajo (2 - 4 mts),15,Chico,-68.8519898473,-32.8813088652,1,Parque Central,1655357.93265,0
33665,Morera,13/05/2011 11:33,Muy bajo (1 - 2 mts),2,Chico,-68.8565088061,-32.8873729966,5,Residencial Sur,2423808.92355,0
2442,Fresno europeo,27/10/2011 09:47,Muy bajo (1 - 2 mts),6,Chico,-68.8375649367,-32.8908561145,3,Parque O'Higgins,1531146.02653,0
48239,Fresno europeo,02/09/2011 11:02,Alto (> 8 mts),160,Grande,-68.8291725816,-32.8700196886,4,Cuarta Este Área Fundacional,1822015.85685,0
15190,Paraiso,17/11/2011 13:29,Bajo (2 - 4 mts),60,Mediano,-68.8600899627,-32.8687970145,6,Residencial Norte,2694682.37982,0
32471,Platano,30/05/2011 09:17,Alto (> 8 mts),260,Grande,-68.8537641773,-32.8881505177,5,Residencial Sur,2423808.92355,0
6129,Platano,28/04/2011 12:10,Bajo (2 - 4 mts),5,Chico,-68.8377492976,-32.8838477857,3,Parque O'Higgins,1531146.02653,0
46164,Paraiso,27/09/2011 10:56,Medio (4 - 8 mts),100,Grande,-68.8232907527,-32.8747675016,4,Cuarta Este Área Fundacional,1822015.85685,0
35500,Morera,06/04/2011 11:44,Alto (> 8 mts),140,Grande,-68.855800457,-32.8808848113,6,Residencial Norte,2694682.37982,0
4453,Morera,02/08/2011 09:54,Alto (> 8 mts),110,Grande,-68.8387289024,-32.8679782738,4,Cuarta Oeste,1173332.70145,0
15544,Fresno americano,18/11/2011 17:08,Muy bajo (1 - 2 mts),10,Chico,-68.8608815338,-32.8712256958,7,Residencial Parque,1786336.08966,0
2071,Morera,11/10/2011 16:03,Medio (4 - 8 mts),75,Grande,-68.8282547138,-32.8810150139,3,Parque O'Higgins,1531146.02653,0
13988,Paraiso,29/11/2011 18:23,Medio (4 - 8 mts),130,Grande,-68.8781783241,-32.8644179343,8,Aeroparque,2203364.73622,0
26790,Morera,01/11/2011 09:52,Medio (4 - 8 mts),36,Mediano,-68.8343197223,-32.8939601457,3,Parque O'Higgins,1531146.02653,0
2043,Morera,14/11/2011 18:13,Alto (> 8 mts),180,Grande,-68.8278272369,-32.8814107642,3,Parque O'Higgins,1531146.02653,0
14814,Morera,07/12/2011 10:35,Bajo (2 - 4 mts),20,Chico,-68.8777168581,-32.8687859127,8,Aeroparque,2203364.73622,0
9196,Caducifolio,02/03/2011 12:56,Bajo (2 - 4 mts),37,Mediano,-68.850465093,-32.8653492336,6,Residencial Norte,2694682.37982,0
35215,Morera,23/03/2011 09:41,Alto (> 8 mts),150,Grande,-68.8528242985,-32.88144269,1,Parque Central,1655357.93265,1
4890,Morera,21/07/2011 09:46,Medio (4 - 8 mts),40,Mediano,-68.8428465283,-32.8647193813,4,Cuarta Oeste,1173332.70145,0
193,Tilo,24/02/2012 11:08,Bajo (2 - 4 mts),14,Chico,-68.8581957622,-32.8646641135,6,Residencial Norte,2694682.37982,0
1198,Fresno europeo,30/11/2011 11:58,Bajo (2 - 4 mts),18,Chico,-68.8755182868,-32.8656277638,8,Aeroparque,2203364.73622,1
26153,Fresno europeo,10/11/2011 16:52,Medio (4 - 8 mts),150,Grande,-68.8312647872,-32.8876737078,3,Parque O'Higgins,1531146.02653,0
32518,Fresno europeo,23/06/2011 13:56,Alto (> 8 mts),105,Grande,-68.8512076559,-32.8898722826,5,Residencial Sur,2423808.92355,0
24937,Morera,09/02/2011 10:46,Alto (> 8 mts),100,Grande,-68.8370593043,-32.8975854757,2,Barrio Civico,2366816.36021,0
12116,Paraiso,20/01/2011 09:54,Alto (> 8 mts),110,Grande,-68.847526321,-32.8683673699,6,Residencial Norte,2694682.37982,0
3825,Morera,02/09/2011 13:42,Alto (> 8 mts),86,Grande,-68.8292178004,-32.8707675009,4,Cuarta Este Área Fundacional,1822015.85685,0
2759,Morera,12/10/2011 17:09,Bajo (2 - 4 mts),60,Mediano,-68.83523783,-32.8811509748,1,Parque Central,1655357.93265,0
46769,Morera,05/09/2011 10:39,Bajo (2 - 4 mts),66,Grande,-68.8339132171,-32.8702094771,4,Cuarta Oeste,1173332.70145,0
26035,Fresno americano,09/11/2011 16:36,Bajo (2 - 4 mts),140,Grande,-68.8314164292,-32.8862029529,3,Parque O'Higgins,1531146.02653,0
16423,Olmo comun,02/08/2011 09:46,Alto (> 8 mts),170,Grande,-68.8345102831,-32.8662738182,4,Cuarta Oeste,1173332.70145,0
44875,Morera,23/08/2011 10:38,Medio (4 - 8 mts),280,Grande,-68.824738486,-32.8678351519,4,Cuarta Este Área Fundacional,1822015.85685,0
38968,Morera,28/12/2010 12:02,Alto (> 8 mts),90,Grande,-68.8556912151,-32.870660292,6,Residencial Norte,2694682.37982,0
47220,Morera,19/09/2011 10:32,Alto (> 8 mts),162,Grande,-68.8323770518,-32.8752170884,4,Cuarta Este Área Fundacional,1822015.85685,1
29168,Platano,10/03/2011 09:28,Alto (> 8 mts),176,Grande,-68.8458484675,-32.889253793499996,2,Barrio Civico,2366816.36021,0
4897,Morera,21/07/2011 10:36,Alto (> 8 mts),220,Grande,-68.8430379551,-32.8637711924,4,Cuarta Oeste,1173332.70145,0
12990,Morera,15/02/2011 12:15,Medio (4 - 8 mts),110,Grande,-68.8446028499,-32.8646031429,4,Cuarta Oeste,1173332.70145,1
44703,Fresno europeo,24/08/2011 12:00,Alto (> 8 mts),140,Grande,-68.8228782891,-32.8685561273,4,Cuarta Este Área Fundacional,1822015.85685,0
12514,Acacia SP,10/01/2011 11:06,Alto (> 8 mts),90,Grande,-68.8445760074,-32.8633102841,4,Cuarta Oeste,1173332.70145,0
38960,Morera,27/12/2010 13:17,Alto (> 8 mts),140,Grande,-68.8551082496,-32.8705250853,6,Residencial Norte,2694682.37982,0
13728,Acer,28/01/2011 08:45,Bajo (2 - 4 mts),50,Mediano,-68.849806105,-32.8634736249,6,Residencial Norte,2694682.37982,0
40962,Morera,18/04/2011 14:28,Alto (> 8 mts),170,Grande,-68.8417592838,-32.8846856039,1,Parque Central,1655357.93265,1
39287,Morera,30/12/2010 08:54,Alto (> 8 mts),75,Grande,-68.8554075566,-32.8720259413,6,Residencial Norte,2694682.37982,0
26606,Ligustro,03/11/2011 11:30,Muy bajo (1 - 2 mts),8,Chico,-68.8328974345,-32.8906944023,3,Parque O'Higgins,1531146.02653,0
7358,Morera,23/06/2011 09:21,Bajo (2 - 4 mts),30,Mediano,-68.861701419,-32.9015336976,5,Residencial Sur,2423808.92355,0
26312,Platano,21/10/2011 08:44,Alto (> 8 mts),143,Grande,-68.8315419052,-32.8894788413,3,Parque O'Higgins,1531146.02653,0
34262,Fresno europeo,04/03/2011 10:32,Bajo (2 - 4 mts),64,Grande,-68.8527655223,-32.8743063999,6,Residencial Norte,2694682.37982,0
6708,Fresno americano,12/05/2011 10:47,Medio (4 - 8 mts),33,Mediano,-68.8539852641,-32.893691797,5,Residencial Sur,2423808.92355,0
3719,Morera,23/08/2011 11:57,Medio (4 - 8 mts),67,Grande,-68.8216389922,-32.8698943155,4,Cuarta Este Área Fundacional,1822015.85685,1
13149,Olmo comun,18/02/2011 13:07,Bajo (2 - 4 mts),34,Mediano,-68.84673387,-32.8644994086,4,Cuarta Oeste,1173332.70145,0
13893,Paraiso,19/12/2011 12:16,Bajo (2 - 4 mts),60,Mediano,-68.8756098221,-32.8665965625,8,Aeroparque,2203364.73622,0
19564,Morera,26/07/2011 09:27,Alto (> 8 mts),163,Grande,-68.838362683,-32.8717680228,4,Cuarta Oeste,1173332.70145,0
2797,Paraiso,11/11/2011 09:08,Medio (4 - 8 mts),85,Grande,-68.828839042,-32.8851628085,3,Parque O'Higgins,1531146.02653,0
6769,Morera,23/05/2011 10:16,Alto (> 8 mts),124,Grande,-68.8573103524,-32.8949490194,5,Residencial Sur,2423808.92355,0
29152,Paraiso,10/03/2011 12:47,Medio (4 - 8 mts),112,Grande,-68.8468525237,-32.8887010846,2,Barrio Civico,2366816.36021,0
1379,Acer,23/11/2011 11:28,Medio (4 - 8 mts),45,Mediano,-68.8705975376,-32.8785055081,7,Residencial Parque,1786336.08966,0
30849,Acacia SP,15/02/2011 10:11,Medio (4 - 8 mts),35,Mediano,-68.8556496581,-32.8657247522,6,Residencial Norte,2694682.37982,0
47155,Fresno europeo,20/09/2011 10:13,Alto (> 8 mts),128,Grande,-68.8322841171,-32.8728985896,4,Cuarta Este Área Fundacional,1822015.85685,0
29489,Platano,18/02/2011 10:47,Alto (> 8 mts),136,Grande,-68.8439268352,-32.892154128,2,Barrio Civico,2366816.36021,0
10047,Fresno europeo,26/10/2010 12:10,Alto (> 8 mts),150,Grande,-68.8480488898,-32.8707266592,6,Residencial Norte,2694682.37982,0
36652,Liquidambar,06/06/2011 09:59,Bajo (2 - 4 mts),40,Mediano,-68.8603440248,-32.8826278928,7,Residencial Parque,1786336.08966,0
1720,Fresno americano,23/11/2011 07:58,Medio (4 - 8 mts),25,Mediano,-68.8724302051,-32.879389531,7,Residencial Parque,1786336.08966,0
18359,Paraiso sombrilla,01/08/2011 10:42,Alto (> 8 mts),115,Grande,-68.8362551861,-32.8679724851,4,Cuarta Oeste,1173332.70145,0
13328,Paraiso,22/02/2011 13:30,Medio (4 - 8 mts),100,Grande,-68.8477941178,-32.8661725992,6,Residencial Norte,2694682.37982,0
16829,Morera,08/08/2011 13:59,Alto (> 8 mts),75,Grande,-68.8383622891,-32.8645055937,4,Cuarta Oeste,1173332.70145,0
39403,Morera,12/11/2010 13:40,Alto (> 8 mts),147,Grande,-68.8558510095,-32.8691740326,6,Residencial Norte,2694682.37982,0
6777,Caducifolio,23/05/2011 08:56,Muy bajo (1 - 2 mts),15,Chico,-68.8561982758,-32.895014898,5,Residencial Sur,2423808.92355,0
36047,Morera,18/03/2011 13:30,Alto (> 8 mts),106,Grande,-68.8573045043,-32.8750170553,6,Residencial Norte,2694682.37982,0
32437,Platano,26/05/2011 13:20,Alto (> 8 mts),160,Grande,-68.8523592401,-32.8893381328,5,Residencial Sur,2423808.92355,0
9648,Fresno europeo,26/01/2011 09:07,Bajo (2 - 4 mts),26,Mediano,-68.849434216,-32.8630954973,6,Residencial Norte,2694682.37982,0
45013,Fresno europeo,31/08/2011 12:46,Bajo (2 - 4 mts),40,Mediano,-68.8253729427,-32.869523019,4,Cuarta Este Área Fundacional,1822015.85685,0
45955,Morera,24/08/2011 12:45,Alto (> 8 mts),170,Grande,-68.8190646806,-32.8700214372,4,Cuarta Este Área Fundacional,1822015.85685,0
31011,Fresno europeo,10/02/2011 10:25,Medio (4 - 8 mts),92,Grande,-68.8553966714,-32.864117647,6,Residencial Norte,2694682.37982,0
47591,Morera,15/09/2011 10:28,Bajo (2 - 4 mts),100,Grande,-68.8303679263,-32.8718573446,4,Cuarta Este Área Fundacional,1822015.85685,0
10838,Prunas,18/03/2011 09:10,Bajo (2 - 4 mts),38,Mediano,-68.8545214913,-32.8779918813,6,Residencial Norte,2694682.37982,0
5743,Morera,04/05/2011 09:54,Bajo (2 - 4 mts),33,Mediano,-68.8391763749,-32.8784971764,1,Parque Central,1655357.93265,0
40508,Platano,12/04/2011 10:45,Alto (> 8 mts),122,Grande,-68.8442772547,-32.8839005951,1,Parque Central,1655357.93265,0
31929,Morera,03/06/2011 09:47,Medio (4 - 8 mts),130,Grande,-68.8588753815,-32.8845903114,5,Residencial Sur,2423808.92355,0
40814,Fresno americano,26/04/2011 17:02,Alto (> 8 mts),138,Grande,-68.8396152238,-32.8848627603,1,Parque Central,1655357.93265,0
4712,Morera,15/08/2011 11:51,Medio (4 - 8 mts),68,Grande,-68.8382336947,-32.8651259686,4,Cuarta Oeste,1173332.70145,0
44505,Fresno americano,18/10/2011 10:21,Medio (4 - 8 mts),182,Grande,-68.8362783477,-32.8859049522,3,Parque O'Higgins,1531146.02653,0
2938,Morera,21/09/2011 09:44,Alto (> 8 mts),100,Grande,-68.8277380874,-32.8734487235,4,Cuarta Este Área Fundacional,1822015.85685,1
22636,Fresno europeo,22/06/2011 09:26,Alto (> 8 mts),160,Grande,-68.8610509415,-32.9015427346,5,Residencial Sur,2423808.92355,1
9057,Fresno europeo,15/02/2011 12:28,Medio (4 - 8 mts),40,Mediano,-68.8552501566,-32.8661345087,6,Residencial Norte,2694682.37982,0
4776,Morera,03/08/2011 10:23,Medio (4 - 8 mts),50,Mediano,-68.8383460388,-32.8663863993,4,Cuarta Oeste,1173332.70145,0
5517,Morera,27/04/2011 13:14,Bajo (2 - 4 mts),11,Chico,-68.8382730153,-32.8764458984,1,Parque Central,1655357.93265,0
38019,Paraiso,07/12/2010 12:59,Alto (> 8 mts),150,Grande,-68.848086251,-32.8714384101,6,Residencial Norte,2694682.37982,0
42275,Olmo bola,03/05/2011 13:08,Alto (> 8 mts),115,Grande,-68.8383995308,-32.876370766,1,Parque Central,1655357.93265,0
32398,Acacia SP,23/05/2011 14:03,Alto (> 8 mts),123,Grande,-68.850183268,-32.8893339796,5,Residencial Sur,2423808.92355,0
25454,Morera,08/02/2011 13:48,Alto (> 8 mts),200,Grande,-68.8409169486,-32.9013774513,2,Barrio Civico,2366816.36021,1
24876,Morera,16/02/2011 13:39,Alto (> 8 mts),150,Grande,-68.8389768354,-32.8964838398,2,Barrio Civico,2366816.36021,0
4217,Fresno europeo,07/07/2011 10:31,Medio (4 - 8 mts),85,Grande,-68.8382001495,-32.8732383709,4,Cuarta Oeste,1173332.70145,0
2205,Morera,28/10/2011 11:32,Medio (4 - 8 mts),77,Grande,-68.8391569718,-32.8928981151,2,Barrio Civico,2366816.36021,1
9654,Morera,25/01/2011 10:46,Alto (> 8 mts),140,Grande,-68.8491239367,-32.8638056694,6,Residencial Norte,2694682.37982,0
4354,Fresno americano,10/08/2011 12:04,Alto (> 8 mts),190,Grande,-68.8339396534,-32.8694403859,4,Cuarta Oeste,1173332.70145,0
15722,Paraiso,15/11/2011 11:44,Bajo (2 - 4 mts),90,Grande,-68.8609940858,-32.869395893,7,Residencial Parque,1786336.08966,0
9029,Fresno europeo,11/01/2011 09:47,Muy bajo (1 - 2 mts),35,Mediano,-68.8452743985,-32.866326854,4,Cuarta Oeste,1173332.70145,0
34285,Fresno europeo,04/03/2011 12:37,Medio (4 - 8 mts),104,Grande,-68.8520019018,-32.8739456326,6,Residencial Norte,2694682.37982,0
2749,Morera,13/10/2011 10:43,Medio (4 - 8 mts),35,Mediano,-68.8353160802,-32.8843888741,3,Parque O'Higgins,1531146.02653,0
47928,Morera,31/08/2011 11:46,Medio (4 - 8 mts),168,Grande,-68.8275417743,-32.8707236578,4,Cuarta Este Área Fundacional,1822015.85685,0
6702,Fresno europeo,11/05/2011 11:13,Medio (4 - 8 mts),45,Mediano,-68.8537325936,-32.8948662176,5,Residencial Sur,2423808.92355,0
19658,Morera,13/07/2011 09:46,Alto (> 8 mts),108,Grande,-68.8353726269,-32.8702897634,4,Cuarta Oeste,1173332.70145,0
6610,Fresno europeo,10/05/2011 10:16,Alto (> 8 mts),120,Grande,-68.8555011866,-32.8933029272,5,Residencial Sur,2423808.92355,0
9592,Morera,28/01/2011 12:28,Bajo (2 - 4 mts),34,Mediano,-68.8510143003,-32.8646995168,6,Residencial Norte,2694682.37982,0
22226,Fresno europeo,18/05/2011 09:04,Alto (> 8 mts),88,Grande,-68.8556765098,-32.8985241065,5,Residencial Sur,2423808.92355,0
36914,Morera,07/04/2011 16:33,Alto (> 8 mts),120,Grande,-68.8585879664,-32.8789700951,7,Residencial Parque,1786336.08966,1
47518,Morera,29/08/2011 13:44,Medio (4 - 8 mts),96,Grande,-68.8262308715,-32.8711205728,4,Cuarta Este Área Fundacional,1822015.85685,0
10991,Olmo comun,22/03/2011 13:11,Medio (4 - 8 mts),42,Mediano,-68.8538647915,-32.8815834524,6,Residencial Norte,2694682.37982,0
34949,Morera,04/04/2011 12:07,Alto (> 8 mts),150,Grande,-68.857233815,-32.8795863971,7,Residencial Parque,1786336.08966,0
31923,Fresno americano,03/06/2011 15:41,Bajo (2 - 4 mts),100,Grande,-68.8588082715,-32.8838550387,5,Residencial Sur,2423808.92355,0
3054,Morera,15/09/2011 14:21,Alto (> 8 mts),95,Grande,-68.8260562045,-32.8723229272,4,Cuarta Este Área Fundacional,1822015.85685,0
447,Morera,05/03/2012 18:32,Medio (4 - 8 mts),100,Grande,-68.8184258278,-32.8679005639,4,Cuarta Este Área Fundacional,1822015.85685,0
37298,Platano,17/03/2011 09:51,Alto (> 8 mts),198,Grande,-68.8577637779,-32.875679061,6,Residencial Norte,2694682.37982,0
40554,Morera,18/04/2011 09:29,Alto (> 8 mts),200,Grande,-68.8470367224,-32.8843439362,1,Parque Central,1655357.93265,0
11342,Liquidambar,19/01/2011 16:02,Medio (4 - 8 mts),64,Grande,-68.8485746561,-32.9023171566,2,Barrio Civico,2366816.36021,0
15281,Paraiso,18/11/2011 12:17,Bajo (2 - 4 mts),28,Mediano,-68.8600432567,-32.8708461239,6,Residencial Norte,2694682.37982,0
31364,Paraiso,28/02/2011 12:25,Alto (> 8 mts),240,Grande,-68.8494970917,-32.865538546,6,Residencial Norte,2694682.37982,0
48123,Fresno americano,17/08/2011 11:22,Medio (4 - 8 mts),53,Mediano,-68.8296238308,-32.8668701869,4,Cuarta Este Área Fundacional,1822015.85685,0
9525,Fresno europeo,04/02/2011 09:36,Muy bajo (1 - 2 mts),5,Chico,-68.8534441505,-32.8634237493,6,Residencial Norte,2694682.37982,0
19591,Olmo bola,11/07/2011 10:11,Alto (> 8 mts),150,Grande,-68.8359242284,-32.8718311227,4,Cuarta Oeste,1173332.70145,0
29540,Morera,28/02/2011 18:28,Alto (> 8 mts),198,Grande,-68.8433261925,-32.8932293207,2,Barrio Civico,2366816.36021,0
41586,Braquiquito,05/05/2011 12:01,Medio (4 - 8 mts),45,Mediano,-68.8410666963,-32.8771933718,1,Parque Central,1655357.93265,0
25234,Fresno europeo,09/02/2011 09:17,Alto (> 8 mts),110,Grande,-68.8384507055,-32.8974609543,2,Barrio Civico,2366816.36021,0
4382,Morera,04/08/2011 11:51,Medio (4 - 8 mts),190,Grande,-68.8366464933,-32.8695910784,4,Cuarta Oeste,1173332.70145,0
21627,Platano,10/06/2011 10:56,Alto (> 8 mts),270,Grande,-68.8536389856,-32.8960728104,5,Residencial Sur,2423808.92355,0
38360,Fresno europeo,05/11/2010 10:45,Bajo (2 - 4 mts),25,Mediano,-68.8523734278,-32.8697756923,6,Residencial Norte,2694682.37982,0
13640,Morera,25/02/2011 09:12,Alto (> 8 mts),200,Grande,-68.8521960255,-32.866417179,6,Residencial Norte,2694682.37982,1
9020,Morera,10/01/2011 09:44,Alto (> 8 mts),145,Grande,-68.8448688086,-32.8684065301,4,Cuarta Oeste,1173332.70145,0
22408,Morera,15/06/2011 11:08,Bajo (2 - 4 mts),25,Mediano,-68.861004389,-32.8988850479,5,Residencial Sur,2423808.92355,0
45437,Morera,09/09/2011 09:13,Alto (> 8 mts),260,Grande,-68.8253260517,-32.8732752624,4,Cuarta Este Área Fundacional,1822015.85685,0
7553,Platano,17/06/2011 09:55,Medio (4 - 8 mts),160,Grande,-68.8559218257,-32.8827366244,5,Residencial Sur,2423808.92355,0
47762,Morera,15/09/2011 14:14,Alto (> 8 mts),180,Grande,-68.8263405525,-32.8721760603,4,Cuarta Este Área Fundacional,1822015.85685,1
37654,Fresno europeo,29/02/2012 08:12,Bajo (2 - 4 mts),50,Mediano,-68.8527747677,-32.8725095265,6,Residencial Norte,2694682.37982,0
21526,Morera,11/05/2011 11:15,Alto (> 8 mts),145,Grande,-68.853865068,-32.8948712372,5,Residencial Sur,2423808.92355,1
439,Morera,06/03/2012 11:07,Medio (4 - 8 mts),120,Grande,-68.8178122349,-32.8679937996,4,Cuarta Este Área Fundacional,1822015.85685,0
29398,Platano,02/03/2011 11:11,Alto (> 8 mts),116,Grande,-68.8454642653,-32.8917229451,2,Barrio Civico,2366816.36021,0
10980,Fresno europeo,06/04/2011 11:16,Bajo (2 - 4 mts),40,Mediano,-68.855608107,-32.8815713341,7,Residencial Parque,1786336.08966,0
23248,Morera,27/01/2012 13:01,Medio (4 - 8 mts),120,Grande,-68.8526317156,-32.9016308932,2,Barrio Civico,2366816.36021,0
20526,Paraiso sombrilla,03/06/2011 09:49,Muy bajo (1 - 2 mts),18,Chico,-68.8594270308,-32.8979654312,5,Residencial Sur,2423808.92355,0
8280,Morera,21/02/2011 18:16,Muy bajo (1 - 2 mts),8,Chico,-68.8499432307,-32.8920079151,5,Residencial Sur,2423808.92355,0
25146,Morera,09/02/2011 15:17,Medio (4 - 8 mts),68,Grande,-68.83538312,-32.8981107393,2,Barrio Civico,2366816.36021,1
28818,Morera,28/04/2011 13:17,Alto (> 8 mts),180,Grande,-68.8473959212,-32.885118623,1,Parque Central,1655357.93265,1
17393,Morera,22/07/2011 10:15,Alto (> 8 mts),155,Grande,-68.8399083765,-32.8659933686,4,Cuarta Oeste,1173332.70145,0
18299,Morera,04/08/2011 10:37,Alto (> 8 mts),130,Grande,-68.8396047528,-32.8696124082,4,Cuarta Oeste,1173332.70145,0
34375,Fresno europeo,28/03/2011 10:28,Bajo (2 - 4 mts),18,Chico,-68.8513992597,-32.8750740328,6,Residencial Norte,2694682.37982,0
34723,Fresno europeo,31/03/2011 13:08,Alto (> 8 mts),150,Grande,-68.8510096737,-32.8776460237,6,Residencial Norte,2694682.37982,0
12038,Fresno europeo,03/05/2010 12:58,Medio (4 - 8 mts),93,Grande,-68.8537196741,-32.8666642814,6,Residencial Norte,2694682.37982,0
43158,Fresno europeo,05/10/2011 10:41,Alto (> 8 mts),150,Grande,-68.8305209304,-32.8790490076,4,Cuarta Este Área Fundacional,1822015.85685,0
27266,Fresno europeo,26/10/2011 09:00,Bajo (2 - 4 mts),20,Chico,-68.8369197028,-32.8890809678,3,Parque O'Higgins,1531146.02653,0
4303,Caducifolio,12/07/2011 10:38,Medio (4 - 8 mts),40,Mediano,-68.8407666674,-32.8718490006,4,Cuarta Oeste,1173332.70145,0
42993,Morera,05/10/2011 12:20,Medio (4 - 8 mts),106,Grande,-68.8336008146,-32.8778041177,4,Cuarta Este Área Fundacional,1822015.85685,0
25441,Olmo comun,11/02/2011 09:09,Alto (> 8 mts),145,Grande,-68.8375104313,-32.8998802727,2,Barrio Civico,2366816.36021,0
22130,Ailanthus,13/06/2011 10:45,Alto (> 8 mts),300,Grande,-68.8551031708,-32.8982070402,5,Residencial Sur,2423808.92355,0
27405,Fresno europeo,19/10/2011 12:20,Medio (4 - 8 mts),125,Grande,-68.8343611707,-32.8886392155,3,Parque O'Higgins,1531146.02653,0
2463,Morera,26/10/2011 09:44,Medio (4 - 8 mts),78,Grande,-68.8370775832,-32.8916825288,3,Parque O'Higgins,1531146.02653,0
13735,Morera,28/01/2011 09:07,Alto (> 8 mts),200,Grande,-68.849832368,-32.8631481497,6,Residencial Norte,2694682.37982,1
26272,Fresno europeo,21/10/2011 13:40,Alto (> 8 mts),175,Grande,-68.8308378337,-32.8888955038,3,Parque O'Higgins,1531146.02653,0
30648,Fresno europeo,01/02/2011 13:05,Muy bajo (1 - 2 mts),12,Chico,-68.8546815582,-32.866791711,6,Residencial Norte,2694682.37982,0
2550,Acacia SP,18/10/2011 12:46,Alto (> 8 mts),175,Grande,-68.8325366292,-32.8853316083,3,Parque O'Higgins,1531146.02653,0
47450,Fresno americano,20/09/2011 13:50,Alto (> 8 mts),153,Grande,-68.8294103474,-32.8741903471,4,Cuarta Este Área Fundacional,1822015.85685,0
4624,Fresno europeo,05/08/2011 08:35,Alto (> 8 mts),122,Grande,-68.8325518947,-32.8638529639,4,Cuarta Oeste,1173332.70145,0
27406,Fresno europeo,19/10/2011 12:19,Alto (> 8 mts),120,Grande,-68.8344429589,-32.8886370623,3,Parque O'Higgins,1531146.02653,0
10527,Prunas,17/03/2011 09:36,Medio (4 - 8 mts),39,Mediano,-68.8575333024,-32.8752959954,6,Residencial Norte,2694682.37982,0
37503,Paraiso,15/11/2010 10:10,Alto (> 8 mts),210,Grande,-68.8562529656,-32.8692436551,6,Residencial Norte,2694682.37982,0
22133,Fresno europeo,13/06/2011 09:34,Alto (> 8 mts),62,Grande,-68.8555016306,-32.898103687,5,Residencial Sur,2423808.92355,0
16847,Acer,05/08/2011 14:02,Medio (4 - 8 mts),50,Mediano,-68.8398252843,-32.8641048522,4,Cuarta Oeste,1173332.70145,0
14383,Paraiso sombrilla,01/12/2011 12:28,Bajo (2 - 4 mts),22,Mediano,-68.8785615902,-32.8669645032,8,Aeroparque,2203364.73622,0
12968,Morera,15/02/2011 11:59,Medio (4 - 8 mts),74,Grande,-68.8445243133,-32.8649594845,4,Cuarta Oeste,1173332.70145,0
44552,Fresno europeo,17/10/2011 11:34,Alto (> 8 mts),150,Grande,-68.8366898161,-32.885642004,3,Parque O'Higgins,1531146.02653,0
8987,Olmo bola,17/01/2011 12:19,Alto (> 8 mts),54,Mediano,-68.845999947,-32.8683834917,6,Residencial Norte,2694682.37982,0
33627,Morera,16/05/2011 12:21,Alto (> 8 mts),145,Grande,-68.8549981259,-32.8876558291,5,Residencial Sur,2423808.92355,0
29433,Morera,09/03/2011 18:26,Alto (> 8 mts),184,Grande,-68.8464474268,-32.8926677228,2,Barrio Civico,2366816.36021,0
43526,Morera,19/10/2011 17:37,Medio (4 - 8 mts),160,Grande,-68.8310003725,-32.8820530142,3,Parque O'Higgins,1531146.02653,1
11485,Paraiso,18/02/2011 14:10,Alto (> 8 mts),210,Grande,-68.8538566942,-32.8656193038,6,Residencial Norte,2694682.37982,0
36028,Morera,18/03/2011 13:18,Alto (> 8 mts),160,Grande,-68.8560713848,-32.8750258479,6,Residencial Norte,2694682.37982,0
1437,Acacia SP,22/11/2011 13:13,Medio (4 - 8 mts),50,Mediano,-68.8708626076,-32.8782191066,7,Residencial Parque,1786336.08966,0
6525,Paraiso,09/06/2011 09:07,Alto (> 8 mts),114,Grande,-68.8529335038,-32.8918859268,5,Residencial Sur,2423808.92355,0
32031,Platano,09/06/2011 14:02,Alto (> 8 mts),180,Grande,-68.8592552493,-32.8880646894,5,Residencial Sur,2423808.92355,0
14520,Morera,30/11/2011 16:27,Bajo (2 - 4 mts),62,Grande,-68.8786770601,-32.865663411,8,Aeroparque,2203364.73622,0
46689,Acer,05/09/2011 12:53,Medio (4 - 8 mts),56,Mediano,-68.8326914567,-32.8702920672,4,Cuarta Este Área Fundacional,1822015.85685,0
11465,Paraiso,06/01/2011 13:22,Alto (> 8 mts),73,Grande,-68.8434610151,-32.8628350052,4,Cuarta Oeste,1173332.70145,0
46398,Morera,19/08/2011 12:25,Alto (> 8 mts),140,Grande,-68.8330929056,-32.8671463212,4,Cuarta Oeste,1173332.70145,0
8545,Morera,17/02/2011 09:51,Alto (> 8 mts),135,Grande,-68.8395727978,-32.8985641437,2,Barrio Civico,2366816.36021,0
11696,Morera,31/01/2011 09:35,Alto (> 8 mts),163,Grande,-68.8508985054,-32.8680842105,6,Residencial Norte,2694682.37982,0
13909,Morera,19/12/2011 11:59,Muy bajo (1 - 2 mts),15,Chico,-68.8758317752,-32.867457472,8,Aeroparque,2203364.73622,0
24323,Tilo,26/01/2011 13:33,Alto (> 8 mts),78,Grande,-68.8440477096,-32.9020531165,2,Barrio Civico,2366816.36021,0
12372,Paraiso sombrilla,20/01/2011 14:08,Medio (4 - 8 mts),55,Mediano,-68.8477888145,-32.8674976505,6,Residencial Norte,2694682.37982,0
13717,Paraiso,28/01/2011 13:40,Alto (> 8 mts),124,Grande,-68.851253068,-32.8636259403,6,Residencial Norte,2694682.37982,0
21900,Morera,03/06/2011 09:44,Alto (> 8 mts),170,Grande,-68.8578206366,-32.8968725719,5,Residencial Sur,2423808.92355,0
38712,Paraiso,15/12/2010 11:52,Alto (> 8 mts),180,Grande,-68.8506136419,-32.8704520814,6,Residencial Norte,2694682.37982,1
44965,Fresno americano,29/08/2011 11:49,Medio (4 - 8 mts),80,Grande,-68.8252732306,-32.8694250685,4,Cuarta Este Área Fundacional,1822015.85685,0
40,Fresno europeo,01/03/2012 12:46,Medio (4 - 8 mts),140,Grande,-68.8555275959,-32.8965286068,5,Residencial Sur,2423808.92355,0
45321,Morera,16/09/2011 13:28,Medio (4 - 8 mts),100,Grande,-68.8236066872,-32.872248706,4,Cuarta Este Área Fundacional,1822015.85685,0
10276,Fresno europeo,08/06/2011 11:11,Alto (> 8 mts),120,Grande,-68.8480040686,-32.8720122955,6,Residencial Norte,2694682.37982,0
31486,Ailanthus,19/05/2011 11:02,Alto (> 8 mts),78,Grande,-68.8588825745,-32.8911094388,5,Residencial Sur,2423808.92355,0
45461,Morera,16/09/2011 11:28,Alto (> 8 mts),150,Grande,-68.8229044397,-32.8712911069,4,Cuarta Este Área Fundacional,1822015.85685,0
16081,Morera,21/07/2011 10:30,Alto (> 8 mts),180,Grande,-68.8445074337,-32.8725432553,6,Residencial Norte,2694682.37982,0
42780,Fresno europeo,30/09/2011 13:01,Muy bajo (1 - 2 mts),8,Chico,-68.8295187498,-32.8784056403,4,Cuarta Este Área Fundacional,1822015.85685,0
48290,Fresno americano,17/08/2011 09:58,Alto (> 8 mts),180,Grande,-68.8289414717,-32.8679585505,4,Cuarta Este Área Fundacional,1822015.85685,1
28593,Morera,22/02/2011 09:17,Alto (> 8 mts),220,Grande,-68.849601153,-32.8899906781,5,Residencial Sur,2423808.92355,1
14965,Acacia SP,21/12/2011 17:31,Bajo (2 - 4 mts),60,Mediano,-68.8808028222,-32.8720508528,8,Aeroparque,2203364.73622,0
32226,Morera,09/05/2011 13:10,Alto (> 8 mts),170,Grande,-68.8607183698,-32.8854969553,5,Residencial Sur,2423808.92355,0
44000,Fresno americano,17/10/2011 09:17,Alto (> 8 mts),150,Grande,-68.8326714831,-32.8857016142,3,Parque O'Higgins,1531146.02653,0
9228,Morera,28/02/2011 11:28,Medio (4 - 8 mts),40,Mediano,-68.8491075943,-32.8652649894,6,Residencial Norte,2694682.37982,0
37238,Olmo bola,11/03/2011 13:55,Alto (> 8 mts),48,Mediano,-68.8572916716,-32.8726223215,6,Residencial Norte,2694682.37982,0
16529,Caducifolio,19/07/2011 11:19,Alto (> 8 mts),130,Grande,-68.8416978891,-32.8647038017,4,Cuarta Oeste,1173332.70145,0
29061,Platano,18/04/2011 10:04,Alto (> 8 mts),145,Grande,-68.8449664177,-32.8865470163,1,Parque Central,1655357.93265,0
16637,Fresno europeo,20/07/2011 09:23,Muy bajo (1 - 2 mts),20,Chico,-68.8414955757,-32.864226135,4,Cuarta Oeste,1173332.70145,0
9195,Fresno europeo,02/03/2011 12:59,Muy bajo (1 - 2 mts),4,Chico,-68.85046202,-32.8653850083,6,Residencial Norte,2694682.37982,0
47261,Platano,20/09/2011 11:56,Alto (> 8 mts),220,Grande,-68.8319989777,-32.873176109,4,Cuarta Este Área Fundacional,1822015.85685,0
32725,Fresno europeo,17/05/2011 13:16,Medio (4 - 8 mts),150,Grande,-68.8532957979,-32.8862668998,5,Residencial Sur,2423808.92355,0
3332,Morera,05/10/2011 11:36,Alto (> 8 mts),105,Grande,-68.8308460175,-32.8800854638,4,Cuarta Este Área Fundacional,1822015.85685,0
2418,Fresno europeo,19/10/2011 12:39,Muy bajo (1 - 2 mts),6,Chico,-68.8314963578,-32.8887519229,3,Parque O'Higgins,1531146.02653,0
25252,Morera,08/02/2011 11:06,Alto (> 8 mts),100,Grande,-68.8396384319,-32.8990164904,2,Barrio Civico,2366816.36021,0
36526,Paraiso,06/04/2011 09:58,Medio (4 - 8 mts),46,Mediano,-68.8569103701,-32.8788521735,7,Residencial Parque,1786336.08966,0
20624,Fresno europeo,02/06/2011 12:14,Alto (> 8 mts),88,Grande,-68.8596268624,-32.8958207316,5,Residencial Sur,2423808.92355,0
7422,Fresno europeo,17/06/2011 17:40,Alto (> 8 mts),72,Grande,-68.8576231302,-32.9004104879,5,Residencial Sur,2423808.92355,0
33919,Fresno europeo,24/05/2011 10:32,Medio (4 - 8 mts),100,Grande,-68.8514981402,-32.884744074,5,Residencial Sur,2423808.92355,0
25475,Fresno europeo,08/02/2011 10:10,Alto (> 8 mts),155,Grande,-68.8403256004,-32.8997386876,2,Barrio Civico,2366816.36021,0
32990,Morera,19/05/2011 10:10,Alto (> 8 mts),105,Grande,-68.8522343848,-32.8872950219,5,Residencial Sur,2423808.92355,0
34855,Fresno americano,29/03/2011 10:13,Medio (4 - 8 mts),72,Grande,-68.8510659406,-32.8802264402,1,Parque Central,1655357.93265,0
35964,Paraiso sombrilla,23/03/2011 10:54,Medio (4 - 8 mts),150,Grande,-68.8550052304,-32.8758701187,6,Residencial Norte,2694682.37982,0
30829,Acacia visco,14/02/2011 13:47,Alto (> 8 mts),50,Mediano,-68.8549284501,-32.8663324693,6,Residencial Norte,2694682.37982,0
38250,Fresno europeo,17/01/2012 08:28,Alto (> 8 mts),140,Grande,-68.8472497116,-32.8735096306,6,Residencial Norte,2694682.37982,0
39946,Morera,28/04/2011 10:08,Medio (4 - 8 mts),130,Grande,-68.8449651591,-32.8764669912,1,Parque Central,1655357.93265,0
12119,Paraiso,20/01/2011 10:10,Alto (> 8 mts),150,Grande,-68.8475455348,-32.8681441156,6,Residencial Norte,2694682.37982,0
44580,Platano,20/10/2011 07:27,Alto (> 8 mts),190,Grande,-68.8351188365,-32.884789374,3,Parque O'Higgins,1531146.02653,1
22402,Fresno europeo,15/06/2011 11:39,Medio (4 - 8 mts),82,Grande,-68.860945793,-32.8982846372,5,Residencial Sur,2423808.92355,0
2125,Morera,10/11/2011 17:48,Medio (4 - 8 mts),90,Grande,-68.8300103435,-32.8872316878,3,Parque O'Higgins,1531146.02653,0
37879,Olmo bola,19/11/2010 10:41,Medio (4 - 8 mts),50,Mediano,-68.8500973094,-32.8735850315,6,Residencial Norte,2694682.37982,0
39429,Paraiso,11/11/2010 11:20,Alto (> 8 mts),160,Grande,-68.8550963845,-32.8703946784,6,Residencial Norte,2694682.37982,0
30506,Platano,04/04/2011 15:18,Alto (> 8 mts),148,Grande,-68.839923959,-32.8877172816,3,Parque O'Higgins,1531146.02653,0
27363,Paraiso,20/10/2011 12:28,Alto (> 8 mts),148,Grande,-68.8368236002,-32.8877319569,3,Parque O'Higgins,1531146.02653,0
1746,Palo borracho,21/11/2011 11:36,Medio (4 - 8 mts),110,Grande,-68.8725932619,-32.8781503671,7,Residencial Parque,1786336.08966,0
26253,Fresno europeo,18/10/2011 11:36,Medio (4 - 8 mts),110,Grande,-68.8312505049,-32.8877758656,3,Parque O'Higgins,1531146.02653,0
27104,Fresno europeo,27/10/2011 09:07,Alto (> 8 mts),180,Grande,-68.8370262894,-32.8888146533,3,Parque O'Higgins,1531146.02653,0
26822,Fresno europeo,09/11/2011 12:12,Alto (> 8 mts),80,Grande,-68.833802668,-32.893948073,3,Parque O'Higgins,1531146.02653,0
13887,Aguaribay,16/12/2011 12:22,Bajo (2 - 4 mts),90,Grande,-68.8762287898,-32.8688603035,8,Aeroparque,2203364.73622,0
23815,Morera,26/01/2011 16:19,Bajo (2 - 4 mts),74,Grande,-68.8509117512,-32.90117192,2,Barrio Civico,2366816.36021,0
47165,Morera,21/09/2011 10:29,Medio (4 - 8 mts),180,Grande,-68.8339344065,-32.8738588184,4,Cuarta Este Área Fundacional,1822015.85685,0
33077,Morera,18/05/2011 09:54,Bajo (2 - 4 mts),5,Chico,-68.852469101,-32.8875990791,5,Residencial Sur,2423808.92355,0
12500,Morera,25/01/2011 11:52,Alto (> 8 mts),93,Grande,-68.8484730325,-32.8677189906,6,Residencial Norte,2694682.37982,0
39354,Morera,01/12/2010 10:05,Alto (> 8 mts),90,Grande,-68.8561152359,-32.8721562406,6,Residencial Norte,2694682.37982,0
5069,Perenne,11/08/2011 11:45,Medio (4 - 8 mts),51,Mediano,-68.8401315296,-32.8635132116,4,Cuarta Oeste,1173332.70145,0
4487,Morera,29/07/2011 10:53,Alto (> 8 mts),166,Grande,-68.8389052564,-32.8676540027,4,Cuarta Oeste,1173332.70145,0
8947,Acer,21/01/2011 10:04,Medio (4 - 8 mts),45,Mediano,-68.8482885368,-32.8663392748,6,Residencial Norte,2694682.37982,0
32041,Platano,09/06/2011 13:34,Alto (> 8 mts),145,Grande,-68.8602552686,-32.8878824968,5,Residencial Sur,2423808.92355,0
31134,Fresno europeo,08/02/2011 10:17,Medio (4 - 8 mts),80,Grande,-68.8546741912,-32.8640619534,6,Residencial Norte,2694682.37982,0
3461,Morera,19/08/2011 09:25,Medio (4 - 8 mts),100,Grande,-68.8273186794,-32.8670331167,4,Cuarta Este Área Fundacional,1822015.85685,0
46426,Morera,16/08/2011 13:25,Alto (> 8 mts),145,Grande,-68.8322953702,-32.8670548147,4,Cuarta Oeste,1173332.70145,1
19550,Morera,26/07/2011 10:01,Alto (> 8 mts),198,Grande,-68.8380799828,-32.8706995013,4,Cuarta Oeste,1173332.70145,0
30783,Morera,02/02/2011 08:55,Bajo (2 - 4 mts),34,Mediano,-68.8566984465,-32.8663009437,6,Residencial Norte,2694682.37982,0
40629,Fresno europeo,12/04/2011 12:16,Medio (4 - 8 mts),59,Mediano,-68.8448719747,-32.8840155786,1,Parque Central,1655357.93265,0
27819,Morera,02/11/2011 10:58,Alto (> 8 mts),128,Grande,-68.83586378,-32.8942512639,3,Parque O'Higgins,1531146.02653,1
32467,Morera,26/05/2011 09:56,Alto (> 8 mts),146,Grande,-68.8521769427,-32.8883928722,5,Residencial Sur,2423808.92355,0
32634,Platano,21/06/2011 12:03,Alto (> 8 mts),142,Grande,-68.8527950647,-32.8903719852,5,Residencial Sur,2423808.92355,0
11579,Paraiso,10/05/2010 12:05,Medio (4 - 8 mts),172,Grande,-68.8518676166,-32.8667949461,6,Residencial Norte,2694682.37982,0
34440,Morera,09/03/2011 12:43,Alto (> 8 mts),132,Grande,-68.8502033429,-32.8740088646,6,Residencial Norte,2694682.37982,0
40019,Fresno europeo,19/04/2011 10:11,Bajo (2 - 4 mts),60,Mediano,-68.8443039329,-32.8789589173,1,Parque Central,1655357.93265,0
3721,Perenne,24/08/2011 11:17,Bajo (2 - 4 mts),12,Chico,-68.8215782732,-32.8701605839,4,Cuarta Este Área Fundacional,1822015.85685,0
36107,Fresno europeo,05/04/2011 11:21,Medio (4 - 8 mts),43,Mediano,-68.8562751838,-32.8767972631,6,Residencial Norte,2694682.37982,0
17862,Olmo bola,02/08/2011 09:21,Alto (> 8 mts),95,Grande,-68.8362629584,-32.8660897216,4,Cuarta Oeste,1173332.70145,0
2819,Fresno europeo,09/11/2011 09:19,Medio (4 - 8 mts),100,Grande,-68.832040663,-32.8926047954,3,Parque O'Higgins,1531146.02653,0
565,Morera,08/03/2012 11:19,Alto (> 8 mts),150,Grande,-68.8191445832,-32.8686829384,4,Cuarta Este Área Fundacional,1822015.85685,0
36063,Platano,18/03/2011 11:50,Alto (> 8 mts),110,Grande,-68.8570266811,-32.8758161798,6,Residencial Norte,2694682.37982,0
13282,Morera,23/02/2011 13:13,Medio (4 - 8 mts),104,Grande,-68.8476783006,-32.865338346,6,Residencial Norte,2694682.37982,0
39638,Fresno europeo,22/10/2010 11:10,Medio (4 - 8 mts),56,Mediano,-68.846521965,-32.869886094,6,Residencial Norte,2694682.37982,0
2101,Fresno europeo,19/10/2011 09:32,Bajo (2 - 4 mts),20,Chico,-68.8313739974,-32.8885162262,3,Parque O'Higgins,1531146.02653,0
31663,Caducifolio,14/06/2011 13:24,Bajo (2 - 4 mts),15,Chico,-68.858671626,-32.8892785202,5,Residencial Sur,2423808.92355,0
48207,Morera,23/09/2011 14:51,Alto (> 8 mts),199,Grande,-68.828455258100007,-32.8688007318,4,Cuarta Este Área Fundacional,1822015.85685,0
44207,Platano,14/10/2011 10:00,Alto (> 8 mts),150,Grande,-68.8352307328,-32.882644767,3,Parque O'Higgins,1531146.02653,0
22660,Morera,21/06/2011 11:02,Alto (> 8 mts),200,Grande,-68.8605333088,-32.9004990388,5,Residencial Sur,2423808.92355,0
14637,Aguaribay,12/12/2011 12:38,Medio (4 - 8 mts),110,Grande,-68.8792540087,-32.8655489849,8,Aeroparque,2203364.73622,0
25936,Olmo comun,16/02/2011 17:27,Alto (> 8 mts),86,Grande,-68.8381582658,-32.9031088521,2,Barrio Civico,2366816.36021,0
18670,Morera,05/07/2011 10:04,Alto (> 8 mts),185,Grande,-68.8364813867,-32.8746049214,4,Cuarta Oeste,1173332.70145,0
28399,Morera,14/03/2011 09:56,Alto (> 8 mts),164,Grande,-68.8493545243,-32.8881195693,5,Residencial Sur,2423808.92355,1
18724,Morera,12/07/2011 19:52,Alto (> 8 mts),190,Grande,-68.836422864,-32.8733647455,4,Cuarta Oeste,1173332.70145,0
292,Morera,06/03/2012 10:37,Alto (> 8 mts),160,Grande,-68.8223463635,-32.8677552293,4,Cuarta Este Área Fundacional,1822015.85685,0
26953,Morera,01/11/2011 16:40,Alto (> 8 mts),180,Grande,-68.8367789688,-32.8872022278,3,Parque O'Higgins,1531146.02653,0
29264,Fresno americano,23/02/2011 16:02,Medio (4 - 8 mts),100,Grande,-68.8447137658,-32.8884545927,2,Barrio Civico,2366816.36021,0
41627,Fresno europeo,05/05/2011 11:29,Medio (4 - 8 mts),42,Mediano,-68.8367772293,-32.8785225179,1,Parque Central,1655357.93265,0
19449,Tipa,08/08/2011 10:42,Alto (> 8 mts),125,Grande,-68.8396579965,-32.8710187589,4,Cuarta Oeste,1173332.70145,0
24598,Morera,07/02/2011 10:50,Alto (> 8 mts),85,Grande,-68.8431338742,-32.9031397195,2,Barrio Civico,2366816.36021,0
40346,Morera,08/04/2011 10:18,Alto (> 8 mts),160,Grande,-68.8448621599,-32.8810617115,1,Parque Central,1655357.93265,0
24391,Morera,21/01/2011 13:08,Alto (> 8 mts),88,Grande,-68.8441632485,-32.9034164368,2,Barrio Civico,2366816.36021,0
4500,Ligustro,02/08/2011 09:30,Medio (4 - 8 mts),78,Grande,-68.8396539816,-32.8681385913,4,Cuarta Oeste,1173332.70145,0
32229,Morera,09/05/2011 12:50,Medio (4 - 8 mts),120,Grande,-68.8608689008,-32.8852524035,5,Residencial Sur,2423808.92355,0
32309,Platano,27/06/2011 09:16,Alto (> 8 mts),172,Grande,-68.8520727708,-32.8916205167,5,Residencial Sur,2423808.92355,0
44704,Fresno europeo,24/08/2011 11:58,Medio (4 - 8 mts),115,Grande,-68.822866232,-32.8684741606,4,Cuarta Este Área Fundacional,1822015.85685,0
2909,Morera,20/09/2011 09:28,Medio (4 - 8 mts),140,Grande,-68.8219248074,-32.8734503257,4,Cuarta Este Área Fundacional,1822015.85685,0
4820,Conifera,19/07/2011 11:03,Bajo (2 - 4 mts),35,Mediano,-68.8415340271,-32.8647776406,4,Cuarta Oeste,1173332.70145,0
14229,Fresno europeo,07/12/2011 16:34,Bajo (2 - 4 mts),35,Mediano,-68.8770943303,-32.8659614237,8,Aeroparque,2203364.73622,0
40964,Morera,14/04/2011 15:27,Alto (> 8 mts),162,Grande,-68.8418070213,-32.8848839464,1,Parque Central,1655357.93265,0
33659,Morera,16/05/2011 09:33,Alto (> 8 mts),160,Grande,-68.856925301,-32.8872857788,5,Residencial Sur,2423808.92355,0
1525,Fresno americano,24/11/2011 10:07,Muy bajo (1 - 2 mts),10,Chico,-68.8735229476,-32.878262994400004,7,Residencial Parque,1786336.08966,0
37015,Prunas,07/04/2011 17:29,Bajo (2 - 4 mts),42,Mediano,-68.8565587277,-32.877146269,6,Residencial Norte,2694682.37982,0
46976,Alamo blanco,08/09/2011 15:01,Alto (> 8 mts),180,Grande,-68.8305785557,-32.8716559951,4,Cuarta Este Área Fundacional,1822015.85685,0
36494,Morera,06/04/2011 11:57,Alto (> 8 mts),110,Grande,-68.8549421445,-32.8790267844,6,Residencial Norte,2694682.37982,0
30852,Paraiso sombrilla,15/02/2011 09:07,Medio (4 - 8 mts),110,Grande,-68.8552440045,-32.8657004553,6,Residencial Norte,2694682.37982,0
45174,Fresno europeo,31/08/2011 10:16,Alto (> 8 mts),153,Grande,-68.8231466517,-32.870525475,4,Cuarta Este Área Fundacional,1822015.85685,0
7490,Morera,23/06/2011 10:43,Medio (4 - 8 mts),90,Grande,-68.863012729,-32.8999074946,5,Residencial Sur,2423808.92355,0
45861,Morera,25/08/2011 13:13,Alto (> 8 mts),125,Grande,-68.8193582168,-32.8696308869,4,Cuarta Este Área Fundacional,1822015.85685,0
431,Morera,06/03/2012 11:32,Bajo (2 - 4 mts),24,Mediano,-68.8174425301,-32.867849023,4,Cuarta Este Área Fundacional,1822015.85685,0
4834,Morera,26/07/2011 09:47,Bajo (2 - 4 mts),23,Mediano,-68.8408299933,-32.8658195707,4,Cuarta Oeste,1173332.70145,0
20411,Platano,23/05/2011 13:46,Alto (> 8 mts),170,Grande,-68.8612551458,-32.8934595996,5,Residencial Sur,2423808.92355,0
32950,Morera,23/05/2011 10:39,Alto (> 8 mts),172,Grande,-68.8501482372,-32.8885430394,5,Residencial Sur,2423808.92355,0
46642,Platano,02/09/2011 10:49,Alto (> 8 mts),160,Grande,-68.831327845,-32.8685412035,4,Cuarta Este Área Fundacional,1822015.85685,0
16011,Morera,11/08/2011 08:45,Alto (> 8 mts),90,Grande,-68.8437515679,-32.8717274408,4,Cuarta Oeste,1173332.70145,0
32515,Morera,24/06/2011 10:00,Alto (> 8 mts),160,Grande,-68.8512176868,-32.8896255917,5,Residencial Sur,2423808.92355,1
48195,Fresno europeo,02/09/2011 07:37,Medio (4 - 8 mts),115,Grande,-68.8290044313,-32.8691691613,4,Cuarta Este Área Fundacional,1822015.85685,0
21838,Olmo comun,07/06/2011 10:22,Alto (> 8 mts),133,Grande,-68.8568190728,-32.8966747,5,Residencial Sur,2423808.92355,0
36078,Paraiso sombrilla,06/04/2011 10:15,Medio (4 - 8 mts),118,Grande,-68.8543654409,-32.8768343382,6,Residencial Norte,2694682.37982,0
1736,Fresno europeo,22/11/2011 09:26,Bajo (2 - 4 mts),35,Mediano,-68.8728472979,-32.8788735017,7,Residencial Parque,1786336.08966,0
21477,Fresno europeo,11/05/2011 12:11,Alto (> 8 mts),120,Grande,-68.858891575,-32.8920050505,5,Residencial Sur,2423808.92355,0
41874,Conifera,04/05/2011 11:32,Alto (> 8 mts),85,Grande,-68.8413590953,-32.8778325025,1,Parque Central,1655357.93265,0
42571,Morera,26/09/2011 10:40,Alto (> 8 mts),170,Grande,-68.8276967118,-32.8755577311,4,Cuarta Este Área Fundacional,1822015.85685,0
17398,Prunas,22/07/2011 09:58,Bajo (2 - 4 mts),40,Mediano,-68.8402410224,-32.8662824526,4,Cuarta Oeste,1173332.70145,0
12919,Olmo bola,14/01/2011 09:28,Alto (> 8 mts),180,Grande,-68.8453883202,-32.8642845048,4,Cuarta Oeste,1173332.70145,0
27042,Platano,09/11/2011 10:45,Alto (> 8 mts),163,Grande,-68.839492261,-32.8914198851,3,Parque O'Higgins,1531146.02653,0
38943,Fresno europeo,30/12/2010 13:22,Muy bajo (1 - 2 mts),8,Chico,-68.8564554053,-32.8710571954,6,Residencial Norte,2694682.37982,0
48211,Morera,01/09/2011 13:15,Alto (> 8 mts),125,Grande,-68.8281442505,-32.8688397956,4,Cuarta Este Área Fundacional,1822015.85685,0
28797,Fresno americano,18/04/2011 10:31,Medio (4 - 8 mts),125,Grande,-68.8479186213,-32.8857594062,1,Parque Central,1655357.93265,0
39806,Platano,05/05/2011 09:07,Alto (> 8 mts),160,Grande,-68.8474300419,-32.8845628137,1,Parque Central,1655357.93265,0
6635,Fresno europeo,11/05/2011 10:42,Alto (> 8 mts),90,Grande,-68.8574127431,-32.8929497406,5,Residencial Sur,2423808.92355,0
14976,Paraiso,21/12/2011 16:23,Bajo (2 - 4 mts),60,Mediano,-68.880672676,-32.8715596361,8,Aeroparque,2203364.73622,0
30895,Fresno europeo,17/02/2011 12:21,Medio (4 - 8 mts),45,Mediano,-68.8542943907,-32.866208019,6,Residencial Norte,2694682.37982,0
11948,Fresno europeo,12/05/2010 11:18,Muy bajo (1 - 2 mts),33,Mediano,-68.8517180311,-32.8672503296,6,Residencial Norte,2694682.37982,0
15075,Fresno europeo,17/11/2011 12:10,Bajo (2 - 4 mts),20,Chico,-68.8590285442,-32.869648819,6,Residencial Norte,2694682.37982,0
25154,Jacaranda,09/02/2011 18:40,Medio (4 - 8 mts),38,Mediano,-68.8361207578,-32.8980006471,2,Barrio Civico,2366816.36021,0
9240,Fresno americano,28/02/2011 13:29,Bajo (2 - 4 mts),18,Chico,-68.8488245561,-32.865752399,6,Residencial Norte,2694682.37982,0
43673,Morera,13/10/2011 17:18,Medio (4 - 8 mts),64,Grande,-68.8352057389,-32.8821236379,3,Parque O'Higgins,1531146.02653,0
3622,Caducifolio,29/08/2011 11:39,Bajo (2 - 4 mts),80,Grande,-68.824788061,-32.8694300796,4,Cuarta Este Área Fundacional,1822015.85685,0
44888,Morera,23/08/2011 10:06,Medio (4 - 8 mts),126,Grande,-68.8242063018,-32.8672851832,4,Cuarta Este Área Fundacional,1822015.85685,0
21246,Fresno europeo,10/05/2011 12:06,Alto (> 8 mts),110,Grande,-68.8533974844,-32.8953189204,5,Residencial Sur,2423808.92355,0
10737,Acacia SP,06/04/2011 13:16,Alto (> 8 mts),20,Chico,-68.8587460485,-32.8766056203,7,Residencial Parque,1786336.08966,0
34254,Morera,04/03/2011 12:14,Medio (4 - 8 mts),130,Grande,-68.8522540797,-32.8745233756,6,Residencial Norte,2694682.37982,0
9288,Acer,23/02/2011 09:55,Alto (> 8 mts),162,Grande,-68.8483359035,-32.8653930754,6,Residencial Norte,2694682.37982,0
35974,Acer,23/03/2011 09:25,Medio (4 - 8 mts),50,Mediano,-68.8543330628,-32.8763243639,6,Residencial Norte,2694682.37982,0
28269,Platano,28/02/2011 16:00,Alto (> 8 mts),172,Grande,-68.8493205465,-32.893050984,2,Barrio Civico,2366816.36021,0
13604,Paraiso,01/03/2011 13:44,Medio (4 - 8 mts),140,Grande,-68.8511804782,-32.8662364737,6,Residencial Norte,2694682.37982,0
43155,Morera,05/10/2011 10:48,Alto (> 8 mts),150,Grande,-68.8301545248,-32.8790741872,4,Cuarta Este Área Fundacional,1822015.85685,1
36980,Morera,07/04/2011 16:41,Alto (> 8 mts),90,Grande,-68.8570757845,-32.878890663,7,Residencial Parque,1786336.08966,0
23012,Olmo comun,17/06/2011 18:30,Medio (4 - 8 mts),32,Mediano,-68.8582451296,-32.8997110726,5,Residencial Sur,2423808.92355,0
36123,Morera,05/04/2011 10:33,Alto (> 8 mts),142,Grande,-68.8548241389,-32.8773422842,6,Residencial Norte,2694682.37982,0
15680,Acacia SP,15/11/2011 11:50,Muy bajo (1 - 2 mts),8,Chico,-68.861311329,-32.87062486,7,Residencial Parque,1786336.08966,0
21716,Morera,09/06/2011 11:11,Alto (> 8 mts),160,Grande,-68.8555335216,-32.8958844881,5,Residencial Sur,2423808.92355,0
5761,Morera,06/05/2011 10:59,Bajo (2 - 4 mts),40,Mediano,-68.8405150684,-32.8790646226,1,Parque Central,1655357.93265,0
45064,Fresno europeo,31/08/2011 12:26,Medio (4 - 8 mts),155,Grande,-68.8227497355,-32.8711761021,4,Cuarta Este Área Fundacional,1822015.85685,1
25881,Morera,04/02/2011 14:05,Alto (> 8 mts),138,Grande,-68.839358487,-32.9020115207,2,Barrio Civico,2366816.36021,0
31546,Platano,18/05/2011 10:11,Alto (> 8 mts),170,Grande,-68.8597325006,-32.8903236933,5,Residencial Sur,2423808.92355,0
39346,Morera,01/12/2010 11:49,Alto (> 8 mts),120,Grande,-68.8562185797,-32.8726267084,6,Residencial Norte,2694682.37982,0
43906,Morera,11/10/2011 09:16,Bajo (2 - 4 mts),18,Chico,-68.8326253677,-32.884686259,3,Parque O'Higgins,1531146.02653,0
27220,Paraiso,26/10/2011 09:13,Medio (4 - 8 mts),53,Mediano,-68.8369860456,-32.8900818696,3,Parque O'Higgins,1531146.02653,0
39015,Caducifolio,27/12/2010 10:01,Muy bajo (1 - 2 mts),4,Chico,-68.8547422497,-32.8708120309,6,Residencial Norte,2694682.37982,0
10543,Morera,18/03/2011 11:06,Medio (4 - 8 mts),50,Mediano,-68.8559827201,-32.8751691061,6,Residencial Norte,2694682.37982,0
18800,Morera,10/08/2011 11:03,Alto (> 8 mts),160,Grande,-68.8364072318,-32.86977454,4,Cuarta Oeste,1173332.70145,0
10313,Morera,29/11/2010 10:01,Alto (> 8 mts),90,Grande,-68.8574913536,-32.8722327638,6,Residencial Norte,2694682.37982,0
9949,Morera,12/11/2010 10:33,Bajo (2 - 4 mts),43,Mediano,-68.8562615147,-32.8698547975,6,Residencial Norte,2694682.37982,0
38570,Paraiso,22/12/2010 13:20,Alto (> 8 mts),300,Grande,-68.8528962414,-32.8704018569,6,Residencial Norte,2694682.37982,0
14436,Morera,02/12/2011 08:59,Bajo (2 - 4 mts),30,Mediano,-68.8780448861,-32.8681060671,8,Aeroparque,2203364.73622,0
1864,Perenne,16/11/2011 12:32,Medio (4 - 8 mts),60,Mediano,-68.8611410093,-32.8703008906,7,Residencial Parque,1786336.08966,0
36010,Fresno europeo,22/03/2011 13:32,Bajo (2 - 4 mts),30,Mediano,-68.8559351352,-32.8760201169,6,Residencial Norte,2694682.37982,0
4936,Paraiso,19/07/2011 11:15,Bajo (2 - 4 mts),55,Mediano,-68.8428437023,-32.866830527,4,Cuarta Oeste,1173332.70145,0
12098,Prunas,05/05/2010 12:27,Bajo (2 - 4 mts),80,Grande,-68.8535444527,-32.8684134791,6,Residencial Norte,2694682.37982,0
15808,Morera,21/11/2011 16:50,Medio (4 - 8 mts),120,Grande,-68.8734362244,-32.8784538052,7,Residencial Parque,1786336.08966,0
28776,Platano,20/04/2011 10:04,Alto (> 8 mts),180,Grande,-68.8485954268,-32.886608259,1,Parque Central,1655357.93265,0
20626,Aguaribay,02/06/2011 12:12,Bajo (2 - 4 mts),47,Mediano,-68.8595058265,-32.8958294251,5,Residencial Sur,2423808.92355,0
37721,Fresno europeo,14/01/2012 10:22,Medio (4 - 8 mts),120,Grande,-68.8513672437,-32.8727616772,6,Residencial Norte,2694682.37982,0
21620,Platano,10/06/2011 11:11,Alto (> 8 mts),290,Grande,-68.8542814783,-32.8960937848,5,Residencial Sur,2423808.92355,1
21755,Fresno europeo,23/05/2011 10:24,Alto (> 8 mts),117,Grande,-68.8572683907,-32.8947477591,5,Residencial Sur,2423808.92355,0
6707,Caducifolio,11/05/2011 10:50,Bajo (2 - 4 mts),150,Grande,-68.8533875826,-32.894322598,5,Residencial Sur,2423808.92355,0
46865,Morera,09/09/2011 13:03,Alto (> 8 mts),140,Grande,-68.833420663,-32.8715547602,4,Cuarta Este Área Fundacional,1822015.85685,0
11424,Morera,31/01/2011 16:31,Bajo (2 - 4 mts),52,Mediano,-68.8509785709,-32.9017605201,2,Barrio Civico,2366816.36021,0
5661,Platano,02/05/2011 11:32,Medio (4 - 8 mts),23,Mediano,-68.8398197258,-32.8759566839,1,Parque Central,1655357.93265,0
42846,Morera,04/10/2011 13:08,Alto (> 8 mts),98,Grande,-68.8321700968,-32.8770069128,4,Cuarta Este Área Fundacional,1822015.85685,0
25311,Morera,09/02/2011 13:29,Alto (> 8 mts),222,Grande,-68.8389720164,-32.8999740962,2,Barrio Civico,2366816.36021,0
19259,Fresno americano,03/08/2011 12:21,Alto (> 8 mts),110,Grande,-68.8376224021,-32.8704880109,4,Cuarta Oeste,1173332.70145,0
8502,Morera,15/02/2011 12:04,Alto (> 8 mts),43,Mediano,-68.8353918992,-32.8960316765,2,Barrio Civico,2366816.36021,0
30158,Platano,31/03/2011 15:01,Alto (> 8 mts),102,Grande,-68.8400051893,-32.887451225,3,Parque O'Higgins,1531146.02653,0
2440,Fresno europeo,27/10/2011 09:49,Medio (4 - 8 mts),47,Mediano,-68.8373720948,-32.8908800328,3,Parque O'Higgins,1531146.02653,0
44461,Platano,17/10/2011 13:06,Alto (> 8 mts),240,Grande,-68.8360405384,-32.8836418325,3,Parque O'Higgins,1531146.02653,1
26512,Conifera,04/11/2011 09:33,Bajo (2 - 4 mts),12,Chico,-68.830886104,-32.8916905018,3,Parque O'Higgins,1531146.02653,0
32304,Paraiso,29/06/2011 09:19,Alto (> 8 mts),105,Grande,-68.8525538044,-32.8915290654,5,Residencial Sur,2423808.92355,0
38302,Paraiso,02/12/2010 09:26,Medio (4 - 8 mts),40,Mediano,-68.8468919456,-32.8718345679,6,Residencial Norte,2694682.37982,0
41500,Morera,07/04/2011 10:15,Alto (> 8 mts),220,Grande,-68.8427513991,-32.8816785385,1,Parque Central,1655357.93265,0
20849,Acacia SP,27/05/2011 09:31,Medio (4 - 8 mts),30,Mediano,-68.8593728106,-32.8948950452,5,Residencial Sur,2423808.92355,0
14653,Aguaribay,15/12/2011 17:51,Bajo (2 - 4 mts),22,Mediano,-68.8824751656,-32.8674284465,8,Aeroparque,2203364.73622,0
39105,Fresno europeo,23/12/2010 10:31,Alto (> 8 mts),99,Grande,-68.8539451341,-32.8709403318,6,Residencial Norte,2694682.37982,1
18612,Morera,06/07/2011 11:41,Alto (> 8 mts),190,Grande,-68.8378098999,-32.8747254356,1,Parque Central,1655357.93265,1
16299,Tipa,22/07/2011 09:09,Medio (4 - 8 mts),40,Mediano,-68.8420606617,-32.8634863261,4,Cuarta Oeste,1173332.70145,0
25036,Fresno europeo,15/02/2011 08:31,Alto (> 8 mts),80,Grande,-68.8363827438,-32.8968286151,2,Barrio Civico,2366816.36021,0
23824,Paraiso,26/01/2011 16:45,Alto (> 8 mts),82,Grande,-68.8503917789,-32.9013235944,2,Barrio Civico,2366816.36021,0
4627,Morera,08/08/2011 09:23,Alto (> 8 mts),116,Grande,-68.8331769802,-32.8636674042,4,Cuarta Oeste,1173332.70145,0
29234,Platano,25/02/2011 17:04,Alto (> 8 mts),250,Grande,-68.8462625185,-32.8871674475,1,Parque Central,1655357.93265,0
41926,Fresno europeo,20/04/2011 09:45,Alto (> 8 mts),180,Grande,-68.8379605581,-32.8797179143,1,Parque Central,1655357.93265,0
20832,Fresno europeo,27/05/2011 08:59,Alto (> 8 mts),92,Grande,-68.8604336668,-32.8947047145,5,Residencial Sur,2423808.92355,0
14156,Liquidambar,30/11/2011 10:36,Muy bajo (1 - 2 mts),10,Chico,-68.8765675512,-32.8674102398,8,Aeroparque,2203364.73622,0
31857,Morera,30/06/2011 09:12,Alto (> 8 mts),150,Grande,-68.8612286545,-32.8889299042,5,Residencial Sur,2423808.92355,1
38932,Morera,03/01/2011 09:51,Alto (> 8 mts),88,Grande,-68.8561331126,-32.8706143637,6,Residencial Norte,2694682.37982,0
8080,Braquiquito,02/03/2011 12:36,Medio (4 - 8 mts),55,Mediano,-68.8397756969,-32.8905789318,3,Parque O'Higgins,1531146.02653,0
35501,Morera,06/04/2011 11:42,Alto (> 8 mts),136,Grande,-68.855718499100007,-32.8809001177,6,Residencial Norte,2694682.37982,0
37953,Paraiso,26/08/2010 09:19,Muy bajo (1 - 2 mts),6,Chico,-68.8474557859,-32.8736090711,6,Residencial Norte,2694682.37982,0
34370,Morera,28/03/2011 10:38,Medio (4 - 8 mts),136,Grande,-68.8514047607,-32.8747978947,6,Residencial Norte,2694682.37982,0
40250,Platano,14/04/2011 10:14,Alto (> 8 mts),115,Grande,-68.8457588226,-32.8825523268,1,Parque Central,1655357.93265,0
8069,Morera,02/03/2011 13:13,Bajo (2 - 4 mts),22,Mediano,-68.8404001349,-32.8895532574,3,Parque O'Higgins,1531146.02653,0
10637,Fresno europeo,16/03/2011 12:52,Bajo (2 - 4 mts),36,Mediano,-68.8566819435,-32.8741541961,6,Residencial Norte,2694682.37982,0
2872,Morera,09/09/2011 11:09,Alto (> 8 mts),100,Grande,-68.8312362277,-32.8708392839,4,Cuarta Este Área Fundacional,1822015.85685,1
21980,Paraiso,27/05/2011 13:27,Alto (> 8 mts),132,Grande,-68.8582382342,-32.8944533782,5,Residencial Sur,2423808.92355,0
40562,Platano,15/04/2011 12:36,Muy bajo (1 - 2 mts),15,Chico,-68.8466395341,-32.8846971837,1,Parque Central,1655357.93265,0
2362,Morera,03/11/2011 16:19,Medio (4 - 8 mts),46,Mediano,-68.8342404984,-32.8873464707,3,Parque O'Higgins,1531146.02653,0
34084,Olmo comun,31/05/2011 13:02,Medio (4 - 8 mts),110,Grande,-68.8564237795,-32.8837830309,5,Residencial Sur,2423808.92355,0
30441,Platano,21/02/2011 09:54,Alto (> 8 mts),270,Grande,-68.8422055818,-32.8879283818,3,Parque O'Higgins,1531146.02653,1
45319,Fresno europeo,16/09/2011 13:32,Medio (4 - 8 mts),260,Grande,-68.8234410607,-32.8722520791,4,Cuarta Este Área Fundacional,1822015.85685,0
26130,Fresno europeo,10/11/2011 18:15,Medio (4 - 8 mts),140,Grande,-68.8300140017,-32.8862784378,3,Parque O'Higgins,1531146.02653,0
9855,Paraiso sombrilla,06/01/2011 14:27,Medio (4 - 8 mts),53,Mediano,-68.8438114148,-32.8631952331,4,Cuarta Oeste,1173332.70145,0
12872,Jacaranda,19/01/2011 08:57,Bajo (2 - 4 mts),72,Grande,-68.845631397,-32.8642033287,4,Cuarta Oeste,1173332.70145,0
8973,Morera,19/01/2011 10:27,Medio (4 - 8 mts),50,Mediano,-68.8463935765,-32.8685060913,6,Residencial Norte,2694682.37982,1
18733,Jacaranda,12/07/2011 18:49,Bajo (2 - 4 mts),30,Mediano,-68.8361992531,-32.8729405666,4,Cuarta Oeste,1173332.70145,0
46511,Morera,17/08/2011 09:40,Alto (> 8 mts),130,Grande,-68.8306040867,-32.8668259762,4,Cuarta Este Área Fundacional,1822015.85685,0
572,Morera,08/03/2012 11:10,Alto (> 8 mts),140,Grande,-68.8196078628,-32.8686698736,4,Cuarta Este Área Fundacional,1822015.85685,0
17397,Prunas,22/07/2011 10:00,Muy bajo (1 - 2 mts),10,Chico,-68.8401500667,-32.8662998293,4,Cuarta Oeste,1173332.70145,0
24113,Fresno europeo,11/01/2011 08:58,Alto (> 8 mts),125,Grande,-68.8468040455,-32.9024313042,2,Barrio Civico,2366816.36021,0
8096,Morera,25/02/2011 11:11,Alto (> 8 mts),140,Grande,-68.8472353889,-32.8895145145,2,Barrio Civico,2366816.36021,0
27510,Morera,26/10/2011 10:11,Medio (4 - 8 mts),115,Grande,-68.8367189955,-32.8928647714,3,Parque O'Higgins,1531146.02653,0
32671,Acacia visco,24/06/2011 10:39,Alto (> 8 mts),130,Grande,-68.8510739887,-32.8900456992,5,Residencial Sur,2423808.92355,0
37000,Paraiso,01/04/2011 11:41,Muy bajo (1 - 2 mts),5,Chico,-68.8579360177,-32.8774013619,7,Residencial Parque,1786336.08966,0
15785,Fresno americano,23/11/2011 10:05,Bajo (2 - 4 mts),26,Mediano,-68.8728991902,-32.8785625621,7,Residencial Parque,1786336.08966,0
5764,Morera,06/05/2011 10:52,Bajo (2 - 4 mts),32,Mediano,-68.8403809696,-32.8790869605,1,Parque Central,1655357.93265,0
42625,Tilo,28/09/2011 09:13,Bajo (2 - 4 mts),15,Chico,-68.827920411,-32.8761066842,4,Cuarta Este Área Fundacional,1822015.85685,0
36542,Paraiso,04/04/2011 11:54,Alto (> 8 mts),180,Grande,-68.8562225792,-32.8792933119,6,Residencial Norte,2694682.37982,1
16741,Morera,10/08/2011 10:26,Alto (> 8 mts),151,Grande,-68.8391414423,-32.8632296172,4,Cuarta Oeste,1173332.70145,0
39882,Morera,03/05/2011 13:08,Alto (> 8 mts),175,Grande,-68.8442769935,-32.8738434548,1,Parque Central,1655357.93265,1
41349,Platano,19/04/2011 10:02,Muy bajo (1 - 2 mts),10,Chico,-68.8399637504,-32.8822868913,1,Parque Central,1655357.93265,0
6211,Fresno americano,18/04/2011 18:34,Medio (4 - 8 mts),98,Grande,-68.8382078584,-32.8852497564,3,Parque O'Higgins,1531146.02653,0
14542,Liquidambar,05/12/2011 12:53,Bajo (2 - 4 mts),18,Chico,-68.8794755083,-32.8676192208,8,Aeroparque,2203364.73622,0
46324,Morera,27/09/2011 13:27,Medio (4 - 8 mts),65,Grande,-68.8235271661,-32.8738431109,4,Cuarta Este Área Fundacional,1822015.85685,1
37372,Paraiso,29/11/2010 10:38,Alto (> 8 mts),130,Grande,-68.8581530019,-32.8723562193,6,Residencial Norte,2694682.37982,0
33785,Paraiso sombrilla,13/05/2011 11:02,Medio (4 - 8 mts),150,Grande,-68.8556229216,-32.8854564626,5,Residencial Sur,2423808.92355,0
36671,Morera,03/06/2011 16:23,Medio (4 - 8 mts),160,Grande,-68.8587607504,-32.8825461347,7,Residencial Parque,1786336.08966,0
5926,Morera,02/05/2011 11:35,Alto (> 8 mts),155,Grande,-68.8451008111,-32.8765101304,1,Parque Central,1655357.93265,0
17339,Morera,08/08/2011 09:49,Alto (> 8 mts),145,Grande,-68.8351605368,-32.8658400724,4,Cuarta Oeste,1173332.70145,0
28114,Morera,14/03/2011 16:55,Bajo (2 - 4 mts),22,Mediano,-68.8468605967,-32.8925801586,2,Barrio Civico,2366816.36021,0
8006,Fresno europeo,17/02/2011 12:26,Muy bajo (1 - 2 mts),4,Chico,-68.8401550467,-32.889291443,3,Parque O'Higgins,1531146.02653,0
942,Liquidambar,13/01/2012 18:58,Medio (4 - 8 mts),38,Mediano,-68.8498419993,-32.8726338727,6,Residencial Norte,2694682.37982,0
32173,Morera,11/05/2011 09:47,Medio (4 - 8 mts),120,Grande,-68.8579099909,-32.8857035298,5,Residencial Sur,2423808.92355,0
27787,Fresno europeo,03/11/2011 10:17,Medio (4 - 8 mts),50,Mediano,-68.8347920005,-32.8949464086,3,Parque O'Higgins,1531146.02653,0
3149,Fresno americano,07/09/2011 11:09,Bajo (2 - 4 mts),38,Mediano,-68.8320839368,-32.8724054389,4,Cuarta Este Área Fundacional,1822015.85685,0
17234,Fresno americano,12/08/2011 09:29,Medio (4 - 8 mts),40,Mediano,-68.835759319,-32.8646647792,4,Cuarta Oeste,1173332.70145,0
39964,Morera,02/05/2011 11:48,Alto (> 8 mts),170,Grande,-68.8454834782,-32.8779165745,1,Parque Central,1655357.93265,0
10264,Fresno europeo,06/12/2010 10:08,Bajo (2 - 4 mts),46,Mediano,-68.8482560291,-32.8720368182,6,Residencial Norte,2694682.37982,0
16931,Morera,16/08/2011 13:35,Medio (4 - 8 mts),110,Grande,-68.8367691949,-32.8647223667,4,Cuarta Oeste,1173332.70145,0
35173,Fresno europeo,29/03/2011 12:51,Alto (> 8 mts),112,Grande,-68.852109873,-32.8818313398,1,Parque Central,1655357.93265,0
44818,Morera,26/08/2011 10:24,Alto (> 8 mts),100,Grande,-68.8232091816,-32.8695656957,4,Cuarta Este Área Fundacional,1822015.85685,0
26323,Platano,20/10/2011 12:04,Alto (> 8 mts),165,Grande,-68.8318121873,-32.8900563011,3,Parque O'Higgins,1531146.02653,0
23668,Fresno europeo,20/01/2011 18:42,Medio (4 - 8 mts),98,Grande,-68.8488942686,-32.9011531776,2,Barrio Civico,2366816.36021,0
30179,Morera,09/03/2011 13:13,Alto (> 8 mts),140,Grande,-68.8425024882,-32.8899706368,2,Barrio Civico,2366816.36021,0
43665,Platano,13/10/2011 17:45,Alto (> 8 mts),200,Grande,-68.8351575179,-32.8813292733,1,Parque Central,1655357.93265,1
28695,Morera,01/03/2011 12:30,Alto (> 8 mts),165,Grande,-68.8465061211,-32.890549189,2,Barrio Civico,2366816.36021,0
5385,Acer,20/04/2011 13:08,Medio (4 - 8 mts),100,Grande,-68.8441844374,-32.8773768586,1,Parque Central,1655357.93265,0
28021,Platano,04/11/2011 08:26,Alto (> 8 mts),180,Grande,-68.8353213128,-32.8935458451,3,Parque O'Higgins,1531146.02653,0
13174,Fresno europeo,18/02/2011 09:52,Medio (4 - 8 mts),130,Grande,-68.8466394004,-32.8661014131,4,Cuarta Oeste,1173332.70145,0
41264,Platano,11/04/2011 09:27,Alto (> 8 mts),140,Grande,-68.8408372852,-32.8811330279,1,Parque Central,1655357.93265,0
33735,Fresno europeo,11/05/2011 11:24,Muy bajo (1 - 2 mts),5,Chico,-68.8589146744,-32.8867698364,5,Residencial Sur,2423808.92355,0
30499,Platano,04/04/2011 15:34,Alto (> 8 mts),172,Grande,-68.8395483397,-32.8882941534,3,Parque O'Higgins,1531146.02653,0
33680,Acacia SP,13/05/2011 10:36,Alto (> 8 mts),130,Grande,-68.855470558,-32.8871296463,5,Residencial Sur,2423808.92355,0
20683,Morera,01/06/2011 10:35,Medio (4 - 8 mts),65,Grande,-68.8609959247,-32.8974611788,5,Residencial Sur,2423808.92355,0
32192,Fresno europeo,10/05/2011 12:55,Medio (4 - 8 mts),110,Grande,-68.8587828987,-32.8850892938,5,Residencial Sur,2423808.92355,0
44935,Fresno europeo,23/08/2011 10:13,Alto (> 8 mts),55,Mediano,-68.8248585847,-32.8686486484,4,Cuarta Este Área Fundacional,1822015.85685,0
23433,Morera,27/01/2011 15:24,Alto (> 8 mts),128,Grande,-68.8497132505,-32.903223625,2,Barrio Civico,2366816.36021,1
23306,Acer,18/01/2012 16:51,Bajo (2 - 4 mts),28,Mediano,-68.8524014528,-32.9006796316,2,Barrio Civico,2366816.36021,0
45120,Morera,31/08/2011 13:25,Alto (> 8 mts),150,Grande,-68.825784849,-32.8708856923,4,Cuarta Este Área Fundacional,1822015.85685,1
3725,Morera,24/08/2011 10:54,Alto (> 8 mts),185,Grande,-68.8207890084,-32.8701819773,4,Cuarta Este Área Fundacional,1822015.85685,1
14471,Paraiso,02/12/2011 09:50,Medio (4 - 8 mts),80,Grande,-68.878591468,-32.8666236941,8,Aeroparque,2203364.73622,0
31766,Fresno europeo,27/06/2011 11:57,Alto (> 8 mts),105,Grande,-68.8579202169,-32.8904789025,5,Residencial Sur,2423808.92355,0
8854,Paraiso,01/02/2011 12:46,Medio (4 - 8 mts),140,Grande,-68.8540899023,-32.8666772599,6,Residencial Norte,2694682.37982,0
14636,Aguaribay,12/12/2011 12:39,Medio (4 - 8 mts),70,Grande,-68.8791711598,-32.8655704717,8,Aeroparque,2203364.73622,0
22649,Morera,21/06/2011 11:40,Alto (> 8 mts),130,Grande,-68.8599450625,-32.9010606366,5,Residencial Sur,2423808.92355,0
44666,Morera,19/08/2011 10:41,Alto (> 8 mts),127,Grande,-68.8236612635,-32.8678887317,4,Cuarta Este Área Fundacional,1822015.85685,0
26191,Fresno americano,20/10/2011 10:48,Bajo (2 - 4 mts),36,Mediano,-68.8314900897,-32.8882274699,3,Parque O'Higgins,1531146.02653,0
2245,Morera,03/11/2011 10:23,Alto (> 8 mts),150,Grande,-68.836006194,-32.8934703611,3,Parque O'Higgins,1531146.02653,0
38357,Paraiso sombrilla,05/11/2010 10:33,Alto (> 8 mts),95,Grande,-68.8523223047,-32.8695173911,6,Residencial Norte,2694682.37982,0
42186,Fresno europeo,04/05/2011 11:15,Bajo (2 - 4 mts),28,Mediano,-68.8403682791,-32.8738527899,1,Parque Central,1655357.93265,0
46864,Morera,09/09/2011 13:09,Medio (4 - 8 mts),45,Mediano,-68.8334229008,-32.8716048351,4,Cuarta Este Área Fundacional,1822015.85685,0
26561,Platano,04/11/2011 08:44,Alto (> 8 mts),200,Grande,-68.8320998906,-32.8901342268,3,Parque O'Higgins,1531146.02653,0
27860,Morera,07/11/2011 08:35,Muy bajo (1 - 2 mts),16,Chico,-68.8346431393,-32.8931517571,3,Parque O'Higgins,1531146.02653,0
6932,Morera,07/06/2011 12:43,Medio (4 - 8 mts),56,Mediano,-68.8553834716,-32.8966587967,5,Residencial Sur,2423808.92355,0
31144,Morera,07/02/2011 09:55,Alto (> 8 mts),144,Grande,-68.8542222762,-32.8638504309,6,Residencial Norte,2694682.37982,0
34785,Morera,29/03/2011 12:55,Alto (> 8 mts),117,Grande,-68.8507868106,-32.8792060807,6,Residencial Norte,2694682.37982,0
39696,Morera,19/10/2010 12:11,Alto (> 8 mts),145,Grande,-68.8462018202,-32.8700683318,6,Residencial Norte,2694682.37982,0
46358,Morera,19/09/2011 13:51,Alto (> 8 mts),130,Grande,-68.8254651187,-32.8742850827,4,Cuarta Este Área Fundacional,1822015.85685,0
14721,Morera,30/11/2011 18:12,Bajo (2 - 4 mts),22,Mediano,-68.8775396977,-32.8697380439,8,Aeroparque,2203364.73622,0
25191,Morera,09/02/2011 17:39,Alto (> 8 mts),118,Grande,-68.8365497732,-32.8988030817,2,Barrio Civico,2366816.36021,0
26464,Acacia SP,09/11/2011 10:00,Medio (4 - 8 mts),70,Grande,-68.8326861504,-32.8913171884,3,Parque O'Higgins,1531146.02653,0
44378,Fresno europeo,19/10/2011 09:32,Alto (> 8 mts),175,Grande,-68.8367985746,-32.885193464,3,Parque O'Higgins,1531146.02653,0
14267,Acacia SP,07/12/2011 10:21,Alto (> 8 mts),110,Grande,-68.8778951119,-32.8680029718,8,Aeroparque,2203364.73622,0
14198,Morera,30/11/2011 12:15,Medio (4 - 8 mts),67,Grande,-68.8768691039,-32.8672272332,8,Aeroparque,2203364.73622,0
16965,Morera,16/08/2011 08:54,Muy bajo (1 - 2 mts),12,Chico,-68.8380746948,-32.8661856684,4,Cuarta Oeste,1173332.70145,0
44324,Acacia SP,12/10/2011 16:32,Alto (> 8 mts),120,Grande,-68.8355097425,-32.882309426,3,Parque O'Higgins,1531146.02653,0
26660,Morera,14/11/2011 13:32,Alto (> 8 mts),120,Grande,-68.8321912305,-32.8942002229,3,Parque O'Higgins,1531146.02653,0
26588,Fresno europeo,03/11/2011 11:50,Medio (4 - 8 mts),120,Grande,-68.832092575,-32.891257873,3,Parque O'Higgins,1531146.02653,0
17484,Platano,16/01/2012 09:13,Alto (> 8 mts),190,Grande,-68.8349953475,-32.8681000264,4,Cuarta Oeste,1173332.70145,0
1616,Acer,24/11/2011 10:04,Muy bajo (1 - 2 mts),20,Chico,-68.8714738124,-32.8787806869,7,Residencial Parque,1786336.08966,0
27452,Fresno europeo,25/10/2011 10:56,Muy bajo (1 - 2 mts),4,Chico,-68.8356260553,-32.8916043084,3,Parque O'Higgins,1531146.02653,0
6695,Fresno americano,12/05/2011 09:22,Medio (4 - 8 mts),33,Mediano,-68.8552386696,-32.8945723499,5,Residencial Sur,2423808.92355,0
44306,Fresno europeo,12/10/2011 18:11,Alto (> 8 mts),280,Grande,-68.8364217321,-32.8810070406,1,Parque Central,1655357.93265,0
17800,Paraiso,22/07/2011 13:28,Medio (4 - 8 mts),93,Grande,-68.8430624154,-32.8688563948,4,Cuarta Oeste,1173332.70145,0
29955,Morera,28/04/2011 12:15,Alto (> 8 mts),200,Grande,-68.8422671803,-32.886035177,1,Parque Central,1655357.93265,0
48204,Jacaranda,01/09/2011 13:24,Medio (4 - 8 mts),45,Mediano,-68.8286215438,-32.8687856337,4,Cuarta Este Área Fundacional,1822015.85685,0
37,Morera,01/03/2012 13:21,Bajo (2 - 4 mts),40,Mediano,-68.8555173886,-32.89637069,5,Residencial Sur,2423808.92355,0
6752,Fresno europeo,17/05/2011 12:12,Muy bajo (1 - 2 mts),15,Chico,-68.8588859141,-32.893089567,5,Residencial Sur,2423808.92355,0
10220,Fresno europeo,15/12/2010 12:59,Alto (> 8 mts),98,Grande,-68.8505782319,-32.8718338605,6,Residencial Norte,2694682.37982,0
32303,Platano,29/06/2011 09:26,Medio (4 - 8 mts),160,Grande,-68.8526949311,-32.8914658897,5,Residencial Sur,2423808.92355,0
45895,Paraiso sombrilla,25/08/2011 11:42,Medio (4 - 8 mts),70,Grande,-68.8200408957,-32.8702110289,4,Cuarta Este Área Fundacional,1822015.85685,0
25329,Fresno americano,09/02/2011 10:34,Medio (4 - 8 mts),61,Grande,-68.8400053548,-32.8995117737,2,Barrio Civico,2366816.36021,0
6386,Fresno europeo,19/05/2011 13:28,Medio (4 - 8 mts),54,Mediano,-68.8504372224,-32.8875160607,5,Residencial Sur,2423808.92355,0
43221,Fresno europeo,04/10/2011 09:33,Alto (> 8 mts),180,Grande,-68.8348047204,-32.8787610573,1,Parque Central,1655357.93265,1
45853,Morera,26/08/2011 08:05,Medio (4 - 8 mts),96,Grande,-68.8215358134,-32.8690944387,4,Cuarta Este Área Fundacional,1822015.85685,0
13901,Morera,19/12/2011 12:08,Bajo (2 - 4 mts),20,Chico,-68.8757112695,-32.8670221536,8,Aeroparque,2203364.73622,0
16768,Morera,11/08/2011 13:45,Medio (4 - 8 mts),41,Mediano,-68.8390123913,-32.8625129641,4,Cuarta Oeste,1173332.70145,0
21744,Morera,24/05/2011 09:19,Alto (> 8 mts),140,Grande,-68.8567482329,-32.8942704366,5,Residencial Sur,2423808.92355,0
17190,Morera,04/07/2011 10:04,Alto (> 8 mts),187,Grande,-68.8361849428,-32.8628247971,4,Cuarta Oeste,1173332.70145,0
40153,Ligustro,14/04/2011 11:58,Medio (4 - 8 mts),80,Grande,-68.8442485478,-32.8793565689,1,Parque Central,1655357.93265,0
39910,Morera,02/05/2011 10:36,Alto (> 8 mts),220,Grande,-68.8432025326,-32.8753569653,1,Parque Central,1655357.93265,0
21536,Morera,08/06/2011 11:28,Alto (> 8 mts),142,Grande,-68.8535492469,-32.8949601369,5,Residencial Sur,2423808.92355,0
14173,Morera,30/11/2011 10:11,Alto (> 8 mts),100,Grande,-68.8766015447,-32.8666584614,8,Aeroparque,2203364.73622,0
6000,Morera,27/04/2011 11:40,Medio (4 - 8 mts),64,Grande,-68.8485129826,-32.8855092633,1,Parque Central,1655357.93265,0
32380,Platano,06/05/2011 09:13,Alto (> 8 mts),210,Grande,-68.8528667723,-32.8921204494,5,Residencial Sur,2423808.92355,0
25344,Tilo,09/02/2011 09:38,Alto (> 8 mts),128,Grande,-68.8397290017,-32.9004337585,2,Barrio Civico,2366816.36021,0
13258,Morera,22/02/2011 13:08,Medio (4 - 8 mts),120,Grande,-68.8471060837,-32.8657018075,6,Residencial Norte,2694682.37982,0
15227,Paraiso,16/11/2011 12:40,Bajo (2 - 4 mts),36,Mediano,-68.8604640402,-32.8686452497,6,Residencial Norte,2694682.37982,0
27785,Platano,03/11/2011 10:21,Alto (> 8 mts),100,Grande,-68.8351209866,-32.8945751939,3,Parque O'Higgins,1531146.02653,0
20322,Morera,16/05/2011 09:14,Alto (> 8 mts),104,Grande,-68.8622722175,-32.8926154604,5,Residencial Sur,2423808.92355,0
17269,Fresno europeo,05/08/2011 10:29,Medio (4 - 8 mts),90,Grande,-68.8364088027,-32.8646709502,4,Cuarta Oeste,1173332.70145,0
45608,Fresno europeo,23/09/2011 08:23,Medio (4 - 8 mts),80,Grande,-68.8198637856,-32.8714048862,4,Cuarta Este Área Fundacional,1822015.85685,0
1332,Liquidambar,29/11/2011 12:06,Bajo (2 - 4 mts),18,Chico,-68.8781515089,-32.8654133154,8,Aeroparque,2203364.73622,0
12077,Paraiso,02/02/2010 11:39,Bajo (2 - 4 mts),0.36,Chico,-68.8534115493,-32.8678359655,6,Residencial Norte,2694682.37982,0
14784,Paraiso,06/12/2011 12:36,Medio (4 - 8 mts),120,Grande,-68.8792726677,-32.868486466,8,Aeroparque,2203364.73622,0
44280,Fresno europeo,21/10/2011 16:47,Medio (4 - 8 mts),100,Grande,-68.8357168258,-32.8798286007,1,Parque Central,1655357.93265,0
40622,Platano,12/04/2011 13:54,Alto (> 8 mts),190,Grande,-68.844543676,-32.8843871191,1,Parque Central,1655357.93265,0
34964,Fresno europeo,04/04/2011 10:25,Bajo (2 - 4 mts),25,Mediano,-68.8571442476,-32.8804159454,7,Residencial Parque,1786336.08966,0
27837,Fresno europeo,02/11/2011 10:21,Alto (> 8 mts),108,Grande,-68.8357182585,-32.8952244967,2,Barrio Civico,2366816.36021,0
25272,Morera,08/02/2011 10:07,Alto (> 8 mts),165,Grande,-68.8381713857,-32.8994213185,2,Barrio Civico,2366816.36021,1
38791,Paraiso,14/12/2010 09:41,Alto (> 8 mts),110,Grande,-68.8497639004,-32.8705827923,6,Residencial Norte,2694682.37982,0
3524,Olmo comun,05/09/2011 09:43,Medio (4 - 8 mts),158,Grande,-68.827264709,-32.8682971655,4,Cuarta Este Área Fundacional,1822015.85685,0
29699,Acacia SP,02/03/2011 15:26,Alto (> 8 mts),188,Grande,-68.8416451528,-32.8937498576,2,Barrio Civico,2366816.36021,0
33061,Morera,18/05/2011 12:03,Alto (> 8 mts),155,Grande,-68.8534237776,-32.8879394001,5,Residencial Sur,2423808.92355,0
16949,Prunas,16/08/2011 10:32,Bajo (2 - 4 mts),50,Mediano,-68.8369956143,-32.8656429174,4,Cuarta Oeste,1173332.70145,0
19808,Morera,04/08/2011 11:23,Alto (> 8 mts),138,Grande,-68.8350189789,-32.8637571507,4,Cuarta Oeste,1173332.70145,0
1249,Paraiso,07/12/2011 10:18,Medio (4 - 8 mts),70,Grande,-68.8775170146,-32.866588917,8,Aeroparque,2203364.73622,0
32479,Olmo comun,30/05/2011 09:44,Alto (> 8 mts),138,Grande,-68.8539658278,-32.8888942227,5,Residencial Sur,2423808.92355,0
2409,Fresno europeo,20/10/2011 10:23,Medio (4 - 8 mts),100,Grande,-68.8324175714,-32.8877197816,3,Parque O'Higgins,1531146.02653,0
43327,Morera,05/10/2011 11:52,Alto (> 8 mts),150,Grande,-68.8323855085,-32.8791143682,4,Cuarta Este Área Fundacional,1822015.85685,0
33083,Platano,28/06/2011 09:38,Alto (> 8 mts),190,Grande,-68.8535448413,-32.8913479945,5,Residencial Sur,2423808.92355,1
18898,Morera,02/08/2011 10:20,Medio (4 - 8 mts),110,Grande,-68.840824466,-32.8701885258,4,Cuarta Oeste,1173332.70145,0
28335,Morera,11/03/2011 10:11,Alto (> 8 mts),194,Grande,-68.8477593815,-32.8890132385,2,Barrio Civico,2366816.36021,0
13830,Morera,25/01/2011 09:53,Alto (> 8 mts),130,Grande,-68.849168959,-32.8632853327,6,Residencial Norte,2694682.37982,0
36640,Platano,14/06/2011 18:40,Alto (> 8 mts),140,Grande,-68.8572390325,-32.8817311702,7,Residencial Parque,1786336.08966,0
29891,Acacia SP,11/03/2011 10:17,Alto (> 8 mts),133,Grande,-68.8411495246,-32.8918613954,2,Barrio Civico,2366816.36021,0
33640,Morera,11/05/2011 13:59,Alto (> 8 mts),160,Grande,-68.8561200295,-32.8864515201,5,Residencial Sur,2423808.92355,1
34206,Fresno europeo,03/03/2011 13:30,Medio (4 - 8 mts),100,Grande,-68.8528576202,-32.8741832467,6,Residencial Norte,2694682.37982,0
19203,Paraiso,06/07/2011 09:43,Alto (> 8 mts),115,Grande,-68.8390830282,-32.8728570256,4,Cuarta Oeste,1173332.70145,1
16127,Conifera,21/07/2011 10:09,Alto (> 8 mts),70,Grande,-68.8442395358,-32.8727240859,6,Residencial Norte,2694682.37982,0
30704,Olmo comun,03/02/2011 12:50,Medio (4 - 8 mts),115,Grande,-68.8555293033,-32.8677383013,6,Residencial Norte,2694682.37982,0
11944,Morera,12/05/2010 11:08,Medio (4 - 8 mts),87,Grande,-68.8516982859,-32.86748215,6,Residencial Norte,2694682.37982,0
14725,Perenne,30/11/2011 17:07,Muy bajo (1 - 2 mts),14,Chico,-68.8773577182,-32.8690536712,8,Aeroparque,2203364.73622,0
44150,Fresno europeo,06/10/2011 16:17,Bajo (2 - 4 mts),24,Mediano,-68.8358192429,-32.878587104,1,Parque Central,1655357.93265,0
25445,Fresno europeo,11/02/2011 08:57,Alto (> 8 mts),154,Grande,-68.8375863566,-32.9002112519,2,Barrio Civico,2366816.36021,0
28733,Morera,11/03/2011 13:40,Alto (> 8 mts),250,Grande,-68.8479517914,-32.8872372298,1,Parque Central,1655357.93265,0
13196,Morera,22/02/2011 09:38,Alto (> 8 mts),110,Grande,-68.8473401106,-32.8645513797,4,Cuarta Oeste,1173332.70145,1
36367,Platano,17/03/2011 12:16,Alto (> 8 mts),200,Grande,-68.8524644516,-32.8779105142,6,Residencial Norte,2694682.37982,0
37707,Fresno europeo,14/01/2012 17:48,Alto (> 8 mts),100,Grande,-68.8510290537,-32.8721871338,6,Residencial Norte,2694682.37982,0
17104,Morera,16/08/2011 09:41,Alto (> 8 mts),160,Grande,-68.8375000845,-32.8632685232,4,Cuarta Oeste,1173332.70145,0
19338,Fresno europeo,19/07/2011 11:36,Alto (> 8 mts),83,Grande,-68.8359437386,-32.8705202654,4,Cuarta Oeste,1173332.70145,0
48259,Paraiso,02/09/2011 09:51,Medio (4 - 8 mts),140,Grande,-68.8303893492,-32.870707263,4,Cuarta Este Área Fundacional,1822015.85685,0
46101,Morera,05/10/2011 11:43,Alto (> 8 mts),200,Grande,-68.8249593899,-32.8749864345,4,Cuarta Este Área Fundacional,1822015.85685,0
21485,Fresno europeo,11/05/2011 11:33,Medio (4 - 8 mts),68,Grande,-68.8585580395,-32.8927275868,5,Residencial Sur,2423808.92355,0
28233,Morera,28/02/2011 17:12,Medio (4 - 8 mts),118,Grande,-68.849002539,-32.8923136959,2,Barrio Civico,2366816.36021,1
48093,Paraiso,29/09/2011 10:00,Medio (4 - 8 mts),170,Grande,-68.8265410362,-32.8677520935,4,Cuarta Este Área Fundacional,1822015.85685,0
4401,Tilo,27/07/2011 09:46,Bajo (2 - 4 mts),25,Mediano,-68.8409962356,-32.8686240943,4,Cuarta Oeste,1173332.70145,0
47980,Morera,31/08/2011 10:02,Alto (> 8 mts),126,Grande,-68.8263902247,-32.8700815015,4,Cuarta Este Área Fundacional,1822015.85685,0
4557,Morera,08/08/2011 14:15,Alto (> 8 mts),120,Grande,-68.8384565541,-32.8649975631,4,Cuarta Oeste,1173332.70145,0
13117,Morera,17/02/2011 13:31,Alto (> 8 mts),150,Grande,-68.845487183,-32.8655963797,4,Cuarta Oeste,1173332.70145,0
43647,Morera,14/10/2011 17:19,Medio (4 - 8 mts),130,Grande,-68.8339283214,-32.8811923032,3,Parque O'Higgins,1531146.02653,0
33271,Platano,29/06/2011 11:34,Alto (> 8 mts),220,Grande,-68.8553324685,-32.8910185738,5,Residencial Sur,2423808.92355,0
46294,Fresno europeo,19/09/2011 12:40,Bajo (2 - 4 mts),30,Mediano,-68.8224005337,-32.8737300779,4,Cuarta Este Área Fundacional,1822015.85685,0
35517,Morera,17/06/2011 13:12,Bajo (2 - 4 mts),24,Mediano,-68.8560201649,-32.8831122485,5,Residencial Sur,2423808.92355,0
44772,Morera,23/08/2011 13:57,Alto (> 8 mts),158,Grande,-68.8230568933,-32.8687736126,4,Cuarta Este Área Fundacional,1822015.85685,0
42476,Morera,30/09/2011 14:52,Alto (> 8 mts),150,Grande,-68.8312522577,-32.876486795,4,Cuarta Este Área Fundacional,1822015.85685,0
5997,Fresno europeo,27/04/2011 12:02,Alto (> 8 mts),140,Grande,-68.8484417478,-32.8846881609,1,Parque Central,1655357.93265,0
12984,Paraiso,15/02/2011 12:38,Alto (> 8 mts),114,Grande,-68.844302543,-32.8643620485,4,Cuarta Oeste,1173332.70145,1
42856,Fresno europeo,03/10/2011 15:11,Alto (> 8 mts),100,Grande,-68.8333092754,-32.8775918316,4,Cuarta Este Área Fundacional,1822015.85685,1
7146,Perenne,15/06/2011 11:36,Alto (> 8 mts),140,Grande,-68.8531456807,-32.8993829892,5,Residencial Sur,2423808.92355,0
8116,Acacia SP,16/03/2011 12:37,Alto (> 8 mts),116,Grande,-68.8407165948,-32.8907136058,3,Parque O'Higgins,1531146.02653,0
11137,Catalpa,28/01/2011 10:23,Alto (> 8 mts),140,Grande,-68.84371076,-32.9029124569,2,Barrio Civico,2366816.36021,0
27332,Platano,25/10/2011 09:09,Alto (> 8 mts),152,Grande,-68.835585494,-32.8905351198,3,Parque O'Higgins,1531146.02653,0
18529,Fresno europeo,05/07/2011 13:04,Alto (> 8 mts),100,Grande,-68.8376215372,-32.8734831668,4,Cuarta Oeste,1173332.70145,0
5536,Fresno americano,07/04/2011 11:04,Medio (4 - 8 mts),32,Mediano,-68.8419244414,-32.8807392046,1,Parque Central,1655357.93265,0
23744,Morera,25/01/2011 11:27,Alto (> 8 mts),110,Grande,-68.8493169129,-32.9009019204,2,Barrio Civico,2366816.36021,0
16833,Paraiso,08/08/2011 13:24,Alto (> 8 mts),183,Grande,-68.8385751398,-32.8643170536,4,Cuarta Oeste,1173332.70145,0
42616,Morera,29/09/2011 10:13,Alto (> 8 mts),160,Grande,-68.8283755311,-32.8766531693,4,Cuarta Este Área Fundacional,1822015.85685,1
10413,Ligustro,23/03/2011 10:48,Bajo (2 - 4 mts),22,Mediano,-68.8523490233,-32.8821211072,1,Parque Central,1655357.93265,0
25205,Morera,11/02/2011 14:38,Alto (> 8 mts),98,Grande,-68.8371556875,-32.8984165089,2,Barrio Civico,2366816.36021,0
10826,Ligustro,30/03/2011 12:23,Medio (4 - 8 mts),110,Grande,-68.8547594565,-32.8782814942,6,Residencial Norte,2694682.37982,0
3029,Fresno europeo,15/09/2011 12:55,Medio (4 - 8 mts),100,Grande,-68.828383605,-32.8730744494,4,Cuarta Este Área Fundacional,1822015.85685,0
23148,Fresno europeo,19/01/2011 16:46,Medio (4 - 8 mts),68,Grande,-68.847869903,-32.9026279955,2,Barrio Civico,2366816.36021,0
1488,Paraiso,24/11/2011 14:30,Muy bajo (1 - 2 mts),25,Mediano,-68.872159277,-32.8770961076,7,Residencial Parque,1786336.08966,0
37494,Morera,15/11/2010 12:26,Medio (4 - 8 mts),150,Grande,-68.8568862406,-32.8695176849,6,Residencial Norte,2694682.37982,1
30204,Ligustro,09/03/2011 09:30,Medio (4 - 8 mts),31,Mediano,-68.8419729216,-32.8890742284,3,Parque O'Higgins,1531146.02653,0
30686,Morera,03/02/2011 10:01,Alto (> 8 mts),140,Grande,-68.8553080715,-32.8667470566,6,Residencial Norte,2694682.37982,0
790,Aguaribay,14/12/2011 10:21,Medio (4 - 8 mts),150,Grande,-68.8794460856,-32.8666269713,8,Aeroparque,2203364.73622,0
9565,Paraiso sombrilla,09/02/2011 13:30,Bajo (2 - 4 mts),90,Grande,-68.8555862735,-32.8647751948,6,Residencial Norte,2694682.37982,0
8182,Fresno europeo,11/03/2011 12:31,Bajo (2 - 4 mts),15,Chico,-68.8417818458,-32.8914295232,2,Barrio Civico,2366816.36021,0
27947,Morera,03/11/2011 12:06,Medio (4 - 8 mts),100,Grande,-68.8375052962,-32.8937362881,2,Barrio Civico,2366816.36021,1
16830,Prunas,08/08/2011 13:55,Medio (4 - 8 mts),45,Mediano,-68.8383501689,-32.8644301873,4,Cuarta Oeste,1173332.70145,0
2439,Fresno europeo,27/10/2011 10:00,Medio (4 - 8 mts),90,Grande,-68.8371123269,-32.8902230813,3,Parque O'Higgins,1531146.02653,0
19765,Morera,11/08/2011 09:52,Alto (> 8 mts),200,Grande,-68.8351589415,-32.8693588434,4,Cuarta Oeste,1173332.70145,0
35891,Morera,28/03/2011 09:58,Medio (4 - 8 mts),60,Mediano,-68.8534230478,-32.8762872917,6,Residencial Norte,2694682.37982,0
5679,Morera,03/05/2011 13:21,Medio (4 - 8 mts),130,Grande,-68.8384858765,-32.876740057,1,Parque Central,1655357.93265,0
7092,Morera,01/06/2011 12:45,Bajo (2 - 4 mts),29,Mediano,-68.8601260904,-32.8980365704,5,Residencial Sur,2423808.92355,0
27822,Morera,02/11/2011 10:51,Alto (> 8 mts),132,Grande,-68.8360625558,-32.8942605416,3,Parque O'Higgins,1531146.02653,0
28552,Morera,21/02/2011 09:08,Alto (> 8 mts),200,Grande,-68.8496294139,-32.8892165566,5,Residencial Sur,2423808.92355,0
28877,Platano,26/04/2011 11:04,Alto (> 8 mts),170,Grande,-68.8463777687,-32.8849116455,1,Parque Central,1655357.93265,0
41091,Platano,28/04/2011 12:17,Alto (> 8 mts),198,Grande,-68.8376320788,-32.8834089278,1,Parque Central,1655357.93265,0
45113,Morera,31/08/2011 15:57,Alto (> 8 mts),150,Grande,-68.8257271985,-32.8703147495,4,Cuarta Este Área Fundacional,1822015.85685,0
35668,Morera,18/03/2011 10:06,Medio (4 - 8 mts),140,Grande,-68.8557138743,-32.8746799808,6,Residencial Norte,2694682.37982,0
37165,Fresno europeo,07/04/2011 10:32,Medio (4 - 8 mts),57,Mediano,-68.8594891002,-32.8784164141,7,Residencial Parque,1786336.08966,0
48137,Fresno europeo,17/08/2011 10:55,Alto (> 8 mts),128,Grande,-68.8302101239,-32.8672928608,4,Cuarta Este Área Fundacional,1822015.85685,0
39487,Morera,10/11/2010 12:25,Alto (> 8 mts),180,Grande,-68.853873501,-32.8697409782,6,Residencial Norte,2694682.37982,0
47905,Morera,31/08/2011 10:10,Medio (4 - 8 mts),165,Grande,-68.8290662373,-32.8703693105,4,Cuarta Este Área Fundacional,1822015.85685,0
1980,Morera,03/01/2012 11:06,Medio (4 - 8 mts),81,Grande,-68.8597135156,-32.8902104286,5,Residencial Sur,2423808.92355,0
28220,Fresno europeo,10/03/2011 19:15,Muy bajo (1 - 2 mts),8,Chico,-68.8478785817,-32.8925837563,2,Barrio Civico,2366816.36021,0
17868,Morera,01/08/2011 13:48,Alto (> 8 mts),157,Grande,-68.8370066172,-32.8662893712,4,Cuarta Oeste,1173332.70145,0
27271,Platano,31/10/2011 09:30,Alto (> 8 mts),170,Grande,-68.8354755938,-32.8897672103,3,Parque O'Higgins,1531146.02653,0
45084,Caducifolio,01/09/2011 10:28,Muy bajo (1 - 2 mts),3,Chico,-68.8256809586,-32.8711266705,4,Cuarta Este Área Fundacional,1822015.85685,0
14906,Paraiso sombrilla,19/12/2011 09:05,Bajo (2 - 4 mts),55,Mediano,-68.8810501381,-32.8737105453,8,Aeroparque,2203364.73622,0
14208,Paraiso sombrilla,30/11/2011 11:49,Medio (4 - 8 mts),122,Grande,-68.8767543809,-32.8667944462,8,Aeroparque,2203364.73622,0
9180,Paraiso,02/03/2011 09:36,Alto (> 8 mts),180,Grande,-68.8510667344,-32.8656186637,6,Residencial Norte,2694682.37982,0
26922,Fresno europeo,01/11/2011 18:12,Medio (4 - 8 mts),84,Grande,-68.8356932635,-32.8860210956,3,Parque O'Higgins,1531146.02653,0
44551,Fresno europeo,17/10/2011 11:35,Medio (4 - 8 mts),88,Grande,-68.8366827414,-32.8855954675,3,Parque O'Higgins,1531146.02653,0
18537,Morera,05/07/2011 12:46,Alto (> 8 mts),125,Grande,-68.8380420031,-32.87317908,4,Cuarta Oeste,1173332.70145,0
33454,Fresno europeo,15/06/2011 11:12,Alto (> 8 mts),80,Grande,-68.8573052039,-32.8885995048,5,Residencial Sur,2423808.92355,0
13102,Morera,16/02/2011 13:09,Alto (> 8 mts),190,Grande,-68.8463448022,-32.8658554704,4,Cuarta Oeste,1173332.70145,0
32777,Morera,15/07/2011 08:18,Alto (> 8 mts),160,Grande,-68.8514509667,-32.8861163937,5,Residencial Sur,2423808.92355,0
36504,Morera,06/04/2011 11:28,Medio (4 - 8 mts),84,Grande,-68.8551584992,-32.8785233492,6,Residencial Norte,2694682.37982,0
23451,Morera,18/01/2011 20:11,Medio (4 - 8 mts),60,Mediano,-68.8486803808,-32.9020381079,2,Barrio Civico,2366816.36021,0
15460,Paraiso,22/11/2011 07:05,Bajo (2 - 4 mts),30,Mediano,-68.8598412874,-32.8714774509,6,Residencial Norte,2694682.37982,0
47205,Fresno americano,19/09/2011 11:06,Alto (> 8 mts),60,Mediano,-68.832149299,-32.8740375184,4,Cuarta Este Área Fundacional,1822015.85685,0
6511,Morera,09/05/2011 11:18,Alto (> 8 mts),112,Grande,-68.8522049707,-32.8927379452,5,Residencial Sur,2423808.92355,1
40871,Platano,26/04/2011 15:51,Alto (> 8 mts),168,Grande,-68.8380618989,-32.8850907344,3,Parque O'Higgins,1531146.02653,0
44049,Fresno americano,18/10/2011 12:17,Alto (> 8 mts),105,Grande,-68.8322607145,-32.8860710759,3,Parque O'Higgins,1531146.02653,0
43610,Morera,13/10/2011 08:37,Bajo (2 - 4 mts),12,Chico,-68.8338357987,-32.8826516589,3,Parque O'Higgins,1531146.02653,0
2142,Fresno europeo,28/10/2011 10:23,Bajo (2 - 4 mts),50,Mediano,-68.8383589075,-32.8913159761,3,Parque O'Higgins,1531146.02653,0
2235,Platano,31/10/2011 09:11,Alto (> 8 mts),180,Grande,-68.8373171993,-32.8936680587,2,Barrio Civico,2366816.36021,0
18999,Morera,13/07/2011 09:36,Alto (> 8 mts),150,Grande,-68.8409639,-32.8712082489,4,Cuarta Oeste,1173332.70145,0
22626,Morera,22/06/2011 10:27,Alto (> 8 mts),160,Grande,-68.8611853208,-32.9006470636,5,Residencial Sur,2423808.92355,0
19983,Fresno europeo,05/08/2011 08:33,Alto (> 8 mts),128,Grande,-68.8325619411,-32.8637613706,4,Cuarta Oeste,1173332.70145,0
28340,Morera,11/03/2011 10:26,Alto (> 8 mts),220,Grande,-68.8472259201,-32.8891133971,2,Barrio Civico,2366816.36021,0
17094,Paraiso,15/08/2011 11:27,Medio (4 - 8 mts),110,Grande,-68.8380550521,-32.8637774382,4,Cuarta Oeste,1173332.70145,1
45601,Fresno europeo,23/09/2011 08:42,Bajo (2 - 4 mts),50,Mediano,-68.8203534658,-32.8713860552,4,Cuarta Este Área Fundacional,1822015.85685,0
18988,Morera,03/08/2011 13:01,Medio (4 - 8 mts),116,Grande,-68.8368698633,-32.8697869564,4,Cuarta Oeste,1173332.70145,0
39285,Paraiso,30/12/2010 08:45,Alto (> 8 mts),190,Grande,-68.8555206305,-32.8720103825,6,Residencial Norte,2694682.37982,0
121,Morera,29/02/2012 10:33,Bajo (2 - 4 mts),16,Chico,-68.8565817275,-32.8638083644,6,Residencial Norte,2694682.37982,0
8992,Ligustro,14/01/2011 14:03,Medio (4 - 8 mts),40,Mediano,-68.8459175901,-32.8678764548,4,Cuarta Oeste,1173332.70145,0
28249,Morera,28/02/2011 16:45,Alto (> 8 mts),172,Grande,-68.8481285672,-32.8929924911,2,Barrio Civico,2366816.36021,1
39324,Morera,30/12/2010 10:04,Medio (4 - 8 mts),95,Grande,-68.8560763177,-32.8712929335,6,Residencial Norte,2694682.37982,0
29830,Olmo comun,03/03/2011 18:53,Alto (> 8 mts),132,Grande,-68.8420349143,-32.8924995365,2,Barrio Civico,2366816.36021,0
46345,Fresno europeo,19/09/2011 14:43,Medio (4 - 8 mts),135,Grande,-68.8260603275,-32.8737212713,4,Cuarta Este Área Fundacional,1822015.85685,0
26097,Acacia SP,04/11/2011 16:12,Medio (4 - 8 mts),140,Grande,-68.8327484133,-32.8874729103,3,Parque O'Higgins,1531146.02653,1
36228,Fresno europeo,18/03/2011 09:31,Alto (> 8 mts),76,Grande,-68.8544171013,-32.8776140323,6,Residencial Norte,2694682.37982,0
18085,Paraiso,01/08/2011 10:22,Alto (> 8 mts),210,Grande,-68.840216416,-32.8684178362,4,Cuarta Oeste,1173332.70145,0
13638,Morera,25/02/2011 09:22,Alto (> 8 mts),170,Grande,-68.8520198547,-32.8664069772,6,Residencial Norte,2694682.37982,0
45398,Fresno europeo,16/09/2011 08:46,Alto (> 8 mts),140,Grande,-68.825497764,-32.8712570606,4,Cuarta Este Área Fundacional,1822015.85685,0
40307,Aguaribay,11/04/2011 12:35,Alto (> 8 mts),240,Grande,-68.8458396272,-32.8802594216,1,Parque Central,1655357.93265,1
48320,Olmo comun,19/08/2011 10:39,Medio (4 - 8 mts),180,Grande,-68.8274042066,-32.8684893621,4,Cuarta Este Área Fundacional,1822015.85685,0
18166,Morera,26/07/2011 09:58,Alto (> 8 mts),160,Grande,-68.8396912202,-32.8689441831,4,Cuarta Oeste,1173332.70145,1
23659,Liquidambar,20/01/2011 19:29,Alto (> 8 mts),98,Grande,-68.8484772241,-32.9005732469,2,Barrio Civico,2366816.36021,0
23573,Perenne,24/01/2011 11:53,Alto (> 8 mts),112,Grande,-68.8515350105,-32.9019219886,2,Barrio Civico,2366816.36021,0
893,Paraiso,17/01/2012 10:29,Alto (> 8 mts),180,Grande,-68.8472490009,-32.8732860024,6,Residencial Norte,2694682.37982,0
18504,Paraiso,06/07/2011 13:47,Alto (> 8 mts),210,Grande,-68.8383051508,-32.874677985,1,Parque Central,1655357.93265,0
21245,Morera,10/05/2011 12:07,Alto (> 8 mts),150,Grande,-68.8533885109,-32.8952513732,5,Residencial Sur,2423808.92355,0
39569,Paraiso,28/10/2010 11:33,Alto (> 8 mts),180,Grande,-68.8500935356,-32.8692575228,6,Residencial Norte,2694682.37982,0
21268,Morera,13/06/2011 12:52,Alto (> 8 mts),142,Grande,-68.8529911516,-32.8960632635,5,Residencial Sur,2423808.92355,0
27863,Morera,07/11/2011 08:41,Alto (> 8 mts),130,Grande,-68.834688873,-32.8928691374,3,Parque O'Higgins,1531146.02653,1
26455,Morera,09/11/2011 09:15,Alto (> 8 mts),160,Grande,-68.8340297485,-32.8926498748,3,Parque O'Higgins,1531146.02653,0
43461,Fresno europeo,03/10/2011 09:54,Bajo (2 - 4 mts),36,Mediano,-68.8322760208,-32.8795451404,4,Cuarta Este Área Fundacional,1822015.85685,0
1195,Paraiso,01/12/2011 07:58,Bajo (2 - 4 mts),52,Mediano,-68.8763541999,-32.8659493195,8,Aeroparque,2203364.73622,0
37192,Morera,01/04/2011 11:27,Alto (> 8 mts),175,Grande,-68.8584141276,-32.8786874881,7,Residencial Parque,1786336.08966,0
40635,Fresno europeo,12/04/2011 10:49,Medio (4 - 8 mts),43,Mediano,-68.8453739693,-32.8839272032,1,Parque Central,1655357.93265,0
38474,Paraiso,03/11/2010 11:28,Alto (> 8 mts),200,Grande,-68.8516278002,-32.870229127100004,6,Residencial Norte,2694682.37982,1
24884,Morera,17/02/2011 09:17,Alto (> 8 mts),148,Grande,-68.8391119133,-32.8978773499,2,Barrio Civico,2366816.36021,0
37288,Alamo criollo,15/03/2011 11:50,Alto (> 8 mts),155,Grande,-68.8585649844,-32.8734136148,6,Residencial Norte,2694682.37982,0
28201,Morera,14/03/2011 18:09,Alto (> 8 mts),110,Grande,-68.8475292271,-32.8936030182,2,Barrio Civico,2366816.36021,1
18903,Morera,02/08/2011 10:09,Alto (> 8 mts),170,Grande,-68.8409256122,-32.8705698908,4,Cuarta Oeste,1173332.70145,0
536,Morera,08/03/2012 17:50,Medio (4 - 8 mts),140,Grande,-68.8214092801,-32.8682042815,4,Cuarta Este Área Fundacional,1822015.85685,0
1354,Paraiso sombrilla,29/11/2011 13:11,Bajo (2 - 4 mts),50,Mediano,-68.8772161184,-32.8650427967,8,Aeroparque,2203364.73622,0
41910,Platano,18/04/2011 10:22,Alto (> 8 mts),180,Grande,-68.8429549171,-32.8789226797,1,Parque Central,1655357.93265,0
19838,Fresno europeo,04/08/2011 09:59,Medio (4 - 8 mts),40,Mediano,-68.8351802429,-32.8647149598,4,Cuarta Oeste,1173332.70145,0
6853,Morera,10/06/2011 08:12,Medio (4 - 8 mts),30,Mediano,-68.8572967559,-32.8952126538,5,Residencial Sur,2423808.92355,0
1551,Prunas,22/11/2011 17:40,Bajo (2 - 4 mts),30,Mediano,-68.8731341568,-32.8792824477,7,Residencial Parque,1786336.08966,0
6709,Acer,12/05/2011 10:20,Medio (4 - 8 mts),35,Mediano,-68.8545620765,-32.8935937205,5,Residencial Sur,2423808.92355,0
20907,Paraiso,27/05/2011 09:15,Medio (4 - 8 mts),104,Grande,-68.8616755609,-32.8950018491,5,Residencial Sur,2423808.92355,0
14826,Prunas,07/12/2011 10:19,Bajo (2 - 4 mts),30,Mediano,-68.8781885063,-32.8690882676,8,Aeroparque,2203364.73622,0
7709,Paraiso,31/05/2011 09:16,Medio (4 - 8 mts),110,Grande,-68.8573589382,-32.8841293292,5,Residencial Sur,2423808.92355,0
8087,Fresno americano,03/03/2011 12:37,Alto (> 8 mts),120,Grande,-68.83964306,-32.8895218911,3,Parque O'Higgins,1531146.02653,0
29507,Morera,18/02/2011 11:31,Alto (> 8 mts),92,Grande,-68.8451869478,-32.8927605803,2,Barrio Civico,2366816.36021,0
12849,Perenne,18/01/2011 13:29,Bajo (2 - 4 mts),70,Grande,-68.8466603639,-32.8639540733,4,Cuarta Oeste,1173332.70145,0
16342,Alamo blanco,12/08/2011 14:16,Alto (> 8 mts),125,Grande,-68.8418634443,-32.8630972019,4,Cuarta Oeste,1173332.70145,0
17245,Morera,12/08/2011 09:13,Alto (> 8 mts),136,Grande,-68.8365300928,-32.864308447,4,Cuarta Oeste,1173332.70145,0
7964,Fresno europeo,21/02/2011 12:32,Medio (4 - 8 mts),37,Mediano,-68.8418892446,-32.8889705453,3,Parque O'Higgins,1531146.02653,0
34299,Morera,04/03/2011 13:09,Alto (> 8 mts),140,Grande,-68.8514665794,-32.873680892,6,Residencial Norte,2694682.37982,0
6381,Fresno europeo,03/06/2011 12:21,Bajo (2 - 4 mts),18,Chico,-68.8589386538,-32.8872944788,5,Residencial Sur,2423808.92355,0
16039,Morera,15/08/2011 14:24,Alto (> 8 mts),160,Grande,-68.8454586358,-32.8717787938,6,Residencial Norte,2694682.37982,1
26058,Fresno europeo,08/11/2011 15:41,Alto (> 8 mts),160,Grande,-68.8339983417,-32.8875446227,3,Parque O'Higgins,1531146.02653,0
26532,Morera,21/10/2011 13:48,Medio (4 - 8 mts),105,Grande,-68.8311355001,-32.8901955643,3,Parque O'Higgins,1531146.02653,0
26548,Morera,21/10/2011 15:29,Medio (4 - 8 mts),110,Grande,-68.8311776165,-32.8913182267,3,Parque O'Higgins,1531146.02653,1
34822,Morera,29/03/2011 12:25,Alto (> 8 mts),153,Grande,-68.8523940204,-32.8759650787,6,Residencial Norte,2694682.37982,1
16709,Paraiso,22/07/2011 09:14,Alto (> 8 mts),160,Grande,-68.840266832,-32.8635668504,4,Cuarta Oeste,1173332.70145,0
16442,Perenne,12/08/2011 09:45,Muy bajo (1 - 2 mts),30,Mediano,-68.8416863224,-32.8629657812,4,Cuarta Oeste,1173332.70145,0
43609,Platano,13/10/2011 08:39,Alto (> 8 mts),160,Grande,-68.8338323849,-32.8825918334,3,Parque O'Higgins,1531146.02653,0
460,Fresno europeo,07/03/2012 11:16,Medio (4 - 8 mts),95,Grande,-68.8215614725,-32.8682479964,4,Cuarta Este Área Fundacional,1822015.85685,0
15019,Morera,19/12/2011 10:24,Bajo (2 - 4 mts),50,Mediano,-68.8807674205,-32.8723604169,8,Aeroparque,2203364.73622,0
33973,Morera,26/05/2011 13:15,Bajo (2 - 4 mts),100,Grande,-68.8546274022,-32.8844192639,5,Residencial Sur,2423808.92355,0
9089,Morera,17/02/2011 11:42,Medio (4 - 8 mts),53,Mediano,-68.8547251401,-32.8663435803,6,Residencial Norte,2694682.37982,0
47283,Morera,20/09/2011 11:09,Medio (4 - 8 mts),35,Mediano,-68.8306659906,-32.8734013581,4,Cuarta Este Área Fundacional,1822015.85685,0
463,Morera,07/03/2012 11:11,Medio (4 - 8 mts),90,Grande,-68.821585189,-32.8684236415,4,Cuarta Este Área Fundacional,1822015.85685,0
39928,Morera,29/04/2011 10:09,Medio (4 - 8 mts),140,Grande,-68.8439465721,-32.8760175414,1,Parque Central,1655357.93265,0
15338,Paraiso,16/11/2011 13:06,Medio (4 - 8 mts),65,Grande,-68.859991124,-32.8698899266,6,Residencial Norte,2694682.37982,0
23102,Morera,19/01/2011 15:51,Alto (> 8 mts),180,Grande,-68.8472523506,-32.9017702828,2,Barrio Civico,2366816.36021,1
435,Acer,06/03/2012 11:22,Muy bajo (1 - 2 mts),12,Chico,-68.8175554938,-32.8680475506,4,Cuarta Este Área Fundacional,1822015.85685,0
26417,Fresno americano,25/10/2011 09:04,Medio (4 - 8 mts),103,Grande,-68.8334970826,-32.8887834631,3,Parque O'Higgins,1531146.02653,0
34189,Morera,03/03/2011 10:53,Medio (4 - 8 mts),124,Grande,-68.8533464829,-32.8734655313,6,Residencial Norte,2694682.37982,0
947,Fresno europeo,10/01/2012 13:30,Bajo (2 - 4 mts),18,Chico,-68.8476433299,-32.873433766,6,Residencial Norte,2694682.37982,0
14507,Morera,30/11/2011 17:04,Bajo (2 - 4 mts),64,Grande,-68.8790402093,-32.8659945713,8,Aeroparque,2203364.73622,0
46869,Morera,09/09/2011 11:17,Alto (> 8 mts),120,Grande,-68.8333991225,-32.8712041736,4,Cuarta Este Área Fundacional,1822015.85685,0
48145,Fresno europeo,17/08/2011 10:40,Medio (4 - 8 mts),115,Grande,-68.8302563986,-32.8679255065,4,Cuarta Este Área Fundacional,1822015.85685,0
41456,Morera,07/04/2011 11:26,Alto (> 8 mts),140,Grande,-68.8413626938,-32.8808118758,1,Parque Central,1655357.93265,1
294,Morera,05/03/2012 13:34,Alto (> 8 mts),170,Grande,-68.8225719873,-32.8677460403,4,Cuarta Este Área Fundacional,1822015.85685,0
18452,Acer,11/07/2011 09:46,Alto (> 8 mts),220,Grande,-68.8397767593,-32.8733659305,4,Cuarta Oeste,1173332.70145,0
14388,Fresno europeo,02/12/2011 10:25,Muy bajo (1 - 2 mts),12,Chico,-68.8781140149,-32.8672226399,8,Aeroparque,2203364.73622,0
13215,Paraiso,21/02/2011 13:30,Alto (> 8 mts),160,Grande,-68.8475424041,-32.86482717,6,Residencial Norte,2694682.37982,0
10337,Morera,30/11/2010 11:04,Medio (4 - 8 mts),60,Mediano,-68.8560723103,-32.8725987752,6,Residencial Norte,2694682.37982,0
17001,Paraiso,15/08/2011 11:06,Medio (4 - 8 mts),126,Grande,-68.8371158774,-32.8645511277,4,Cuarta Oeste,1173332.70145,0
25522,Fresno americano,04/03/2011 13:33,Alto (> 8 mts),138,Grande,-68.8396987279,-32.9005587228,2,Barrio Civico,2366816.36021,0
24181,Morera,24/01/2011 08:53,Medio (4 - 8 mts),80,Grande,-68.8457010665,-32.9019067063,2,Barrio Civico,2366816.36021,0
3796,Fresno europeo,05/09/2011 10:23,Bajo (2 - 4 mts),15,Chico,-68.8326221545,-32.8698063058,4,Cuarta Este Área Fundacional,1822015.85685,0
46342,Morera,19/09/2011 14:21,Alto (> 8 mts),166,Grande,-68.8260478469,-32.8735462352,4,Cuarta Este Área Fundacional,1822015.85685,0
6937,Morera,07/06/2011 12:14,Alto (> 8 mts),86,Grande,-68.8547732984,-32.8969077551,5,Residencial Sur,2423808.92355,0
24105,Jacaranda,11/01/2011 09:53,Alto (> 8 mts),115,Grande,-68.8465491617,-32.9019722119,2,Barrio Civico,2366816.36021,0
21493,Fresno americano,11/05/2011 10:44,Medio (4 - 8 mts),22,Mediano,-68.8574720579,-32.8929394036,5,Residencial Sur,2423808.92355,0
9848,Morera,07/01/2011 13:09,Muy bajo (1 - 2 mts),15,Chico,-68.8437878341,-32.8645146635,4,Cuarta Oeste,1173332.70145,0
34152,Morera,10/03/2011 13:40,Alto (> 8 mts),95,Grande,-68.8563465093,-32.8727897663,6,Residencial Norte,2694682.37982,0
11817,Paraiso,03/03/2011 09:57,Alto (> 8 mts),200,Grande,-68.8496228374,-32.8659655633,6,Residencial Norte,2694682.37982,0
3056,Morera,15/09/2011 14:04,Alto (> 8 mts),108,Grande,-68.8266933744,-32.8721652586,4,Cuarta Este Área Fundacional,1822015.85685,0
4899,Morera,21/07/2011 10:27,Bajo (2 - 4 mts),30,Mediano,-68.8426419524,-32.8637636482,4,Cuarta Oeste,1173332.70145,0
35479,Morera,08/04/2011 11:10,Alto (> 8 mts),160,Grande,-68.8563406142,-32.8817750441,7,Residencial Parque,1786336.08966,1
13342,Fresno europeo,12/01/2011 10:44,Bajo (2 - 4 mts),40,Mediano,-68.846138289,-32.8668095607,4,Cuarta Oeste,1173332.70145,0
9996,Paraiso,04/11/2010 12:14,Alto (> 8 mts),180,Grande,-68.8522059027,-32.8692864306,6,Residencial Norte,2694682.37982,0
31769,Platano,27/06/2011 11:53,Alto (> 8 mts),170,Grande,-68.8581632368,-32.8904854001,5,Residencial Sur,2423808.92355,0
22767,Morera,29/06/2011 15:30,Alto (> 8 mts),136,Grande,-68.8549483294,-32.9017285023,5,Residencial Sur,2423808.92355,0
28692,Morera,01/03/2011 12:38,Alto (> 8 mts),160,Grande,-68.8463062358,-32.890586215,2,Barrio Civico,2366816.36021,0
18723,Morera,12/07/2011 19:55,Alto (> 8 mts),164,Grande,-68.8365600072,-32.8733369723,4,Cuarta Oeste,1173332.70145,0
29910,Platano,15/03/2011 08:54,Alto (> 8 mts),195,Grande,-68.8398290006,-32.8919049543,2,Barrio Civico,2366816.36021,0
12959,Caducifolio,11/01/2011 13:47,Bajo (2 - 4 mts),35,Mediano,-68.8439555875,-32.8634625881,4,Cuarta Oeste,1173332.70145,0
15102,Paraiso,18/11/2011 09:19,Bajo (2 - 4 mts),60,Mediano,-68.8593208513,-32.8690440694,6,Residencial Norte,2694682.37982,0
24679,Paraiso,20/01/2011 11:36,Medio (4 - 8 mts),57,Mediano,-68.8433252399,-32.8964419348,2,Barrio Civico,2366816.36021,0
29905,Fresno europeo,15/03/2011 09:25,Muy bajo (1 - 2 mts),8,Chico,-68.8405476597,-32.8916549951,2,Barrio Civico,2366816.36021,0
17096,Olmo comun,15/08/2011 11:16,Alto (> 8 mts),185,Grande,-68.8380656175,-32.8639603157,4,Cuarta Oeste,1173332.70145,0
6589,Paraiso,06/05/2011 09:39,Alto (> 8 mts),106,Grande,-68.8517961416,-32.8929870577,5,Residencial Sur,2423808.92355,0
30697,Morera,03/02/2011 12:35,Alto (> 8 mts),160,Grande,-68.8555531948,-32.8675150944,6,Residencial Norte,2694682.37982,0
26244,Olmo comun,19/10/2011 09:33,Alto (> 8 mts),200,Grande,-68.8313775423,-32.8886228777,3,Parque O'Higgins,1531146.02653,0
23460,Morera,24/01/2011 15:13,Alto (> 8 mts),176,Grande,-68.8490660344,-32.9016575199,2,Barrio Civico,2366816.36021,0
37587,Morera,17/11/2010 10:06,Alto (> 8 mts),130,Grande,-68.8578316767,-32.8704284826,6,Residencial Norte,2694682.37982,0
21119,Morera,21/06/2011 10:00,Alto (> 8 mts),180,Grande,-68.8630284862,-32.8992732953,5,Residencial Sur,2423808.92355,0
45993,Morera,24/08/2011 11:18,Alto (> 8 mts),150,Grande,-68.8189963138,-32.8694874453,4,Cuarta Este Área Fundacional,1822015.85685,0
37315,Morera,16/03/2011 13:55,Alto (> 8 mts),145,Grande,-68.8583715783,-32.8746005132,6,Residencial Norte,2694682.37982,0
2795,Fresno americano,20/10/2011 16:39,Alto (> 8 mts),100,Grande,-68.8355442319,-32.8809634175,1,Parque Central,1655357.93265,0
44279,Fresno europeo,21/10/2011 16:48,Muy bajo (1 - 2 mts),6,Chico,-68.8358719971,-32.879823304,1,Parque Central,1655357.93265,0
26608,Acacia SP,03/11/2011 11:18,Alto (> 8 mts),190,Grande,-68.8328980755,-32.8904997992,3,Parque O'Higgins,1531146.02653,1
44763,Morera,24/08/2011 09:41,Medio (4 - 8 mts),36,Mediano,-68.8236872973,-32.8687711664,4,Cuarta Este Área Fundacional,1822015.85685,0
46201,Morera,28/09/2011 11:12,Medio (4 - 8 mts),180,Grande,-68.8250971547,-32.8751327367,4,Cuarta Este Área Fundacional,1822015.85685,0
324,Morera,07/03/2012 10:36,Medio (4 - 8 mts),140,Grande,-68.8202026342,-32.867659569,4,Cuarta Este Área Fundacional,1822015.85685,0
39915,Morera,02/05/2011 10:05,Medio (4 - 8 mts),160,Grande,-68.8431011587,-32.8759364775,1,Parque Central,1655357.93265,0
10553,Fresno europeo,22/03/2011 10:26,Bajo (2 - 4 mts),20,Chico,-68.8551728416,-32.8759751059,6,Residencial Norte,2694682.37982,0
19944,Morera,08/08/2011 09:20,Alto (> 8 mts),150,Grande,-68.8333212285,-32.8636755088,4,Cuarta Oeste,1173332.70145,0
6729,Prunas,13/05/2011 11:02,Muy bajo (1 - 2 mts),7,Chico,-68.8564474353,-32.8932381034,5,Residencial Sur,2423808.92355,0
46749,Morera,05/09/2011 11:24,Medio (4 - 8 mts),65,Grande,-68.8334000172,-32.8695830189,4,Cuarta Oeste,1173332.70145,0
22761,Fresno europeo,29/06/2011 16:17,Alto (> 8 mts),50,Mediano,-68.8548285162,-32.9023118035,5,Residencial Sur,2423808.92355,0
24543,Morera,27/01/2011 12:35,Alto (> 8 mts),103,Grande,-68.8435385389,-32.9015681305,2,Barrio Civico,2366816.36021,0
31479,Paraiso,19/05/2011 11:29,Medio (4 - 8 mts),115,Grande,-68.8581199103,-32.8912498051,5,Residencial Sur,2423808.92355,0
30462,Platano,18/02/2011 13:53,Alto (> 8 mts),240,Grande,-68.840545802,-32.8882494402,3,Parque O'Higgins,1531146.02653,0
41219,Fresno europeo,15/04/2011 13:57,Alto (> 8 mts),150,Grande,-68.8391550822,-32.8820085835,1,Parque Central,1655357.93265,0
28080,Morera,21/02/2011 18:21,Alto (> 8 mts),126,Grande,-68.849698127,-32.8920593336,5,Residencial Sur,2423808.92355,1
18806,Morera,10/08/2011 10:53,Alto (> 8 mts),280,Grande,-68.8359951517,-32.8697556961,4,Cuarta Oeste,1173332.70145,0
45726,Morera,24/08/2011 11:40,Medio (4 - 8 mts),196,Grande,-68.8216442181,-32.8688504145,4,Cuarta Este Área Fundacional,1822015.85685,0
22378,Fresno europeo,16/06/2011 11:27,Bajo (2 - 4 mts),60,Mediano,-68.8588637698,-32.8981852591,5,Residencial Sur,2423808.92355,0
9009,Prunas,11/01/2011 13:57,Bajo (2 - 4 mts),40,Mediano,-68.8454336119,-32.8670904509,4,Cuarta Oeste,1173332.70145,0
36696,Fresno europeo,07/06/2011 09:22,Medio (4 - 8 mts),100,Grande,-68.8603258577,-32.883434618,7,Residencial Parque,1786336.08966,0
1491,Acacia SP,24/11/2011 11:33,Alto (> 8 mts),145,Grande,-68.8721258751,-32.8768403405,7,Residencial Parque,1786336.08966,0
15918,Fresno americano,24/11/2011 12:22,Bajo (2 - 4 mts),26,Mediano,-68.8732039494,-32.8772993397,7,Residencial Parque,1786336.08966,0
20151,Alamo criollo,16/05/2011 10:18,Alto (> 8 mts),220,Grande,-68.8620684029,-32.8913063403,5,Residencial Sur,2423808.92355,0
46788,Fresno europeo,07/09/2011 11:10,Medio (4 - 8 mts),196,Grande,-68.8320869801,-32.8724626266,4,Cuarta Este Área Fundacional,1822015.85685,0
32087,Fresno europeo,07/06/2011 13:35,Alto (> 8 mts),150,Grande,-68.8590620406,-32.8875837798,5,Residencial Sur,2423808.92355,1
11467,Paraiso,06/01/2011 13:05,Alto (> 8 mts),214,Grande,-68.8433640018,-32.8628363265,4,Cuarta Oeste,1173332.70145,0
31102,Fresno europeo,08/02/2011 13:00,Medio (4 - 8 mts),140,Grande,-68.8543547043,-32.8645307593,6,Residencial Norte,2694682.37982,0
2673,Acacia SP,12/10/2011 14:45,Alto (> 8 mts),200,Grande,-68.8325125478,-32.8846981473,3,Parque O'Higgins,1531146.02653,0
11431,Morera,24/01/2011 09:20,Alto (> 8 mts),115,Grande,-68.8511622628,-32.9020575103,2,Barrio Civico,2366816.36021,0
713,Paraiso sombrilla,17/12/2011 09:00,Muy bajo (1 - 2 mts),5,Chico,-68.8812711382,-32.8731713932,8,Aeroparque,2203364.73622,0
14012,Caducifolio,29/11/2011 17:22,Muy bajo (1 - 2 mts),6,Chico,-68.8784874072,-32.8655513905,8,Aeroparque,2203364.73622,0
7334,Morera,21/06/2011 11:23,Medio (4 - 8 mts),64,Grande,-68.8598668122,-32.9006764532,5,Residencial Sur,2423808.92355,0
30345,Acacia SP,04/03/2011 10:04,Alto (> 8 mts),206,Grande,-68.8406144706,-32.8897931363,3,Parque O'Higgins,1531146.02653,0
11109,Morera,28/03/2011 09:57,Medio (4 - 8 mts),75,Grande,-68.8532510942,-32.8799840186,6,Residencial Norte,2694682.37982,0
38258,Fresno europeo,17/01/2012 08:11,Alto (> 8 mts),160,Grande,-68.8464427079,-32.8736647753,6,Residencial Norte,2694682.37982,0
22947,Paraiso,19/05/2011 17:02,Medio (4 - 8 mts),132,Grande,-68.8558289595,-32.9003501152,5,Residencial Sur,2423808.92355,0
11819,Morera,02/03/2011 13:36,Alto (> 8 mts),160,Grande,-68.8496336097,-32.8658387321,6,Residencial Norte,2694682.37982,0
31115,Fresno europeo,08/02/2011 09:27,Medio (4 - 8 mts),64,Grande,-68.8545563345,-32.8644589998,6,Residencial Norte,2694682.37982,0
31977,Fresno europeo,02/06/2011 12:43,Bajo (2 - 4 mts),70,Grande,-68.8589683105,-32.8836739358,5,Residencial Sur,2423808.92355,0
413,Fresno americano,06/03/2012 12:38,Medio (4 - 8 mts),120,Grande,-68.8185999883,-32.8672860017,4,Cuarta Este Área Fundacional,1822015.85685,0
19559,Morera,26/07/2011 09:41,Alto (> 8 mts),200,Grande,-68.8382438196,-32.8713221617,4,Cuarta Oeste,1173332.70145,0
46378,Morera,19/08/2011 12:18,Medio (4 - 8 mts),100,Grande,-68.8329222883,-32.8671954162,4,Cuarta Oeste,1173332.70145,1
21696,Morera,10/06/2011 08:08,Medio (4 - 8 mts),42,Mediano,-68.8573805233,-32.8954708629,5,Residencial Sur,2423808.92355,0
15800,Fresno europeo,21/11/2011 18:10,Bajo (2 - 4 mts),64,Grande,-68.8735674853,-32.8793529093,7,Residencial Parque,1786336.08966,0
23265,Morera,26/01/2012 13:23,Medio (4 - 8 mts),140,Grande,-68.8519724086,-32.9011993292,2,Barrio Civico,2366816.36021,1
12593,Fresno americano,14/01/2011 12:38,Medio (4 - 8 mts),56,Mediano,-68.8456009934,-32.8633484452,4,Cuarta Oeste,1173332.70145,0
32840,Fresno americano,13/06/2011 09:48,Bajo (2 - 4 mts),44,Mediano,-68.8501217768,-32.886348605,5,Residencial Sur,2423808.92355,0
8924,Morera,24/01/2011 13:48,Alto (> 8 mts),120,Grande,-68.848820511,-32.8674734242,6,Residencial Norte,2694682.37982,0
1109,Jacaranda,13/12/2011 17:13,Muy bajo (1 - 2 mts),16,Chico,-68.8797564439,-32.8679889959,8,Aeroparque,2203364.73622,0
12579,Morera,11/01/2011 12:32,Alto (> 8 mts),120,Grande,-68.8452339918,-32.862708723,4,Cuarta Oeste,1173332.70145,0
8186,Acacia SP,11/03/2011 10:04,Medio (4 - 8 mts),38,Mediano,-68.8412694906,-32.8922714087,2,Barrio Civico,2366816.36021,0
41655,Morera,03/05/2011 12:00,Alto (> 8 mts),96,Grande,-68.8370077508,-32.8766430145,1,Parque Central,1655357.93265,0
27586,Morera,07/11/2011 09:54,Alto (> 8 mts),220,Grande,-68.8377199458,-32.8949453735,2,Barrio Civico,2366816.36021,0
33424,Platano,02/06/2011 14:00,Alto (> 8 mts),130,Grande,-68.85672048,-32.888538175,5,Residencial Sur,2423808.92355,0
8362,Morera,03/02/2011 18:26,Alto (> 8 mts),180,Grande,-68.8397923338,-32.902761321,2,Barrio Civico,2366816.36021,0
37554,Morera,16/11/2010 11:26,Muy bajo (1 - 2 mts),10,Chico,-68.8572089476,-32.8692499888,6,Residencial Norte,2694682.37982,0
35403,Morera,21/06/2011 09:13,Medio (4 - 8 mts),140,Grande,-68.8558666009,-32.8831119815,5,Residencial Sur,2423808.92355,0
6651,Morera,12/05/2011 11:36,Medio (4 - 8 mts),22,Mediano,-68.8603424598,-32.8922334961,5,Residencial Sur,2423808.92355,0
11379,Fresno americano,27/01/2011 19:32,Alto (> 8 mts),118,Grande,-68.8493586416,-32.901591109,2,Barrio Civico,2366816.36021,0
31215,Morera,04/02/2011 13:04,Alto (> 8 mts),122,Grande,-68.8534611512,-32.8649011034,6,Residencial Norte,2694682.37982,0
23773,Morera,26/01/2011 14:24,Alto (> 8 mts),172,Grande,-68.8502173584,-32.8999793263,2,Barrio Civico,2366816.36021,0
41252,Platano,14/04/2011 14:00,Alto (> 8 mts),198,Grande,-68.8396161617,-32.8814942189,1,Parque Central,1655357.93265,0
27518,Fresno europeo,26/10/2011 09:57,Medio (4 - 8 mts),105,Grande,-68.8371137696,-32.892236988,3,Parque O'Higgins,1531146.02653,0
29478,Morera,16/03/2011 12:34,Muy bajo (1 - 2 mts),12,Chico,-68.8452721136,-32.8930720424,2,Barrio Civico,2366816.36021,0
37998,Morera,10/01/2012 13:21,Medio (4 - 8 mts),120,Grande,-68.8473995084,-32.8733820443,6,Residencial Norte,2694682.37982,0
11415,Morera,28/01/2011 13:43,Medio (4 - 8 mts),48,Mediano,-68.8514055383,-32.9008248053,2,Barrio Civico,2366816.36021,0
1372,Paraiso sombrilla,29/11/2011 18:05,Bajo (2 - 4 mts),160,Grande,-68.8780810818,-32.8647106725,8,Aeroparque,2203364.73622,0
27498,Morera,27/10/2011 09:55,Alto (> 8 mts),170,Grande,-68.8372187867,-32.8919089993,3,Parque O'Higgins,1531146.02653,1
24337,Prunas,26/01/2011 12:42,Medio (4 - 8 mts),40,Mediano,-68.8439188453,-32.9024552211,2,Barrio Civico,2366816.36021,0
47930,Caducifolio,31/08/2011 11:42,Bajo (2 - 4 mts),80,Grande,-68.8275326203,-32.8705399701,4,Cuarta Este Área Fundacional,1822015.85685,0
36544,Fresno europeo,04/04/2011 11:50,Medio (4 - 8 mts),57,Mediano,-68.8559096574,-32.8793536845,6,Residencial Norte,2694682.37982,0
17419,Morera,04/08/2011 12:23,Alto (> 8 mts),185,Grande,-68.8360368772,-32.8676940264,4,Cuarta Oeste,1173332.70145,0
976,Paraiso,16/01/2012 10:24,Alto (> 8 mts),105,Grande,-68.8361469605,-32.8681333464,4,Cuarta Oeste,1173332.70145,0
27560,Platano,28/10/2011 11:43,Muy bajo (1 - 2 mts),8,Chico,-68.8398062661,-32.892662728,2,Barrio Civico,2366816.36021,0
30496,Platano,17/02/2011 09:07,Alto (> 8 mts),196,Grande,-68.8391391543,-32.8892592313,3,Parque O'Higgins,1531146.02653,0
40482,Fresno europeo,11/04/2011 09:23,Muy bajo (1 - 2 mts),5,Chico,-68.843337405,-32.8817410985,1,Parque Central,1655357.93265,0
18719,Morera,12/07/2011 20:10,Medio (4 - 8 mts),15,Chico,-68.8367932456,-32.8732926123,4,Cuarta Oeste,1173332.70145,0
41122,Platano,02/05/2011 14:44,Alto (> 8 mts),98,Grande,-68.8400199845,-32.8830837754,1,Parque Central,1655357.93265,0
42883,Morera,03/10/2011 08:48,Alto (> 8 mts),145,Grande,-68.8328941236,-32.8765121538,4,Cuarta Este Área Fundacional,1822015.85685,1
30777,Morera,02/02/2011 09:09,Alto (> 8 mts),190,Grande,-68.8540701183,-32.8689588343,6,Residencial Norte,2694682.37982,0
769,Aguaribay,14/12/2011 11:08,Alto (> 8 mts),185,Grande,-68.8804231517,-32.8674121172,8,Aeroparque,2203364.73622,0
39960,Acer,27/04/2011 13:05,Medio (4 - 8 mts),110,Grande,-68.8435854933,-32.877402674,1,Parque Central,1655357.93265,0
9732,Ligustro,19/01/2011 11:35,Bajo (2 - 4 mts),60,Mediano,-68.8473820304,-32.8628145726,4,Cuarta Oeste,1173332.70145,0
1206,Acer,29/11/2011 12:25,Bajo (2 - 4 mts),20,Chico,-68.8772815647,-32.8656853353,8,Aeroparque,2203364.73622,0
11263,Fresno europeo,12/01/2011 13:50,Alto (> 8 mts),73,Grande,-68.8469608142,-32.8998182147,2,Barrio Civico,2366816.36021,0
27811,Morera,03/11/2011 09:25,Alto (> 8 mts),132,Grande,-68.8353407917,-32.8943370314,3,Parque O'Higgins,1531146.02653,0
75,Fresno europeo,02/03/2012 13:38,Bajo (2 - 4 mts),38,Mediano,-68.8571470338,-32.8960945728,5,Residencial Sur,2423808.92355,0
30059,Morera,05/04/2011 09:31,Medio (4 - 8 mts),62,Grande,-68.8397236604,-32.8869916139,3,Parque O'Higgins,1531146.02653,0
1458,Fresno europeo,25/11/2011 10:42,Bajo (2 - 4 mts),55,Mediano,-68.8712947305,-32.8761049862,7,Residencial Parque,1786336.08966,0
19377,Platano,04/07/2011 11:08,Alto (> 8 mts),220,Grande,-68.8349343182,-32.8732379957,4,Cuarta Este Área Fundacional,1822015.85685,0
25196,Morera,11/02/2011 14:11,Alto (> 8 mts),102,Grande,-68.8368476054,-32.8987403902,2,Barrio Civico,2366816.36021,0
6106,Ligustro,02/05/2011 15:00,Alto (> 8 mts),72,Grande,-68.8398227054,-32.8822976176,1,Parque Central,1655357.93265,0
37311,Morera,16/03/2011 14:09,Alto (> 8 mts),160,Grande,-68.8586253219,-32.8745555352,7,Residencial Parque,1786336.08966,0
43419,Fresno europeo,26/10/2011 16:42,Medio (4 - 8 mts),110,Grande,-68.8314385913,-32.8801480586,3,Parque O'Higgins,1531146.02653,0
2883,Alamo blanco,09/09/2011 08:34,Alto (> 8 mts),160,Grande,-68.8305538035,-32.8711909571,4,Cuarta Este Área Fundacional,1822015.85685,0
2846,Acacia SP,03/11/2011 10:58,Alto (> 8 mts),108,Grande,-68.8347355817,-32.8945732154,3,Parque O'Higgins,1531146.02653,0
27705,Morera,02/11/2011 08:16,Alto (> 8 mts),165,Grande,-68.8369852232,-32.8955321921,2,Barrio Civico,2366816.36021,1
29349,Platano,25/04/2011 08:49,Alto (> 8 mts),200,Grande,-68.8431262736,-32.8876266194,1,Parque Central,1655357.93265,0
23995,Olmo comun,13/01/2011 12:00,Alto (> 8 mts),135,Grande,-68.8463233832,-32.9001709666,2,Barrio Civico,2366816.36021,0
1251,Paraiso,30/11/2011 11:45,Medio (4 - 8 mts),40,Mediano,-68.8767173189,-32.8666890952,8,Aeroparque,2203364.73622,0
13242,Fresno europeo,21/02/2011 12:03,Medio (4 - 8 mts),100,Grande,-68.8475562976,-32.8660614074,6,Residencial Norte,2694682.37982,0
24649,Morera,17/01/2011 13:39,Alto (> 8 mts),103,Grande,-68.8432519299,-32.9004412001,2,Barrio Civico,2366816.36021,0
3746,Perenne,25/08/2011 13:14,Bajo (2 - 4 mts),45,Mediano,-68.8193063939,-32.8696316371,4,Cuarta Este Área Fundacional,1822015.85685,0
21036,Morera,21/06/2011 11:48,Alto (> 8 mts),120,Grande,-68.8634998408,-32.9015131921,5,Residencial Sur,2423808.92355,0
1843,Paraiso,17/11/2011 12:59,Bajo (2 - 4 mts),72,Grande,-68.8586938626,-32.8721926158,6,Residencial Norte,2694682.37982,0
7760,Prunas,17/05/2011 09:16,Bajo (2 - 4 mts),50,Mediano,-68.8525410887,-32.8860246156,5,Residencial Sur,2423808.92355,0
18651,Prunas,05/07/2011 10:56,Muy bajo (1 - 2 mts),48,Mediano,-68.836740109,-32.8756011681,1,Parque Central,1655357.93265,0
24007,Morera,13/01/2011 10:17,Alto (> 8 mts),156,Grande,-68.845673429,-32.9005204962,2,Barrio Civico,2366816.36021,0
37611,Paraiso,13/12/2010 10:33,Alto (> 8 mts),130,Grande,-68.8502231773,-32.8716046481,6,Residencial Norte,2694682.37982,0
19578,Morera,14/07/2011 10:18,Alto (> 8 mts),176,Grande,-68.8375472202,-32.872458205,4,Cuarta Oeste,1173332.70145,0
20169,Fresno europeo,13/05/2011 09:45,Medio (4 - 8 mts),70,Grande,-68.8595155971,-32.8924927242,5,Residencial Sur,2423808.92355,0
6862,Morera,07/06/2011 10:47,Medio (4 - 8 mts),95,Grande,-68.8576694929,-32.895168967,5,Residencial Sur,2423808.92355,0
34589,Fresno europeo,17/01/2012 19:16,Medio (4 - 8 mts),50,Mediano,-68.8489935897,-32.874944829,6,Residencial Norte,2694682.37982,0
39583,Morera,22/10/2010 11:41,Alto (> 8 mts),180,Grande,-68.8477530917,-32.8695641606,6,Residencial Norte,2694682.37982,0
24334,Morera,26/01/2011 12:49,Alto (> 8 mts),78,Grande,-68.8438882477,-32.9023241638,2,Barrio Civico,2366816.36021,0
32630,Paraiso,21/06/2011 12:10,Alto (> 8 mts),80,Grande,-68.8530237163,-32.890248102,5,Residencial Sur,2423808.92355,1
27445,Acacia SP,25/10/2011 08:54,Alto (> 8 mts),148,Grande,-68.8354729183,-32.8911338751,3,Parque O'Higgins,1531146.02653,0
42388,Platano,29/09/2011 11:34,Alto (> 8 mts),240,Grande,-68.8336471889,-32.8759172961,4,Cuarta Este Área Fundacional,1822015.85685,0
36892,Aguaribay,07/04/2011 14:26,Bajo (2 - 4 mts),40,Mediano,-68.8594567324,-32.8800057728,7,Residencial Parque,1786336.08966,0
4920,Morera,19/07/2011 21:58,Alto (> 8 mts),190,Grande,-68.8430826672,-32.8648492864,4,Cuarta Oeste,1173332.70145,0
28672,Platano,02/03/2011 09:20,Alto (> 8 mts),145,Grande,-68.8468386583,-32.8914732985,2,Barrio Civico,2366816.36021,0
24725,Morera,17/02/2011 10:35,Alto (> 8 mts),140,Grande,-68.8406215097,-32.8992316841,2,Barrio Civico,2366816.36021,1
13636,Jacaranda,25/02/2011 09:33,Alto (> 8 mts),94,Grande,-68.8519175339,-32.8663530069,6,Residencial Norte,2694682.37982,1
32093,Fresno europeo,07/06/2011 13:24,Medio (4 - 8 mts),87,Grande,-68.8590684692,-32.8879859309,5,Residencial Sur,2423808.92355,0
29276,Morera,23/02/2011 12:44,Alto (> 8 mts),220,Grande,-68.8428949109,-32.8884295542,3,Parque O'Higgins,1531146.02653,0
45851,Morera,26/08/2011 08:10,Medio (4 - 8 mts),220,Grande,-68.8215179234,-32.8689576262,4,Cuarta Este Área Fundacional,1822015.85685,0
44874,Morera,23/08/2011 10:40,Medio (4 - 8 mts),180,Grande,-68.8248163838,-32.8678316543,4,Cuarta Este Área Fundacional,1822015.85685,0
8451,Fresno europeo,09/02/2011 18:58,Bajo (2 - 4 mts),36,Mediano,-68.8362117871,-32.8983446448,2,Barrio Civico,2366816.36021,0
43345,Fresno europeo,26/10/2011 12:57,Bajo (2 - 4 mts),30,Mediano,-68.8324361415,-32.88037365,3,Parque O'Higgins,1531146.02653,0
14793,Morera,06/12/2011 12:12,Medio (4 - 8 mts),104,Grande,-68.8797344968,-32.8685856446,8,Aeroparque,2203364.73622,0
8297,Platano,02/03/2011 18:03,Alto (> 8 mts),188,Grande,-68.8428301826,-32.8938342009,2,Barrio Civico,2366816.36021,0
2920,Conifera,19/09/2011 11:20,Medio (4 - 8 mts),44,Mediano,-68.8202939303,-32.8723275715,4,Cuarta Este Área Fundacional,1822015.85685,0
13969,Acer,29/11/2011 12:21,Bajo (2 - 4 mts),40,Mediano,-68.8780126577,-32.8649362651,8,Aeroparque,2203364.73622,0
36443,Fresno europeo,18/03/2011 12:18,Alto (> 8 mts),125,Grande,-68.8521521445,-32.8800570383,6,Residencial Norte,2694682.37982,0
41256,Morera,14/04/2011 14:05,Alto (> 8 mts),140,Grande,-68.8396975121,-32.8817998501,1,Parque Central,1655357.93265,1
23121,Morera,19/01/2011 17:15,Alto (> 8 mts),118,Grande,-68.8477205143,-32.9034229299,2,Barrio Civico,2366816.36021,0
7671,Jacaranda,27/05/2011 10:04,Bajo (2 - 4 mts),28,Mediano,-68.8543253126,-32.8850935497,5,Residencial Sur,2423808.92355,0
29399,Platano,02/03/2011 11:01,Alto (> 8 mts),155,Grande,-68.8453535899,-32.8917463334,2,Barrio Civico,2366816.36021,0
48038,Morera,02/09/2011 11:38,Muy bajo (1 - 2 mts),8,Chico,-68.8269033062,-32.8688202014,4,Cuarta Este Área Fundacional,1822015.85685,0
24031,Ligustro,21/01/2011 13:42,Medio (4 - 8 mts),82,Grande,-68.8458864677,-32.9015980972,2,Barrio Civico,2366816.36021,0
37858,Morera,24/11/2010 10:36,Alto (> 8 mts),170,Grande,-68.8525212045,-32.873045543800004,6,Residencial Norte,2694682.37982,0
21030,Morera,21/06/2011 11:58,Alto (> 8 mts),128,Grande,-68.8640929958,-32.9015040783,5,Residencial Sur,2423808.92355,0
34123,Fresno europeo,10/03/2011 09:25,Medio (4 - 8 mts),28,Mediano,-68.8558856623,-32.8728801306,6,Residencial Norte,2694682.37982,0
13331,Morera,25/02/2011 09:49,Medio (4 - 8 mts),160,Grande,-68.8476862199,-32.8659858323,6,Residencial Norte,2694682.37982,0
21901,Fresno europeo,03/06/2011 09:42,Alto (> 8 mts),104,Grande,-68.8577770785,-32.896872452,5,Residencial Sur,2423808.92355,0
35526,Morera,17/06/2011 09:13,Medio (4 - 8 mts),110,Grande,-68.8557453648,-32.8820700051,7,Residencial Parque,1786336.08966,1
32420,Morera,24/05/2011 13:09,Alto (> 8 mts),120,Grande,-68.8509548442,-32.8886161062,5,Residencial Sur,2423808.92355,0
33618,Morera,16/05/2011 13:48,Alto (> 8 mts),155,Grande,-68.8539609816,-32.8878535392,5,Residencial Sur,2423808.92355,0
29409,Morera,02/03/2011 10:23,Bajo (2 - 4 mts),18,Chico,-68.8450081945,-32.8910534384,2,Barrio Civico,2366816.36021,0
30986,Fresno europeo,11/02/2011 09:38,Medio (4 - 8 mts),136,Grande,-68.8558764567,-32.8638201317,6,Residencial Norte,2694682.37982,0
43660,Morera,13/10/2011 18:01,Medio (4 - 8 mts),130,Grande,-68.8349962366,-32.8811125643,1,Parque Central,1655357.93265,0
31448,Fresno europeo,13/07/2011 12:23,Alto (> 8 mts),180,Grande,-68.849132646,-32.8844307903,1,Parque Central,1655357.93265,1
9264,Fresno europeo,22/02/2011 11:04,Muy bajo (1 - 2 mts),5,Chico,-68.8471408128,-32.8650649358,4,Cuarta Oeste,1173332.70145,0
32752,Platano,17/05/2011 09:41,Alto (> 8 mts),160,Grande,-68.8521766005,-32.8864749692,5,Residencial Sur,2423808.92355,0
4141,Morera,27/09/2011 12:21,Medio (4 - 8 mts),90,Grande,-68.8259827593,-32.875504447,4,Cuarta Este Área Fundacional,1822015.85685,0
39538,Acacia SP,01/11/2010 10:32,Medio (4 - 8 mts),160,Grande,-68.8490419296,-32.8694813239,6,Residencial Norte,2694682.37982,0
19773,Morera,11/08/2011 09:36,Alto (> 8 mts),130,Grande,-68.8346984275,-32.8691325181,4,Cuarta Oeste,1173332.70145,0
16262,Perenne,21/07/2011 09:33,Bajo (2 - 4 mts),40,Mediano,-68.8426624312,-32.8647151545,4,Cuarta Oeste,1173332.70145,0
22186,Morera,18/05/2011 09:37,Alto (> 8 mts),92,Grande,-68.85605702,-32.8982915546,5,Residencial Sur,2423808.92355,0
20467,Olmo comun,02/06/2011 13:36,Alto (> 8 mts),155,Grande,-68.8606141783,-32.8969567186,5,Residencial Sur,2423808.92355,0
19403,Morera,05/07/2011 09:30,Alto (> 8 mts),145,Grande,-68.8358036409,-32.8734865646,4,Cuarta Oeste,1173332.70145,0
43288,Fresno europeo,07/10/2011 11:52,Alto (> 8 mts),85,Grande,-68.8326782172,-32.8799512398,3,Parque O'Higgins,1531146.02653,1
3377,Fresno americano,28/09/2011 12:08,Medio (4 - 8 mts),70,Grande,-68.8293941327,-32.8756540268,4,Cuarta Este Área Fundacional,1822015.85685,0
27379,Platano,20/10/2011 13:07,Alto (> 8 mts),188,Grande,-68.835608224,-32.8884700661,3,Parque O'Higgins,1531146.02653,1
14781,Paraiso sombrilla,06/12/2011 13:02,Muy bajo (1 - 2 mts),18,Chico,-68.8791133407,-32.8685878709,8,Aeroparque,2203364.73622,0
21171,Fresno europeo,06/05/2011 10:11,Alto (> 8 mts),106,Grande,-68.8516974709,-32.8933688763,5,Residencial Sur,2423808.92355,0
40406,Platano,12/04/2011 10:29,Alto (> 8 mts),200,Grande,-68.8448226441,-32.8829083301,1,Parque Central,1655357.93265,0
6253,Ligustro,14/07/2011 09:34,Muy bajo (1 - 2 mts),5,Chico,-68.8541876996,-32.885217134,5,Residencial Sur,2423808.92355,0
27706,Morera,02/11/2011 08:15,Alto (> 8 mts),145,Grande,-68.8368512919,-32.8955546995,2,Barrio Civico,2366816.36021,0
14376,Paraiso sombrilla,30/11/2011 12:24,Bajo (2 - 4 mts),66,Grande,-68.8783896472,-32.8663430437,8,Aeroparque,2203364.73622,0
42265,Morera,03/05/2011 11:34,Alto (> 8 mts),98,Grande,-68.838309714,-32.8759285379,1,Parque Central,1655357.93265,0
11468,Acacia SP,06/01/2011 12:42,Medio (4 - 8 mts),119,Grande,-68.8432405029,-32.8628315732,4,Cuarta Oeste,1173332.70145,0
35034,Fresno europeo,23/03/2011 09:36,Alto (> 8 mts),118,Grande,-68.8541642708,-32.8809833204,6,Residencial Norte,2694682.37982,0
48143,Olmo comun,17/08/2011 10:44,Medio (4 - 8 mts),90,Grande,-68.8302440332,-32.8677724676,4,Cuarta Este Área Fundacional,1822015.85685,0
18479,Morera,07/07/2011 11:07,Medio (4 - 8 mts),115,Grande,-68.8385267736,-32.8744385109,1,Parque Central,1655357.93265,0
29774,Morera,15/03/2011 09:17,Alto (> 8 mts),108,Grande,-68.8413322592,-32.8931122576,2,Barrio Civico,2366816.36021,0
37137,Fresno europeo,01/04/2011 12:03,Medio (4 - 8 mts),100,Grande,-68.8580139208,-32.8771576721,7,Residencial Parque,1786336.08966,0
7970,Fresno europeo,15/07/2011 09:57,Bajo (2 - 4 mts),10,Chico,-68.8427459442,-32.8888048982,3,Parque O'Higgins,1531146.02653,0
38501,Fresno europeo,02/11/2010 10:21,Bajo (2 - 4 mts),35,Mediano,-68.850253157,-32.8696108203,6,Residencial Norte,2694682.37982,0
46042,Fresno europeo,19/09/2011 13:36,Bajo (2 - 4 mts),36,Mediano,-68.8206812593,-32.8728607505,4,Cuarta Este Área Fundacional,1822015.85685,0
40657,Fresno europeo,13/04/2011 09:34,Medio (4 - 8 mts),60,Mediano,-68.8433011213,-32.8843161742,1,Parque Central,1655357.93265,0
45931,Morera,25/08/2011 13:14,Bajo (2 - 4 mts),46,Mediano,-68.8192314966,-32.8695162176,4,Cuarta Este Área Fundacional,1822015.85685,0
41191,Morera,15/04/2011 14:19,Alto (> 8 mts),97,Grande,-68.8383688317,-32.8817931393,1,Parque Central,1655357.93265,0
36082,Fresno europeo,06/04/2011 10:06,Medio (4 - 8 mts),40,Mediano,-68.8542982439,-32.8765880372,6,Residencial Norte,2694682.37982,0
26314,Platano,21/10/2011 08:41,Alto (> 8 mts),145,Grande,-68.8315522869,-32.8896002374,3,Parque O'Higgins,1531146.02653,0
36802,Fresno americano,07/04/2011 15:15,Medio (4 - 8 mts),95,Grande,-68.859123695,-32.8812407123,7,Residencial Parque,1786336.08966,0
25907,Morera,07/02/2011 15:06,Medio (4 - 8 mts),86,Grande,-68.839562279,-32.9027947997,2,Barrio Civico,2366816.36021,0
25957,Morera,01/02/2011 11:43,Alto (> 8 mts),180,Grande,-68.8386460885,-32.9037593708,2,Barrio Civico,2366816.36021,0
31317,Morera,28/02/2011 11:34,Medio (4 - 8 mts),140,Grande,-68.8489738922,-32.8652528175,6,Residencial Norte,2694682.37982,0
5377,Alamo blanco,25/04/2011 09:31,Medio (4 - 8 mts),100,Grande,-68.8449627447,-32.8770283185,1,Parque Central,1655357.93265,0
47555,Paraiso,19/09/2011 08:59,Alto (> 8 mts),130,Grande,-68.8274580619,-32.8712720464,4,Cuarta Este Área Fundacional,1822015.85685,0
32579,Paraiso,17/06/2011 10:21,Alto (> 8 mts),230,Grande,-68.8530344538,-32.8897237836,5,Residencial Sur,2423808.92355,0
27599,Fresno europeo,07/11/2011 09:19,Medio (4 - 8 mts),99,Grande,-68.8388285874,-32.8943026394,2,Barrio Civico,2366816.36021,0
47264,Fresno europeo,20/09/2011 11:45,Alto (> 8 mts),155,Grande,-68.8319196828,-32.8729301385,4,Cuarta Este Área Fundacional,1822015.85685,0
383,Fresno europeo,05/03/2012 11:55,Bajo (2 - 4 mts),30,Mediano,-68.8194570707,-32.8678466509,4,Cuarta Este Área Fundacional,1822015.85685,0
17271,Fresno americano,05/08/2011 10:19,Medio (4 - 8 mts),34,Mediano,-68.8366308549,-32.8647109149,4,Cuarta Oeste,1173332.70145,0
8239,Platano,25/02/2011 12:56,Alto (> 8 mts),166,Grande,-68.8430297126,-32.8923133276,2,Barrio Civico,2366816.36021,0
24837,Olmo comun,18/02/2011 10:13,Alto (> 8 mts),81,Grande,-68.8398301771,-32.8967175719,2,Barrio Civico,2366816.36021,0
21776,Morera,23/05/2011 08:45,Alto (> 8 mts),140,Grande,-68.8558281216,-32.8949842246,5,Residencial Sur,2423808.92355,0
2003,Morera,14/11/2011 13:47,Alto (> 8 mts),112,Grande,-68.8326997933,-32.8948720084,3,Parque O'Higgins,1531146.02653,0
30122,Fresno americano,26/04/2011 09:31,Alto (> 8 mts),138,Grande,-68.8417594948,-32.8869071481,3,Parque O'Higgins,1531146.02653,0
46,Fresno europeo,01/03/2012 12:38,Bajo (2 - 4 mts),16,Chico,-68.8556066986,-32.8968926954,5,Residencial Sur,2423808.92355,0
35327,Morera,23/06/2011 10:33,Medio (4 - 8 mts),110,Grande,-68.8541498784,-32.8826857449,5,Residencial Sur,2423808.92355,1
40319,Platano,08/04/2011 13:09,Alto (> 8 mts),160,Grande,-68.8437783931,-32.881471805,1,Parque Central,1655357.93265,0
22723,Morera,11/05/2011 10:05,Alto (> 8 mts),112,Grande,-68.8532968925,-32.9014345154,2,Barrio Civico,2366816.36021,0
33209,Platano,09/05/2011 12:48,Alto (> 8 mts),220,Grande,-68.8551561428,-32.8911693065,5,Residencial Sur,2423808.92355,0
20825,Morera,30/05/2011 10:43,Alto (> 8 mts),115,Grande,-68.8620034047,-32.8962817109,5,Residencial Sur,2423808.92355,1
42643,Paraiso,26/09/2011 08:47,Alto (> 8 mts),130,Grande,-68.8292782719,-32.8756419835,4,Cuarta Este Área Fundacional,1822015.85685,0
30690,Jacaranda,03/02/2011 10:17,Bajo (2 - 4 mts),40,Mediano,-68.8556030296,-32.8669515935,6,Residencial Norte,2694682.37982,0
21402,Platano,11/05/2011 09:41,Alto (> 8 mts),190,Grande,-68.8552520284,-32.8923430537,5,Residencial Sur,2423808.92355,0
15982,Conifera,10/08/2011 10:38,Alto (> 8 mts),75,Grande,-68.843785117,-32.8721551562,4,Cuarta Oeste,1173332.70145,0
31209,Fresno europeo,07/02/2011 08:25,Medio (4 - 8 mts),60,Mediano,-68.8535052649,-32.8644549656,6,Residencial Norte,2694682.37982,0
41692,Morera,27/04/2011 14:00,Medio (4 - 8 mts),68,Grande,-68.8385298942,-32.8773736173,1,Parque Central,1655357.93265,0
16208,Ligustro,14/07/2011 12:25,Bajo (2 - 4 mts),35,Mediano,-68.8438062912,-32.8684885327,4,Cuarta Oeste,1173332.70145,0
29202,Fresno americano,03/03/2011 09:12,Medio (4 - 8 mts),140,Grande,-68.8460736038,-32.8882006442,2,Barrio Civico,2366816.36021,0
16463,Morera,16/08/2011 09:33,Medio (4 - 8 mts),80,Grande,-68.8415040855,-32.863187638,4,Cuarta Oeste,1173332.70145,0
39039,Paraiso,23/12/2010 14:10,Alto (> 8 mts),240,Grande,-68.854091425,-32.8711586161,6,Residencial Norte,2694682.37982,0
27554,Platano,28/10/2011 11:49,Alto (> 8 mts),163,Grande,-68.839676735,-32.892127228,2,Barrio Civico,2366816.36021,0
33828,Platano,16/05/2011 13:52,Alto (> 8 mts),200,Grande,-68.8544455187,-32.885659691,5,Residencial Sur,2423808.92355,0
10451,Caducifolio,09/03/2011 10:30,Medio (4 - 8 mts),30,Mediano,-68.8562309378,-32.8735260354,6,Residencial Norte,2694682.37982,0
46648,Morera,05/09/2011 08:42,Alto (> 8 mts),108,Grande,-68.8307368072,-32.8698490341,4,Cuarta Este Área Fundacional,1822015.85685,1
35617,Paraiso,15/03/2011 13:43,Medio (4 - 8 mts),140,Grande,-68.8565081669,-32.8739029039,6,Residencial Norte,2694682.37982,0
35581,Morera,17/03/2011 08:55,Medio (4 - 8 mts),96,Grande,-68.8568755832,-32.8738235339,6,Residencial Norte,2694682.37982,0
650,Morera,08/03/2012 16:32,Alto (> 8 mts),140,Grande,-68.8175509861,-32.8682911213,4,Cuarta Este Área Fundacional,1822015.85685,0
33537,Fresno europeo,30/05/2011 13:31,Alto (> 8 mts),130,Grande,-68.8555731975,-32.8880974283,5,Residencial Sur,2423808.92355,0
4037,Alamo blanco,23/09/2011 15:34,Alto (> 8 mts),116,Grande,-68.8266360647,-32.8742707727,4,Cuarta Este Área Fundacional,1822015.85685,0
20594,Braquiquito,30/05/2011 10:34,Bajo (2 - 4 mts),60,Mediano,-68.8622704914,-32.8969411883,5,Residencial Sur,2423808.92355,0
15765,Prunas,21/11/2011 11:34,Medio (4 - 8 mts),90,Grande,-68.8725823378,-32.8781070008,7,Residencial Parque,1786336.08966,0
36820,Morera,07/04/2011 12:18,Alto (> 8 mts),155,Grande,-68.8579479729,-32.8804757531,7,Residencial Parque,1786336.08966,0
45399,Fresno europeo,16/09/2011 08:45,Alto (> 8 mts),142,Grande,-68.8255917961,-32.8712551178,4,Cuarta Este Área Fundacional,1822015.85685,1
28046,Morera,23/03/2011 17:59,Medio (4 - 8 mts),114,Grande,-68.8463830324,-32.8937944583,2,Barrio Civico,2366816.36021,1
19656,Morera,13/07/2011 09:51,Alto (> 8 mts),97,Grande,-68.8353324501,-32.8704062094,4,Cuarta Oeste,1173332.70145,1
24791,Platano,18/02/2011 08:13,Alto (> 8 mts),250,Grande,-68.8410695813,-32.8974881149,2,Barrio Civico,2366816.36021,0
2887,Alamo blanco,08/09/2011 15:03,Alto (> 8 mts),160,Grande,-68.8305742344,-32.8715831116,4,Cuarta Este Área Fundacional,1822015.85685,0
32886,Fresno americano,10/06/2011 09:07,Alto (> 8 mts),130,Grande,-68.8510052279,-32.8859032138,5,Residencial Sur,2423808.92355,0
23989,Morera,14/01/2011 08:36,Alto (> 8 mts),125,Grande,-68.8462011887,-32.8998106119,2,Barrio Civico,2366816.36021,1
40498,Morera,08/04/2011 12:47,Alto (> 8 mts),165,Grande,-68.8426609017,-32.8822746239,1,Parque Central,1655357.93265,0
45526,Fresno europeo,19/09/2011 10:31,Bajo (2 - 4 mts),36,Mediano,-68.8217774434,-32.8727560209,4,Cuarta Este Área Fundacional,1822015.85685,0
42957,Paraiso,07/10/2011 16:06,Alto (> 8 mts),140,Grande,-68.834913252,-32.8782047658,1,Parque Central,1655357.93265,0
47527,Morera,29/08/2011 12:56,Alto (> 8 mts),160,Grande,-68.8258909878,-32.8707027962,4,Cuarta Este Área Fundacional,1822015.85685,0
32562,Platano,17/06/2011 11:18,Alto (> 8 mts),146,Grande,-68.854205453,-32.890122336,5,Residencial Sur,2423808.92355,0
34515,Morera,29/03/2011 12:21,Alto (> 8 mts),170,Grande,-68.849247326,-32.8753854799,6,Residencial Norte,2694682.37982,0
43161,Fresno americano,05/10/2011 07:33,Alto (> 8 mts),130,Grande,-68.8308542838,-32.8790747062,4,Cuarta Este Área Fundacional,1822015.85685,0
36772,Platano,28/03/2011 15:46,Alto (> 8 mts),108,Grande,-68.8576824205,-32.8815139726,7,Residencial Parque,1786336.08966,0
27659,Morera,01/11/2011 10:15,Alto (> 8 mts),168,Grande,-68.8363609851,-32.8948858042,2,Barrio Civico,2366816.36021,0
9308,Fresno europeo,17/02/2011 13:02,Medio (4 - 8 mts),64,Grande,-68.846097538,-32.8654556876,4,Cuarta Oeste,1173332.70145,0
11571,Paraiso,10/05/2010 11:48,Medio (4 - 8 mts),148,Grande,-68.8518255677,-32.8672800082,6,Residencial Norte,2694682.37982,0
556,Morera,09/03/2012 07:52,Alto (> 8 mts),200,Grande,-68.8189679588,-32.8681779001,4,Cuarta Este Área Fundacional,1822015.85685,0
32283,Fresno europeo,28/06/2011 10:21,Medio (4 - 8 mts),81,Grande,-68.8504711729,-32.890967771,5,Residencial Sur,2423808.92355,0
40017,Acacia SP,19/04/2011 10:20,Alto (> 8 mts),130,Grande,-68.8443517376,-32.8791331677,1,Parque Central,1655357.93265,0
10626,Morera,17/03/2011 10:03,Medio (4 - 8 mts),72,Grande,-68.8571291302,-32.8743626085,6,Residencial Norte,2694682.37982,0
5614,Platano,05/05/2011 13:40,Medio (4 - 8 mts),52,Mediano,-68.8396704799,-32.8763889251,1,Parque Central,1655357.93265,0
18574,Morera,07/07/2011 10:10,Alto (> 8 mts),150,Grande,-68.8363859111,-32.8737039144,4,Cuarta Oeste,1173332.70145,1
20333,Alamo criollo,13/05/2011 11:11,Alto (> 8 mts),280,Grande,-68.8621143283,-32.8915330762,5,Residencial Sur,2423808.92355,0
18269,Morera,04/08/2011 10:23,Alto (> 8 mts),122,Grande,-68.839384489,-32.8696291235,4,Cuarta Oeste,1173332.70145,0
17760,Paraiso,21/07/2011 09:43,Medio (4 - 8 mts),57,Mediano,-68.8425032331,-32.8664666518,4,Cuarta Oeste,1173332.70145,0
40672,Platano,12/04/2011 12:37,Alto (> 8 mts),130,Grande,-68.8443815392,-32.8843611615,1,Parque Central,1655357.93265,0
16892,Paraiso,27/07/2011 14:04,Alto (> 8 mts),199,Grande,-68.8393134618,-32.8653219451,4,Cuarta Oeste,1173332.70145,0
13249,Olmo bola,21/02/2011 11:50,Medio (4 - 8 mts),70,Grande,-68.8471583272,-32.8661321557,6,Residencial Norte,2694682.37982,0
45911,Morera,25/08/2011 12:41,Alto (> 8 mts),242,Grande,-68.8196334639,-32.8687941513,4,Cuarta Este Área Fundacional,1822015.85685,0
23489,Morera,24/01/2011 16:34,Alto (> 8 mts),182,Grande,-68.8490362093,-32.9032976577,2,Barrio Civico,2366816.36021,0
46782,Morera,07/09/2011 11:22,Alto (> 8 mts),200,Grande,-68.8324155841,-32.8727848818,4,Cuarta Este Área Fundacional,1822015.85685,0
48264,Fresno europeo,31/08/2011 11:11,Bajo (2 - 4 mts),10,Chico,-68.82748803,-32.8697851005,4,Cuarta Este Área Fundacional,1822015.85685,0
34070,Morera,31/05/2011 13:37,Medio (4 - 8 mts),110,Grande,-68.8565339805,-32.8850953905,5,Residencial Sur,2423808.92355,1
40893,Platano,26/04/2011 16:16,Alto (> 8 mts),186,Grande,-68.8388890439,-32.8840050228,1,Parque Central,1655357.93265,0
37677,Morera,24/02/2012 09:02,Alto (> 8 mts),190,Grande,-68.8518540009,-32.8720442481,6,Residencial Norte,2694682.37982,0
4387,Prunas,26/07/2011 13:44,Medio (4 - 8 mts),38,Mediano,-68.83969746,-32.8689828242,4,Cuarta Oeste,1173332.70145,0
859,Aguaribay,15/12/2011 08:14,Medio (4 - 8 mts),100,Grande,-68.8804810302,-32.8664879942,8,Aeroparque,2203364.73622,0
12939,Caducifolio,14/01/2011 11:04,Bajo (2 - 4 mts),70,Grande,-68.844078057,-32.8638449803,4,Cuarta Oeste,1173332.70145,0
10748,Morera,04/04/2011 13:20,Muy bajo (1 - 2 mts),12,Chico,-68.8576852052,-32.8767956391,7,Residencial Parque,1786336.08966,0
13150,Morera,18/02/2011 13:04,Medio (4 - 8 mts),150,Grande,-68.8466679818,-32.8645432982,4,Cuarta Oeste,1173332.70145,0
45568,Fresno europeo,05/09/2011 13:41,Alto (> 8 mts),155,Grande,-68.8213851938,-32.8712083679,4,Cuarta Este Área Fundacional,1822015.85685,0
5790,Conifera,04/05/2011 11:16,Bajo (2 - 4 mts),23,Mediano,-68.8414505927,-32.8781506187,1,Parque Central,1655357.93265,0
39607,Morera,25/10/2010 10:38,Alto (> 8 mts),150,Grande,-68.8482825208,-32.8687510244,6,Residencial Norte,2694682.37982,0
31796,Morera,03/01/2012 10:54,Medio (4 - 8 mts),90,Grande,-68.8601385702,-32.8900431657,5,Residencial Sur,2423808.92355,0
22905,Morera,19/05/2011 16:20,Alto (> 8 mts),104,Grande,-68.8545380214,-32.8994864049,5,Residencial Sur,2423808.92355,0
30210,Platano,09/03/2011 09:10,Alto (> 8 mts),168,Grande,-68.8418332729,-32.8894167848,3,Parque O'Higgins,1531146.02653,0
5283,Morera,28/04/2011 09:28,Bajo (2 - 4 mts),38,Mediano,-68.8442966245,-32.8771932638,1,Parque Central,1655357.93265,0
18775,Morera,08/07/2011 14:14,Alto (> 8 mts),190,Grande,-68.8385775046,-32.8726242783,4,Cuarta Oeste,1173332.70145,0
47456,Morera,20/09/2011 10:16,Alto (> 8 mts),188,Grande,-68.8306468409,-32.8749831831,4,Cuarta Este Área Fundacional,1822015.85685,1
13353,Morera,11/01/2011 11:17,Bajo (2 - 4 mts),37,Mediano,-68.8458665342,-32.8661887708,4,Cuarta Oeste,1173332.70145,0
38987,Morera,27/12/2010 12:03,Medio (4 - 8 mts),90,Grande,-68.8549864273,-32.8711152411,6,Residencial Norte,2694682.37982,0
22386,Fresno europeo,16/06/2011 09:41,Medio (4 - 8 mts),73,Grande,-68.8596571602,-32.898179742,5,Residencial Sur,2423808.92355,0
40818,Fresno americano,26/04/2011 17:11,Alto (> 8 mts),98,Grande,-68.839280449,-32.8846638681,1,Parque Central,1655357.93265,0
4486,Morera,29/07/2011 10:54,Alto (> 8 mts),185,Grande,-68.8389132037,-32.8676858148,4,Cuarta Oeste,1173332.70145,0
22066,Platano,10/06/2011 12:26,Alto (> 8 mts),190,Grande,-68.8538853893,-32.8977920177,5,Residencial Sur,2423808.92355,0
26241,Fresno europeo,19/10/2011 09:36,Medio (4 - 8 mts),43,Mediano,-68.8312318421,-32.8887602017,3,Parque O'Higgins,1531146.02653,0
18298,Morera,04/08/2011 10:39,Alto (> 8 mts),125,Grande,-68.8396004862,-32.8694896821,4,Cuarta Oeste,1173332.70145,1
44342,Fresno europeo,18/10/2011 11:22,Muy bajo (1 - 2 mts),6,Chico,-68.8353830548,-32.8835278714,3,Parque O'Higgins,1531146.02653,0
35021,Paraiso,31/03/2011 09:23,Alto (> 8 mts),116,Grande,-68.8563964962,-32.8805271407,7,Residencial Parque,1786336.08966,0
15189,Paraiso,17/11/2011 13:30,Bajo (2 - 4 mts),30,Mediano,-68.8600937348,-32.8688539066,6,Residencial Norte,2694682.37982,0
6395,Morera,19/05/2011 10:17,Alto (> 8 mts),50,Mediano,-68.8520024992,-32.8872294391,5,Residencial Sur,2423808.92355,0
96,Fresno europeo,29/02/2012 10:38,Bajo (2 - 4 mts),36,Mediano,-68.8559749632,-32.9017834767,5,Residencial Sur,2423808.92355,0
38338,Paraiso,09/11/2010 13:13,Alto (> 8 mts),180,Grande,-68.8537082654,-32.8692351571,6,Residencial Norte,2694682.37982,0
44648,Morera,25/08/2011 12:39,Alto (> 8 mts),180,Grande,-68.8229328613,-32.8665571625,4,Cuarta Este Área Fundacional,1822015.85685,0
38769,Fresno americano,01/11/2010 10:45,Alto (> 8 mts),60,Mediano,-68.8494796514,-32.8695945911,6,Residencial Norte,2694682.37982,0
40835,Platano,08/04/2011 10:10,Alto (> 8 mts),160,Grande,-68.8405627199,-32.885806159,3,Parque O'Higgins,1531146.02653,0
29879,Fresno europeo,11/03/2011 12:38,Muy bajo (1 - 2 mts),10,Chico,-68.842010467,-32.8913912938,2,Barrio Civico,2366816.36021,0
38895,Morera,26/10/2010 11:04,Alto (> 8 mts),210,Grande,-68.8490217677,-32.869990563099996,6,Residencial Norte,2694682.37982,0
38235,Fresno europeo,18/01/2012 12:21,Alto (> 8 mts),185,Grande,-68.8465446708,-32.8730059046,6,Residencial Norte,2694682.37982,0
36340,Morera,18/03/2011 10:00,Alto (> 8 mts),125,Grande,-68.8520715792,-32.8789586808,6,Residencial Norte,2694682.37982,0
40432,Fresno americano,11/04/2011 12:17,Alto (> 8 mts),85,Grande,-68.8450077279,-32.8838733697,1,Parque Central,1655357.93265,0
47878,Olmo comun,21/09/2011 11:41,Alto (> 8 mts),120,Grande,-68.8293335293,-32.8735717256,4,Cuarta Este Área Fundacional,1822015.85685,0
29239,Platano,25/02/2011 09:27,Alto (> 8 mts),140,Grande,-68.8452150636,-32.8874900577,1,Parque Central,1655357.93265,0
23455,Morera,24/01/2011 20:05,Alto (> 8 mts),196,Grande,-68.8487958285,-32.9018438433,2,Barrio Civico,2366816.36021,0
21662,Fresno europeo,08/06/2011 09:17,Bajo (2 - 4 mts),22,Mediano,-68.8553379275,-32.8960768874,5,Residencial Sur,2423808.92355,0
20183,Morera,12/05/2011 11:17,Alto (> 8 mts),135,Grande,-68.8603458404,-32.8918492305,5,Residencial Sur,2423808.92355,0
23636,Fresno europeo,20/01/2011 19:05,Alto (> 8 mts),120,Grande,-68.8479995451,-32.9007653583,2,Barrio Civico,2366816.36021,0
26453,Fresno americano,09/11/2011 09:17,Medio (4 - 8 mts),100,Grande,-68.834191635,-32.8926467849,3,Parque O'Higgins,1531146.02653,0
15358,Paraiso,16/11/2011 12:32,Bajo (2 - 4 mts),40,Mediano,-68.8601255404,-32.8706980071,6,Residencial Norte,2694682.37982,0
32446,Acacia visco,26/05/2011 14:17,Medio (4 - 8 mts),98,Grande,-68.8513389442,-32.8894226912,5,Residencial Sur,2423808.92355,0
10298,Fresno europeo,02/12/2010 10:13,Medio (4 - 8 mts),48,Mediano,-68.8458335071,-32.8722938911,6,Residencial Norte,2694682.37982,0
15148,Paraiso,21/11/2011 12:48,Muy bajo (1 - 2 mts),12,Chico,-68.8597076669,-32.8689598608,6,Residencial Norte,2694682.37982,0
14716,Morera,05/12/2011 12:51,Muy bajo (1 - 2 mts),2,Chico,-68.8772013181,-32.8689510726,8,Aeroparque,2203364.73622,0
46724,Fresno europeo,08/09/2011 10:31,Medio (4 - 8 mts),40,Mediano,-68.8327998743,-32.8704242202,4,Cuarta Este Área Fundacional,1822015.85685,0
37665,Prunas,29/02/2012 07:38,Medio (4 - 8 mts),110,Grande,-68.8522466048,-32.8723346802,6,Residencial Norte,2694682.37982,0
35902,Morera,28/03/2011 09:36,Muy bajo (1 - 2 mts),4,Chico,-68.853254814,-32.8756641142,6,Residencial Norte,2694682.37982,0
19003,Morera,12/07/2011 09:25,Alto (> 8 mts),160,Grande,-68.8408985276,-32.8709577652,4,Cuarta Oeste,1173332.70145,1
1916,Paraiso,18/11/2011 11:52,Medio (4 - 8 mts),60,Mediano,-68.8597559302,-32.8716787397,6,Residencial Norte,2694682.37982,0
41276,Fresno europeo,11/04/2011 10:01,Bajo (2 - 4 mts),21,Mediano,-68.8406423213,-32.8818760106,1,Parque Central,1655357.93265,0
20290,Acer,17/05/2011 09:53,Medio (4 - 8 mts),54,Mediano,-68.8603809174,-32.8934473374,5,Residencial Sur,2423808.92355,0
21795,Morera,13/05/2011 10:52,Alto (> 8 mts),175,Grande,-68.8569180899,-32.8932557813,5,Residencial Sur,2423808.92355,0
492,Morera,07/03/2012 09:48,Medio (4 - 8 mts),150,Grande,-68.8223340986,-32.8678833183,4,Cuarta Este Área Fundacional,1822015.85685,0
10705,Morera,30/03/2011 10:32,Bajo (2 - 4 mts),26,Mediano,-68.8492565057,-32.8760264942,6,Residencial Norte,2694682.37982,0
8327,Ailanthus,16/03/2011 19:28,Muy bajo (1 - 2 mts),5,Chico,-68.8468029647,-32.8934974821,2,Barrio Civico,2366816.36021,0
47169,Paraiso,21/09/2011 10:19,Medio (4 - 8 mts),72,Grande,-68.8336162228,-32.8738850532,4,Cuarta Este Área Fundacional,1822015.85685,0
20604,Fresno europeo,30/05/2011 10:13,Alto (> 8 mts),130,Grande,-68.8621691445,-32.8974063924,5,Residencial Sur,2423808.92355,0
16604,Paraiso,26/07/2011 10:20,Alto (> 8 mts),70,Grande,-68.8407611998,-32.8655320039,4,Cuarta Oeste,1173332.70145,0
46176,Morera,28/09/2011 10:40,Medio (4 - 8 mts),180,Grande,-68.8240253676,-32.8746177723,4,Cuarta Este Área Fundacional,1822015.85685,0
5534,Morera,07/04/2011 13:34,Bajo (2 - 4 mts),25,Mediano,-68.8412269829,-32.8818305542,1,Parque Central,1655357.93265,0
19693,Jacaranda,12/07/2011 09:49,Alto (> 8 mts),90,Grande,-68.8350674899,-32.8715406541,4,Cuarta Oeste,1173332.70145,0
4914,Acer,20/07/2011 10:16,Bajo (2 - 4 mts),40,Mediano,-68.8429031978,-32.8658494441,4,Cuarta Oeste,1173332.70145,0
34624,Morera,17/01/2012 20:10,Alto (> 8 mts),180,Grande,-68.8478045952,-32.8743726654,6,Residencial Norte,2694682.37982,0
2314,Acer,02/11/2011 10:46,Medio (4 - 8 mts),16,Chico,-68.8361311475,-32.8945400114,3,Parque O'Higgins,1531146.02653,0
28978,Morera,25/04/2011 09:42,Alto (> 8 mts),170,Grande,-68.846210555,-32.8862538794,1,Parque Central,1655357.93265,0
25598,Fresno europeo,08/02/2011 18:53,Medio (4 - 8 mts),68,Grande,-68.8383389985,-32.9018821568,2,Barrio Civico,2366816.36021,0
7032,Fresno europeo,13/06/2011 10:29,Medio (4 - 8 mts),55,Mediano,-68.8554973508,-32.8980011337,5,Residencial Sur,2423808.92355,0
28016,Morera,04/11/2011 08:40,Alto (> 8 mts),100,Grande,-68.8352604845,-32.8939998511,3,Parque O'Higgins,1531146.02653,1
11519,Fresno europeo,22/02/2011 11:46,Medio (4 - 8 mts),43,Mediano,-68.8532099077,-32.8662206373,6,Residencial Norte,2694682.37982,0
32883,Morera,10/06/2011 10:17,Medio (4 - 8 mts),110,Grande,-68.8510591807,-32.8856096276,5,Residencial Sur,2423808.92355,1
11054,Morera,31/03/2011 09:50,Alto (> 8 mts),112,Grande,-68.8562131566,-32.8798226095,6,Residencial Norte,2694682.37982,0
3549,Palo borracho,05/09/2011 11:14,Muy bajo (1 - 2 mts),16,Chico,-68.8324868365,-32.8684359857,4,Cuarta Oeste,1173332.70145,0
42944,Fresno europeo,29/09/2011 10:02,Medio (4 - 8 mts),100,Grande,-68.8337518103,-32.877572403,4,Cuarta Este Área Fundacional,1822015.85685,1
3572,Morera,05/09/2011 09:45,Muy bajo (1 - 2 mts),5,Chico,-68.8312696089,-32.8696735899,4,Cuarta Este Área Fundacional,1822015.85685,0
5269,Morera,02/05/2011 10:28,Medio (4 - 8 mts),120,Grande,-68.8431709151,-32.8755129845,1,Parque Central,1655357.93265,0
35071,Fresno europeo,22/03/2011 09:59,Alto (> 8 mts),103,Grande,-68.8550333166,-32.879902198,6,Residencial Norte,2694682.37982,0
40509,Platano,12/04/2011 10:43,Alto (> 8 mts),195,Grande,-68.8442650635,-32.8838444045,1,Parque Central,1655357.93265,0
29451,Morera,15/03/2011 13:08,Alto (> 8 mts),162,Grande,-68.8452574591,-32.8939933442,2,Barrio Civico,2366816.36021,0
36841,Fresno europeo,28/03/2011 17:06,Alto (> 8 mts),76,Grande,-68.8580665479,-32.879068781,7,Residencial Parque,1786336.08966,0
10019,Acer,02/11/2010 12:34,Medio (4 - 8 mts),55,Mediano,-68.8507458493,-32.8689848485,6,Residencial Norte,2694682.37982,0
45326,Morera,16/09/2011 12:02,Medio (4 - 8 mts),180,Grande,-68.8240410675,-32.872237254,4,Cuarta Este Área Fundacional,1822015.85685,0
5972,Fresno americano,29/04/2011 10:18,Medio (4 - 8 mts),110,Grande,-68.8469971898,-32.8833959593,1,Parque Central,1655357.93265,0
20196,Platano,12/05/2011 10:34,Alto (> 8 mts),180,Grande,-68.8592717475,-32.8915872031,5,Residencial Sur,2423808.92355,0
2720,Fresno europeo,12/10/2011 08:39,Alto (> 8 mts),185,Grande,-68.8313767947,-32.8826339795,3,Parque O'Higgins,1531146.02653,0
21188,Fresno europeo,06/05/2011 09:20,Alto (> 8 mts),83,Grande,-68.8525036905,-32.8928482799,5,Residencial Sur,2423808.92355,0
8980,Paraiso,12/01/2011 14:06,Alto (> 8 mts),90,Grande,-68.8467773459,-32.8664424625,6,Residencial Norte,2694682.37982,0
36070,Paraiso sombrilla,18/03/2011 11:38,Medio (4 - 8 mts),51,Mediano,-68.856368027,-32.8759401656,6,Residencial Norte,2694682.37982,0
6587,Fresno americano,06/05/2011 10:07,Alto (> 8 mts),77,Grande,-68.8514655068,-32.8933749733,5,Residencial Sur,2423808.92355,0
5487,Morera,08/04/2011 11:52,Medio (4 - 8 mts),120,Grande,-68.8447281394,-32.8805588127,1,Parque Central,1655357.93265,0
46107,Morera,05/10/2011 11:33,Bajo (2 - 4 mts),28,Mediano,-68.8253072326,-32.8746984691,4,Cuarta Este Área Fundacional,1822015.85685,0
13294,Fresno americano,23/02/2011 10:16,Bajo (2 - 4 mts),32,Mediano,-68.8483335877,-32.8649872331,6,Residencial Norte,2694682.37982,0
3503,Fresno europeo,25/08/2011 09:02,Medio (4 - 8 mts),50,Mediano,-68.8241936421,-32.8685195489,4,Cuarta Este Área Fundacional,1822015.85685,0
47437,Morera,26/09/2011 09:04,Alto (> 8 mts),197,Grande,-68.8264287545,-32.8743808309,4,Cuarta Este Área Fundacional,1822015.85685,0
38390,Morera,05/11/2010 12:10,Alto (> 8 mts),230,Grande,-68.852683244,-32.8690092167,6,Residencial Norte,2694682.37982,0
30733,Morera,04/02/2011 12:27,Alto (> 8 mts),180,Grande,-68.8555580713,-32.8683329545,6,Residencial Norte,2694682.37982,0
26689,Morera,10/11/2011 09:24,Medio (4 - 8 mts),125,Grande,-68.8319996334,-32.8937497263,3,Parque O'Higgins,1531146.02653,1
892,Paraiso,17/01/2012 10:30,Alto (> 8 mts),125,Grande,-68.8472328409,-32.8732296971,6,Residencial Norte,2694682.37982,0
35546,Morera,16/06/2011 13:07,Medio (4 - 8 mts),180,Grande,-68.8570526694,-32.8830588805,5,Residencial Sur,2423808.92355,0
33046,Fresno americano,17/05/2011 13:10,Medio (4 - 8 mts),67,Grande,-68.853480928,-32.8870254399,5,Residencial Sur,2423808.92355,0
3672,Morera,25/08/2011 13:57,Bajo (2 - 4 mts),40,Mediano,-68.8200219133,-32.8694904507,4,Cuarta Este Área Fundacional,1822015.85685,0
37291,Acer,17/03/2011 11:37,Medio (4 - 8 mts),60,Mediano,-68.8589035168,-32.8753625498,7,Residencial Parque,1786336.08966,0
16016,Morera,11/08/2011 08:36,Alto (> 8 mts),140,Grande,-68.8437895743,-32.8713011925,4,Cuarta Oeste,1173332.70145,0
35275,Morera,24/06/2011 09:02,Medio (4 - 8 mts),120,Grande,-68.8524468809,-32.8831429344,1,Parque Central,1655357.93265,0
21760,Platano,23/05/2011 10:10,Medio (4 - 8 mts),100,Grande,-68.8572179409,-32.8950821965,5,Residencial Sur,2423808.92355,1
32105,Morera,09/05/2011 11:29,Alto (> 8 mts),122,Grande,-68.8590427812,-32.886788195,5,Residencial Sur,2423808.92355,0
9724,Morera,20/01/2011 09:39,Medio (4 - 8 mts),84,Grande,-68.8476978887,-32.8634295937,4,Cuarta Oeste,1173332.70145,0
39035,Fresno europeo,23/12/2010 14:16,Medio (4 - 8 mts),57,Mediano,-68.8541204764,-32.8713426759,6,Residencial Norte,2694682.37982,0
27484,Fresno europeo,27/10/2011 10:25,Medio (4 - 8 mts),50,Mediano,-68.8379631202,-32.8929266335,3,Parque O'Higgins,1531146.02653,0
1897,Acacia SP,17/11/2011 12:14,Muy bajo (1 - 2 mts),2,Chico,-68.8590023235,-32.8698028214,6,Residencial Norte,2694682.37982,0
42947,Fresno europeo,07/10/2011 16:31,Bajo (2 - 4 mts),70,Grande,-68.8346359653,-32.877623078,1,Parque Central,1655357.93265,0
28435,Morera,28/02/2011 10:01,Alto (> 8 mts),170,Grande,-68.8459861568,-32.8895498227,2,Barrio Civico,2366816.36021,0
11014,Platano,07/04/2011 15:27,Alto (> 8 mts),185,Grande,-68.8594091671,-32.8811879103,7,Residencial Parque,1786336.08966,0
26528,Caducifolio,21/10/2011 13:56,Medio (4 - 8 mts),86,Grande,-68.8306798349,-32.8905109008,3,Parque O'Higgins,1531146.02653,0
11466,Paraiso,06/01/2011 13:17,Alto (> 8 mts),84,Grande,-68.8434120802,-32.8628362064,4,Cuarta Oeste,1173332.70145,0
45708,Morera,24/08/2011 12:17,Medio (4 - 8 mts),200,Grande,-68.8226399897,-32.8694103396,4,Cuarta Este Área Fundacional,1822015.85685,0
41576,Platano,04/05/2011 11:49,Alto (> 8 mts),45,Mediano,-68.8413316415,-32.8781394618,1,Parque Central,1655357.93265,0
3997,Fresno europeo,26/09/2011 08:59,Medio (4 - 8 mts),45,Mediano,-68.8297049412,-32.8766846737,4,Cuarta Este Área Fundacional,1822015.85685,0
23084,Fresno europeo,13/01/2011 17:55,Alto (> 8 mts),118,Grande,-68.8477206045,-32.9008095623,2,Barrio Civico,2366816.36021,0
1603,Paraiso,24/11/2011 10:21,Bajo (2 - 4 mts),40,Mediano,-68.8717186158,-32.8794942211,7,Residencial Parque,1786336.08966,0
38507,Olmo bola,02/11/2010 09:59,Alto (> 8 mts),120,Grande,-68.8501620534,-32.8689529249,6,Residencial Norte,2694682.37982,0
31958,Morera,02/06/2011 13:23,Medio (4 - 8 mts),130,Grande,-68.8605667127,-32.8837304607,7,Residencial Parque,1786336.08966,1
21397,Acacia SP,11/05/2011 09:57,Medio (4 - 8 mts),85,Grande,-68.8548853406,-32.8926371329,5,Residencial Sur,2423808.92355,0
12926,Olmo bola,14/01/2011 08:53,Medio (4 - 8 mts),130,Grande,-68.8448076688,-32.864253469,4,Cuarta Oeste,1173332.70145,0
7732,Morera,18/05/2011 12:40,Alto (> 8 mts),160,Grande,-68.8499345026,-32.8874753377,5,Residencial Sur,2423808.92355,0
38511,Morera,02/11/2010 09:52,Alto (> 8 mts),187,Grande,-68.8503586606,-32.8688764811,6,Residencial Norte,2694682.37982,0
12486,Paraiso,25/01/2011 09:47,Alto (> 8 mts),195,Grande,-68.8493656991,-32.8672548185,6,Residencial Norte,2694682.37982,0
3956,Paraiso,27/09/2011 11:24,Bajo (2 - 4 mts),40,Mediano,-68.8233025199,-32.8746046246,4,Cuarta Este Área Fundacional,1822015.85685,0
25889,Morera,07/02/2011 14:29,Medio (4 - 8 mts),78,Grande,-68.8384236402,-32.9029487847,2,Barrio Civico,2366816.36021,0
14429,Morera,02/12/2011 09:24,Medio (4 - 8 mts),76,Grande,-68.8781421747,-32.8684736577,8,Aeroparque,2203364.73622,0
23587,Paraiso,19/01/2012 09:17,Alto (> 8 mts),195,Grande,-68.8515051777,-32.8979607847,2,Barrio Civico,2366816.36021,1
32492,Paraiso sombrilla,27/05/2011 10:46,Medio (4 - 8 mts),95,Grande,-68.8528091351,-32.8888869687,5,Residencial Sur,2423808.92355,0
5058,Morera,09/08/2011 10:30,Medio (4 - 8 mts),62,Grande,-68.8382939855,-32.8638705462,4,Cuarta Oeste,1173332.70145,0
21570,Fresno europeo,07/06/2011 13:18,Alto (> 8 mts),95,Grande,-68.8553019634,-32.8955174368,5,Residencial Sur,2423808.92355,0
23917,Morera,19/01/2012 10:44,Alto (> 8 mts),195,Grande,-68.852485877,-32.9000512901,2,Barrio Civico,2366816.36021,1
33843,Fresno americano,16/05/2011 13:15,Medio (4 - 8 mts),120,Grande,-68.853425539,-32.8862651583,5,Residencial Sur,2423808.92355,0
31689,Platano,18/05/2011 12:38,Alto (> 8 mts),170,Grande,-68.8612581904,-32.8910482536,5,Residencial Sur,2423808.92355,0
22354,Morera,16/06/2011 10:35,Alto (> 8 mts),180,Grande,-68.8590246423,-32.8993213669,5,Residencial Sur,2423808.92355,1
17273,Perenne,05/08/2011 10:03,Muy bajo (1 - 2 mts),5,Chico,-68.8366677505,-32.8648666859,4,Cuarta Oeste,1173332.70145,0
42414,Fresno europeo,28/09/2011 11:23,Alto (> 8 mts),120,Grande,-68.8332009221,-32.8752811874,4,Cuarta Este Área Fundacional,1822015.85685,0
31785,Paraiso,27/06/2011 10:57,Medio (4 - 8 mts),92,Grande,-68.8589059584,-32.8894919501,5,Residencial Sur,2423808.92355,0
45121,Prunas,31/08/2011 13:07,Bajo (2 - 4 mts),120,Grande,-68.8257879117,-32.8709587338,4,Cuarta Este Área Fundacional,1822015.85685,0
22837,Morera,10/05/2011 11:27,Alto (> 8 mts),106,Grande,-68.8561773225,-32.900548946,5,Residencial Sur,2423808.92355,0
24918,Fresno europeo,10/02/2011 09:10,Medio (4 - 8 mts),120,Grande,-68.8381379536,-32.8967232989,2,Barrio Civico,2366816.36021,0
35082,Fresno europeo,21/03/2011 12:31,Alto (> 8 mts),82,Grande,-68.8545249827,-32.8804546721,6,Residencial Norte,2694682.37982,0
13776,Fresno europeo,27/01/2011 10:40,Alto (> 8 mts),120,Grande,-68.850434792,-32.8639859531,6,Residencial Norte,2694682.37982,0
24746,Morera,14/02/2011 14:34,Medio (4 - 8 mts),102,Grande,-68.8346917333,-32.8972561366,2,Barrio Civico,2366816.36021,1
37760,Morera,22/02/2012 08:08,Bajo (2 - 4 mts),18,Chico,-68.8486229077,-32.8729948123,6,Residencial Norte,2694682.37982,1
24186,Morera,27/01/2011 08:42,Alto (> 8 mts),195,Grande,-68.8448509667,-32.9009747407,2,Barrio Civico,2366816.36021,1
41121,Platano,02/05/2011 14:45,Alto (> 8 mts),176,Grande,-68.8399999625,-32.8830087425,1,Parque Central,1655357.93265,0
29676,Morera,09/03/2011 16:37,Alto (> 8 mts),102,Grande,-68.8406856932,-32.8948512139,2,Barrio Civico,2366816.36021,1
35838,Fresno europeo,03/03/2011 12:43,Alto (> 8 mts),113,Grande,-68.8544763952,-32.8738936227,6,Residencial Norte,2694682.37982,0
23889,Fresno europeo,28/02/2012 13:00,Medio (4 - 8 mts),55,Mediano,-68.8516944833,-32.9005064117,2,Barrio Civico,2366816.36021,0
22751,Fresno europeo,11/05/2011 09:46,Medio (4 - 8 mts),42,Mediano,-68.8535681868,-32.9022593415,2,Barrio Civico,2366816.36021,0
3065,Morera,08/09/2011 17:22,Bajo (2 - 4 mts),37,Mediano,-68.8282665638,-32.8719810671,4,Cuarta Este Área Fundacional,1822015.85685,0
8276,Morera,14/03/2011 17:30,Medio (4 - 8 mts),48,Mediano,-68.8465048438,-32.8917455264,2,Barrio Civico,2366816.36021,0
34284,Fresno europeo,04/03/2011 12:40,Medio (4 - 8 mts),90,Grande,-68.8519887452,-32.8738895317,6,Residencial Norte,2694682.37982,0
46467,Morera,17/08/2011 09:28,Alto (> 8 mts),260,Grande,-68.831875654,-32.8674569716,4,Cuarta Oeste,1173332.70145,0
3433,Caducifolio,19/08/2011 09:30,Bajo (2 - 4 mts),22,Mediano,-68.829057366,-32.8673909606,4,Cuarta Este Área Fundacional,1822015.85685,0
37464,Morera,04/01/2011 12:09,Alto (> 8 mts),50,Mediano,-68.8572996127,-32.8707186571,6,Residencial Norte,2694682.37982,0
32622,Morera,21/06/2011 13:57,Alto (> 8 mts),150,Grande,-68.8528106857,-32.8894746085,5,Residencial Sur,2423808.92355,0
39337,Morera,30/12/2010 10:37,Medio (4 - 8 mts),150,Grande,-68.8565786838,-32.8717373948,6,Residencial Norte,2694682.37982,0
14063,Morera,05/12/2011 11:59,Alto (> 8 mts),60,Mediano,-68.8761314782,-32.8678929407,8,Aeroparque,2203364.73622,0
19502,Morera,18/07/2011 09:39,Alto (> 8 mts),70,Grande,-68.8384845992,-32.87170948,4,Cuarta Oeste,1173332.70145,0
19947,Fresno europeo,08/08/2011 09:16,Alto (> 8 mts),180,Grande,-68.8335593809,-32.8636908878,4,Cuarta Oeste,1173332.70145,0
30243,Platano,10/03/2011 08:27,Alto (> 8 mts),240,Grande,-68.842090596,-32.8903816187,2,Barrio Civico,2366816.36021,0
15921,Fresno europeo,24/11/2011 12:19,Muy bajo (1 - 2 mts),5,Chico,-68.8731874237,-32.8771605568,7,Residencial Parque,1786336.08966,0
35770,Paraiso,18/03/2011 12:55,Medio (4 - 8 mts),160,Grande,-68.8546178148,-32.874405576,6,Residencial Norte,2694682.37982,0
23412,Morera,26/01/2011 19:08,Alto (> 8 mts),120,Grande,-68.8500947885,-32.902057034,2,Barrio Civico,2366816.36021,0
26929,Platano,01/11/2011 17:54,Alto (> 8 mts),180,Grande,-68.8355384606,-32.8869353267,3,Parque O'Higgins,1531146.02653,0
23032,Morera,10/06/2011 18:45,Alto (> 8 mts),44,Mediano,-68.8622503344,-32.9016443368,5,Residencial Sur,2423808.92355,0
43061,Paraiso,03/10/2011 10:04,Medio (4 - 8 mts),100,Grande,-68.8322160452,-32.8784250672,4,Cuarta Este Área Fundacional,1822015.85685,0
21290,Morera,13/06/2011 11:38,Alto (> 8 mts),140,Grande,-68.8523248271,-32.897708099,5,Residencial Sur,2423808.92355,0
44915,Fresno americano,23/08/2011 10:59,Alto (> 8 mts),88,Grande,-68.8252853736,-32.8679269051,4,Cuarta Este Área Fundacional,1822015.85685,0
35937,Morera,23/03/2011 09:36,Alto (> 8 mts),160,Grande,-68.8541576445,-32.8760512754,6,Residencial Norte,2694682.37982,0
41796,Morera,26/04/2011 13:26,Alto (> 8 mts),190,Grande,-68.8420810782,-32.8781063587,1,Parque Central,1655357.93265,1
39728,Morera,29/04/2011 10:39,Alto (> 8 mts),90,Grande,-68.8464977326,-32.881529724400004,1,Parque Central,1655357.93265,0
28711,Morera,01/03/2011 11:38,Alto (> 8 mts),195,Grande,-68.8474506905,-32.890915887,2,Barrio Civico,2366816.36021,0
41372,Platano,19/04/2011 09:35,Alto (> 8 mts),80,Grande,-68.8417061708,-32.8833020241,1,Parque Central,1655357.93265,0
15797,Paraiso sombrilla,22/11/2011 17:35,Bajo (2 - 4 mts),68,Grande,-68.8731644552,-32.8793669428,7,Residencial Parque,1786336.08966,0
10668,Morera,22/03/2011 13:18,Bajo (2 - 4 mts),42,Mediano,-68.853053078,-32.8754030977,6,Residencial Norte,2694682.37982,0
9182,Paraiso,02/03/2011 09:25,Alto (> 8 mts),106,Grande,-68.8510410952,-32.8659075002,6,Residencial Norte,2694682.37982,0
2466,Fresno europeo,26/10/2011 09:34,Muy bajo (1 - 2 mts),4,Chico,-68.8370467455,-32.8912429025,3,Parque O'Higgins,1531146.02653,0
1659,Morera,23/11/2011 08:34,Bajo (2 - 4 mts),32,Mediano,-68.8719009826,-32.8783121372,7,Residencial Parque,1786336.08966,0
45680,Morera,26/08/2011 11:25,Alto (> 8 mts),190,Grande,-68.8226423398,-32.8695330076,4,Cuarta Este Área Fundacional,1822015.85685,0
47645,Morera,08/09/2011 17:16,Medio (4 - 8 mts),177,Grande,-68.8277968068,-32.872004144,4,Cuarta Este Área Fundacional,1822015.85685,1
12916,Caducifolio,14/01/2011 09:53,Bajo (2 - 4 mts),90,Grande,-68.8454697503,-32.8639422533,4,Cuarta Oeste,1173332.70145,0
43329,Morera,05/10/2011 11:48,Alto (> 8 mts),158,Grande,-68.8323872933,-32.8792510356,4,Cuarta Este Área Fundacional,1822015.85685,1
43261,Platano,24/10/2011 08:33,Alto (> 8 mts),290,Grande,-68.8350792776,-32.8804152145,1,Parque Central,1655357.93265,0
40205,Fresno americano,25/04/2011 12:36,Alto (> 8 mts),150,Grande,-68.8466169505,-32.8835790024,1,Parque Central,1655357.93265,0
11903,Paraiso,03/03/2011 09:26,Alto (> 8 mts),160,Grande,-68.850602974,-32.8663364506,6,Residencial Norte,2694682.37982,0
27866,Morera,07/11/2011 08:45,Medio (4 - 8 mts),62,Grande,-68.8350432872,-32.8929200099,3,Parque O'Higgins,1531146.02653,1
883,Ligustro,17/01/2012 12:26,Bajo (2 - 4 mts),36,Mediano,-68.8478533854,-32.8753225662,6,Residencial Norte,2694682.37982,0
28205,Morera,14/03/2011 18:16,Alto (> 8 mts),112,Grande,-68.847810012,-32.8935421336,2,Barrio Civico,2366816.36021,1
13004,Fresno europeo,15/02/2011 10:13,Muy bajo (1 - 2 mts),6,Chico,-68.8441282027,-32.8659480844,4,Cuarta Oeste,1173332.70145,0
43608,Morera,13/10/2011 08:40,Bajo (2 - 4 mts),10,Chico,-68.8338301568,-32.8825483256,3,Parque O'Higgins,1531146.02653,0
25726,Morera,03/02/2011 12:44,Medio (4 - 8 mts),51,Mediano,-68.8405070113,-32.901616454,2,Barrio Civico,2366816.36021,0
37207,Prunas,14/03/2011 11:28,Medio (4 - 8 mts),66,Grande,-68.8576683006,-32.8729718794,6,Residencial Norte,2694682.37982,0
12282,Paraiso,12/01/2011 11:18,Alto (> 8 mts),145,Grande,-68.8464726294,-32.8674191249,6,Residencial Norte,2694682.37982,0
32468,Morera,26/05/2011 09:58,Alto (> 8 mts),98,Grande,-68.8522382,-32.8883825959,5,Residencial Sur,2423808.92355,1
36,Morera,01/03/2012 13:22,Medio (4 - 8 mts),180,Grande,-68.8555115869,-32.8962997301,5,Residencial Sur,2423808.92355,0
34097,Tilo,31/05/2011 08:39,Bajo (2 - 4 mts),28,Mediano,-68.8574565279,-32.8845165669,5,Residencial Sur,2423808.92355,0
6279,Fresno europeo,13/07/2011 12:11,Alto (> 8 mts),155,Grande,-68.849589361,-32.8843472566,1,Parque Central,1655357.93265,1
23993,Fresno europeo,13/01/2011 12:21,Medio (4 - 8 mts),36,Mediano,-68.846314194,-32.9000090343,2,Barrio Civico,2366816.36021,0
3979,Morera,23/09/2011 12:14,Alto (> 8 mts),220,Grande,-68.8307328751,-32.876696965,4,Cuarta Este Área Fundacional,1822015.85685,0
39199,Fresno europeo,25/11/2010 13:20,Medio (4 - 8 mts),80,Grande,-68.854320251,-32.8725406292,6,Residencial Norte,2694682.37982,0
970,Fresno europeo,24/01/2012 08:31,Medio (4 - 8 mts),105,Grande,-68.8488972299,-32.8732083892,6,Residencial Norte,2694682.37982,0
28906,Eucalyptus,28/02/2011 13:39,Medio (4 - 8 mts),90,Grande,-68.8469342875,-32.8880448062,2,Barrio Civico,2366816.36021,0
8495,Morera,14/02/2011 16:17,Medio (4 - 8 mts),68,Grande,-68.8350277066,-32.8972937651,2,Barrio Civico,2366816.36021,0
33820,Morera,12/05/2011 12:14,Medio (4 - 8 mts),110,Grande,-68.8551172273,-32.88575587,5,Residencial Sur,2423808.92355,0
16711,Paraiso,22/07/2011 09:04,Alto (> 8 mts),150,Grande,-68.8402868087,-32.8633828985,4,Cuarta Oeste,1173332.70145,0
38732,Fresno europeo,15/12/2010 09:31,Medio (4 - 8 mts),84,Grande,-68.8511204346,-32.8716792091,6,Residencial Norte,2694682.37982,0
42997,Morera,05/10/2011 12:11,Medio (4 - 8 mts),130,Grande,-68.833617326,-32.8782321734,4,Cuarta Este Área Fundacional,1822015.85685,0
15954,Alamo criollo,25/11/2011 10:58,Alto (> 8 mts),66,Grande,-68.872674273,-32.8757954813,7,Residencial Parque,1786336.08966,0
1559,Paraiso,21/11/2011 17:51,Bajo (2 - 4 mts),100,Grande,-68.8736333298,-32.8790121537,7,Residencial Parque,1786336.08966,0
17179,Morera,01/07/2011 11:52,Medio (4 - 8 mts),50,Mediano,-68.8362752093,-32.8634717914,4,Cuarta Oeste,1173332.70145,0
22000,Jacaranda,27/05/2011 10:40,Medio (4 - 8 mts),56,Mediano,-68.8589251444,-32.8945271018,5,Residencial Sur,2423808.92355,1
46293,Morera,19/09/2011 12:39,Medio (4 - 8 mts),148,Grande,-68.8224389699,-32.8737456416,4,Cuarta Este Área Fundacional,1822015.85685,0
35189,Fresno europeo,29/03/2011 10:36,Alto (> 8 mts),130,Grande,-68.8518015386,-32.8826143114,1,Parque Central,1655357.93265,0
42656,Morera,26/09/2011 11:53,Alto (> 8 mts),160,Grande,-68.8294785124,-32.8775342642,4,Cuarta Este Área Fundacional,1822015.85685,0
31305,Morera,25/02/2011 13:32,Alto (> 8 mts),180,Grande,-68.8487603058,-32.8646368414,6,Residencial Norte,2694682.37982,0
30586,Fresno americano,09/02/2011 11:58,Alto (> 8 mts),56,Mediano,-68.857485507,-32.8658716702,6,Residencial Norte,2694682.37982,0
35319,Morera,23/06/2011 11:01,Medio (4 - 8 mts),110,Grande,-68.8539004822,-32.8823607515,1,Parque Central,1655357.93265,0
7621,Morera,07/06/2011 09:53,Medio (4 - 8 mts),66,Grande,-68.8585294378,-32.8835054737,5,Residencial Sur,2423808.92355,0
7202,Jacaranda,15/06/2011 10:18,Alto (> 8 mts),127,Grande,-68.8610164901,-32.8990542311,5,Residencial Sur,2423808.92355,0
8431,Fresno americano,11/02/2011 12:22,Medio (4 - 8 mts),32,Mediano,-68.8379675852,-32.9008719242,2,Barrio Civico,2366816.36021,0
1240,Fresno americano,29/11/2011 13:14,Bajo (2 - 4 mts),60,Mediano,-68.876365654,-32.8653545418,8,Aeroparque,2203364.73622,0
25161,Morera,09/02/2011 19:03,Alto (> 8 mts),138,Grande,-68.8362523478,-32.8985137937,2,Barrio Civico,2366816.36021,0
36160,Platano,04/04/2011 13:14,Alto (> 8 mts),220,Grande,-68.8522204044,-32.8768465199,6,Residencial Norte,2694682.37982,0
47244,Fresno europeo,16/09/2011 11:18,Medio (4 - 8 mts),38,Mediano,-68.8334358984,-32.8739368058,4,Cuarta Este Área Fundacional,1822015.85685,0
2259,Fresno europeo,28/10/2011 08:22,Medio (4 - 8 mts),100,Grande,-68.8381405186,-32.8928392072,3,Parque O'Higgins,1531146.02653,1
47714,Fresno europeo,15/09/2011 12:43,Muy bajo (1 - 2 mts),10,Chico,-68.8276903929,-32.8727806867,4,Cuarta Este Área Fundacional,1822015.85685,0
3494,Eucalyptus,19/08/2011 10:34,Alto (> 8 mts),280,Grande,-68.8239467103,-32.8678732936,4,Cuarta Este Área Fundacional,1822015.85685,0
7415,Paraiso,17/06/2011 18:02,Alto (> 8 mts),92,Grande,-68.8582849834,-32.9001884393,5,Residencial Sur,2423808.92355,0
9362,Morera,16/02/2011 10:18,Medio (4 - 8 mts),82,Grande,-68.8453887951,-32.8653697677,4,Cuarta Oeste,1173332.70145,0
17042,Morera,09/08/2011 10:03,Alto (> 8 mts),135,Grande,-68.8389418967,-32.8631523557,4,Cuarta Oeste,1173332.70145,0
28123,Fresno americano,14/03/2011 17:31,Muy bajo (1 - 2 mts),12,Chico,-68.8464981416,-32.8917058609,2,Barrio Civico,2366816.36021,0
34907,Fresno europeo,28/03/2011 12:30,Alto (> 8 mts),53,Mediano,-68.8517983767,-32.8806056606,1,Parque Central,1655357.93265,0
4893,Catalpa,21/07/2011 09:38,Muy bajo (1 - 2 mts),10,Chico,-68.8427564601,-32.8647169255,4,Cuarta Oeste,1173332.70145,0
42364,Morera,29/09/2011 10:34,Alto (> 8 mts),185,Grande,-68.8347090526,-32.8756096935,4,Cuarta Este Área Fundacional,1822015.85685,1
5509,Morera,26/04/2011 13:57,Medio (4 - 8 mts),50,Mediano,-68.8373785625,-32.8762430633,1,Parque Central,1655357.93265,0
18163,Fresno europeo,26/07/2011 09:53,Alto (> 8 mts),155,Grande,-68.839683759,-32.8687559899,4,Cuarta Oeste,1173332.70145,0
10711,Prunas,31/03/2011 09:05,Bajo (2 - 4 mts),100,Grande,-68.8480455651,-32.8758790448,6,Residencial Norte,2694682.37982,0
38208,Paraiso,25/08/2010 09:52,Medio (4 - 8 mts),178,Grande,-68.8473811697,-32.8737952683,6,Residencial Norte,2694682.37982,0
31081,Morera,09/02/2011 09:42,Alto (> 8 mts),160,Grande,-68.8545525326,-32.8651537652,6,Residencial Norte,2694682.37982,0
44365,Fresno europeo,17/10/2011 12:49,Alto (> 8 mts),190,Grande,-68.8363245285,-32.882377873,1,Parque Central,1655357.93265,1
21189,Platano,06/05/2011 09:18,Alto (> 8 mts),195,Grande,-68.8525896148,-32.8928307947,5,Residencial Sur,2423808.92355,0
38871,Morera,07/12/2010 13:48,Alto (> 8 mts),160,Grande,-68.8481859393,-32.8712541013,6,Residencial Norte,2694682.37982,0
32046,Platano,09/06/2011 13:25,Alto (> 8 mts),150,Grande,-68.8607989013,-32.8877823841,5,Residencial Sur,2423808.92355,0
35323,Fresno europeo,23/06/2011 10:48,Bajo (2 - 4 mts),64,Grande,-68.8540897056,-32.8824299546,5,Residencial Sur,2423808.92355,0
43595,Fresno europeo,13/10/2011 12:13,Alto (> 8 mts),135,Grande,-68.8325583425,-32.8828999053,3,Parque O'Higgins,1531146.02653,0
33996,Fresno europeo,26/05/2011 09:56,Medio (4 - 8 mts),110,Grande,-68.8528904729,-32.8841809895,5,Residencial Sur,2423808.92355,0
360,Morera,06/03/2012 13:05,Medio (4 - 8 mts),140,Grande,-68.8204522028,-32.8671792612,4,Cuarta Este Área Fundacional,1822015.85685,0
48176,Morera,17/08/2011 09:35,Alto (> 8 mts),250,Grande,-68.8290590391,-32.8675759131,4,Cuarta Este Área Fundacional,1822015.85685,0
47298,Platano,20/09/2011 10:35,Alto (> 8 mts),300,Grande,-68.8314483103,-32.8739431369,4,Cuarta Este Área Fundacional,1822015.85685,1
15108,Paraiso,18/11/2011 09:13,Bajo (2 - 4 mts),36,Mediano,-68.859141722,-32.8686921166,6,Residencial Norte,2694682.37982,0
19330,Morera,19/07/2011 12:55,Alto (> 8 mts),130,Grande,-68.8356463319,-32.8707182477,4,Cuarta Oeste,1173332.70145,0
3003,Morera,15/09/2011 13:01,Alto (> 8 mts),140,Grande,-68.8306294077,-32.8726054186,4,Cuarta Este Área Fundacional,1822015.85685,0
13751,Olmo bola,28/01/2011 08:28,Medio (4 - 8 mts),110,Grande,-68.8497897367,-32.8637824882,6,Residencial Norte,2694682.37982,0
7722,Caducifolio,31/05/2011 13:05,Bajo (2 - 4 mts),44,Mediano,-68.8563623708,-32.8837860793,5,Residencial Sur,2423808.92355,0
39325,Morera,30/12/2010 10:06,Medio (4 - 8 mts),70,Grande,-68.856140523,-32.8712804323,6,Residencial Norte,2694682.37982,0
16937,Morera,16/08/2011 13:26,Alto (> 8 mts),207,Grande,-68.8368422647,-32.865019841,4,Cuarta Oeste,1173332.70145,0
16938,Morera,16/08/2011 13:22,Bajo (2 - 4 mts),30,Mediano,-68.836860781,-32.8650983442,4,Cuarta Oeste,1173332.70145,0
30559,Paraiso,09/02/2011 09:47,Alto (> 8 mts),170,Grande,-68.8582235453,-32.8667217,6,Residencial Norte,2694682.37982,0
27814,Morera,03/11/2011 09:22,Alto (> 8 mts),118,Grande,-68.8354939732,-32.8943140767,3,Parque O'Higgins,1531146.02653,1
15830,Morera,24/11/2011 07:25,Medio (4 - 8 mts),120,Grande,-68.87173276,-32.87563808,7,Residencial Parque,1786336.08966,0
6036,Perenne,18/04/2011 10:32,Bajo (2 - 4 mts),200,Grande,-68.8478815504,-32.8857672591,1,Parque Central,1655357.93265,0
14136,Aguaribay,01/12/2011 12:51,Alto (> 8 mts),170,Grande,-68.8766071845,-32.8672374627,8,Aeroparque,2203364.73622,0
13437,Morera,02/02/2011 12:04,Medio (4 - 8 mts),110,Grande,-68.8527448643,-32.8647571119,6,Residencial Norte,2694682.37982,0
43201,Morera,11/11/2011 09:40,Alto (> 8 mts),200,Grande,-68.82814288,-32.8820369476,3,Parque O'Higgins,1531146.02653,1
46317,Morera,28/09/2011 08:01,Alto (> 8 mts),145,Grande,-68.824728428,-32.8736242601,4,Cuarta Este Área Fundacional,1822015.85685,0
13349,Fresno europeo,11/01/2011 11:11,Alto (> 8 mts),90,Grande,-68.846255935,-32.8662491531,4,Cuarta Oeste,1173332.70145,0
32268,Ailanthus,28/06/2011 10:50,Alto (> 8 mts),90,Grande,-68.8512454344,-32.8917160839,5,Residencial Sur,2423808.92355,1
780,Aguaribay,14/12/2011 10:38,Medio (4 - 8 mts),110,Grande,-68.8796833938,-32.8675571381,8,Aeroparque,2203364.73622,0
6626,Morera,11/05/2011 11:30,Alto (> 8 mts),133,Grande,-68.8584695641,-32.8927431265,5,Residencial Sur,2423808.92355,1
26444,Acacia SP,09/11/2011 10:05,Alto (> 8 mts),170,Grande,-68.833702328,-32.891251458,3,Parque O'Higgins,1531146.02653,0
6315,Caducifolio,24/06/2011 10:34,Muy bajo (1 - 2 mts),5,Chico,-68.8577727562,-32.8904427818,5,Residencial Sur,2423808.92355,0
24869,Platano,17/02/2011 13:31,Alto (> 8 mts),290,Grande,-68.8397877903,-32.8964551257,2,Barrio Civico,2366816.36021,0
17934,Morera,03/08/2011 13:14,Medio (4 - 8 mts),35,Mediano,-68.8376326889,-32.8662506911,4,Cuarta Oeste,1173332.70145,0
12758,Paraiso sombrilla,24/01/2011 13:42,Alto (> 8 mts),120,Grande,-68.8481250769,-32.8639062875,6,Residencial Norte,2694682.37982,0
159,Fresno europeo,27/02/2012 17:36,Bajo (2 - 4 mts),20,Chico,-68.857346078,-32.8641697479,6,Residencial Norte,2694682.37982,0
23996,Paraiso,13/01/2011 11:42,Alto (> 8 mts),132,Grande,-68.8463255347,-32.9002502504,2,Barrio Civico,2366816.36021,1
636,Paraiso sombrilla,08/03/2012 11:28,Medio (4 - 8 mts),84,Grande,-68.8180401959,-32.868710559,4,Cuarta Este Área Fundacional,1822015.85685,0
42100,Caducifolio,04/05/2011 09:58,Muy bajo (1 - 2 mts),15,Chico,-68.8430016417,-32.8767942175,1,Parque Central,1655357.93265,0
32888,Platano,10/06/2011 08:59,Medio (4 - 8 mts),220,Grande,-68.8509580837,-32.8861434911,5,Residencial Sur,2423808.92355,0
20224,Morera,26/05/2011 12:40,Alto (> 8 mts),74,Grande,-68.860442032,-32.8937321597,5,Residencial Sur,2423808.92355,1
16578,Morera,27/07/2011 12:47,Alto (> 8 mts),220,Grande,-68.8417786198,-32.8655603456,4,Cuarta Oeste,1173332.70145,0
21723,Fresno europeo,09/06/2011 10:59,Bajo (2 - 4 mts),16,Chico,-68.8554334158,-32.8953916226,5,Residencial Sur,2423808.92355,0
16167,Morera,18/07/2011 10:01,Alto (> 8 mts),160,Grande,-68.8433370955,-32.867715915,4,Cuarta Oeste,1173332.70145,0
36781,Morera,21/03/2011 17:10,Alto (> 8 mts),122,Grande,-68.857868967,-32.8810757257,7,Residencial Parque,1786336.08966,0
30128,Acacia SP,16/03/2011 12:45,Alto (> 8 mts),150,Grande,-68.8406924197,-32.890607463,3,Parque O'Higgins,1531146.02653,1
32519,Morera,23/06/2011 13:55,Medio (4 - 8 mts),56,Mediano,-68.8511744855,-32.889896138,5,Residencial Sur,2423808.92355,0
18703,Fresno americano,04/07/2011 10:30,Alto (> 8 mts),150,Grande,-68.8353727007,-32.8748174391,4,Cuarta Este Área Fundacional,1822015.85685,0
25681,Platano,04/02/2011 13:03,Alto (> 8 mts),180,Grande,-68.8425035086,-32.9029831151,2,Barrio Civico,2366816.36021,0
20134,Platano,16/05/2011 10:56,Medio (4 - 8 mts),160,Grande,-68.8606128589,-32.8913197846,5,Residencial Sur,2423808.92355,0
10767,Fresno europeo,04/04/2011 12:25,Medio (4 - 8 mts),50,Mediano,-68.8528191039,-32.8767380668,6,Residencial Norte,2694682.37982,0
16627,Morera,26/07/2011 14:18,Alto (> 8 mts),150,Grande,-68.8400488482,-32.8654275805,4,Cuarta Oeste,1173332.70145,0
18965,Morera,04/08/2011 09:13,Alto (> 8 mts),190,Grande,-68.8375444665,-32.8687534104,4,Cuarta Oeste,1173332.70145,0
4962,Prunas,15/07/2011 11:06,Muy bajo (1 - 2 mts),20,Chico,-68.8439099664,-32.8704885997,4,Cuarta Oeste,1173332.70145,0
23044,Morera,14/06/2011 13:17,Alto (> 8 mts),86,Grande,-68.8614499796,-32.901969684,5,Residencial Sur,2423808.92355,0
4290,Paraiso,18/07/2011 09:33,Alto (> 8 mts),180,Grande,-68.8384335399,-32.8715165741,4,Cuarta Oeste,1173332.70145,0
27022,Fresno europeo,28/10/2011 10:21,Bajo (2 - 4 mts),33,Mediano,-68.838376407,-32.8910676215,3,Parque O'Higgins,1531146.02653,0
1366,Paraiso sombrilla,30/11/2011 11:07,Bajo (2 - 4 mts),99,Grande,-68.8771244503,-32.8646848101,8,Aeroparque,2203364.73622,0
2678,Platano,11/10/2011 09:12,Alto (> 8 mts),210,Grande,-68.8327158788,-32.8848167738,3,Parque O'Higgins,1531146.02653,0
15885,Tilo,28/11/2011 20:31,Bajo (2 - 4 mts),23,Mediano,-68.8721449588,-32.8763966156,7,Residencial Parque,1786336.08966,0
37415,Acacia SP,03/01/2011 12:42,Medio (4 - 8 mts),120,Grande,-68.8572121419,-32.8714908802,6,Residencial Norte,2694682.37982,0
45535,Fresno europeo,16/09/2011 14:26,Alto (> 8 mts),240,Grande,-68.8210722025,-32.8727645721,4,Cuarta Este Área Fundacional,1822015.85685,0
9866,Morera,09/02/2011 11:44,Medio (4 - 8 mts),40,Mediano,-68.8570926654,-32.8660308987,6,Residencial Norte,2694682.37982,0
11653,Paraiso,26/01/2011 13:12,Alto (> 8 mts),140,Grande,-68.85007129,-32.8682408894,6,Residencial Norte,2694682.37982,0
47659,Morera,08/09/2011 15:29,Medio (4 - 8 mts),240,Grande,-68.8286821902,-32.8711077234,4,Cuarta Este Área Fundacional,1822015.85685,1
14820,Paraiso sombrilla,07/12/2011 10:27,Bajo (2 - 4 mts),80,Grande,-68.8780174081,-32.8687290062,8,Aeroparque,2203364.73622,0
33115,Platano,27/06/2011 11:55,Alto (> 8 mts),210,Grande,-68.8533915032,-32.8903849678,5,Residencial Sur,2423808.92355,0
41021,Platano,12/04/2011 09:16,Alto (> 8 mts),199,Grande,-68.8406479708,-32.8804507464,1,Parque Central,1655357.93265,0
8919,Morera,26/01/2011 10:04,Medio (4 - 8 mts),55,Mediano,-68.8488035074,-32.868648357,6,Residencial Norte,2694682.37982,0
58,Morera,05/03/2012 10:56,Medio (4 - 8 mts),110,Grande,-68.8566897621,-32.8968080147,5,Residencial Sur,2423808.92355,0
7873,Paraiso,17/06/2011 10:57,Alto (> 8 mts),150,Grande,-68.8531253409,-32.8900667325,5,Residencial Sur,2423808.92355,0
23377,Fresno americano,28/01/2011 09:55,Medio (4 - 8 mts),150,Grande,-68.8494237971,-32.9027870473,2,Barrio Civico,2366816.36021,1
24538,Olmo bola,27/01/2011 12:53,Alto (> 8 mts),156,Grande,-68.8434313543,-32.9011299554,2,Barrio Civico,2366816.36021,0
47275,Fresno americano,20/09/2011 11:29,Medio (4 - 8 mts),85,Grande,-68.8310303968,-32.8729870717,4,Cuarta Este Área Fundacional,1822015.85685,0
46321,Morera,28/09/2011 07:55,Alto (> 8 mts),150,Grande,-68.8247382564,-32.8738719023,4,Cuarta Este Área Fundacional,1822015.85685,0
10760,Fresno europeo,06/04/2011 10:20,Muy bajo (1 - 2 mts),2,Chico,-68.8543873083,-32.8769224718,6,Residencial Norte,2694682.37982,0
10325,Paraiso,29/11/2010 12:09,Medio (4 - 8 mts),25,Mediano,-68.8573293136,-32.8724914267,6,Residencial Norte,2694682.37982,0
18677,Morera,05/07/2011 09:45,Alto (> 8 mts),175,Grande,-68.8363644498,-32.8741604138,4,Cuarta Oeste,1173332.70145,0
20549,Fresno europeo,03/06/2011 13:34,Medio (4 - 8 mts),75,Grande,-68.8585343066,-32.8969813732,5,Residencial Sur,2423808.92355,0
34069,Fresno europeo,27/05/2011 13:24,Bajo (2 - 4 mts),28,Mediano,-68.8560761249,-32.8838624311,5,Residencial Sur,2423808.92355,0
18307,Platano,03/08/2011 09:18,Alto (> 8 mts),220,Grande,-68.8383181333,-32.8685212706,4,Cuarta Oeste,1173332.70145,0
17451,Morera,29/07/2011 09:32,Alto (> 8 mts),101,Grande,-68.8350701346,-32.8669635867,4,Cuarta Oeste,1173332.70145,0
10186,Jacaranda,17/12/2010 13:34,Bajo (2 - 4 mts),20,Chico,-68.8524250367,-32.8708606405,6,Residencial Norte,2694682.37982,0
34675,Morera,31/03/2011 09:13,Alto (> 8 mts),140,Grande,-68.8497971332,-32.8762116013,6,Residencial Norte,2694682.37982,1
38239,Fresno europeo,18/01/2012 10:47,Alto (> 8 mts),128,Grande,-68.8468954701,-32.8729477469,6,Residencial Norte,2694682.37982,0
38397,Paraiso,04/11/2010 12:17,Alto (> 8 mts),210,Grande,-68.8521972216,-32.8691850978,6,Residencial Norte,2694682.37982,1
4663,Paraiso,15/08/2011 11:23,Medio (4 - 8 mts),45,Mediano,-68.8380559288,-32.8638241021,4,Cuarta Oeste,1173332.70145,0
564,Perenne,09/03/2012 07:40,Muy bajo (1 - 2 mts),80,Grande,-68.8190893112,-32.868684504,4,Cuarta Este Área Fundacional,1822015.85685,0
30375,Platano,03/03/2011 12:47,Alto (> 8 mts),260,Grande,-68.8393082652,-32.8898743825,3,Parque O'Higgins,1531146.02653,0
32095,Platano,07/06/2011 13:16,Alto (> 8 mts),205,Grande,-68.8590732087,-32.8880900023,5,Residencial Sur,2423808.92355,0
42530,Morera,28/09/2011 11:29,Alto (> 8 mts),155,Grande,-68.8306600828,-32.8765172997,4,Cuarta Este Área Fundacional,1822015.85685,0
17790,Paraiso,22/07/2011 13:10,Alto (> 8 mts),100,Grande,-68.8428782087,-32.8680697055,4,Cuarta Oeste,1173332.70145,1
7769,Morera,16/05/2011 13:02,Muy bajo (1 - 2 mts),18,Chico,-68.8534845372,-32.8864765616,5,Residencial Sur,2423808.92355,0
22205,Morera,18/05/2011 10:08,Alto (> 8 mts),102,Grande,-68.8569012994,-32.8991786988,5,Residencial Sur,2423808.92355,0
9322,Paraiso sombrilla,17/02/2011 09:53,Bajo (2 - 4 mts),68,Grande,-68.8464930628,-32.8646431195,4,Cuarta Oeste,1173332.70145,0
18234,Platano,29/07/2011 10:58,Alto (> 8 mts),160,Grande,-68.8389517866,-32.8678361157,4,Cuarta Oeste,1173332.70145,0
17598,Morera,19/07/2011 10:49,Alto (> 8 mts),208,Grande,-68.8426829188,-32.8661339541,4,Cuarta Oeste,1173332.70145,0
28318,Morera,10/03/2011 15:33,Muy bajo (1 - 2 mts),8,Chico,-68.8500688384,-32.8921079416,5,Residencial Sur,2423808.92355,0
12973,Paraiso,15/02/2011 08:44,Alto (> 8 mts),180,Grande,-68.8439319652,-32.8646330989,4,Cuarta Oeste,1173332.70145,0
17067,Morera,16/08/2011 09:18,Alto (> 8 mts),200,Grande,-68.8365927671,-32.8639817545,4,Cuarta Oeste,1173332.70145,0
40299,Morera,11/04/2011 13:07,Alto (> 8 mts),190,Grande,-68.845159315,-32.8803405451,1,Parque Central,1655357.93265,1
3801,Morera,05/09/2011 09:50,Medio (4 - 8 mts),48,Mediano,-68.8320060375,-32.870569168,4,Cuarta Este Área Fundacional,1822015.85685,0
916,Morera,29/02/2012 09:37,Bajo (2 - 4 mts),10,Chico,-68.8524666854,-32.8719234257,6,Residencial Norte,2694682.37982,0
30369,Platano,03/03/2011 13:13,Alto (> 8 mts),300,Grande,-68.8394543875,-32.8904938897,3,Parque O'Higgins,1531146.02653,0
37964,Morera,27/08/2010 10:43,Medio (4 - 8 mts),109,Grande,-68.8479533291,-32.874207132,6,Residencial Norte,2694682.37982,0
19609,Morera,11/07/2011 09:29,Alto (> 8 mts),108,Grande,-68.8370208403,-32.8716559144,4,Cuarta Oeste,1173332.70145,1
19145,Morera,20/07/2011 10:23,Alto (> 8 mts),134,Grande,-68.8399584035,-32.8721201121,4,Cuarta Oeste,1173332.70145,0
29454,Morera,15/03/2011 13:18,Alto (> 8 mts),194,Grande,-68.8447860985,-32.8940829913,2,Barrio Civico,2366816.36021,1
21816,Morera,13/05/2011 09:51,Alto (> 8 mts),200,Grande,-68.8559088742,-32.8942987808,5,Residencial Sur,2423808.92355,0
40937,Fresno americano,18/04/2011 18:30,Alto (> 8 mts),86,Grande,-68.8386048946,-32.8851800474,3,Parque O'Higgins,1531146.02653,0
4543,Paraiso sombrilla,29/07/2011 17:05,Medio (4 - 8 mts),200,Grande,-68.8412757152,-32.8674603127,4,Cuarta Oeste,1173332.70145,0
1387,Aguaribay,23/11/2011 11:08,Alto (> 8 mts),145,Grande,-68.8708223111,-32.8790088746,7,Residencial Parque,1786336.08966,0
20808,Alamo criollo,01/06/2011 11:59,Alto (> 8 mts),91,Grande,-68.8629595572,-32.8957768354,5,Residencial Sur,2423808.92355,0
6144,Olmo comun,15/04/2011 13:04,Medio (4 - 8 mts),42,Mediano,-68.8425408363,-32.8827060608,1,Parque Central,1655357.93265,0
23522,Morera,20/01/2011 07:24,Alto (> 8 mts),120,Grande,-68.8484362533,-32.9033540088,2,Barrio Civico,2366816.36021,0
23033,Morera,10/06/2011 18:48,Alto (> 8 mts),92,Grande,-68.8621756219,-32.9016454556,5,Residencial Sur,2423808.92355,0
46182,Morera,28/09/2011 09:56,Medio (4 - 8 mts),85,Grande,-68.8242227789,-32.8751798066,4,Cuarta Este Área Fundacional,1822015.85685,0
30606,Liquidambar,11/02/2011 13:23,Medio (4 - 8 mts),53,Mediano,-68.8583414477,-32.8647861301,6,Residencial Norte,2694682.37982,0
10383,Fresno europeo,25/08/2010 11:20,Alto (> 8 mts),152,Grande,-68.8466597966,-32.8737285263,6,Residencial Norte,2694682.37982,0
32020,Morera,03/06/2011 10:33,Alto (> 8 mts),138,Grande,-68.8572582712,-32.8874492024,5,Residencial Sur,2423808.92355,0
4460,Caducifolio,03/08/2011 09:27,Medio (4 - 8 mts),55,Mediano,-68.8386230354,-32.8684816489,4,Cuarta Oeste,1173332.70145,0
24185,Paraiso,27/01/2011 08:45,Medio (4 - 8 mts),135,Grande,-68.844839607,-32.9009305438,2,Barrio Civico,2366816.36021,0
44815,Fresno europeo,26/08/2011 10:28,Medio (4 - 8 mts),100,Grande,-68.8230231329,-32.8696325187,4,Cuarta Este Área Fundacional,1822015.85685,0
35414,Fresno europeo,17/06/2011 15:46,Bajo (2 - 4 mts),70,Grande,-68.8554020204,-32.883663191,5,Residencial Sur,2423808.92355,0
27541,Fresno europeo,27/10/2011 08:54,Medio (4 - 8 mts),115,Grande,-68.8357304388,-32.8913326758,3,Parque O'Higgins,1531146.02653,0
43280,Platano,21/10/2011 17:31,Alto (> 8 mts),170,Grande,-68.8338393398,-32.8802574002,1,Parque Central,1655357.93265,1
16256,Paraiso,19/07/2011 21:36,Alto (> 8 mts),280,Grande,-68.8433370896,-32.8648552878,4,Cuarta Oeste,1173332.70145,1
1475,Conifera,25/11/2011 11:26,Bajo (2 - 4 mts),38,Mediano,-68.8715879169,-32.876954565,7,Residencial Parque,1786336.08966,0
13036,Morera,16/02/2011 09:30,Alto (> 8 mts),200,Grande,-68.8445961881,-32.8658401251,4,Cuarta Oeste,1173332.70145,1
43396,Morera,27/10/2011 16:10,Medio (4 - 8 mts),140,Grande,-68.8321353288,-32.8812230919,3,Parque O'Higgins,1531146.02653,0
1412,Paraiso,23/11/2011 09:35,Medio (4 - 8 mts),150,Grande,-68.871500381,-32.8793041807,7,Residencial Parque,1786336.08966,0
11411,Morera,28/01/2011 13:53,Alto (> 8 mts),100,Grande,-68.8513703362,-32.9005197515,2,Barrio Civico,2366816.36021,0
30017,Platano,29/04/2011 11:21,Alto (> 8 mts),98,Grande,-68.8409813034,-32.8867159491,3,Parque O'Higgins,1531146.02653,0
45146,Paraiso sombrilla,01/09/2011 11:43,Medio (4 - 8 mts),146,Grande,-68.8244260102,-32.8705963758,4,Cuarta Este Área Fundacional,1822015.85685,0
6035,Morera,18/04/2011 10:40,Alto (> 8 mts),52,Mediano,-68.8475968473,-32.8859039805,1,Parque Central,1655357.93265,0
4078,Olmo comun,29/09/2011 11:09,Bajo (2 - 4 mts),30,Mediano,-68.8336621799,-32.876683896,4,Cuarta Este Área Fundacional,1822015.85685,0
41709,Morera,28/04/2011 09:58,Medio (4 - 8 mts),110,Grande,-68.8385928067,-32.8783907183,1,Parque Central,1655357.93265,0
33364,Fresno europeo,19/05/2011 09:51,Medio (4 - 8 mts),96,Grande,-68.8579225588,-32.8910204612,5,Residencial Sur,2423808.92355,0
10288,Morera,07/12/2010 11:52,Alto (> 8 mts),80,Grande,-68.8479009709,-32.8709315437,6,Residencial Norte,2694682.37982,0
6004,Morera,09/05/2011 11:28,Medio (4 - 8 mts),60,Mediano,-68.8590384181,-32.8867332969,5,Residencial Sur,2423808.92355,0
30518,Fresno europeo,04/04/2011 16:09,Bajo (2 - 4 mts),18,Chico,-68.8389930944,-32.8874179855,3,Parque O'Higgins,1531146.02653,0
23415,Morera,26/01/2011 19:13,Alto (> 8 mts),120,Grande,-68.8501183223,-32.9022997971,2,Barrio Civico,2366816.36021,0
36092,Acer,06/04/2011 09:22,Medio (4 - 8 mts),56,Mediano,-68.8550525523,-32.876321381,6,Residencial Norte,2694682.37982,0
24764,Morera,15/02/2011 12:44,Medio (4 - 8 mts),30,Mediano,-68.8402064328,-32.8964659397,2,Barrio Civico,2366816.36021,0
16669,Paraiso,19/07/2011 11:02,Medio (4 - 8 mts),110,Grande,-68.8414169323,-32.863265095,4,Cuarta Oeste,1173332.70145,0
11550,Morera,23/02/2011 09:55,Medio (4 - 8 mts),45,Mediano,-68.8538419763,-32.8660421862,6,Residencial Norte,2694682.37982,0
16977,Caducifolio,15/08/2011 11:59,Muy bajo (1 - 2 mts),2,Chico,-68.8382656259,-32.8653054274,4,Cuarta Oeste,1173332.70145,0
20971,Morera,14/06/2011 13:48,Alto (> 8 mts),88,Grande,-68.8626895926,-32.9017439157,5,Residencial Sur,2423808.92355,0
16126,Morera,21/07/2011 10:11,Alto (> 8 mts),190,Grande,-68.8441693246,-32.8727832145,6,Residencial Norte,2694682.37982,0
34743,Fresno europeo,30/03/2011 13:06,Alto (> 8 mts),80,Grande,-68.8505368158,-32.879031236,6,Residencial Norte,2694682.37982,0
22296,Morera,09/06/2011 11:16,Medio (4 - 8 mts),64,Grande,-68.8580448677,-32.8970234289,5,Residencial Sur,2423808.92355,0
11848,Paraiso,02/03/2011 12:08,Alto (> 8 mts),120,Grande,-68.8502476564,-32.8647560404,6,Residencial Norte,2694682.37982,0
8804,Fresno europeo,02/02/2011 09:58,Bajo (2 - 4 mts),25,Mediano,-68.8547048866,-32.8685922416,6,Residencial Norte,2694682.37982,0
19328,Morera,19/07/2011 13:39,Alto (> 8 mts),140,Grande,-68.8356760231,-32.8708411876,4,Cuarta Oeste,1173332.70145,0
32026,Morera,03/06/2011 09:09,Alto (> 8 mts),80,Grande,-68.8573279485,-32.888129862,5,Residencial Sur,2423808.92355,0
10427,Fresno europeo,10/03/2011 12:18,Bajo (2 - 4 mts),26,Mediano,-68.8568774123,-32.8733428249,6,Residencial Norte,2694682.37982,0
18411,Morera,11/07/2011 11:52,Alto (> 8 mts),145,Grande,-68.8395266512,-32.8738017375,4,Cuarta Oeste,1173332.70145,0
37609,Paraiso,13/12/2010 10:26,Alto (> 8 mts),155,Grande,-68.8500956793,-32.8716328618,6,Residencial Norte,2694682.37982,0
45907,Morera,25/08/2011 12:46,Alto (> 8 mts),232,Grande,-68.8193374789,-32.8688030117,4,Cuarta Este Área Fundacional,1822015.85685,0
32798,Morera,14/07/2011 09:40,Alto (> 8 mts),135,Grande,-68.8522059309,-32.8851221806,5,Residencial Sur,2423808.92355,0
28313,Morera,10/03/2011 15:20,Medio (4 - 8 mts),156,Grande,-68.8496932219,-32.8921793428,5,Residencial Sur,2423808.92355,0
12490,Morera,25/01/2011 09:38,Alto (> 8 mts),145,Grande,-68.8493450457,-32.8674880918,6,Residencial Norte,2694682.37982,0
16106,Paraiso,15/07/2011 10:40,Alto (> 8 mts),110,Grande,-68.8450372264,-32.8718954026,6,Residencial Norte,2694682.37982,1
46177,Morera,28/09/2011 10:39,Medio (4 - 8 mts),210,Grande,-68.8239941934,-32.8745964503,4,Cuarta Este Área Fundacional,1822015.85685,0
1908,Paraiso,16/11/2011 12:45,Medio (4 - 8 mts),60,Mediano,-68.8585859681,-32.8687327791,6,Residencial Norte,2694682.37982,0
18864,Morera,27/07/2011 09:13,Alto (> 8 mts),90,Grande,-68.8400431468,-32.8699817012,4,Cuarta Oeste,1173332.70145,1
8478,Morera,14/02/2011 15:47,Alto (> 8 mts),98,Grande,-68.8351801404,-32.8979018136,2,Barrio Civico,2366816.36021,0
20426,Morera,17/05/2011 11:14,Alto (> 8 mts),145,Grande,-68.8615561435,-32.8932809267,5,Residencial Sur,2423808.92355,1
24979,Morera,16/02/2011 09:15,Alto (> 8 mts),160,Grande,-68.8379633792,-32.8963015027,2,Barrio Civico,2366816.36021,0
32834,Platano,13/06/2011 09:58,Alto (> 8 mts),220,Grande,-68.8506562847,-32.8862498896,5,Residencial Sur,2423808.92355,0
18290,Morera,04/08/2011 11:05,Alto (> 8 mts),150,Grande,-68.8395729498,-32.8688200485,4,Cuarta Oeste,1173332.70145,0
37087,Morera,06/04/2011 09:25,Medio (4 - 8 mts),126,Grande,-68.8578445126,-32.8765180679,7,Residencial Parque,1786336.08966,0
31597,Morera,10/06/2011 10:09,Alto (> 8 mts),150,Grande,-68.8613233417,-32.8887933127,5,Residencial Sur,2423808.92355,0
39328,Morera,30/12/2010 10:15,Alto (> 8 mts),180,Grande,-68.8563684373,-32.871236494,6,Residencial Norte,2694682.37982,1
36635,Morera,14/06/2011 18:58,Medio (4 - 8 mts),100,Grande,-68.857936601,-32.8816089889,7,Residencial Parque,1786336.08966,0
17525,Morera,28/07/2011 09:30,Alto (> 8 mts),150,Grande,-68.8390617423,-32.8672255619,4,Cuarta Oeste,1173332.70145,1
31096,Acer,08/02/2011 13:21,Bajo (2 - 4 mts),38,Mediano,-68.8541268851,-32.8647529169,6,Residencial Norte,2694682.37982,0
35183,Paraiso,29/03/2011 10:48,Alto (> 8 mts),110,Grande,-68.8522885447,-32.88249625,1,Parque Central,1655357.93265,0
22608,Fresno europeo,23/06/2011 10:38,Medio (4 - 8 mts),30,Mediano,-68.86243219,-32.9005807229,5,Residencial Sur,2423808.92355,0
42852,Paraiso,04/10/2011 13:20,Alto (> 8 mts),180,Grande,-68.8321886279,-32.8774935815,4,Cuarta Este Área Fundacional,1822015.85685,0
26431,Fresno europeo,09/11/2011 09:35,Bajo (2 - 4 mts),20,Chico,-68.8344302701,-32.8917571906,3,Parque O'Higgins,1531146.02653,0
3370,Morera,30/09/2011 15:00,Medio (4 - 8 mts),65,Grande,-68.8316347018,-32.8764630287,4,Cuarta Este Área Fundacional,1822015.85685,0
37689,Fresno europeo,24/02/2012 08:34,Medio (4 - 8 mts),110,Grande,-68.8521004644,-32.8726322515,6,Residencial Norte,2694682.37982,0
20818,Morera,30/05/2011 11:04,Alto (> 8 mts),142,Grande,-68.8619373345,-32.8957855637,5,Residencial Sur,2423808.92355,0
12749,Morera,24/01/2011 13:09,Medio (4 - 8 mts),120,Grande,-68.8481352791,-32.8644417302,6,Residencial Norte,2694682.37982,0
28471,Morera,25/02/2011 12:03,Alto (> 8 mts),32,Mediano,-68.8477752404,-32.8901831008,2,Barrio Civico,2366816.36021,0
31727,Morera,18/05/2011 09:40,Alto (> 8 mts),136,Grande,-68.8603261434,-32.8905523055,5,Residencial Sur,2423808.92355,0
45145,Fresno europeo,01/09/2011 11:44,Medio (4 - 8 mts),143,Grande,-68.8244167961,-32.870533742,4,Cuarta Este Área Fundacional,1822015.85685,0
2489,Fresno europeo,27/10/2011 10:43,Bajo (2 - 4 mts),18,Chico,-68.8369370069,-32.8877124371,3,Parque O'Higgins,1531146.02653,0
48182,Fresno europeo,02/09/2011 13:33,Alto (> 8 mts),220,Grande,-68.8277538108,-32.8694283959,4,Cuarta Este Área Fundacional,1822015.85685,0
38641,Morera,16/12/2010 10:33,Alto (> 8 mts),110,Grande,-68.8511687402,-32.8711461461,6,Residencial Norte,2694682.37982,0
25635,Morera,15/02/2011 14:57,Alto (> 8 mts),58,Mediano,-68.8374103279,-32.9009791646,2,Barrio Civico,2366816.36021,0
17328,Morera,08/08/2011 10:11,Alto (> 8 mts),165,Grande,-68.8343343587,-32.8656146394,4,Cuarta Oeste,1173332.70145,0
30741,Morera,04/02/2011 13:07,Alto (> 8 mts),135,Grande,-68.8557806728,-32.8690610594,6,Residencial Norte,2694682.37982,1
3158,Paraiso,21/09/2011 10:21,Bajo (2 - 4 mts),65,Grande,-68.8336611903,-32.8738797065,4,Cuarta Este Área Fundacional,1822015.85685,0
946,Fresno europeo,10/01/2012 17:33,Muy bajo (1 - 2 mts),7,Chico,-68.8485529717,-32.8732298507,6,Residencial Norte,2694682.37982,0
26724,Morera,02/11/2011 08:18,Medio (4 - 8 mts),100,Grande,-68.8327538949,-32.8947942892,3,Parque O'Higgins,1531146.02653,0
47654,Platano,08/09/2011 15:39,Alto (> 8 mts),397,Grande,-68.8278790146,-32.8711758872,4,Cuarta Este Área Fundacional,1822015.85685,0
39548,Morera,28/10/2010 13:33,Alto (> 8 mts),140,Grande,-68.848879469,-32.8688186527,6,Residencial Norte,2694682.37982,0
45284,Morera,16/09/2011 09:49,Medio (4 - 8 mts),90,Grande,-68.8245218388,-32.8714510023,4,Cuarta Este Área Fundacional,1822015.85685,0
39092,Morera,22/12/2010 08:58,Alto (> 8 mts),180,Grande,-68.8539931888,-32.8715557781,6,Residencial Norte,2694682.37982,0
39386,Paraiso,12/11/2010 10:42,Alto (> 8 mts),120,Grande,-68.8563076404,-32.870124313,6,Residencial Norte,2694682.37982,1
1154,Fresno europeo,01/12/2011 13:08,Alto (> 8 mts),70,Grande,-68.8769253335,-32.8678908857,8,Aeroparque,2203364.73622,0
33495,Platano,17/06/2011 08:50,Alto (> 8 mts),142,Grande,-68.8553932742,-32.8899036122,5,Residencial Sur,2423808.92355,0
25373,Morera,10/02/2011 09:49,Alto (> 8 mts),125,Grande,-68.8378334714,-32.9006565665,2,Barrio Civico,2366816.36021,1
498,Morera,07/03/2012 09:38,Alto (> 8 mts),180,Grande,-68.8219345286,-32.8678984343,4,Cuarta Este Área Fundacional,1822015.85685,0
31724,Morera,18/05/2011 09:45,Medio (4 - 8 mts),105,Grande,-68.8603055174,-32.8903475984,5,Residencial Sur,2423808.92355,1
33342,Morera,19/05/2011 11:41,Alto (> 8 mts),148,Grande,-68.8571231477,-32.8911752158,5,Residencial Sur,2423808.92355,1
39804,Platano,05/05/2011 09:12,Alto (> 8 mts),180,Grande,-68.847559306,-32.8845380603,1,Parque Central,1655357.93265,0
37982,Paraiso sombrilla,10/01/2012 17:32,Bajo (2 - 4 mts),80,Grande,-68.8485209347,-32.8732734511,6,Residencial Norte,2694682.37982,0
27944,Morera,03/11/2011 12:10,Alto (> 8 mts),178,Grande,-68.8374781958,-32.893535266,2,Barrio Civico,2366816.36021,1
35504,Morera,06/04/2011 11:35,Alto (> 8 mts),82,Grande,-68.8554637617,-32.8810047247,6,Residencial Norte,2694682.37982,0
47711,Platano,15/09/2011 12:47,Alto (> 8 mts),300,Grande,-68.8277818463,-32.8731102311,4,Cuarta Este Área Fundacional,1822015.85685,0
2642,Fresno americano,21/10/2011 18:44,Medio (4 - 8 mts),70,Grande,-68.8341402905,-32.8810664575,3,Parque O'Higgins,1531146.02653,0
46291,Morera,27/09/2011 09:58,Alto (> 8 mts),200,Grande,-68.8226963447,-32.873843056,4,Cuarta Este Área Fundacional,1822015.85685,0
21141,Paraiso,17/06/2011 11:26,Medio (4 - 8 mts),110,Grande,-68.8622771991,-32.8982369686,5,Residencial Sur,2423808.92355,1
11556,Paraiso,10/05/2010 11:09,Alto (> 8 mts),169,Grande,-68.8524274209,-32.8678009074,6,Residencial Norte,2694682.37982,0
26227,Fresno europeo,19/10/2011 10:18,Bajo (2 - 4 mts),40,Mediano,-68.8301958266,-32.8882585409,3,Parque O'Higgins,1531146.02653,0
5479,Fresno europeo,11/04/2011 11:46,Bajo (2 - 4 mts),8,Chico,-68.8460095637,-32.8812491361,1,Parque Central,1655357.93265,0
30846,Morera,15/02/2011 10:16,Alto (> 8 mts),85,Grande,-68.8557051277,-32.8658735184,6,Residencial Norte,2694682.37982,0
5333,Prunas,26/04/2011 10:25,Bajo (2 - 4 mts),60,Mediano,-68.8427841989,-32.8783321141,1,Parque Central,1655357.93265,0
35235,Paraiso,22/03/2011 12:56,Alto (> 8 mts),106,Grande,-68.8539507404,-32.8818693002,6,Residencial Norte,2694682.37982,0
46186,Morera,28/09/2011 09:50,Medio (4 - 8 mts),100,Grande,-68.8245440867,-32.8753451775,4,Cuarta Este Área Fundacional,1822015.85685,0
5051,Morera,10/08/2011 09:21,Alto (> 8 mts),102,Grande,-68.8389860589,-32.8632034178,4,Cuarta Oeste,1173332.70145,0
46334,Morera,26/09/2011 09:43,Alto (> 8 mts),180,Grande,-68.8255157114,-32.8733759974,4,Cuarta Este Área Fundacional,1822015.85685,0
33599,Morera,17/05/2011 10:12,Alto (> 8 mts),195,Grande,-68.854353395,-32.8867771492,5,Residencial Sur,2423808.92355,0
26261,Acacia SP,25/10/2011 10:54,Bajo (2 - 4 mts),70,Grande,-68.830384035,-32.8893756313,3,Parque O'Higgins,1531146.02653,0
8099,Platano,28/02/2011 10:14,Alto (> 8 mts),220,Grande,-68.8459653655,-32.8897717611,2,Barrio Civico,2366816.36021,0
21913,Ailanthus,07/06/2011 09:28,Alto (> 8 mts),110,Grande,-68.8590490854,-32.895360855,5,Residencial Sur,2423808.92355,0
1061,Paraiso,05/12/2011 12:58,Medio (4 - 8 mts),85,Grande,-68.8772494788,-32.8691292858,8,Aeroparque,2203364.73622,1
34516,Morera,29/03/2011 12:24,Alto (> 8 mts),190,Grande,-68.849260782,-32.8754601681,6,Residencial Norte,2694682.37982,0
44364,Acacia SP,17/10/2011 12:50,Alto (> 8 mts),168,Grande,-68.8364421842,-32.8823732678,1,Parque Central,1655357.93265,1
5834,Paraiso,03/05/2011 11:17,Medio (4 - 8 mts),85,Grande,-68.8433991959,-32.8737078262,1,Parque Central,1655357.93265,0
6493,Acacia SP,01/06/2011 12:07,Medio (4 - 8 mts),42,Mediano,-68.8557846846,-32.8883007082,5,Residencial Sur,2423808.92355,0
23321,Morera,28/01/2011 13:59,Alto (> 8 mts),120,Grande,-68.850233858,-32.9020516101,2,Barrio Civico,2366816.36021,0
36929,Fresno europeo,07/04/2011 16:05,Alto (> 8 mts),115,Grande,-68.8587794005,-32.8800554299,7,Residencial Parque,1786336.08966,0
25556,Fresno europeo,08/02/2011 16:18,Bajo (2 - 4 mts),48,Mediano,-68.8390644542,-32.9008703147,2,Barrio Civico,2366816.36021,0
30930,Fresno europeo,11/02/2011 13:44,Medio (4 - 8 mts),102,Grande,-68.8560486202,-32.8637882476,6,Residencial Norte,2694682.37982,0
23243,Morera,31/01/2012 17:15,Bajo (2 - 4 mts),20,Chico,-68.8526186589,-32.9017705919,2,Barrio Civico,2366816.36021,0
37910,Fresno europeo,19/11/2010 10:29,Alto (> 8 mts),150,Grande,-68.8496380827,-32.8731885465,6,Residencial Norte,2694682.37982,0
37121,Acer,07/04/2011 10:30,Alto (> 8 mts),80,Grande,-68.8590789289,-32.8776557097,7,Residencial Parque,1786336.08966,0
26469,Fresno americano,09/11/2011 09:53,Medio (4 - 8 mts),100,Grande,-68.8321677404,-32.8913539139,3,Parque O'Higgins,1531146.02653,0
41007,Platano,04/10/2011 11:57,Alto (> 8 mts),110,Grande,-68.8394016865,-32.8806349236,1,Parque Central,1655357.93265,0
4466,Morera,03/08/2011 08:33,Bajo (2 - 4 mts),15,Chico,-68.8375735196,-32.8680364892,4,Cuarta Oeste,1173332.70145,0
27105,Fresno americano,27/10/2011 09:06,Medio (4 - 8 mts),60,Mediano,-68.8370248307,-32.8887387146,3,Parque O'Higgins,1531146.02653,0
40547,Fresno europeo,11/04/2011 11:57,Medio (4 - 8 mts),32,Mediano,-68.8440971465,-32.8840454314,1,Parque Central,1655357.93265,0
20574,Paraiso,30/05/2011 13:59,Alto (> 8 mts),140,Grande,-68.8626227883,-32.8980051634,5,Residencial Sur,2423808.92355,0
40254,Platano,14/04/2011 10:08,Alto (> 8 mts),145,Grande,-68.8460693582,-32.8824968044,1,Parque Central,1655357.93265,0
23937,Ailanthus,19/01/2012 09:46,Bajo (2 - 4 mts),30,Mediano,-68.8523601623,-32.8992775285,2,Barrio Civico,2366816.36021,0
15314,Morera,17/11/2011 12:45,Medio (4 - 8 mts),95,Grande,-68.8592933967,-32.8706366721,6,Residencial Norte,2694682.37982,0
6339,Paraiso sombrilla,30/06/2011 14:40,Medio (4 - 8 mts),132,Grande,-68.8543271171,-32.8904358661,5,Residencial Sur,2423808.92355,0
1645,Fresno europeo,23/11/2011 09:50,Muy bajo (1 - 2 mts),30,Mediano,-68.8716285391,-32.8775658632,7,Residencial Parque,1786336.08966,0
39464,Paraiso,11/11/2010 11:50,Alto (> 8 mts),150,Grande,-68.8556241459,-32.870112886,6,Residencial Norte,2694682.37982,0
23383,Fresno americano,28/01/2011 09:30,Alto (> 8 mts),120,Grande,-68.8494064593,-32.9023579122,2,Barrio Civico,2366816.36021,0
47078,Fresno americano,23/09/2011 11:48,Alto (> 8 mts),95,Grande,-68.833514951,-32.8733180787,4,Cuarta Este Área Fundacional,1822015.85685,0
14825,Liquidambar,07/12/2011 10:20,Muy bajo (1 - 2 mts),12,Chico,-68.8781723744,-32.8690273487,8,Aeroparque,2203364.73622,0
17841,Morera,02/08/2011 10:35,Alto (> 8 mts),180,Grande,-68.836659069,-32.8669214568,4,Cuarta Oeste,1173332.70145,0
12302,Paraiso,13/01/2011 09:43,Alto (> 8 mts),135,Grande,-68.846366065,-32.8663587434,4,Cuarta Oeste,1173332.70145,0
31768,Fresno americano,27/06/2011 11:55,Bajo (2 - 4 mts),28,Mediano,-68.8580466201,-32.8905092627,5,Residencial Sur,2423808.92355,0
27470,Platano,28/10/2011 08:45,Alto (> 8 mts),188,Grande,-68.8382183993,-32.8913744214,3,Parque O'Higgins,1531146.02653,0
43525,Paraiso sombrilla,19/10/2011 17:39,Alto (> 8 mts),124,Grande,-68.8309962626,-32.8819662658,3,Parque O'Higgins,1531146.02653,0
32305,Tipa,29/06/2011 09:14,Alto (> 8 mts),95,Grande,-68.8524844708,-32.8915449904,5,Residencial Sur,2423808.92355,1
34714,Morera,01/04/2011 11:26,Medio (4 - 8 mts),60,Mediano,-68.8508010419,-32.8771185359,6,Residencial Norte,2694682.37982,1
21643,Morera,10/06/2011 08:51,Alto (> 8 mts),158,Grande,-68.85449257,-32.8963165877,5,Residencial Sur,2423808.92355,1
42485,Morera,30/09/2011 12:38,Alto (> 8 mts),185,Grande,-68.8308062749,-32.8759961709,4,Cuarta Este Área Fundacional,1822015.85685,1
22010,Fresno europeo,17/05/2011 12:18,Alto (> 8 mts),90,Grande,-68.8588920399,-32.8934309686,5,Residencial Sur,2423808.92355,0
6257,Fresno europeo,13/07/2011 12:39,Muy bajo (1 - 2 mts),3,Chico,-68.8515585929,-32.8833252569,1,Parque Central,1655357.93265,0
41564,Paraiso,06/05/2011 12:25,Medio (4 - 8 mts),140,Grande,-68.8415737483,-32.8795869185,1,Parque Central,1655357.93265,0
19134,Morera,20/07/2011 10:49,Alto (> 8 mts),180,Grande,-68.8407574618,-32.8719693335,4,Cuarta Oeste,1173332.70145,1
13384,Platano,10/01/2011 12:41,Alto (> 8 mts),195,Grande,-68.8451962115,-32.8670041528,4,Cuarta Oeste,1173332.70145,0
23486,Morera,24/01/2011 16:18,Alto (> 8 mts),162,Grande,-68.8492721523,-32.9032744082,2,Barrio Civico,2366816.36021,0
25927,Prunas,16/02/2011 16:32,Muy bajo (1 - 2 mts),6,Chico,-68.8381551786,-32.902455574,2,Barrio Civico,2366816.36021,0
4852,Fresno europeo,27/07/2011 09:52,Medio (4 - 8 mts),44,Mediano,-68.8393535131,-32.8663471623,4,Cuarta Oeste,1173332.70145,0
43724,Acacia SP,11/10/2011 08:58,Alto (> 8 mts),145,Grande,-68.8324212936,-32.8828696999,3,Parque O'Higgins,1531146.02653,0
11623,Morera,27/01/2011 13:58,Alto (> 8 mts),195,Grande,-68.8498374368,-32.8664321255,6,Residencial Norte,2694682.37982,0
34677,Morera,31/03/2011 09:16,Alto (> 8 mts),142,Grande,-68.8496303704,-32.8762379756,6,Residencial Norte,2694682.37982,0
45243,Morera,29/09/2011 11:33,Alto (> 8 mts),110,Grande,-68.8233195763,-32.8731650527,4,Cuarta Este Área Fundacional,1822015.85685,0
41937,Morera,19/04/2011 13:01,Bajo (2 - 4 mts),24,Mediano,-68.8378007974,-32.8785509165,1,Parque Central,1655357.93265,0
18660,Morera,05/07/2011 10:30,Alto (> 8 mts),47,Mediano,-68.8365906395,-32.8750449103,1,Parque Central,1655357.93265,0
11621,Morera,27/01/2011 14:07,Alto (> 8 mts),80,Grande,-68.8496835225,-32.8664203493,6,Residencial Norte,2694682.37982,0
13860,Paraiso sombrilla,19/12/2011 07:50,Muy bajo (1 - 2 mts),18,Chico,-68.8750989465,-32.8679824416,8,Aeroparque,2203364.73622,0
38130,Acer,03/12/2010 14:23,Medio (4 - 8 mts),65,Grande,-68.8458025416,-32.8725469206,6,Residencial Norte,2694682.37982,0
1135,Morera,01/12/2011 08:01,Alto (> 8 mts),85,Grande,-68.8759708108,-32.8673252401,8,Aeroparque,2203364.73622,0
31854,Morera,30/06/2011 09:18,Alto (> 8 mts),153,Grande,-68.8614348735,-32.8888889255,5,Residencial Sur,2423808.92355,1
9553,Caducifolio,08/02/2011 09:06,Bajo (2 - 4 mts),60,Mediano,-68.8542255559,-32.864444258,6,Residencial Norte,2694682.37982,0
38664,Paraiso,16/12/2010 11:33,Alto (> 8 mts),260,Grande,-68.8517051726,-32.8708332929,6,Residencial Norte,2694682.37982,1
11123,Fresno europeo,18/01/2011 13:55,Bajo (2 - 4 mts),45,Mediano,-68.8429749272,-32.901029767,2,Barrio Civico,2366816.36021,0
5446,Morera,14/04/2011 13:16,Bajo (2 - 4 mts),30,Mediano,-68.8446731836,-32.8798340962,1,Parque Central,1655357.93265,0
41163,Morera,18/04/2011 11:54,Alto (> 8 mts),165,Grande,-68.8381337677,-32.8809040449,1,Parque Central,1655357.93265,0
28913,Morera,28/02/2011 13:21,Alto (> 8 mts),200,Grande,-68.8467271439,-32.8876268888,1,Parque Central,1655357.93265,0
37236,Paraiso,11/03/2011 13:51,Alto (> 8 mts),135,Grande,-68.8573841978,-32.8726123785,6,Residencial Norte,2694682.37982,0
33776,Fresno europeo,11/05/2011 13:01,Bajo (2 - 4 mts),42,Mediano,-68.8567593021,-32.8859303454,5,Residencial Sur,2423808.92355,0
17170,Morera,06/07/2011 09:59,Alto (> 8 mts),160,Grande,-68.8353894427,-32.8636171546,4,Cuarta Oeste,1173332.70145,0
12261,Morera,10/01/2011 09:50,Alto (> 8 mts),64,Grande,-68.8450683367,-32.8682092584,4,Cuarta Oeste,1173332.70145,0
29741,Platano,15/03/2011 09:46,Alto (> 8 mts),210,Grande,-68.8407596134,-32.8927275969,2,Barrio Civico,2366816.36021,0
46718,Morera,05/09/2011 09:37,Alto (> 8 mts),123,Grande,-68.8325818438,-32.8705959998,4,Cuarta Este Área Fundacional,1822015.85685,0
28677,Platano,02/03/2011 09:04,Medio (4 - 8 mts),136,Grande,-68.8465140146,-32.8915323697,2,Barrio Civico,2366816.36021,0
45654,Morera,21/09/2011 12:54,Alto (> 8 mts),165,Grande,-68.82103915,-32.8721969989,4,Cuarta Este Área Fundacional,1822015.85685,0
12218,Morera,17/01/2011 13:19,Alto (> 8 mts),108,Grande,-68.8455343047,-32.8684551551,4,Cuarta Oeste,1173332.70145,0
23392,Fresno europeo,27/01/2011 19:29,Medio (4 - 8 mts),98,Grande,-68.8493627785,-32.9017051263,2,Barrio Civico,2366816.36021,0
25427,Morera,11/02/2011 13:41,Alto (> 8 mts),110,Grande,-68.836363607,-32.9003270883,2,Barrio Civico,2366816.36021,1
42542,Morera,28/09/2011 10:48,Alto (> 8 mts),95,Grande,-68.8306635253,-32.8754957273,4,Cuarta Este Área Fundacional,1822015.85685,1
35924,Morera,23/03/2011 13:08,Alto (> 8 mts),150,Grande,-68.8540651413,-32.8762260961,6,Residencial Norte,2694682.37982,0
1803,Acer,24/11/2011 13:23,Medio (4 - 8 mts),70,Grande,-68.870293466,-32.8795729326,7,Residencial Parque,1786336.08966,0
6973,Platano,01/06/2011 11:25,Alto (> 8 mts),123,Grande,-68.8617505106,-32.8968225191,5,Residencial Sur,2423808.92355,0
19977,Fresno europeo,05/08/2011 08:46,Medio (4 - 8 mts),210,Grande,-68.8325691478,-32.8643610976,4,Cuarta Oeste,1173332.70145,0
41880,Morera,18/04/2011 12:16,Alto (> 8 mts),140,Grande,-68.8424815136,-32.8794753633,1,Parque Central,1655357.93265,1
1010,Aguaribay,14/12/2011 11:19,Bajo (2 - 4 mts),38,Mediano,-68.8804524947,-32.8653257444,8,Aeroparque,2203364.73622,0
9715,Paraiso sombrilla,24/01/2011 13:26,Medio (4 - 8 mts),120,Grande,-68.8481076356,-32.864191102,6,Residencial Norte,2694682.37982,0
29065,Platano,18/04/2011 09:51,Alto (> 8 mts),210,Grande,-68.8450032368,-32.8867602219,1,Parque Central,1655357.93265,0
38092,Fresno europeo,06/12/2010 11:26,Alto (> 8 mts),167,Grande,-68.8477971479,-32.8726708216,6,Residencial Norte,2694682.37982,0
36585,Morera,07/06/2011 13:21,Bajo (2 - 4 mts),50,Mediano,-68.8572219541,-32.8831184954,5,Residencial Sur,2423808.92355,0
42450,Acacia SP,26/09/2011 10:03,Alto (> 8 mts),200,Grande,-68.8322478947,-32.8759638843,4,Cuarta Este Área Fundacional,1822015.85685,0
37281,Fresno europeo,15/03/2011 09:58,Bajo (2 - 4 mts),26,Mediano,-68.8578863347,-32.8735401117,6,Residencial Norte,2694682.37982,0
8676,Fresno europeo,02/02/2011 10:45,Alto (> 8 mts),102,Grande,-68.8393822424,-32.903564265200004,2,Barrio Civico,2366816.36021,0
10152,Fresno europeo,28/12/2010 10:27,Alto (> 8 mts),90,Grande,-68.8542127067,-32.8719040647,6,Residencial Norte,2694682.37982,0
43486,Morera,22/10/2010 10:12,Bajo (2 - 4 mts),30,Mediano,-68.829002965,-32.8837918278,3,Parque O'Higgins,1531146.02653,0
42314,Morera,03/05/2011 12:32,Alto (> 8 mts),110,Grande,-68.8416738412,-32.8729642744,4,Cuarta Oeste,1173332.70145,0
5444,Morera,15/04/2011 10:48,Medio (4 - 8 mts),120,Grande,-68.8457529614,-32.8794699032,1,Parque Central,1655357.93265,1
45056,Fresno europeo,01/09/2011 07:39,Alto (> 8 mts),168,Grande,-68.8230104837,-32.8706212984,4,Cuarta Este Área Fundacional,1822015.85685,0
25293,Morera,08/02/2011 08:51,Alto (> 8 mts),145,Grande,-68.8373360413,-32.8985687686,2,Barrio Civico,2366816.36021,0
1067,Jacaranda,14/12/2011 13:40,Muy bajo (1 - 2 mts),5,Chico,-68.8799520473,-32.8682177067,8,Aeroparque,2203364.73622,0
17616,Morera,19/07/2011 19:47,Alto (> 8 mts),218,Grande,-68.8432501801,-32.8665901303,4,Cuarta Oeste,1173332.70145,1
8197,Fresno europeo,15/03/2011 11:50,Alto (> 8 mts),100,Grande,-68.8411357304,-32.8923541305,2,Barrio Civico,2366816.36021,0
13375,Jacaranda,11/01/2011 09:41,Medio (4 - 8 mts),60,Mediano,-68.8452710566,-32.8663728922,4,Cuarta Oeste,1173332.70145,0
27776,Morera,03/11/2011 10:37,Alto (> 8 mts),120,Grande,-68.8351631444,-32.8938210988,3,Parque O'Higgins,1531146.02653,0
4407,Morera,28/07/2011 10:38,Medio (4 - 8 mts),33,Mediano,-68.8405712988,-32.8692291144,4,Cuarta Oeste,1173332.70145,0
46654,Morera,05/09/2011 08:29,Alto (> 8 mts),180,Grande,-68.8315752275,-32.8697803655,4,Cuarta Este Área Fundacional,1822015.85685,1
26820,Platano,09/11/2011 12:15,Alto (> 8 mts),240,Grande,-68.8339785655,-32.8939208096,3,Parque O'Higgins,1531146.02653,0
4381,Morera,04/08/2011 11:53,Medio (4 - 8 mts),77,Grande,-68.8366693852,-32.8696862614,4,Cuarta Oeste,1173332.70145,0
965,Morera,25/01/2012 08:20,Alto (> 8 mts),130,Grande,-68.8497624641,-32.8728600186,6,Residencial Norte,2694682.37982,1
23357,Morera,31/01/2011 16:55,Alto (> 8 mts),178,Grande,-68.8510335754,-32.9021873681,2,Barrio Civico,2366816.36021,0
28408,Morera,28/02/2011 12:47,Alto (> 8 mts),165,Grande,-68.8469929697,-32.890328901,2,Barrio Civico,2366816.36021,0
33592,Acacia SP,16/05/2011 10:33,Alto (> 8 mts),85,Grande,-68.8552017959,-32.8866608161,5,Residencial Sur,2423808.92355,0
27392,Platano,21/10/2011 13:34,Alto (> 8 mts),155,Grande,-68.8354582867,-32.88785567,3,Parque O'Higgins,1531146.02653,0
19541,Paraiso,26/07/2011 10:18,Medio (4 - 8 mts),110,Grande,-68.8372023294,-32.8705725848,4,Cuarta Oeste,1173332.70145,0
23782,Fresno europeo,26/01/2011 15:12,Alto (> 8 mts),74,Grande,-68.8508051243,-32.9001668592,2,Barrio Civico,2366816.36021,0
10828,Paraiso,30/03/2011 12:20,Alto (> 8 mts),120,Grande,-68.8547826699,-32.8783631307,6,Residencial Norte,2694682.37982,0
2208,Platano,28/10/2011 11:25,Alto (> 8 mts),187,Grande,-68.8387096831,-32.8929805108,2,Barrio Civico,2366816.36021,0
34067,Morera,30/05/2011 09:25,Medio (4 - 8 mts),100,Grande,-68.8561569253,-32.884186953,5,Residencial Sur,2423808.92355,0
16717,Paraiso,21/07/2011 10:58,Alto (> 8 mts),183,Grande,-68.840351486,-32.8627715757,4,Cuarta Oeste,1173332.70145,0
30354,Morera,14/03/2011 11:27,Alto (> 8 mts),95,Grande,-68.84045196,-32.890544607,3,Parque O'Higgins,1531146.02653,1
33213,Platano,09/05/2011 12:36,Alto (> 8 mts),200,Grande,-68.8546978914,-32.8912552534,5,Residencial Sur,2423808.92355,0
20702,Acacia SP,31/05/2011 11:45,Alto (> 8 mts),145,Grande,-68.8620915231,-32.8979054828,5,Residencial Sur,2423808.92355,0
31435,Fresno europeo,14/07/2011 09:19,Medio (4 - 8 mts),106,Grande,-68.8489850757,-32.8853172688,1,Parque Central,1655357.93265,0
47570,Fresno europeo,19/09/2011 08:21,Alto (> 8 mts),168,Grande,-68.8269365694,-32.8720480415,4,Cuarta Este Área Fundacional,1822015.85685,0
7643,Fresno europeo,27/05/2011 11:21,Bajo (2 - 4 mts),40,Mediano,-68.8546836965,-32.8840994783,5,Residencial Sur,2423808.92355,0
41165,Morera,18/04/2011 11:58,Alto (> 8 mts),166,Grande,-68.8380435436,-32.8810395427,1,Parque Central,1655357.93265,0
19599,Fresno europeo,11/07/2011 09:52,Alto (> 8 mts),118,Grande,-68.8362930816,-32.8715675701,4,Cuarta Oeste,1173332.70145,0
5719,Morera,04/05/2011 13:12,Medio (4 - 8 mts),27,Mediano,-68.8406091912,-32.8789149137,1,Parque Central,1655357.93265,0
10655,Paraiso,18/03/2011 12:48,Bajo (2 - 4 mts),50,Mediano,-68.8546211673,-32.8744373655,6,Residencial Norte,2694682.37982,0
29933,Fresno americano,05/05/2011 09:16,Alto (> 8 mts),140,Grande,-68.8431930937,-32.8865078956,1,Parque Central,1655357.93265,0
36472,Morera,18/03/2011 12:04,Alto (> 8 mts),137,Grande,-68.854879614,-32.8793188722,6,Residencial Norte,2694682.37982,0
36701,Morera,14/06/2011 18:15,Medio (4 - 8 mts),130,Grande,-68.8590809785,-32.8823706983,7,Residencial Parque,1786336.08966,0
18097,Morera,28/07/2011 10:53,Alto (> 8 mts),185,Grande,-68.8404776287,-32.8688786434,4,Cuarta Oeste,1173332.70145,0
34526,Morera,29/03/2011 12:57,Alto (> 8 mts),170,Grande,-68.8494349277,-32.8761130363,6,Residencial Norte,2694682.37982,0
4113,Fresno europeo,28/09/2011 11:37,Bajo (2 - 4 mts),50,Mediano,-68.8254013587,-32.8744787018,4,Cuarta Este Área Fundacional,1822015.85685,0
41485,Fresno americano,07/04/2011 12:26,Medio (4 - 8 mts),140,Grande,-68.8424072542,-32.8806783084,1,Parque Central,1655357.93265,0
35897,Morera,28/03/2011 09:48,Alto (> 8 mts),160,Grande,-68.853334823,-32.875948458,6,Residencial Norte,2694682.37982,1
22916,Morera,19/05/2011 16:41,Medio (4 - 8 mts),28,Mediano,-68.8555470725,-32.8994727725,5,Residencial Sur,2423808.92355,0
23045,Morera,14/06/2011 13:19,Alto (> 8 mts),122,Grande,-68.8614611106,-32.9020377739,5,Residencial Sur,2423808.92355,0
18449,Morera,11/07/2011 09:50,Alto (> 8 mts),150,Grande,-68.8397671776,-32.8731682669,4,Cuarta Oeste,1173332.70145,0
28164,Tipa,22/02/2011 09:31,Alto (> 8 mts),300,Grande,-68.8478252476,-32.8918072099,2,Barrio Civico,2366816.36021,1
41,Fresno europeo,01/03/2012 12:45,Bajo (2 - 4 mts),38,Mediano,-68.8555333966,-32.8965863857,5,Residencial Sur,2423808.92355,0
16017,Fresno europeo,11/08/2011 08:34,Alto (> 8 mts),160,Grande,-68.8437225834,-32.8710380224,4,Cuarta Oeste,1173332.70145,0
22800,Morera,14/06/2011 12:41,Alto (> 8 mts),78,Grande,-68.8599807436,-32.9017505398,5,Residencial Sur,2423808.92355,0
4629,Prunas,04/08/2011 11:17,Medio (4 - 8 mts),63,Grande,-68.8348475106,-32.8637414243,4,Cuarta Oeste,1173332.70145,0
45741,Morera,23/08/2011 11:30,Muy bajo (1 - 2 mts),15,Chico,-68.8227684521,-32.8687502111,4,Cuarta Este Área Fundacional,1822015.85685,0
13146,Morera,18/02/2011 13:40,Alto (> 8 mts),200,Grande,-68.847008241,-32.8645179786,4,Cuarta Oeste,1173332.70145,0
43304,Platano,07/10/2011 11:15,Alto (> 8 mts),125,Grande,-68.8336814231,-32.8796992391,1,Parque Central,1655357.93265,0
15439,Fresno americano,18/11/2011 12:24,Bajo (2 - 4 mts),30,Mediano,-68.8594064831,-32.8712277338,6,Residencial Norte,2694682.37982,0
45396,Morera,16/09/2011 08:49,Alto (> 8 mts),160,Grande,-68.8253255377,-32.8712579681,4,Cuarta Este Área Fundacional,1822015.85685,1
21929,Morera,06/06/2011 10:27,Alto (> 8 mts),100,Grande,-68.85772666,-32.8957001064,5,Residencial Sur,2423808.92355,0
20493,Fresno europeo,01/06/2011 12:46,Medio (4 - 8 mts),50,Mediano,-68.8600679686,-32.8980379851,5,Residencial Sur,2423808.92355,0
21592,Fresno europeo,12/05/2011 10:09,Medio (4 - 8 mts),90,Grande,-68.8548448342,-32.8935391586,5,Residencial Sur,2423808.92355,0
29642,Morera,23/03/2011 18:51,Medio (4 - 8 mts),42,Mediano,-68.8431766194,-32.893379859,2,Barrio Civico,2366816.36021,0
23586,Paraiso,19/01/2012 09:09,Alto (> 8 mts),180,Grande,-68.8515586614,-32.8979577139,2,Barrio Civico,2366816.36021,0
30404,Morera,04/03/2011 09:33,Alto (> 8 mts),120,Grande,-68.8397646168,-32.8905019934,3,Parque O'Higgins,1531146.02653,0
40411,Platano,12/04/2011 10:19,Alto (> 8 mts),190,Grande,-68.8444080573,-32.8829837366,1,Parque Central,1655357.93265,0
26752,Platano,11/01/2012 10:03,Alto (> 8 mts),180,Grande,-68.8346732627,-32.8952869086,3,Parque O'Higgins,1531146.02653,1
38203,Morera,04/01/2011 10:42,Alto (> 8 mts),75,Grande,-68.8471863165,-32.8736343891,6,Residencial Norte,2694682.37982,0
11382,Acer,25/01/2011 13:06,Muy bajo (1 - 2 mts),2,Chico,-68.8500712828,-32.9000176173,2,Barrio Civico,2366816.36021,0
29447,Morera,09/03/2011 19:00,Alto (> 8 mts),142,Grande,-68.8452934052,-32.8921399833,2,Barrio Civico,2366816.36021,1
5119,Acacia SP,08/08/2011 13:36,Medio (4 - 8 mts),26,Mediano,-68.8432428825,-32.8689106578,4,Cuarta Oeste,1173332.70145,0
43047,Morera,03/10/2011 10:23,Alto (> 8 mts),160,Grande,-68.8318064999,-32.8777641758,4,Cuarta Este Área Fundacional,1822015.85685,0
15484,Paraiso sombrilla,21/11/2011 13:04,Bajo (2 - 4 mts),33,Mediano,-68.8601834041,-32.8718286191,7,Residencial Parque,1786336.08966,0
5786,Fresno americano,04/05/2011 10:57,Medio (4 - 8 mts),25,Mediano,-68.8415281999,-32.8784430054,1,Parque Central,1655357.93265,1
9535,Morera,07/02/2011 08:37,Medio (4 - 8 mts),80,Grande,-68.8535325849,-32.8642005463,6,Residencial Norte,2694682.37982,0
32187,Fresno europeo,10/05/2011 13:23,Bajo (2 - 4 mts),36,Mediano,-68.8588277777,-32.885699159,5,Residencial Sur,2423808.92355,0
44427,Paraiso,18/10/2011 10:33,Alto (> 8 mts),130,Grande,-68.8367198284,-32.8837284721,3,Parque O'Higgins,1531146.02653,0
864,Aguaribay,15/12/2011 08:09,Medio (4 - 8 mts),130,Grande,-68.8804304786,-32.8662978621,8,Aeroparque,2203364.73622,0
34527,Paraiso,30/03/2011 09:27,Medio (4 - 8 mts),94,Grande,-68.8494932218,-32.8761422312,6,Residencial Norte,2694682.37982,0
46802,Morera,07/09/2011 10:47,Medio (4 - 8 mts),156,Grande,-68.8327297156,-32.8718294265,4,Cuarta Este Área Fundacional,1822015.85685,0
23829,Morera,26/01/2011 17:06,Alto (> 8 mts),64,Grande,-68.8501580836,-32.9011578544,2,Barrio Civico,2366816.36021,0
1490,Fresno americano,24/11/2011 11:35,Muy bajo (1 - 2 mts),24,Mediano,-68.8721510095,-32.8769270848,7,Residencial Parque,1786336.08966,0
6810,Morera,23/05/2011 13:44,Medio (4 - 8 mts),135,Grande,-68.8611853867,-32.8934735886,5,Residencial Sur,2423808.92355,1
46866,Morera,09/09/2011 13:02,Medio (4 - 8 mts),50,Mediano,-68.833411874,-32.8714447698,4,Cuarta Este Área Fundacional,1822015.85685,0
5370,Acer,26/04/2011 09:28,Bajo (2 - 4 mts),60,Mediano,-68.8428968793,-32.8776204139,1,Parque Central,1655357.93265,0
36541,Perenne,04/04/2011 11:56,Bajo (2 - 4 mts),81,Grande,-68.8563237015,-32.8792730499,6,Residencial Norte,2694682.37982,0
48383,Perenne,02/09/2011 07:35,Medio (4 - 8 mts),190,Grande,-68.8295430248,-32.8698318039,4,Cuarta Este Área Fundacional,1822015.85685,0
2449,Ailanthus,27/10/2011 08:51,Muy bajo (1 - 2 mts),15,Chico,-68.8357330829,-32.8912950084,3,Parque O'Higgins,1531146.02653,0
17643,Morera,09/08/2011 10:27,Alto (> 8 mts),180,Grande,-68.8428137493,-32.867239344,4,Cuarta Oeste,1173332.70145,0
13291,Acer,23/02/2011 10:23,Medio (4 - 8 mts),72,Grande,-68.848325204099993,-32.8648225634,6,Residencial Norte,2694682.37982,0
29856,Platano,14/03/2011 09:12,Alto (> 8 mts),200,Grande,-68.841857059,-32.8923894911,2,Barrio Civico,2366816.36021,0
33392,Morera,01/06/2011 13:28,Alto (> 8 mts),136,Grande,-68.8556955931,-32.8877426961,5,Residencial Sur,2423808.92355,0
11873,Paraiso,02/03/2011 09:23,Medio (4 - 8 mts),136,Grande,-68.8502276691,-32.8661514267,6,Residencial Norte,2694682.37982,0
42799,Olmo bola,04/10/2011 13:47,Medio (4 - 8 mts),110,Grande,-68.8319726643,-32.8776656051,4,Cuarta Este Área Fundacional,1822015.85685,0
8156,Morera,02/03/2011 10:27,Muy bajo (1 - 2 mts),3,Chico,-68.8450423171,-32.8912094706,2,Barrio Civico,2366816.36021,0
2533,Morera,19/10/2011 12:26,Alto (> 8 mts),122,Grande,-68.8343001075,-32.888363703,3,Parque O'Higgins,1531146.02653,1
11591,Paraiso,10/05/2010 12:28,Medio (4 - 8 mts),134,Grande,-68.8525377574,-32.8665958321,6,Residencial Norte,2694682.37982,0
42416,Morera,28/09/2011 11:21,Alto (> 8 mts),180,Grande,-68.8333606832,-32.8752732625,4,Cuarta Este Área Fundacional,1822015.85685,1
36891,Platano,07/04/2011 14:31,Alto (> 8 mts),138,Grande,-68.8593958178,-32.8800130243,7,Residencial Parque,1786336.08966,0
33322,Jacaranda,24/06/2011 09:49,Muy bajo (1 - 2 mts),4,Chico,-68.8568867537,-32.8907237218,5,Residencial Sur,2423808.92355,1
3448,Fresno americano,17/08/2011 10:02,Muy bajo (1 - 2 mts),16,Chico,-68.828921774,-32.8676160555,4,Cuarta Este Área Fundacional,1822015.85685,0
46994,Alamo blanco,08/09/2011 12:53,Alto (> 8 mts),116,Grande,-68.831736287,-32.8717867867,4,Cuarta Este Área Fundacional,1822015.85685,0
21459,Platano,12/05/2011 09:49,Alto (> 8 mts),160,Grande,-68.8571070931,-32.8920047193,5,Residencial Sur,2423808.92355,0
45373,Olmo comun,15/09/2011 16:51,Bajo (2 - 4 mts),180,Grande,-68.8234062926,-32.8725424656,4,Cuarta Este Área Fundacional,1822015.85685,0
4858,Paraiso,26/07/2011 15:27,Bajo (2 - 4 mts),35,Mediano,-68.8399244749,-32.8652759935,4,Cuarta Oeste,1173332.70145,0
13961,Conifera,29/11/2011 11:25,Medio (4 - 8 mts),130,Grande,-68.8771497296,-32.8652084812,8,Aeroparque,2203364.73622,0
42497,Morera,30/09/2011 09:08,Alto (> 8 mts),140,Grande,-68.831123287,-32.8753890438,4,Cuarta Este Área Fundacional,1822015.85685,0
25762,Morera,03/02/2011 09:53,Alto (> 8 mts),180,Grande,-68.8419365976,-32.9035201106,2,Barrio Civico,2366816.36021,0
13459,Morera,02/02/2011 13:00,Alto (> 8 mts),170,Grande,-68.8528301769,-32.8637144196,6,Residencial Norte,2694682.37982,0
22157,Fresno europeo,13/05/2011 13:30,Medio (4 - 8 mts),44,Mediano,-68.8541797668,-32.8983573146,5,Residencial Sur,2423808.92355,0
32151,Morera,10/05/2011 11:02,Alto (> 8 mts),180,Grande,-68.8593589066,-32.8858596888,5,Residencial Sur,2423808.92355,0
27047,Platano,09/11/2011 10:35,Alto (> 8 mts),165,Grande,-68.8393549993,-32.8909061957,3,Parque O'Higgins,1531146.02653,0
21071,Prunas,23/06/2011 10:36,Bajo (2 - 4 mts),50,Mediano,-68.8630738107,-32.9001288643,5,Residencial Sur,2423808.92355,0
38122,Fresno europeo,03/12/2010 11:50,Alto (> 8 mts),220,Grande,-68.8459935383,-32.8729974809,6,Residencial Norte,2694682.37982,0
7821,Fresno europeo,10/05/2011 13:08,Medio (4 - 8 mts),100,Grande,-68.858797551,-32.8853340675,5,Residencial Sur,2423808.92355,0
40320,Platano,08/04/2011 13:07,Alto (> 8 mts),190,Grande,-68.8437497934,-32.8813883627,1,Parque Central,1655357.93265,1
21766,Morera,23/05/2011 09:08,Medio (4 - 8 mts),89,Grande,-68.8566393191,-32.895042658,5,Residencial Sur,2423808.92355,0
36121,Morera,05/04/2011 10:36,Alto (> 8 mts),145,Grande,-68.854973647,-32.877316506,6,Residencial Norte,2694682.37982,0
45254,Fresno europeo,29/09/2011 11:14,Alto (> 8 mts),138,Grande,-68.822862004,-32.8728322587,4,Cuarta Este Área Fundacional,1822015.85685,0
29555,Platano,25/02/2011 12:50,Alto (> 8 mts),108,Grande,-68.8428056552,-32.8923546213,2,Barrio Civico,2366816.36021,0
27329,Platano,25/10/2011 09:12,Alto (> 8 mts),190,Grande,-68.8355749499,-32.8903013334,3,Parque O'Higgins,1531146.02653,0
3501,Morera,26/08/2011 07:24,Alto (> 8 mts),145,Grande,-68.8241563315,-32.8682470648,4,Cuarta Este Área Fundacional,1822015.85685,1
5702,Morera,02/05/2011 10:15,Alto (> 8 mts),175,Grande,-68.8402421447,-32.8743998893,1,Parque Central,1655357.93265,0
11271,Morera,12/01/2011 12:11,Alto (> 8 mts),130,Grande,-68.847054346,-32.9003522469,2,Barrio Civico,2366816.36021,1
15106,Paraiso,18/11/2011 09:15,Bajo (2 - 4 mts),36,Mediano,-68.8592658116,-32.8687141837,6,Residencial Norte,2694682.37982,0
27122,Platano,27/10/2011 08:40,Alto (> 8 mts),165,Grande,-68.8388590251,-32.8890902047,3,Parque O'Higgins,1531146.02653,0
34857,Fresno americano,29/03/2011 11:05,Medio (4 - 8 mts),68,Grande,-68.8508904685,-32.8798471593,1,Parque Central,1655357.93265,0
10934,Morera,29/03/2011 10:37,Muy bajo (1 - 2 mts),8,Chico,-68.8516177837,-32.8799003171,6,Residencial Norte,2694682.37982,0
25110,Morera,11/02/2011 10:17,Alto (> 8 mts),180,Grande,-68.8368406385,-32.8988792757,2,Barrio Civico,2366816.36021,1
8598,Morera,07/02/2011 12:15,Alto (> 8 mts),180,Grande,-68.8417519531,-32.9023938515,2,Barrio Civico,2366816.36021,0
44146,Fresno europeo,06/10/2011 16:42,Alto (> 8 mts),166,Grande,-68.8351521463,-32.8786314014,1,Parque Central,1655357.93265,0
24542,Morera,27/01/2011 12:41,Alto (> 8 mts),121,Grande,-68.843507763,-32.9014423062,2,Barrio Civico,2366816.36021,0
2772,Tilo,19/10/2011 17:29,Bajo (2 - 4 mts),25,Mediano,-68.8310226835,-32.8824404267,3,Parque O'Higgins,1531146.02653,0
3743,Fresno europeo,25/08/2011 13:46,Medio (4 - 8 mts),130,Grande,-68.8196848731,-32.8702186766,4,Cuarta Este Área Fundacional,1822015.85685,0
15261,Alamo blanco,21/11/2011 12:55,Medio (4 - 8 mts),45,Mediano,-68.8588786596,-32.8699103822,6,Residencial Norte,2694682.37982,1
36503,Morera,06/04/2011 11:30,Alto (> 8 mts),134,Grande,-68.8550545026,-32.8785372952,6,Residencial Norte,2694682.37982,0
39720,Morera,29/04/2011 10:24,Alto (> 8 mts),38,Mediano,-68.8466784268,-32.8822185688,1,Parque Central,1655357.93265,0
47991,Morera,31/08/2011 09:40,Alto (> 8 mts),84,Grande,-68.8257934847,-32.869748037,4,Cuarta Este Área Fundacional,1822015.85685,0
37357,Morera,29/11/2010 09:50,Alto (> 8 mts),50,Mediano,-68.8574340573,-32.8719178999,6,Residencial Norte,2694682.37982,0
4021,Fresno europeo,26/09/2011 10:44,Bajo (2 - 4 mts),25,Mediano,-68.8275922995,-32.8755597459,4,Cuarta Este Área Fundacional,1822015.85685,0
23011,Fresno europeo,17/06/2011 18:34,Bajo (2 - 4 mts),18,Chico,-68.8582365431,-32.8995872924,5,Residencial Sur,2423808.92355,0
38370,Paraiso,05/11/2010 11:17,Alto (> 8 mts),220,Grande,-68.8528740238,-32.8702610889,6,Residencial Norte,2694682.37982,0
2410,Fresno europeo,20/10/2011 10:20,Medio (4 - 8 mts),124,Grande,-68.8322583177,-32.8877301008,3,Parque O'Higgins,1531146.02653,0
1754,Aguaribay,24/11/2011 12:58,Medio (4 - 8 mts),90,Grande,-68.8708159034,-32.8794659292,7,Residencial Parque,1786336.08966,0
7470,Fresno europeo,16/06/2011 11:08,Medio (4 - 8 mts),80,Grande,-68.8621935791,-32.9003512676,5,Residencial Sur,2423808.92355,0
41504,Olmo comun,07/04/2011 10:47,Medio (4 - 8 mts),130,Grande,-68.8431760331,-32.8816399382,1,Parque Central,1655357.93265,0
3283,Fresno europeo,30/09/2011 11:30,Muy bajo (1 - 2 mts),10,Chico,-68.8280072545,-32.877386941,4,Cuarta Este Área Fundacional,1822015.85685,0
8064,Fresno europeo,04/03/2011 13:48,Bajo (2 - 4 mts),22,Mediano,-68.8406043329,-32.8893358197,3,Parque O'Higgins,1531146.02653,0
44987,Morera,26/08/2011 15:14,Medio (4 - 8 mts),200,Grande,-68.8247146805,-32.8687612172,4,Cuarta Este Área Fundacional,1822015.85685,0
15845,Morera,29/11/2011 07:32,Medio (4 - 8 mts),90,Grande,-68.8729974286,-32.8772859619,7,Residencial Parque,1786336.08966,0
44417,Fresno europeo,18/10/2011 10:55,Medio (4 - 8 mts),60,Mediano,-68.8368167275,-32.8856922947,3,Parque O'Higgins,1531146.02653,0
24246,Acer,27/01/2011 09:11,Medio (4 - 8 mts),230,Grande,-68.8441531159,-32.9012429894,2,Barrio Civico,2366816.36021,0
13394,Olmo comun,11/01/2011 10:42,Alto (> 8 mts),50,Mediano,-68.8441114262,-32.8660511732,4,Cuarta Oeste,1173332.70145,0
28248,Morera,28/02/2011 16:46,Medio (4 - 8 mts),42,Mediano,-68.8481004225,-32.8928884342,2,Barrio Civico,2366816.36021,0
1638,Prunas,23/11/2011 09:58,Muy bajo (1 - 2 mts),15,Chico,-68.8710884683,-32.8776330484,7,Residencial Parque,1786336.08966,0
17870,Morera,01/08/2011 13:42,Alto (> 8 mts),147,Grande,-68.8370495815,-32.8664575933,4,Cuarta Oeste,1173332.70145,0
14831,Morera,07/12/2011 10:13,Bajo (2 - 4 mts),60,Mediano,-68.8782628517,-32.8693629593,8,Aeroparque,2203364.73622,0
39361,Morera,01/12/2010 09:50,Alto (> 8 mts),120,Grande,-68.8564828495,-32.8719454681,6,Residencial Norte,2694682.37982,0
18336,Morera,02/08/2011 10:09,Alto (> 8 mts),145,Grande,-68.8386100226,-32.8674735718,4,Cuarta Oeste,1173332.70145,0
47968,Morera,02/09/2011 10:03,Medio (4 - 8 mts),285,Grande,-68.8256508472,-32.8684349715,4,Cuarta Este Área Fundacional,1822015.85685,0
2553,Morera,18/10/2011 12:21,Muy bajo (1 - 2 mts),4,Chico,-68.8325757184,-32.8860298552,3,Parque O'Higgins,1531146.02653,0
14454,Acer,02/12/2011 10:50,Bajo (2 - 4 mts),62,Grande,-68.8783875703,-32.8658803006,8,Aeroparque,2203364.73622,0
8538,Morera,17/02/2011 10:32,Medio (4 - 8 mts),70,Grande,-68.8404698723,-32.8992275558,2,Barrio Civico,2366816.36021,0
26849,Fresno europeo,07/11/2011 09:25,Medio (4 - 8 mts),78,Grande,-68.8339320978,-32.8928344602,3,Parque O'Higgins,1531146.02653,0
4418,Morera,12/08/2011 09:52,Alto (> 8 mts),53,Mediano,-68.8350131586,-32.868838103,4,Cuarta Oeste,1173332.70145,1
16030,Morera,16/08/2011 10:30,Medio (4 - 8 mts),110,Grande,-68.8458020478,-32.8731408659,6,Residencial Norte,2694682.37982,0
17559,Morera,28/07/2011 10:07,Alto (> 8 mts),220,Grande,-68.8407867858,-32.8670584255,4,Cuarta Oeste,1173332.70145,0
6435,Morera,09/05/2011 13:47,Muy bajo (1 - 2 mts),13,Chico,-68.8608996959,-32.8865512202,5,Residencial Sur,2423808.92355,0
14434,Morera,02/12/2011 09:03,Medio (4 - 8 mts),56,Mediano,-68.878073499,-32.868230639,8,Aeroparque,2203364.73622,0
2257,Paraiso,28/10/2011 08:27,Alto (> 8 mts),145,Grande,-68.838151409,-32.892607208,3,Parque O'Higgins,1531146.02653,0
32053,Morera,09/06/2011 10:12,Alto (> 8 mts),140,Grande,-68.8612986086,-32.8874460338,5,Residencial Sur,2423808.92355,0
39453,Morera,15/11/2010 09:48,Medio (4 - 8 mts),64,Grande,-68.8548322724,-32.8691125997,6,Residencial Norte,2694682.37982,1
12236,Morera,18/01/2011 11:45,Medio (4 - 8 mts),70,Grande,-68.8456338963,-32.8672158896,4,Cuarta Oeste,1173332.70145,0
19076,Morera,27/07/2011 10:47,Medio (4 - 8 mts),105,Grande,-68.842834657,-32.8727096797,4,Cuarta Oeste,1173332.70145,0
44162,Fresno europeo,26/09/2011 11:55,Medio (4 - 8 mts),55,Mediano,-68.8352130362,-32.8774870527,1,Parque Central,1655357.93265,0
7968,Fresno americano,15/07/2011 10:01,Alto (> 8 mts),240,Grande,-68.8426677868,-32.8888231186,3,Parque O'Higgins,1531146.02653,0
44741,Morera,23/08/2011 13:15,Alto (> 8 mts),105,Grande,-68.8238180938,-32.8686574766,4,Cuarta Este Área Fundacional,1822015.85685,0
47604,Fresno europeo,08/09/2011 11:34,Medio (4 - 8 mts),60,Mediano,-68.8292580895,-32.871677119,4,Cuarta Este Área Fundacional,1822015.85685,0
16352,Aguaribay,11/08/2011 10:16,Alto (> 8 mts),240,Grande,-68.8417892268,-32.8626552773,4,Cuarta Oeste,1173332.70145,0
31960,Acacia visco,02/06/2011 13:18,Bajo (2 - 4 mts),80,Grande,-68.8603596744,-32.8836197724,7,Residencial Parque,1786336.08966,0
1594,Morera,24/11/2011 10:34,Bajo (2 - 4 mts),22,Mediano,-68.8721648349,-32.8796367858,7,Residencial Parque,1786336.08966,0
22644,Fresno europeo,22/06/2011 08:59,Alto (> 8 mts),175,Grande,-68.8601018864,-32.9015531891,5,Residencial Sur,2423808.92355,0
29130,Platano,26/04/2011 11:28,Alto (> 8 mts),155,Grande,-68.8448472411,-32.8861280325,1,Parque Central,1655357.93265,0
38052,Morera,07/12/2010 11:20,Alto (> 8 mts),180,Grande,-68.8469841449,-32.8710957422,6,Residencial Norte,2694682.37982,1
13045,Morera,15/02/2011 13:01,Alto (> 8 mts),200,Grande,-68.8447203425,-32.8647017404,4,Cuarta Oeste,1173332.70145,1
10366,Paraiso,27/08/2010 09:44,Medio (4 - 8 mts),74,Grande,-68.8486857122,-32.8737723667,6,Residencial Norte,2694682.37982,0
14745,Prunas,05/12/2011 11:55,Muy bajo (1 - 2 mts),6,Chico,-68.87923363,-32.8694576161,8,Aeroparque,2203364.73622,0
47784,Perenne,23/09/2011 13:35,Bajo (2 - 4 mts),30,Mediano,-68.8275234848,-32.8732286544,4,Cuarta Este Área Fundacional,1822015.85685,0
30425,Platano,21/02/2011 12:19,Muy bajo (1 - 2 mts),8,Chico,-68.8416799705,-32.888800079,3,Parque O'Higgins,1531146.02653,0
42428,Morera,26/09/2011 10:51,Alto (> 8 mts),7,Chico,-68.8335098329,-32.8759991675,4,Cuarta Este Área Fundacional,1822015.85685,0
27344,Acacia SP,25/10/2011 08:51,Medio (4 - 8 mts),83,Grande,-68.8348215347,-32.8910684553,3,Parque O'Higgins,1531146.02653,0
33821,Acacia visco,12/05/2011 12:11,Alto (> 8 mts),130,Grande,-68.8550991655,-32.8856909272,5,Residencial Sur,2423808.92355,0
535,Fresno europeo,08/03/2012 17:52,Muy bajo (1 - 2 mts),3,Chico,-68.8214130986,-32.8682454168,4,Cuarta Este Área Fundacional,1822015.85685,0
29019,Fresno europeo,20/04/2011 11:21,Muy bajo (1 - 2 mts),12,Chico,-68.8456421425,-32.8861805929,1,Parque Central,1655357.93265,0
2951,Fresno europeo,20/09/2011 12:00,Alto (> 8 mts),112,Grande,-68.8320067164,-32.873350946,4,Cuarta Este Área Fundacional,1822015.85685,0
27762,Morera,04/11/2011 09:40,Alto (> 8 mts),115,Grande,-68.8348862796,-32.8948247147,3,Parque O'Higgins,1531146.02653,1
860,Aguaribay,15/12/2011 08:13,Medio (4 - 8 mts),140,Grande,-68.8804720802,-32.866454282,8,Aeroparque,2203364.73622,0
10551,Fresno europeo,22/03/2011 13:13,Muy bajo (1 - 2 mts),15,Chico,-68.855288708,-32.8761413229,6,Residencial Norte,2694682.37982,0
40294,Morera,11/04/2011 08:53,Medio (4 - 8 mts),160,Grande,-68.8448577234,-32.8804186187,1,Parque Central,1655357.93265,0
33114,Platano,27/06/2011 11:56,Alto (> 8 mts),200,Grande,-68.8532532748,-32.8904099439,5,Residencial Sur,2423808.92355,0
45314,Fresno europeo,09/09/2011 12:41,Medio (4 - 8 mts),108,Grande,-68.8232937333,-32.8716490888,4,Cuarta Este Área Fundacional,1822015.85685,0
1288,Morera,30/11/2011 18:25,Medio (4 - 8 mts),60,Mediano,-68.8777775401,-32.8701082573,8,Aeroparque,2203364.73622,0
46309,Fresno europeo,28/09/2011 08:18,Bajo (2 - 4 mts),20,Chico,-68.8243787564,-32.8734503018,4,Cuarta Este Área Fundacional,1822015.85685,0
8712,Morera,10/02/2011 09:21,Alto (> 8 mts),70,Grande,-68.8377388623,-32.9002435113,2,Barrio Civico,2366816.36021,0
12210,Paraiso,18/01/2011 13:53,Alto (> 8 mts),180,Grande,-68.8466328973,-32.8681041993,6,Residencial Norte,2694682.37982,0
1975,Ligustro,03/01/2012 09:54,Bajo (2 - 4 mts),30,Mediano,-68.8595650013,-32.889229617,5,Residencial Sur,2423808.92355,0
20137,Platano,16/05/2011 10:49,Alto (> 8 mts),140,Grande,-68.8609897962,-32.8912570858,5,Residencial Sur,2423808.92355,0
28583,Morera,22/02/2011 09:47,Alto (> 8 mts),127,Grande,-68.8488757025,-32.8901272169,5,Residencial Sur,2423808.92355,0
20366,Morera,24/05/2011 13:19,Medio (4 - 8 mts),30,Mediano,-68.8606813851,-32.8944032001,5,Residencial Sur,2423808.92355,0
44662,Morera,19/08/2011 10:32,Alto (> 8 mts),112,Grande,-68.8239989349,-32.8678699109,4,Cuarta Este Área Fundacional,1822015.85685,0
20539,Morera,03/06/2011 09:03,Alto (> 8 mts),160,Grande,-68.8593395977,-32.8970423848,5,Residencial Sur,2423808.92355,0
42487,Morera,30/09/2011 12:36,Medio (4 - 8 mts),122,Grande,-68.8308024352,-32.8758236718,4,Cuarta Este Área Fundacional,1822015.85685,1
45966,Morera,25/08/2011 10:46,Alto (> 8 mts),180,Grande,-68.8181785114,-32.869396567,4,Cuarta Este Área Fundacional,1822015.85685,0
23232,Morera,31/01/2012 18:05,Medio (4 - 8 mts),140,Grande,-68.8518721601,-32.9020275029,2,Barrio Civico,2366816.36021,1
36042,Morera,18/03/2011 09:44,Alto (> 8 mts),160,Grande,-68.8571109668,-32.8748317166,6,Residencial Norte,2694682.37982,0
39313,Morera,30/12/2010 12:23,Alto (> 8 mts),150,Grande,-68.856057809,-32.8718444994,6,Residencial Norte,2694682.37982,0
38166,Platano,20/10/2010 13:12,Alto (> 8 mts),220,Grande,-68.8459596815,-32.8711484062,6,Residencial Norte,2694682.37982,0
38170,Morera,20/10/2010 12:52,Alto (> 8 mts),180,Grande,-68.8455392683,-32.8712329987,6,Residencial Norte,2694682.37982,0
2421,Fresno europeo,19/10/2011 12:26,Muy bajo (1 - 2 mts),5,Chico,-68.8316842323,-32.8887507711,3,Parque O'Higgins,1531146.02653,0
13397,Prunas,07/01/2011 13:43,Bajo (2 - 4 mts),30,Mediano,-68.843778967,-32.8646573989,4,Cuarta Oeste,1173332.70145,0
39408,Morera,12/11/2010 13:25,Alto (> 8 mts),122,Grande,-68.8556114782,-32.8694903414,6,Residencial Norte,2694682.37982,1
33138,Morera,27/06/2011 09:56,Medio (4 - 8 mts),92,Grande,-68.8538509147,-32.8912940139,5,Residencial Sur,2423808.92355,1
34027,Fresno europeo,27/05/2011 11:24,Bajo (2 - 4 mts),64,Grande,-68.8546505503,-32.8839866587,5,Residencial Sur,2423808.92355,0
37326,Morera,16/03/2011 13:13,Alto (> 8 mts),130,Grande,-68.8576053106,-32.8747415402,6,Residencial Norte,2694682.37982,0
17847,Morera,02/08/2011 10:19,Alto (> 8 mts),150,Grande,-68.8360317294,-32.8668916016,4,Cuarta Oeste,1173332.70145,0
34418,Fresno europeo,10/03/2011 09:21,Medio (4 - 8 mts),116,Grande,-68.8511354703,-32.8745585679,6,Residencial Norte,2694682.37982,0
15668,Acacia SP,15/11/2011 11:34,Alto (> 8 mts),110,Grande,-68.8620445611,-32.8706516892,7,Residencial Parque,1786336.08966,0
664,Paraiso,07/03/2012 16:17,Alto (> 8 mts),140,Grande,-68.8183338739,-32.8680404319,4,Cuarta Este Área Fundacional,1822015.85685,0
24249,Morera,27/01/2011 09:02,Alto (> 8 mts),135,Grande,-68.8441932388,-32.9014469611,2,Barrio Civico,2366816.36021,1
24467,Olmo comun,20/01/2011 08:42,Alto (> 8 mts),142,Grande,-68.8465026662,-32.9031492206,2,Barrio Civico,2366816.36021,0
7931,Fresno americano,14/03/2011 09:29,Medio (4 - 8 mts),120,Grande,-68.8491255589,-32.887624231,5,Residencial Sur,2423808.92355,0
5722,Morera,04/05/2011 13:06,Medio (4 - 8 mts),40,Mediano,-68.8404624789,-32.8789474193,1,Parque Central,1655357.93265,0
46113,Fresno europeo,05/10/2011 11:26,Bajo (2 - 4 mts),36,Mediano,-68.8251556305,-32.8744269729,4,Cuarta Este Área Fundacional,1822015.85685,0
22615,Acacia SP,23/06/2011 10:04,Alto (> 8 mts),145,Grande,-68.8625190138,-32.9013897247,5,Residencial Sur,2423808.92355,0
28024,Platano,04/11/2011 08:17,Alto (> 8 mts),185,Grande,-68.8353531467,-32.8932826429,3,Parque O'Higgins,1531146.02653,0
37927,Fresno europeo,18/11/2010 11:30,Alto (> 8 mts),170,Grande,-68.8491815492,-32.8739806761,6,Residencial Norte,2694682.37982,0
9993,Paraiso,05/11/2010 10:09,Alto (> 8 mts),112,Grande,-68.8522903681,-32.8691930499,6,Residencial Norte,2694682.37982,0
24599,Fresno europeo,07/02/2011 10:43,Alto (> 8 mts),290,Grande,-68.8432942531,-32.9031135913,2,Barrio Civico,2366816.36021,0
23118,Fresno europeo,17/01/2011 16:10,Medio (4 - 8 mts),110,Grande,-68.8478332788,-32.9017373582,2,Barrio Civico,2366816.36021,0
32601,Acacia SP,23/06/2011 10:14,Medio (4 - 8 mts),115,Grande,-68.8513995678,-32.8900832362,5,Residencial Sur,2423808.92355,1
31902,Morera,31/05/2011 13:43,Medio (4 - 8 mts),160,Grande,-68.8583790211,-32.8836955417,5,Residencial Sur,2423808.92355,0
32391,Morera,23/05/2011 14:11,Alto (> 8 mts),170,Grande,-68.8499607251,-32.8889015482,5,Residencial Sur,2423808.92355,0
1912,Paraiso,18/11/2011 11:25,Medio (4 - 8 mts),58,Mediano,-68.8583076116,-32.8687704201,6,Residencial Norte,2694682.37982,0
4854,Fresno europeo,27/07/2011 09:30,Bajo (2 - 4 mts),11,Chico,-68.8397006158,-32.8662133371,4,Cuarta Oeste,1173332.70145,0
4404,Olmo comun,28/07/2011 10:54,Medio (4 - 8 mts),53,Mediano,-68.8404587239,-32.8688113997,4,Cuarta Oeste,1173332.70145,0
5767,Morera,06/05/2011 10:46,Bajo (2 - 4 mts),28,Mediano,-68.8401627841,-32.8790360104,1,Parque Central,1655357.93265,0
42795,Morera,30/09/2011 15:52,Medio (4 - 8 mts),150,Grande,-68.830788198,-32.8778618398,4,Cuarta Este Área Fundacional,1822015.85685,1
33188,Platano,08/06/2011 11:24,Alto (> 8 mts),220,Grande,-68.8541795317,-32.8913516685,5,Residencial Sur,2423808.92355,0
19277,Morera,13/07/2011 21:58,Medio (4 - 8 mts),150,Grande,-68.8366902053,-32.8703993655,4,Cuarta Oeste,1173332.70145,0
37939,Acer,27/08/2010 10:52,Medio (4 - 8 mts),50,Mediano,-68.8477002861,-32.8742591134,6,Residencial Norte,2694682.37982,0
11813,Paraiso,02/03/2011 12:52,Alto (> 8 mts),155,Grande,-68.850473569,-32.8652505144,6,Residencial Norte,2694682.37982,0
2882,Alamo blanco,09/09/2011 08:41,Alto (> 8 mts),190,Grande,-68.8305457952,-32.871111709,4,Cuarta Este Área Fundacional,1822015.85685,0
34978,Platano,04/04/2011 10:11,Medio (4 - 8 mts),144,Grande,-68.8556696237,-32.880710859,6,Residencial Norte,2694682.37982,0
29771,Ligustro,15/03/2011 09:10,Medio (4 - 8 mts),56,Mediano,-68.8414089021,-32.8933842742,2,Barrio Civico,2366816.36021,0
9367,Morera,16/02/2011 09:55,Bajo (2 - 4 mts),44,Mediano,-68.8453256516,-32.8659398314,4,Cuarta Oeste,1173332.70145,0
39824,Tipa,29/04/2011 10:12,Alto (> 8 mts),250,Grande,-68.8468952034,-32.883012414,1,Parque Central,1655357.93265,0
19657,Morera,13/07/2011 09:47,Alto (> 8 mts),112,Grande,-68.835394493,-32.8703681494,4,Cuarta Oeste,1173332.70145,1
37836,Morera,24/11/2010 12:00,Alto (> 8 mts),185,Grande,-68.8531547684,-32.8729592757,6,Residencial Norte,2694682.37982,0
39437,Paraiso,11/11/2010 11:00,Alto (> 8 mts),190,Grande,-68.854800335,-32.8702379768,6,Residencial Norte,2694682.37982,0
24260,Fresno americano,27/01/2011 07:42,Medio (4 - 8 mts),82,Grande,-68.8448417511,-32.9018402443,2,Barrio Civico,2366816.36021,0
43235,Morera,04/10/2011 08:53,Alto (> 8 mts),80,Grande,-68.834857739,-32.8797895081,1,Parque Central,1655357.93265,0
24248,Morera,27/01/2011 09:06,Alto (> 8 mts),130,Grande,-68.8441816039,-32.9013872998,2,Barrio Civico,2366816.36021,1
21626,Fresno europeo,10/06/2011 10:58,Medio (4 - 8 mts),50,Mediano,-68.8537049424,-32.8960214019,5,Residencial Sur,2423808.92355,0
22044,Morera,16/05/2011 09:55,Alto (> 8 mts),138,Grande,-68.8572373897,-32.8939520715,5,Residencial Sur,2423808.92355,0
26407,Morera,28/10/2011 09:38,Alto (> 8 mts),180,Grande,-68.8342396788,-32.8892422735,3,Parque O'Higgins,1531146.02653,0
5456,Fresno europeo,14/04/2011 09:47,Alto (> 8 mts),180,Grande,-68.8443914806,-32.880322231,1,Parque Central,1655357.93265,0
4116,Fresno europeo,28/09/2011 11:28,Bajo (2 - 4 mts),42,Mediano,-68.8254614133,-32.8746890046,4,Cuarta Este Área Fundacional,1822015.85685,0
39269,Paraiso,29/12/2010 10:13,Medio (4 - 8 mts),77,Grande,-68.855747068,-32.8713475729,6,Residencial Norte,2694682.37982,0
17804,Paraiso,21/07/2011 13:01,Medio (4 - 8 mts),81,Grande,-68.8431095819,-32.8690724999,4,Cuarta Oeste,1173332.70145,0
25777,Perenne,02/02/2011 12:55,Bajo (2 - 4 mts),28,Mediano,-68.8409588683,-32.9034956513,2,Barrio Civico,2366816.36021,0
18674,Morera,05/07/2011 09:51,Alto (> 8 mts),120,Grande,-68.8364102507,-32.8743564118,4,Cuarta Oeste,1173332.70145,0
43927,Acacia SP,12/10/2011 14:39,Alto (> 8 mts),170,Grande,-68.8324991622,-32.8842513725,3,Parque O'Higgins,1531146.02653,0
47732,Morera,15/09/2011 09:58,Medio (4 - 8 mts),180,Grande,-68.8291553285,-32.872330346,4,Cuarta Este Área Fundacional,1822015.85685,0
21170,Fresno europeo,06/05/2011 10:13,Bajo (2 - 4 mts),43,Mediano,-68.8517793409,-32.8933674964,5,Residencial Sur,2423808.92355,0
43729,Fresno americano,17/10/2011 17:09,Bajo (2 - 4 mts),60,Mediano,-68.8325283623,-32.8821922169,3,Parque O'Higgins,1531146.02653,0
39228,Fresno europeo,28/12/2010 10:22,Muy bajo (1 - 2 mts),8,Chico,-68.8542455889,-32.8720667921,6,Residencial Norte,2694682.37982,0
40755,Platano,15/04/2011 11:02,Alto (> 8 mts),210,Grande,-68.8423595755,-32.885481512,1,Parque Central,1655357.93265,0
48382,Morera,02/09/2011 07:38,Alto (> 8 mts),175,Grande,-68.8295008787,-32.8698349926,4,Cuarta Este Área Fundacional,1822015.85685,0
13845,Morera,26/01/2011 08:33,Medio (4 - 8 mts),120,Grande,-68.848743078,-32.8634676779,6,Residencial Norte,2694682.37982,0
45934,Morera,29/08/2011 11:59,Alto (> 8 mts),155,Grande,-68.8186541723,-32.8701240651,4,Cuarta Este Área Fundacional,1822015.85685,0
7347,Jacaranda,23/06/2011 10:24,Muy bajo (1 - 2 mts),12,Chico,-68.8624656216,-32.9008622115,5,Residencial Sur,2423808.92355,0
38944,Fresno europeo,30/12/2010 13:21,Muy bajo (1 - 2 mts),2,Chico,-68.8563965736,-32.8711096137,6,Residencial Norte,2694682.37982,0
33532,Fresno europeo,31/05/2011 13:08,Alto (> 8 mts),97,Grande,-68.8557258025,-32.8886215199,5,Residencial Sur,2423808.92355,0
24870,Platano,17/02/2011 13:30,Alto (> 8 mts),250,Grande,-68.8397452012,-32.8964861848,2,Barrio Civico,2366816.36021,1
46289,Morera,27/09/2011 09:53,Alto (> 8 mts),190,Grande,-68.8227902885,-32.8738869212,4,Cuarta Este Área Fundacional,1822015.85685,1
37901,Morera,18/11/2010 10:18,Alto (> 8 mts),160,Grande,-68.8499002861,-32.8733865128,6,Residencial Norte,2694682.37982,0
4737,Paraiso,10/08/2011 11:17,Alto (> 8 mts),148,Grande,-68.8340598364,-32.8658317969,4,Cuarta Oeste,1173332.70145,0
7538,Fresno americano,14/06/2011 14:53,Alto (> 8 mts),100,Grande,-68.8601406939,-32.8821738319,7,Residencial Parque,1786336.08966,0
7810,Morera,12/05/2011 09:32,Alto (> 8 mts),160,Grande,-68.8576658857,-32.8853426529,5,Residencial Sur,2423808.92355,0
18614,Morera,06/07/2011 11:31,Medio (4 - 8 mts),40,Mediano,-68.8377928382,-32.8746481068,1,Parque Central,1655357.93265,1
23987,Morera,14/01/2011 08:43,Alto (> 8 mts),220,Grande,-68.8460442034,-32.8998029879,2,Barrio Civico,2366816.36021,0
11320,Ailanthus,21/01/2011 09:43,Medio (4 - 8 mts),110,Grande,-68.8477375267,-32.9000005866,2,Barrio Civico,2366816.36021,0
16826,Fresno europeo,08/08/2011 14:13,Alto (> 8 mts),172,Grande,-68.8384305697,-32.8648474081,4,Cuarta Oeste,1173332.70145,0
25365,Morera,10/02/2011 13:45,Alto (> 8 mts),140,Grande,-68.8385036868,-32.9006590471,2,Barrio Civico,2366816.36021,0
2844,Fresno europeo,07/11/2011 09:29,Bajo (2 - 4 mts),38,Mediano,-68.8337612569,-32.8928477757,3,Parque O'Higgins,1531146.02653,0
2425,Fresno europeo,20/10/2011 10:27,Medio (4 - 8 mts),110,Grande,-68.8325973586,-32.8877159413,3,Parque O'Higgins,1531146.02653,0
34924,Fresno americano,06/04/2011 10:46,Bajo (2 - 4 mts),64,Grande,-68.8564697495,-32.8802580956,7,Residencial Parque,1786336.08966,0
725,Paraiso sombrilla,17/12/2011 09:52,Bajo (2 - 4 mts),45,Mediano,-68.8813355159,-32.8726139176,8,Aeroparque,2203364.73622,0
50,Fresno europeo,01/03/2012 08:19,Medio (4 - 8 mts),160,Grande,-68.8559959252,-32.8968869126,5,Residencial Sur,2423808.92355,0
48167,Platano,17/08/2011 09:55,Alto (> 8 mts),125,Grande,-68.8290915973,-32.8683361554,4,Cuarta Este Área Fundacional,1822015.85685,1
19732,Platano,12/08/2011 10:37,Alto (> 8 mts),230,Grande,-68.8341714436,-32.8682313084,4,Cuarta Oeste,1173332.70145,0
43432,Morera,26/10/2011 15:41,Medio (4 - 8 mts),180,Grande,-68.8323374898,-32.8808944256,3,Parque O'Higgins,1531146.02653,0
8943,Morera,20/01/2011 13:58,Alto (> 8 mts),190,Grande,-68.8477531355,-32.8685881321,6,Residencial Norte,2694682.37982,0
39580,Paraiso,26/10/2010 09:56,Medio (4 - 8 mts),90,Grande,-68.8479858323,-32.8697373886,6,Residencial Norte,2694682.37982,0
41002,Platano,12/04/2011 13:40,Alto (> 8 mts),220,Grande,-68.8392488284,-32.8800400383,1,Parque Central,1655357.93265,0
20425,Fresno europeo,17/05/2011 11:19,Medio (4 - 8 mts),28,Mediano,-68.861470123,-32.8932958022,5,Residencial Sur,2423808.92355,0
41765,Platano,27/04/2011 12:23,Medio (4 - 8 mts),60,Mediano,-68.8415377134,-32.8780401184,1,Parque Central,1655357.93265,0
11619,Morera,28/01/2011 09:10,Alto (> 8 mts),97,Grande,-68.8495386657,-32.8664634773,6,Residencial Norte,2694682.37982,0
8847,Fresno europeo,31/01/2011 13:40,Bajo (2 - 4 mts),46,Mediano,-68.8538324379,-32.8675723146,6,Residencial Norte,2694682.37982,0
25042,Fresno europeo,15/02/2011 08:16,Medio (4 - 8 mts),46,Mediano,-68.8366981984,-32.8966855685,2,Barrio Civico,2366816.36021,0
15805,Fresno europeo,21/11/2011 17:32,Bajo (2 - 4 mts),40,Mediano,-68.873520333,-32.8786946849,7,Residencial Parque,1786336.08966,0
35129,Fresno europeo,28/03/2011 10:23,Medio (4 - 8 mts),50,Mediano,-68.8526329937,-32.8801062828,6,Residencial Norte,2694682.37982,0
23934,Morera,19/01/2012 09:51,Alto (> 8 mts),105,Grande,-68.8520853592,-32.8992827076,2,Barrio Civico,2366816.36021,0
11005,Ligustro,29/03/2011 09:54,Medio (4 - 8 mts),40,Mediano,-68.8519094751,-32.8810530553,1,Parque Central,1655357.93265,0
45324,Paraiso,16/09/2011 13:25,Medio (4 - 8 mts),140,Grande,-68.8237627149,-32.8722471153,4,Cuarta Este Área Fundacional,1822015.85685,0
46353,Morera,19/09/2011 13:57,Alto (> 8 mts),168,Grande,-68.8259381645,-32.874289868,4,Cuarta Este Área Fundacional,1822015.85685,0
1041,Aguaribay,13/12/2011 12:44,Medio (4 - 8 mts),100,Grande,-68.8827121699,-32.8648903562,8,Aeroparque,2203364.73622,0
28941,Morera,26/04/2011 10:16,Medio (4 - 8 mts),26,Mediano,-68.8460600147,-32.8856760702,1,Parque Central,1655357.93265,0
18861,Ligustro,27/07/2011 09:19,Bajo (2 - 4 mts),20,Chico,-68.8401989316,-32.8699719727,4,Cuarta Oeste,1173332.70145,0
19662,Fresno europeo,13/07/2011 09:33,Medio (4 - 8 mts),13,Chico,-68.8352989086,-32.8699967059,4,Cuarta Oeste,1173332.70145,0
27766,Acacia SP,03/11/2011 10:54,Alto (> 8 mts),120,Grande,-68.8347304737,-32.8944398377,3,Parque O'Higgins,1531146.02653,0
38116,Fresno europeo,03/12/2010 11:25,Alto (> 8 mts),120,Grande,-68.8465169815,-32.8729027061,6,Residencial Norte,2694682.37982,0
36588,Morera,07/06/2011 13:16,Muy bajo (1 - 2 mts),6,Chico,-68.857259361,-32.8832491032,5,Residencial Sur,2423808.92355,0
667,Paraiso,07/03/2012 16:23,Medio (4 - 8 mts),124,Grande,-68.8185769723,-32.868021859,4,Cuarta Este Área Fundacional,1822015.85685,0
46288,Perenne,27/09/2011 09:52,Muy bajo (1 - 2 mts),15,Chico,-68.8228180346,-32.8739049042,4,Cuarta Este Área Fundacional,1822015.85685,0
48119,Morera,19/08/2011 09:27,Medio (4 - 8 mts),110,Grande,-68.8295131514,-32.8685457028,4,Cuarta Este Área Fundacional,1822015.85685,0
34911,Paraiso,28/03/2011 12:23,Medio (4 - 8 mts),70,Grande,-68.8517361793,-32.8803673352,1,Parque Central,1655357.93265,0
26681,Ligustro,10/11/2011 09:45,Muy bajo (1 - 2 mts),12,Chico,-68.8323581539,-32.8942107261,3,Parque O'Higgins,1531146.02653,0
42706,Fresno europeo,30/09/2011 12:05,Alto (> 8 mts),110,Grande,-68.8292922992,-32.877801107,4,Cuarta Este Área Fundacional,1822015.85685,1
32571,Platano,17/06/2011 11:02,Alto (> 8 mts),115,Grande,-68.8533118571,-32.8902875657,5,Residencial Sur,2423808.92355,0
20580,Tipa,30/05/2011 11:14,Bajo (2 - 4 mts),45,Mediano,-68.8628274509,-32.8978083686,5,Residencial Sur,2423808.92355,0
36180,Morera,31/03/2011 11:02,Alto (> 8 mts),90,Grande,-68.8560099511,-32.877247152,6,Residencial Norte,2694682.37982,1
41489,Morera,07/04/2011 12:37,Medio (4 - 8 mts),180,Grande,-68.8423000242,-32.880886284,1,Parque Central,1655357.93265,1
31534,Morera,18/05/2011 10:42,Alto (> 8 mts),125,Grande,-68.8602059568,-32.8907203267,5,Residencial Sur,2423808.92355,0
36919,Platano,07/04/2011 16:21,Alto (> 8 mts),108,Grande,-68.8585821027,-32.8793114858,7,Residencial Parque,1786336.08966,0
5701,Morera,02/05/2011 09:52,Medio (4 - 8 mts),40,Mediano,-68.8396847877,-32.8739347958,4,Cuarta Oeste,1173332.70145,0
46609,Fresno europeo,05/09/2011 10:02,Medio (4 - 8 mts),55,Mediano,-68.8318183366,-32.8693593561,4,Cuarta Este Área Fundacional,1822015.85685,0
47019,Morera,15/09/2011 12:50,Alto (> 8 mts),200,Grande,-68.8306444597,-32.8728674361,4,Cuarta Este Área Fundacional,1822015.85685,0
8866,Morera,12/05/2010 10:42,Medio (4 - 8 mts),88,Grande,-68.8517511463,-32.8668582776,6,Residencial Norte,2694682.37982,0
7362,Fresno europeo,24/06/2011 09:24,Medio (4 - 8 mts),88,Grande,-68.8613629422,-32.9010799963,5,Residencial Sur,2423808.92355,0
25601,Morera,07/02/2011 19:12,Medio (4 - 8 mts),88,Grande,-68.8381306233,-32.9017874966,2,Barrio Civico,2366816.36021,0
46106,Morera,05/10/2011 11:34,Medio (4 - 8 mts),200,Grande,-68.8253135037,-32.8747699821,4,Cuarta Este Área Fundacional,1822015.85685,0
30192,Morera,09/03/2011 10:24,Alto (> 8 mts),121,Grande,-68.8429947004,-32.8893943977,2,Barrio Civico,2366816.36021,1
43225,Platano,04/10/2011 09:18,Alto (> 8 mts),190,Grande,-68.8349758044,-32.8789616853,1,Parque Central,1655357.93265,0
4062,Platano,04/10/2011 19:44,Alto (> 8 mts),140,Grande,-68.8288373187,-32.8790598184,4,Cuarta Este Área Fundacional,1822015.85685,0
5188,Perenne,05/08/2011 11:26,Alto (> 8 mts),107,Grande,-68.8386155012,-32.8669771202,4,Cuarta Oeste,1173332.70145,1
45537,Fresno europeo,16/09/2011 14:24,Medio (4 - 8 mts),130,Grande,-68.8209236783,-32.8727644498,4,Cuarta Este Área Fundacional,1822015.85685,0
3221,Prunas,23/09/2011 09:05,Bajo (2 - 4 mts),25,Mediano,-68.8205770473,-32.8715435684,4,Cuarta Este Área Fundacional,1822015.85685,0
34928,Morera,06/04/2011 10:21,Alto (> 8 mts),79,Grande,-68.8564216036,-32.8800291906,7,Residencial Parque,1786336.08966,0
45617,Fresno americano,22/09/2011 09:03,Alto (> 8 mts),160,Grande,-68.819788169,-32.871545713,4,Cuarta Este Área Fundacional,1822015.85685,1
35728,Fresno europeo,09/03/2011 09:27,Medio (4 - 8 mts),120,Grande,-68.8545657273,-32.8736957146,6,Residencial Norte,2694682.37982,0
3298,Morera,30/09/2011 10:38,Medio (4 - 8 mts),50,Mediano,-68.8225687519,-32.8734103038,4,Cuarta Este Área Fundacional,1822015.85685,1
45455,Olmo comun,16/09/2011 11:19,Alto (> 8 mts),100,Grande,-68.8224367476,-32.8713059143,4,Cuarta Este Área Fundacional,1822015.85685,0
47340,Fresno americano,21/09/2011 10:20,Alto (> 8 mts),96,Grande,-68.8320405367,-32.8741430509,4,Cuarta Este Área Fundacional,1822015.85685,0
24160,Morera,24/01/2011 11:22,Alto (> 8 mts),180,Grande,-68.8451680085,-32.9019645265,2,Barrio Civico,2366816.36021,0
7708,Morera,31/05/2011 09:15,Medio (4 - 8 mts),90,Grande,-68.8573486117,-32.8840933246,5,Residencial Sur,2423808.92355,0
29952,Platano,28/04/2011 12:21,Alto (> 8 mts),220,Grande,-68.8424074201,-32.8856565529,1,Parque Central,1655357.93265,0
45862,Fresno europeo,25/08/2011 13:46,Medio (4 - 8 mts),130,Grande,-68.8196848731,-32.8702186766,4,Cuarta Este Área Fundacional,1822015.85685,0
23119,Morera,19/01/2011 17:04,Alto (> 8 mts),92,Grande,-68.8478553943,-32.9034091486,2,Barrio Civico,2366816.36021,0
17390,Morera,22/07/2011 10:11,Alto (> 8 mts),179,Grande,-68.8398553924,-32.8661664253,4,Cuarta Oeste,1173332.70145,0
19111,Morera,27/07/2011 08:59,Alto (> 8 mts),180,Grande,-68.8410826012,-32.8711536669,4,Cuarta Oeste,1173332.70145,0
22144,Morera,13/05/2011 13:47,Medio (4 - 8 mts),36,Mediano,-68.8555347431,-32.8983688241,5,Residencial Sur,2423808.92355,0
46572,Morera,07/09/2011 09:08,Alto (> 8 mts),132,Grande,-68.8320538064,-32.8695944421,4,Cuarta Este Área Fundacional,1822015.85685,1
21915,Morera,07/06/2011 09:23,Alto (> 8 mts),140,Grande,-68.8590734986,-32.8955134892,5,Residencial Sur,2423808.92355,0
45086,Morera,01/09/2011 10:20,Alto (> 8 mts),130,Grande,-68.8253192384,-32.8711235942,4,Cuarta Este Área Fundacional,1822015.85685,0
36181,Platano,31/03/2011 10:57,Alto (> 8 mts),160,Grande,-68.8562064451,-32.8772126845,6,Residencial Norte,2694682.37982,0
2465,Fresno europeo,26/10/2011 09:35,Alto (> 8 mts),140,Grande,-68.8370519105,-32.8912973443,3,Parque O'Higgins,1531146.02653,0
887,Fresno europeo,17/01/2012 12:07,Bajo (2 - 4 mts),50,Mediano,-68.8475241905,-32.8752954825,6,Residencial Norte,2694682.37982,0
26286,Platano,21/10/2011 10:17,Alto (> 8 mts),138,Grande,-68.8314412831,-32.8896774142,3,Parque O'Higgins,1531146.02653,0
21917,Morera,07/06/2011 09:20,Alto (> 8 mts),120,Grande,-68.8590851824,-32.8957161619,5,Residencial Sur,2423808.92355,1
19108,Morera,27/07/2011 09:03,Alto (> 8 mts),120,Grande,-68.8410373072,-32.8709681308,4,Cuarta Oeste,1173332.70145,0
1268,Paraiso sombrilla,05/12/2011 11:26,Bajo (2 - 4 mts),46,Mediano,-68.8789388268,-32.8685527894,8,Aeroparque,2203364.73622,0
507,Morera,08/03/2012 19:18,Medio (4 - 8 mts),130,Grande,-68.8202922576,-32.8682116077,4,Cuarta Este Área Fundacional,1822015.85685,0
46781,Fresno americano,07/09/2011 11:24,Bajo (2 - 4 mts),196,Grande,-68.8324879371,-32.8727774045,4,Cuarta Este Área Fundacional,1822015.85685,0
47721,Morera,15/09/2011 10:35,Medio (4 - 8 mts),210,Grande,-68.8279652794,-32.8720985992,4,Cuarta Este Área Fundacional,1822015.85685,1
23052,Paraiso,14/06/2011 13:30,Alto (> 8 mts),92,Grande,-68.8621073173,-32.9021287475,5,Residencial Sur,2423808.92355,0
18799,Morera,10/08/2011 11:04,Alto (> 8 mts),165,Grande,-68.8364747578,-32.8697758005,4,Cuarta Oeste,1173332.70145,0
37274,Morera,15/03/2011 09:42,Alto (> 8 mts),118,Grande,-68.8576553528,-32.8731841307,6,Residencial Norte,2694682.37982,0
5285,Morera,28/04/2011 09:25,Bajo (2 - 4 mts),30,Mediano,-68.8441574444,-32.8772612739,1,Parque Central,1655357.93265,0
41691,Morera,27/04/2011 13:56,Medio (4 - 8 mts),62,Grande,-68.8385097329,-32.8772955047,1,Parque Central,1655357.93265,0
37983,Paraiso sombrilla,10/01/2012 17:31,Medio (4 - 8 mts),100,Grande,-68.8484569818,-32.8732856827,6,Residencial Norte,2694682.37982,0
45602,Paraiso,23/09/2011 08:41,Alto (> 8 mts),150,Grande,-68.8202356662,-32.8713930707,4,Cuarta Este Área Fundacional,1822015.85685,0
15950,Perenne,25/11/2011 09:21,Bajo (2 - 4 mts),60,Mediano,-68.8734685908,-32.8764404224,7,Residencial Parque,1786336.08966,0
16276,Morera,21/07/2011 10:19,Alto (> 8 mts),180,Grande,-68.8423099638,-32.8637427482,4,Cuarta Oeste,1173332.70145,0
13334,Morera,11/01/2011 14:09,Alto (> 8 mts),120,Grande,-68.8457395031,-32.8671167576,4,Cuarta Oeste,1173332.70145,0
23743,Morera,25/01/2011 11:31,Alto (> 8 mts),85,Grande,-68.8493213029,-32.901018535,2,Barrio Civico,2366816.36021,0
14297,Morera,06/12/2011 10:04,Alto (> 8 mts),105,Grande,-68.8771516366,-32.868290487,8,Aeroparque,2203364.73622,0
14299,Fresno americano,06/12/2011 10:00,Bajo (2 - 4 mts),45,Mediano,-68.8771312627,-32.8682016257,8,Aeroparque,2203364.73622,0
501,Morera,07/03/2012 09:21,Alto (> 8 mts),120,Grande,-68.8216700602,-32.8679039412,4,Cuarta Este Área Fundacional,1822015.85685,1
12997,Morera,15/02/2011 11:51,Muy bajo (1 - 2 mts),6,Chico,-68.8445328946,-32.8652107643,4,Cuarta Oeste,1173332.70145,0
3064,Morera,08/09/2011 21:30,Bajo (2 - 4 mts),107,Grande,-68.8286682767,-32.8719646905,4,Cuarta Este Área Fundacional,1822015.85685,0
30516,Fresno americano,04/04/2011 16:12,Medio (4 - 8 mts),46,Mediano,-68.839243028,-32.887370924,3,Parque O'Higgins,1531146.02653,0
38081,Paraiso,03/12/2010 12:09,Alto (> 8 mts),180,Grande,-68.8471564727,-32.8724161234,6,Residencial Norte,2694682.37982,0
18536,Morera,05/07/2011 12:49,Alto (> 8 mts),190,Grande,-68.837965275,-32.8731939885,4,Cuarta Oeste,1173332.70145,0
34058,Morera,30/05/2011 12:38,Alto (> 8 mts),140,Grande,-68.8563410721,-32.8849050923,5,Residencial Sur,2423808.92355,1
9786,Fresno europeo,17/01/2011 12:09,Medio (4 - 8 mts),64,Grande,-68.846438731,-32.863227228,4,Cuarta Oeste,1173332.70145,0
36828,Acer,07/04/2011 11:40,Medio (4 - 8 mts),70,Grande,-68.8587362807,-32.8803217368,7,Residencial Parque,1786336.08966,0
43649,Fresno europeo,14/10/2011 17:16,Bajo (2 - 4 mts),84,Grande,-68.8340206542,-32.8811902617,3,Parque O'Higgins,1531146.02653,0
28687,Platano,01/03/2011 12:51,Alto (> 8 mts),170,Grande,-68.8462784685,-32.8909275215,2,Barrio Civico,2366816.36021,0
23583,Paraiso,19/01/2012 09:04,Medio (4 - 8 mts),100,Grande,-68.8519626688,-32.8979317355,2,Barrio Civico,2366816.36021,0
5880,Fresno europeo,08/04/2011 12:24,Muy bajo (1 - 2 mts),10,Chico,-68.8428337212,-32.8829135101,1,Parque Central,1655357.93265,0
27427,Morera,25/10/2011 09:34,Alto (> 8 mts),145,Grande,-68.8347152065,-32.892673866,3,Parque O'Higgins,1531146.02653,1
41879,Morera,18/04/2011 12:19,Alto (> 8 mts),100,Grande,-68.8425289701,-32.8794693817,1,Parque Central,1655357.93265,0
6668,Fresno europeo,16/05/2011 10:27,Alto (> 8 mts),116,Grande,-68.8617931243,-32.8911073856,5,Residencial Sur,2423808.92355,0
1364,Fresno americano,30/11/2011 11:04,Bajo (2 - 4 mts),22,Mediano,-68.8771324297,-32.8647302905,8,Aeroparque,2203364.73622,0
29820,Platano,04/03/2011 12:38,Alto (> 8 mts),195,Grande,-68.8424647946,-32.8918243767,2,Barrio Civico,2366816.36021,0
5540,Morera,08/04/2011 12:36,Alto (> 8 mts),150,Grande,-68.8412940188,-32.8806974748,1,Parque Central,1655357.93265,0
5155,Morera,11/08/2011 08:35,Alto (> 8 mts),160,Grande,-68.8437510459,-32.8711539058,4,Cuarta Oeste,1173332.70145,0
5200,Caducifolio,08/08/2011 09:30,Bajo (2 - 4 mts),40,Mediano,-68.8392080712,-32.8694168508,4,Cuarta Oeste,1173332.70145,0
27469,Morera,28/10/2011 10:02,Medio (4 - 8 mts),130,Grande,-68.837914565,-32.890958168,3,Parque O'Higgins,1531146.02653,1
13321,Morera,23/02/2011 09:18,Alto (> 8 mts),166,Grande,-68.8483460163,-32.866049656,6,Residencial Norte,2694682.37982,0
28784,Morera,19/04/2011 12:38,Alto (> 8 mts),145,Grande,-68.8477927568,-32.8866820449,1,Parque Central,1655357.93265,1
25878,Morera,04/02/2011 14:10,Medio (4 - 8 mts),108,Grande,-68.8392262896,-32.9018401595,2,Barrio Civico,2366816.36021,1
1088,Perenne,13/12/2011 18:43,Bajo (2 - 4 mts),120,Grande,-68.8809460904,-32.8676231023,8,Aeroparque,2203364.73622,0
8925,Prunas,24/01/2011 13:09,Muy bajo (1 - 2 mts),12,Chico,-68.8488318688,-32.8673530896,6,Residencial Norte,2694682.37982,0
7537,Fresno americano,14/06/2011 14:57,Bajo (2 - 4 mts),110,Grande,-68.8599736692,-32.8822046235,7,Residencial Parque,1786336.08966,0
3443,Morera,17/08/2011 10:25,Medio (4 - 8 mts),105,Grande,-68.8288904845,-32.8668219463,4,Cuarta Este Área Fundacional,1822015.85685,1
15997,Morera,11/08/2011 09:37,Medio (4 - 8 mts),74,Grande,-68.8439999785,-32.8725027569,6,Residencial Norte,2694682.37982,0
36855,Platano,28/03/2011 16:34,Alto (> 8 mts),98,Grande,-68.8574186349,-32.8796834497,7,Residencial Parque,1786336.08966,0
31801,Morera,03/01/2012 10:40,Medio (4 - 8 mts),90,Grande,-68.8601044859,-32.8896693916,5,Residencial Sur,2423808.92355,0
46304,Morera,28/09/2011 08:28,Bajo (2 - 4 mts),16,Chico,-68.8239062336,-32.873468134,4,Cuarta Este Área Fundacional,1822015.85685,0
34948,Morera,04/04/2011 12:08,Alto (> 8 mts),130,Grande,-68.8571998575,-32.8795047551,7,Residencial Parque,1786336.08966,1
7926,Fresno europeo,18/02/2011 12:03,Medio (4 - 8 mts),38,Mediano,-68.8409154378,-32.8891525954,3,Parque O'Higgins,1531146.02653,0
20904,Fresno europeo,27/05/2011 09:22,Medio (4 - 8 mts),75,Grande,-68.8617100651,-32.8952195555,5,Residencial Sur,2423808.92355,0
36990,Morera,01/04/2011 12:00,Medio (4 - 8 mts),42,Mediano,-68.8573670833,-32.8779766658,7,Residencial Parque,1786336.08966,0
28772,Platano,20/04/2011 10:11,Muy bajo (1 - 2 mts),12,Chico,-68.8488482638,-32.8865563974,1,Parque Central,1655357.93265,0
5991,Platano,25/04/2011 12:09,Alto (> 8 mts),200,Grande,-68.8447789898,-32.8853078128,1,Parque Central,1655357.93265,0
44573,Platano,20/10/2011 08:50,Alto (> 8 mts),185,Grande,-68.8344984048,-32.8848231371,3,Parque O'Higgins,1531146.02653,0
28655,Morera,23/02/2011 09:20,Alto (> 8 mts),190,Grande,-68.8486447557,-32.8905141402,2,Barrio Civico,2366816.36021,0
19801,Morera,08/08/2011 10:40,Alto (> 8 mts),195,Grande,-68.8351888332,-32.8642319367,4,Cuarta Oeste,1173332.70145,1
41611,Platano,04/05/2011 14:09,Alto (> 8 mts),180,Grande,-68.8358156307,-32.8764889493,1,Parque Central,1655357.93265,0
39593,Braquiquito,25/10/2010 09:50,Muy bajo (1 - 2 mts),15,Chico,-68.8475905767,-32.8689288144,6,Residencial Norte,2694682.37982,0
7359,Paraiso,24/06/2011 09:30,Bajo (2 - 4 mts),35,Mediano,-68.8613771862,-32.9012293725,5,Residencial Sur,2423808.92355,0
14483,Liquidambar,30/11/2011 18:26,Bajo (2 - 4 mts),14,Chico,-68.8789957268,-32.8669450181,8,Aeroparque,2203364.73622,0
26388,Platano,25/10/2011 10:05,Alto (> 8 mts),270,Grande,-68.8329204973,-32.8899863205,3,Parque O'Higgins,1531146.02653,0
544,Morera,08/03/2012 17:35,Medio (4 - 8 mts),130,Grande,-68.8210960284,-32.8679259002,4,Cuarta Este Área Fundacional,1822015.85685,0
37511,Paraiso,15/11/2010 10:35,Alto (> 8 mts),175,Grande,-68.8563220978,-32.8696402097,6,Residencial Norte,2694682.37982,0
2486,Fresno europeo,21/10/2011 10:00,Medio (4 - 8 mts),50,Mediano,-68.8370025481,-32.8884555526,3,Parque O'Higgins,1531146.02653,0
22505,Morera,27/06/2011 14:21,Alto (> 8 mts),140,Grande,-68.8586651879,-32.9004002412,5,Residencial Sur,2423808.92355,0
30933,Fresno europeo,11/02/2011 13:35,Medio (4 - 8 mts),100,Grande,-68.8561440831,-32.8635551861,6,Residencial Norte,2694682.37982,0
16707,Paraiso,22/07/2011 09:19,Alto (> 8 mts),153,Grande,-68.840258618,-32.8636789207,4,Cuarta Oeste,1173332.70145,0
12269,Morera,10/01/2011 10:55,Alto (> 8 mts),140,Grande,-68.8450735426,-32.8671718308,4,Cuarta Oeste,1173332.70145,0
25437,Morera,11/02/2011 09:50,Alto (> 8 mts),146,Grande,-68.8369267777,-32.8996814621,2,Barrio Civico,2366816.36021,0
13424,Morera,28/02/2011 12:07,Alto (> 8 mts),134,Grande,-68.8493542075,-32.865371821,6,Residencial Norte,2694682.37982,0
25583,Morera,11/02/2011 10:46,Medio (4 - 8 mts),88,Grande,-68.839172678,-32.901309242400004,2,Barrio Civico,2366816.36021,1
6953,Fresno europeo,07/06/2011 09:14,Medio (4 - 8 mts),68,Grande,-68.8587434254,-32.8958458164,5,Residencial Sur,2423808.92355,0
35671,Fresno europeo,18/03/2011 09:53,Bajo (2 - 4 mts),24,Mediano,-68.8555946841,-32.8742815461,6,Residencial Norte,2694682.37982,0
17888,Morera,01/08/2011 10:27,Alto (> 8 mts),80,Grande,-68.8363829008,-32.8677239748,4,Cuarta Oeste,1173332.70145,0
25343,Morera,09/02/2011 09:40,Alto (> 8 mts),190,Grande,-68.8397995664,-32.9004224876,2,Barrio Civico,2366816.36021,0
26625,Platano,03/11/2011 10:51,Alto (> 8 mts),140,Grande,-68.8342389786,-32.8899701458,3,Parque O'Higgins,1531146.02653,0
6723,Fresno americano,13/05/2011 11:24,Bajo (2 - 4 mts),53,Mediano,-68.8557462273,-32.8933768188,5,Residencial Sur,2423808.92355,0
14979,Acacia SP,21/12/2011 13:12,Bajo (2 - 4 mts),80,Grande,-68.8806416123,-32.8714528385,8,Aeroparque,2203364.73622,0
18345,Paraiso,29/07/2011 14:22,Medio (4 - 8 mts),75,Grande,-68.8373823396,-32.8686579809,4,Cuarta Oeste,1173332.70145,0
38204,Fresno europeo,25/08/2010 10:35,Alto (> 8 mts),121,Grande,-68.8472303143,-32.8736275512,6,Residencial Norte,2694682.37982,0
678,Ailanthus,31/01/2012 17:51,Medio (4 - 8 mts),70,Grande,-68.8518493518,-32.9018321239,2,Barrio Civico,2366816.36021,0
21916,Fresno europeo,07/06/2011 09:22,Alto (> 8 mts),138,Grande,-68.8590891292,-32.8955860524,5,Residencial Sur,2423808.92355,0
15760,Morera,22/11/2011 09:11,Medio (4 - 8 mts),65,Grande,-68.8727085108,-32.8784825079,7,Residencial Parque,1786336.08966,0
20321,Olmo comun,16/05/2011 09:15,Alto (> 8 mts),115,Grande,-68.8622131197,-32.8926125099,5,Residencial Sur,2423808.92355,0
6938,Fresno americano,08/06/2011 09:50,Alto (> 8 mts),150,Grande,-68.8545917701,-32.8965697167,5,Residencial Sur,2423808.92355,0
25304,Morera,08/02/2011 08:14,Alto (> 8 mts),137,Grande,-68.8371247824,-32.8977828509,2,Barrio Civico,2366816.36021,0
47927,Olmo comun,31/08/2011 11:47,Medio (4 - 8 mts),108,Grande,-68.8275468986,-32.8708363766,4,Cuarta Este Área Fundacional,1822015.85685,0
30505,Platano,04/04/2011 15:20,Alto (> 8 mts),148,Grande,-68.8399391455,-32.8877706811,3,Parque O'Higgins,1531146.02653,0
8169,Morera,04/03/2011 08:48,Muy bajo (1 - 2 mts),12,Chico,-68.8436784158,-32.891486127,2,Barrio Civico,2366816.36021,0
36886,Morera,07/04/2011 15:54,Alto (> 8 mts),115,Grande,-68.8590767903,-32.8800742482,7,Residencial Parque,1786336.08966,0
30617,Morera,07/02/2011 12:22,Alto (> 8 mts),82,Grande,-68.8581528116,-32.8672412658,6,Residencial Norte,2694682.37982,0
43826,Fresno europeo,18/10/2011 12:49,Alto (> 8 mts),150,Grande,-68.8314580835,-32.8813672635,3,Parque O'Higgins,1531146.02653,0
47223,Morera,19/09/2011 10:23,Alto (> 8 mts),141,Grande,-68.8327859643,-32.87519395,4,Cuarta Este Área Fundacional,1822015.85685,0
38060,Fresno europeo,06/12/2010 09:55,Alto (> 8 mts),130,Grande,-68.8480863648,-32.8720001324,6,Residencial Norte,2694682.37982,0
20167,Fresno europeo,13/05/2011 09:50,Alto (> 8 mts),123,Grande,-68.8593190264,-32.8924794395,5,Residencial Sur,2423808.92355,0
42007,Fresno europeo,20/04/2011 13:31,Alto (> 8 mts),123,Grande,-68.8373684878,-32.8785863327,1,Parque Central,1655357.93265,0
17180,Morera,04/07/2011 10:51,Alto (> 8 mts),90,Grande,-68.8363237574,-32.8633906122,4,Cuarta Oeste,1173332.70145,0
20076,Olmo comun,15/08/2011 13:22,Medio (4 - 8 mts),118,Grande,-68.8330021556,-32.8655705787,4,Cuarta Oeste,1173332.70145,0
190,Paraiso sombrilla,24/02/2012 11:14,Bajo (2 - 4 mts),60,Mediano,-68.8580625525,-32.8646558255,6,Residencial Norte,2694682.37982,0
44849,Fresno europeo,19/08/2011 13:44,Medio (4 - 8 mts),90,Grande,-68.8241345024,-32.8666433382,4,Cuarta Este Área Fundacional,1822015.85685,0
29147,Paraiso,10/03/2011 12:59,Alto (> 8 mts),180,Grande,-68.8467810147,-32.8884292803,2,Barrio Civico,2366816.36021,0
20637,Ailanthus,06/06/2011 10:51,Alto (> 8 mts),40,Mediano,-68.8593740519,-32.8964093464,5,Residencial Sur,2423808.92355,0
35665,Morera,18/03/2011 10:16,Medio (4 - 8 mts),90,Grande,-68.8557496589,-32.8748158821,6,Residencial Norte,2694682.37982,0
3614,Morera,29/08/2011 09:49,Medio (4 - 8 mts),100,Grande,-68.8265422369,-32.8700780263,4,Cuarta Este Área Fundacional,1822015.85685,0
44895,Fresno europeo,23/08/2011 09:54,Medio (4 - 8 mts),115,Grande,-68.8247289961,-32.8672278475,4,Cuarta Este Área Fundacional,1822015.85685,0
23579,Morera,24/01/2011 09:09,Alto (> 8 mts),136,Grande,-68.8512007694,-32.9023020818,2,Barrio Civico,2366816.36021,0
29354,Platano,25/04/2011 08:40,Alto (> 8 mts),180,Grande,-68.842768703,-32.8876966015,3,Parque O'Higgins,1531146.02653,0
39973,Morera,02/05/2011 12:09,Alto (> 8 mts),175,Grande,-68.8456954919,-32.878705807,1,Parque Central,1655357.93265,1
1519,Aguaribay,24/11/2011 10:21,Muy bajo (1 - 2 mts),16,Chico,-68.873411415,-32.8779546187,7,Residencial Parque,1786336.08966,0
21844,Olmo comun,07/06/2011 10:09,Alto (> 8 mts),115,Grande,-68.8570782841,-32.8962596777,5,Residencial Sur,2423808.92355,0
15073,Morera,17/11/2011 12:13,Alto (> 8 mts),150,Grande,-68.8590465426,-32.8697603491,6,Residencial Norte,2694682.37982,1
33846,Morera,16/05/2011 13:00,Bajo (2 - 4 mts),70,Grande,-68.8534948819,-32.8865338537,5,Residencial Sur,2423808.92355,0
37915,Fresno europeo,19/11/2010 10:15,Bajo (2 - 4 mts),70,Grande,-68.8492090507,-32.8732626002,6,Residencial Norte,2694682.37982,0
25964,Acer,01/02/2011 11:05,Alto (> 8 mts),140,Grande,-68.8392842188,-32.9042647781,2,Barrio Civico,2366816.36021,0
23314,Fresno europeo,18/01/2012 12:21,Medio (4 - 8 mts),85,Grande,-68.8526584847,-32.9010219656,2,Barrio Civico,2366816.36021,0
35900,Morera,28/03/2011 09:39,Alto (> 8 mts),86,Grande,-68.8532835296,-32.8757560179,6,Residencial Norte,2694682.37982,0
16195,Morera,15/07/2011 11:12,Alto (> 8 mts),220,Grande,-68.8438105567,-32.8705045465,4,Cuarta Oeste,1173332.70145,0
47143,Paraiso sombrilla,20/09/2011 10:33,Medio (4 - 8 mts),100,Grande,-68.8332897075,-32.8728190771,4,Cuarta Este Área Fundacional,1822015.85685,0
35932,Fresno europeo,08/06/2011 12:10,Medio (4 - 8 mts),35,Mediano,-68.8535415809,-32.8764676502,6,Residencial Norte,2694682.37982,0
2135,Fresno europeo,09/11/2011 10:01,Bajo (2 - 4 mts),25,Mediano,-68.8339010516,-32.8912403545,3,Parque O'Higgins,1531146.02653,0
44248,Morera,13/10/2011 11:21,Alto (> 8 mts),140,Grande,-68.8340464294,-32.8841031231,3,Parque O'Higgins,1531146.02653,0
42960,Morera,07/10/2011 15:46,Alto (> 8 mts),120,Grande,-68.8349430526,-32.8785577278,1,Parque Central,1655357.93265,1
7664,Morera,26/05/2011 09:29,Medio (4 - 8 mts),100,Grande,-68.8531014876,-32.8849916183,5,Residencial Sur,2423808.92355,0
22588,Algarrobo,24/06/2011 09:26,Alto (> 8 mts),98,Grande,-68.8613649694,-32.9011091069,5,Residencial Sur,2423808.92355,1
17539,Morera,28/07/2011 10:45,Alto (> 8 mts),300,Grande,-68.8397236653,-32.866707481,4,Cuarta Oeste,1173332.70145,0
43279,Olmo bola,21/10/2011 17:55,Bajo (2 - 4 mts),126,Grande,-68.8338405843,-32.8803349475,1,Parque Central,1655357.93265,0
10645,Fresno europeo,16/03/2011 12:18,Medio (4 - 8 mts),48,Mediano,-68.8565838996,-32.8741250528,6,Residencial Norte,2694682.37982,0
44392,Morera,18/10/2011 11:36,Medio (4 - 8 mts),152,Grande,-68.8374207062,-32.884660414,3,Parque O'Higgins,1531146.02653,1
16086,Paraiso,21/07/2011 10:20,Alto (> 8 mts),185,Grande,-68.8440892357,-32.8722660833,6,Residencial Norte,2694682.37982,0
32143,Paraiso,10/05/2011 10:04,Alto (> 8 mts),180,Grande,-68.8602120572,-32.8856985832,5,Residencial Sur,2423808.92355,0
11833,Morera,02/03/2011 12:52,Alto (> 8 mts),140,Grande,-68.8496947127,-32.8651191698,6,Residencial Norte,2694682.37982,0
17344,Acacia SP,05/08/2011 07:46,Alto (> 8 mts),75,Grande,-68.835584731,-32.8658379174,4,Cuarta Oeste,1173332.70145,0
15663,Acacia SP,15/11/2011 11:42,Bajo (2 - 4 mts),120,Grande,-68.8616641367,-32.8706930996,7,Residencial Parque,1786336.08966,0
41781,Ligustro,27/04/2011 10:17,Bajo (2 - 4 mts),70,Grande,-68.8420558075,-32.8785640912,1,Parque Central,1655357.93265,0
1406,Aguaribay,23/11/2011 10:03,Alto (> 8 mts),150,Grande,-68.8716328362,-32.8797112248,7,Residencial Parque,1786336.08966,0
29752,Platano,15/03/2011 10:06,Alto (> 8 mts),232,Grande,-68.840152817,-32.8931054365,2,Barrio Civico,2366816.36021,0
45553,Morera,08/09/2011 09:28,Alto (> 8 mts),170,Grande,-68.8206267624,-32.870575794,4,Cuarta Este Área Fundacional,1822015.85685,0
36641,Morera,14/06/2011 18:38,Medio (4 - 8 mts),120,Grande,-68.8571883526,-32.8817412438,7,Residencial Parque,1786336.08966,1
11946,Morera,12/05/2010 11:02,Alto (> 8 mts),96,Grande,-68.8517097861,-32.8673471168,6,Residencial Norte,2694682.37982,0
45541,Fresno europeo,16/09/2011 14:18,Medio (4 - 8 mts),160,Grande,-68.8205913522,-32.8727724495,4,Cuarta Este Área Fundacional,1822015.85685,0
21688,Morera,10/06/2011 08:23,Alto (> 8 mts),148,Grande,-68.8566800791,-32.8951670624,5,Residencial Sur,2423808.92355,1
45464,Morera,19/09/2011 11:06,Medio (4 - 8 mts),115,Grande,-68.8231254586,-32.8713723015,4,Cuarta Este Área Fundacional,1822015.85685,0
20835,Morera,27/05/2011 09:04,Alto (> 8 mts),116,Grande,-68.8602463572,-32.8947419255,5,Residencial Sur,2423808.92355,0
39706,Fresno europeo,09/08/2010 11:19,Bajo (2 - 4 mts),20,Chico,-68.8451309377,-32.869988345,6,Residencial Norte,2694682.37982,0
15186,Paraiso,17/11/2011 13:34,Medio (4 - 8 mts),70,Grande,-68.8601352173,-32.8691002366,6,Residencial Norte,2694682.37982,0
4803,Olmo comun,28/07/2011 09:52,Bajo (2 - 4 mts),35,Mediano,-68.839359834,-32.8671738469,4,Cuarta Oeste,1173332.70145,0
7344,Morera,23/06/2011 10:34,Medio (4 - 8 mts),55,Mediano,-68.8624457749,-32.9006776587,5,Residencial Sur,2423808.92355,0
785,Paraiso,14/12/2011 10:32,Medio (4 - 8 mts),50,Mediano,-68.8795154531,-32.8671669391,8,Aeroparque,2203364.73622,0
5606,Platano,05/05/2011 14:11,Medio (4 - 8 mts),35,Mediano,-68.8399445036,-32.8760144096,1,Parque Central,1655357.93265,0
47045,Fresno americano,15/09/2011 09:56,Medio (4 - 8 mts),102,Grande,-68.8318336666,-32.8718994463,4,Cuarta Este Área Fundacional,1822015.85685,0
35158,Paraiso,30/03/2011 10:30,Alto (> 8 mts),134,Grande,-68.8514718508,-32.8820534822,1,Parque Central,1655357.93265,0
28430,Platano,28/02/2011 10:19,Alto (> 8 mts),220,Grande,-68.8459958387,-32.8898758087,2,Barrio Civico,2366816.36021,0
24976,Morera,16/02/2011 09:21,Alto (> 8 mts),133,Grande,-68.8378814812,-32.8961136412,2,Barrio Civico,2366816.36021,1
25699,Caducifolio,04/02/2011 10:08,Alto (> 8 mts),110,Grande,-68.8405611499,-32.9024960853,2,Barrio Civico,2366816.36021,0
37850,Fresno europeo,24/11/2010 11:32,Medio (4 - 8 mts),75,Grande,-68.8524383735,-32.8726707922,6,Residencial Norte,2694682.37982,0
38595,Paraiso,17/12/2010 11:00,Alto (> 8 mts),90,Grande,-68.851852361,-32.8703863945,6,Residencial Norte,2694682.37982,0
31500,Platano,19/05/2011 10:34,Alto (> 8 mts),160,Grande,-68.8585240202,-32.8905411609,5,Residencial Sur,2423808.92355,0
27089,Platano,27/10/2011 09:42,Alto (> 8 mts),180,Grande,-68.8377211446,-32.8896027066,3,Parque O'Higgins,1531146.02653,0
36863,Morera,07/04/2011 16:11,Medio (4 - 8 mts),68,Grande,-68.8578174482,-32.8802989658,7,Residencial Parque,1786336.08966,0
7053,Jacaranda,14/06/2011 10:25,Alto (> 8 mts),102,Grande,-68.85654923,-32.8969993988,5,Residencial Sur,2423808.92355,1
25163,Morera,09/02/2011 18:17,Alto (> 8 mts),118,Grande,-68.8362916042,-32.8986716409,2,Barrio Civico,2366816.36021,0
23883,Paraiso,28/02/2012 13:09,Alto (> 8 mts),150,Grande,-68.852089595,-32.9005507921,2,Barrio Civico,2366816.36021,0
44490,Platano,17/10/2011 10:35,Alto (> 8 mts),140,Grande,-68.8354362657,-32.884540026,3,Parque O'Higgins,1531146.02653,0
38392,Morera,04/11/2010 12:33,Alto (> 8 mts),260,Grande,-68.8517367691,-32.8689553422,6,Residencial Norte,2694682.37982,1
32454,Acacia visco,27/05/2011 09:27,Alto (> 8 mts),145,Grande,-68.8512672738,-32.8887310823,5,Residencial Sur,2423808.92355,0
27642,Morera,01/11/2011 10:39,Alto (> 8 mts),110,Grande,-68.8366499267,-32.8941198097,3,Parque O'Higgins,1531146.02653,1
32259,Fresno europeo,29/06/2011 10:02,Muy bajo (1 - 2 mts),6,Chico,-68.8513117108,-32.8909834798,5,Residencial Sur,2423808.92355,0
12297,Jacaranda,13/01/2011 10:09,Medio (4 - 8 mts),75,Grande,-68.8462952504,-32.8666790484,4,Cuarta Oeste,1173332.70145,0
40578,Morera,15/04/2011 12:05,Alto (> 8 mts),180,Grande,-68.8458086701,-32.8841286369,1,Parque Central,1655357.93265,0
16899,Paraiso,27/07/2011 13:46,Alto (> 8 mts),175,Grande,-68.8387190052,-32.865436579,4,Cuarta Oeste,1173332.70145,0
42877,Morera,03/10/2011 10:42,Alto (> 8 mts),135,Grande,-68.8323172725,-32.876535164,4,Cuarta Este Área Fundacional,1822015.85685,1
26325,Platano,20/10/2011 11:52,Alto (> 8 mts),160,Grande,-68.8320885146,-32.8900381454,3,Parque O'Higgins,1531146.02653,0
30061,Fresno europeo,05/04/2011 09:29,Muy bajo (1 - 2 mts),6,Chico,-68.8396896591,-32.8868484719,3,Parque O'Higgins,1531146.02653,0
7573,Morera,16/06/2011 13:17,Medio (4 - 8 mts),110,Grande,-68.8570002449,-32.8828425937,5,Residencial Sur,2423808.92355,1
36041,Morera,18/03/2011 09:45,Alto (> 8 mts),97,Grande,-68.8570473664,-32.8748453497,6,Residencial Norte,2694682.37982,0
28931,Platano,28/02/2011 12:28,Alto (> 8 mts),260,Grande,-68.8475364627,-32.8869448464,1,Parque Central,1655357.93265,0
41358,Fresno americano,25/04/2011 10:13,Alto (> 8 mts),190,Grande,-68.8406122353,-32.8819941021,1,Parque Central,1655357.93265,0
42430,Morera,26/09/2011 10:48,Alto (> 8 mts),152,Grande,-68.8335177471,-32.8761669831,4,Cuarta Este Área Fundacional,1822015.85685,0
35162,Fresno europeo,30/03/2011 10:12,Alto (> 8 mts),80,Grande,-68.8514270985,-32.8817652922,1,Parque Central,1655357.93265,0
42305,Morera,03/05/2011 11:54,Alto (> 8 mts),120,Grande,-68.8422523849,-32.8728508184,4,Cuarta Oeste,1173332.70145,1
46752,Morera,05/09/2011 11:21,Medio (4 - 8 mts),180,Grande,-68.8331673381,-32.8696205799,4,Cuarta Oeste,1173332.70145,0
5841,Paraiso,03/05/2011 11:28,Medio (4 - 8 mts),105,Grande,-68.8434772491,-32.8732346608,1,Parque Central,1655357.93265,0
1866,Perenne,16/11/2011 12:28,Muy bajo (1 - 2 mts),120,Grande,-68.8611574705,-32.870449619,7,Residencial Parque,1786336.08966,0
39736,Paraiso,02/05/2011 12:40,Alto (> 8 mts),130,Grande,-68.8462370222,-32.8805423931,1,Parque Central,1655357.93265,0
36458,Fresno europeo,18/03/2011 12:53,Alto (> 8 mts),76,Grande,-68.8539158923,-32.8787515789,6,Residencial Norte,2694682.37982,0
10997,Morera,23/03/2011 12:28,Medio (4 - 8 mts),30,Mediano,-68.8523847191,-32.8823176255,1,Parque Central,1655357.93265,0
13358,Morera,11/01/2011 11:35,Bajo (2 - 4 mts),30,Mediano,-68.8454221725,-32.8661983954,4,Cuarta Oeste,1173332.70145,0
13959,Liquidambar,29/11/2011 12:00,Medio (4 - 8 mts),70,Grande,-68.8771088252,-32.8650423171,8,Aeroparque,2203364.73622,0
28394,Morera,14/03/2011 10:10,Alto (> 8 mts),126,Grande,-68.849266078,-32.8877901973,5,Residencial Sur,2423808.92355,0
1705,Paraiso,24/11/2011 12:16,Medio (4 - 8 mts),58,Mediano,-68.8721406293,-32.8785564943,7,Residencial Parque,1786336.08966,1
48135,Morera,17/08/2011 10:58,Alto (> 8 mts),115,Grande,-68.8302025595,-32.8671419123,4,Cuarta Este Área Fundacional,1822015.85685,0
7459,Fresno europeo,17/06/2011 09:53,Medio (4 - 8 mts),50,Mediano,-68.8608858884,-32.8994053097,5,Residencial Sur,2423808.92355,0
12804,Morera,21/01/2011 08:25,Alto (> 8 mts),160,Grande,-68.8472009373,-32.864370987,4,Cuarta Oeste,1173332.70145,0
33686,Acacia SP,13/05/2011 10:24,Medio (4 - 8 mts),96,Grande,-68.8553504472,-32.8866627915,5,Residencial Sur,2423808.92355,0
34921,Perenne,06/04/2011 10:55,Alto (> 8 mts),250,Grande,-68.8565387463,-32.8804592361,7,Residencial Parque,1786336.08966,0
37837,Morera,14/12/2010 14:03,Alto (> 8 mts),150,Grande,-68.8531127376,-32.8728525559,6,Residencial Norte,2694682.37982,0
3034,Fresno europeo,15/09/2011 12:41,Muy bajo (1 - 2 mts),5,Chico,-68.8276832379,-32.8726322013,4,Cuarta Este Área Fundacional,1822015.85685,0
24840,Fresno americano,18/02/2011 10:02,Alto (> 8 mts),81,Grande,-68.8395834176,-32.8965831742,2,Barrio Civico,2366816.36021,0
15412,Acacia SP,17/11/2011 12:37,Muy bajo (1 - 2 mts),5,Chico,-68.8593715415,-32.871875827,6,Residencial Norte,2694682.37982,0
42673,Morera,23/09/2011 12:15,Alto (> 8 mts),200,Grande,-68.8307300383,-32.8766737813,4,Cuarta Este Área Fundacional,1822015.85685,0
32786,Fresno europeo,14/07/2011 10:16,Alto (> 8 mts),91,Grande,-68.8511940363,-32.8856163704,5,Residencial Sur,2423808.92355,0
35390,Fresno europeo,21/06/2011 13:06,Bajo (2 - 4 mts),28,Mediano,-68.8556258166,-32.8822190811,5,Residencial Sur,2423808.92355,0
11711,Morera,31/01/2011 11:19,Medio (4 - 8 mts),65,Grande,-68.850298223,-32.8687437965,6,Residencial Norte,2694682.37982,0
38427,Prunas,04/11/2010 09:38,Medio (4 - 8 mts),43,Mediano,-68.8515773601,-32.869079046,6,Residencial Norte,2694682.37982,0
27216,Fresno europeo,26/10/2011 09:17,Medio (4 - 8 mts),63,Grande,-68.8369665666,-32.8898054758,3,Parque O'Higgins,1531146.02653,0
29494,Platano,18/02/2011 10:59,Alto (> 8 mts),172,Grande,-68.844421576,-32.8920651434,2,Barrio Civico,2366816.36021,0
30250,Morera,09/03/2011 13:50,Alto (> 8 mts),122,Grande,-68.842478583,-32.890160814,2,Barrio Civico,2366816.36021,0
12862,Paraiso sombrilla,19/01/2011 09:41,Alto (> 8 mts),200,Grande,-68.8463946617,-32.8643352844,4,Cuarta Oeste,1173332.70145,0
3530,Fresno europeo,05/09/2011 09:36,Muy bajo (1 - 2 mts),8,Chico,-68.8272894365,-32.8686819246,4,Cuarta Este Área Fundacional,1822015.85685,0
41198,Morera,18/04/2011 09:12,Alto (> 8 mts),128,Grande,-68.837807224,-32.8811829663,1,Parque Central,1655357.93265,1
8802,Morera,02/02/2011 10:01,Medio (4 - 8 mts),80,Grande,-68.8547193817,-32.8684905671,6,Residencial Norte,2694682.37982,0
42122,Acer,04/05/2011 10:39,Medio (4 - 8 mts),55,Mediano,-68.841982593,-32.8775594989,1,Parque Central,1655357.93265,0
36831,Platano,07/04/2011 11:34,Alto (> 8 mts),185,Grande,-68.8589606526,-32.8802774302,7,Residencial Parque,1786336.08966,0
6104,Fresno europeo,27/04/2011 12:42,Medio (4 - 8 mts),22,Mediano,-68.839791376,-32.8821765641,1,Parque Central,1655357.93265,0
22031,Acacia SP,16/05/2011 10:16,Alto (> 8 mts),90,Grande,-68.8573273058,-32.8930652706,5,Residencial Sur,2423808.92355,0
22166,Morera,18/05/2011 10:56,Alto (> 8 mts),98,Grande,-68.8540704559,-32.8991281784,5,Residencial Sur,2423808.92355,0
40051,Morera,19/04/2011 11:46,Alto (> 8 mts),190,Grande,-68.8439945751,-32.8792763624,1,Parque Central,1655357.93265,0
17952,Perenne,02/08/2011 13:42,Bajo (2 - 4 mts),5,Chico,-68.8377679808,-32.8674681545,4,Cuarta Oeste,1173332.70145,0
3831,Morera,02/09/2011 11:04,Medio (4 - 8 mts),72,Grande,-68.8291757984,-32.870086211,4,Cuarta Este Área Fundacional,1822015.85685,0
39524,Morera,10/11/2010 11:24,Alto (> 8 mts),180,Grande,-68.8546304678,-32.8702370563,6,Residencial Norte,2694682.37982,0
32618,Platano,21/06/2011 14:10,Alto (> 8 mts),181,Grande,-68.8524925282,-32.8894558707,5,Residencial Sur,2423808.92355,0
45444,Morera,09/09/2011 08:57,Medio (4 - 8 mts),80,Grande,-68.8248072712,-32.8730089881,4,Cuarta Este Área Fundacional,1822015.85685,0
30105,Platano,26/04/2011 10:11,Alto (> 8 mts),175,Grande,-68.8415047108,-32.8879369633,3,Parque O'Higgins,1531146.02653,0
7802,Fresno europeo,11/05/2011 12:53,Medio (4 - 8 mts),120,Grande,-68.8567762153,-32.8859853166,5,Residencial Sur,2423808.92355,0
2690,Fresno europeo,11/10/2011 12:35,Muy bajo (1 - 2 mts),15,Chico,-68.8298129373,-32.8836641691,3,Parque O'Higgins,1531146.02653,0
25336,Morera,09/02/2011 10:17,Alto (> 8 mts),180,Grande,-68.8402716448,-32.9000246348,2,Barrio Civico,2366816.36021,1
31198,Morera,07/02/2011 08:59,Alto (> 8 mts),88,Grande,-68.8535708382,-32.8638659097,6,Residencial Norte,2694682.37982,0
35950,Morera,23/03/2011 10:03,Alto (> 8 mts),140,Grande,-68.854268728,-32.875361519,6,Residencial Norte,2694682.37982,0
28146,Morera,14/03/2011 16:32,Medio (4 - 8 mts),94,Grande,-68.8477775446,-32.892160512,2,Barrio Civico,2366816.36021,1
8285,Fresno americano,21/02/2011 19:25,Alto (> 8 mts),48,Mediano,-68.8499691834,-32.8910186176,5,Residencial Sur,2423808.92355,0
6182,Fresno europeo,08/04/2011 09:32,Bajo (2 - 4 mts),12,Chico,-68.83953207,-32.8856139697,3,Parque O'Higgins,1531146.02653,0
27988,Platano,31/10/2011 09:12,Alto (> 8 mts),210,Grande,-68.8373111621,-32.8936217337,2,Barrio Civico,2366816.36021,0
5738,Morera,04/05/2011 11:19,Medio (4 - 8 mts),42,Mediano,-68.8395266137,-32.878641403,1,Parque Central,1655357.93265,0
34463,Platano,11/03/2011 10:00,Medio (4 - 8 mts),220,Grande,-68.8500978475,-32.8741541814,6,Residencial Norte,2694682.37982,0
38051,Fresno europeo,07/12/2010 11:14,Alto (> 8 mts),120,Grande,-68.8469390417,-32.8711029908,6,Residencial Norte,2694682.37982,0
33098,Platano,28/06/2011 09:13,Alto (> 8 mts),175,Grande,-68.8527336436,-32.8911284321,5,Residencial Sur,2423808.92355,0
40305,Paraiso,11/04/2011 12:44,Bajo (2 - 4 mts),52,Mediano,-68.8456723347,-32.8802805854,1,Parque Central,1655357.93265,1
10546,Perenne,21/03/2011 11:46,Muy bajo (1 - 2 mts),6,Chico,-68.8556583523,-32.8751075632,6,Residencial Norte,2694682.37982,0
48322,Tilo,19/08/2011 10:34,Bajo (2 - 4 mts),49,Mediano,-68.8273852498,-32.8682367497,4,Cuarta Este Área Fundacional,1822015.85685,0
23126,Olmo comun,19/01/2011 17:25,Medio (4 - 8 mts),81,Grande,-68.8473404237,-32.9034191302,2,Barrio Civico,2366816.36021,0
29635,Platano,23/03/2011 18:24,Alto (> 8 mts),268,Grande,-68.8430072577,-32.8939647718,2,Barrio Civico,2366816.36021,0
21354,Morera,09/05/2011 09:05,Medio (4 - 8 mts),20,Chico,-68.8532235676,-32.8931935613,5,Residencial Sur,2423808.92355,0
18882,Morera,27/07/2011 08:44,Alto (> 8 mts),220,Grande,-68.8402476376,-32.8706375556,4,Cuarta Oeste,1173332.70145,1
17357,Morera,04/08/2011 08:04,Alto (> 8 mts),138,Grande,-68.8353960866,-32.8650246399,4,Cuarta Oeste,1173332.70145,1
6274,Fresno americano,13/07/2011 11:27,Medio (4 - 8 mts),105,Grande,-68.8502480228,-32.884739698,1,Parque Central,1655357.93265,0
44058,Morera,14/10/2011 11:57,Alto (> 8 mts),210,Grande,-68.8299265614,-32.8858273043,3,Parque O'Higgins,1531146.02653,0
3323,Fresno europeo,06/10/2011 16:34,Bajo (2 - 4 mts),16,Chico,-68.8354810457,-32.8786124588,1,Parque Central,1655357.93265,0
12823,Morera,20/01/2011 12:16,Alto (> 8 mts),180,Grande,-68.8471246208,-32.863517349,4,Cuarta Oeste,1173332.70145,0
29407,Morera,02/03/2011 10:29,Bajo (2 - 4 mts),11,Chico,-68.8450573836,-32.8912528299,2,Barrio Civico,2366816.36021,0
6721,Fresno americano,13/05/2011 14:33,Bajo (2 - 4 mts),29,Mediano,-68.8551846627,-32.893481425,5,Residencial Sur,2423808.92355,0
23618,Olmo comun,21/01/2011 09:30,Bajo (2 - 4 mts),180,Grande,-68.8476789364,-32.89980034,2,Barrio Civico,2366816.36021,0
26520,Conifera,07/11/2011 08:33,Bajo (2 - 4 mts),36,Mediano,-68.83098105,-32.8923442659,3,Parque O'Higgins,1531146.02653,0
2347,Morera,31/10/2011 09:00,Medio (4 - 8 mts),53,Mediano,-68.8343293771,-32.8889093688,3,Parque O'Higgins,1531146.02653,0
30156,Platano,15/03/2011 12:05,Alto (> 8 mts),210,Grande,-68.8395397937,-32.8907740917,3,Parque O'Higgins,1531146.02653,0
24247,Acer,27/01/2011 09:12,Alto (> 8 mts),190,Grande,-68.8441689959,-32.9013199838,2,Barrio Civico,2366816.36021,0
37265,Fresno europeo,14/03/2011 13:57,Medio (4 - 8 mts),48,Mediano,-68.8583308019,-32.872961638,6,Residencial Norte,2694682.37982,0
33151,Paraiso,09/06/2011 09:19,Alto (> 8 mts),98,Grande,-68.8530356707,-32.8922693072,5,Residencial Sur,2423808.92355,0
47215,Morera,19/09/2011 10:44,Alto (> 8 mts),143,Grande,-68.8321964846,-32.8750045389,4,Cuarta Este Área Fundacional,1822015.85685,0
24271,Morera,21/01/2011 07:12,Alto (> 8 mts),210,Grande,-68.8445363701,-32.9007368124,2,Barrio Civico,2366816.36021,1
12224,Morera,18/01/2011 10:04,Alto (> 8 mts),115,Grande,-68.8452010979,-32.8681767237,4,Cuarta Oeste,1173332.70145,0
43198,Ailanthus,11/11/2011 09:44,Medio (4 - 8 mts),18,Chico,-68.8281881447,-32.8823927275,3,Parque O'Higgins,1531146.02653,0
17113,Morera,16/08/2011 09:01,Alto (> 8 mts),125,Grande,-68.8367374344,-32.8633965629,4,Cuarta Oeste,1173332.70145,0
17464,Paraiso,16/01/2012 10:17,Medio (4 - 8 mts),65,Grande,-68.8362195542,-32.8684076864,4,Cuarta Oeste,1173332.70145,1
39768,Fresno europeo,13/07/2011 13:22,Alto (> 8 mts),50,Mediano,-68.8506330514,-32.8829628323,1,Parque Central,1655357.93265,0
11664,Paraiso,26/01/2011 11:52,Alto (> 8 mts),175,Grande,-68.8495825453,-32.8686965486,6,Residencial Norte,2694682.37982,0
19914,Morera,28/06/2011 13:48,Alto (> 8 mts),105,Grande,-68.8336276892,-32.8631773623,4,Cuarta Oeste,1173332.70145,0
3656,Morera,26/08/2011 08:01,Bajo (2 - 4 mts),36,Mediano,-68.8215594886,-32.8692838806,4,Cuarta Este Área Fundacional,1822015.85685,0
12000,Paraiso,12/05/2010 11:09,Alto (> 8 mts),156,Grande,-68.8524141486,-32.8683955595,6,Residencial Norte,2694682.37982,0
9561,Fresno europeo,16/02/2011 12:51,Medio (4 - 8 mts),60,Mediano,-68.8556580592,-32.8653884052,6,Residencial Norte,2694682.37982,0
10472,Olmo comun,03/03/2011 13:10,Medio (4 - 8 mts),83,Grande,-68.85434956,-32.87333101,6,Residencial Norte,2694682.37982,0
31122,Paraiso sombrilla,08/02/2011 08:45,Medio (4 - 8 mts),140,Grande,-68.8541774254,-32.8643255947,6,Residencial Norte,2694682.37982,0
7953,Morera,23/02/2011 14:46,Alto (> 8 mts),85,Grande,-68.8442493011,-32.8881731409,2,Barrio Civico,2366816.36021,0
7603,Acacia SP,06/06/2011 09:42,Medio (4 - 8 mts),120,Grande,-68.8601126195,-32.8822957716,7,Residencial Parque,1786336.08966,0
5964,Morera,05/05/2011 09:30,Medio (4 - 8 mts),45,Mediano,-68.8480821475,-32.8840837259,1,Parque Central,1655357.93265,0
39507,Paraiso,10/11/2010 10:31,Alto (> 8 mts),200,Grande,-68.8544829786,-32.8692335701,6,Residencial Norte,2694682.37982,0
37624,Morera,13/12/2010 11:29,Alto (> 8 mts),186,Grande,-68.8502719585,-32.872219625,6,Residencial Norte,2694682.37982,0
29684,Platano,02/03/2011 19:07,Alto (> 8 mts),104,Grande,-68.840438309,-32.89420835,2,Barrio Civico,2366816.36021,0
966,Morera,25/01/2012 08:17,Alto (> 8 mts),150,Grande,-68.8497790292,-32.8729285501,6,Residencial Norte,2694682.37982,0
34694,Morera,01/04/2011 14:00,Muy bajo (1 - 2 mts),25,Mediano,-68.8499767635,-32.877146938,6,Residencial Norte,2694682.37982,0
19393,Fresno europeo,05/07/2011 10:08,Alto (> 8 mts),125,Grande,-68.8351484092,-32.8736069806,4,Cuarta Este Área Fundacional,1822015.85685,0
41571,Platano,04/05/2011 11:59,Alto (> 8 mts),65,Grande,-68.8414251567,-32.8784917322,1,Parque Central,1655357.93265,0
6285,Jacaranda,29/06/2011 10:26,Bajo (2 - 4 mts),16,Chico,-68.8602428133,-32.8895984019,5,Residencial Sur,2423808.92355,0
21965,Morera,30/05/2011 12:05,Alto (> 8 mts),115,Grande,-68.8574718419,-32.8950432048,5,Residencial Sur,2423808.92355,1
12720,Ligustro,19/01/2011 11:38,Bajo (2 - 4 mts),80,Grande,-68.8474089142,-32.8628178938,4,Cuarta Oeste,1173332.70145,0
38383,Paraiso,05/11/2010 11:53,Alto (> 8 mts),210,Grande,-68.8529825846,-32.8694252429,6,Residencial Norte,2694682.37982,0
18173,Morera,26/07/2011 09:12,Alto (> 8 mts),145,Grande,-68.8397218605,-32.8695424507,4,Cuarta Oeste,1173332.70145,1
32253,Platano,09/05/2011 10:38,Alto (> 8 mts),220,Grande,-68.8591887282,-32.8847838071,5,Residencial Sur,2423808.92355,0
24158,Fresno americano,24/01/2011 11:31,Medio (4 - 8 mts),110,Grande,-68.8452898994,-32.9019245837,2,Barrio Civico,2366816.36021,1
44255,Morera,13/10/2011 11:12,Alto (> 8 mts),210,Grande,-68.8340919926,-32.884656011,3,Parque O'Higgins,1531146.02653,1
11788,Paraiso,26/01/2011 08:20,Alto (> 8 mts),220,Grande,-68.8487325134,-32.8636817889,6,Residencial Norte,2694682.37982,0
8691,Morera,09/02/2011 13:48,Alto (> 8 mts),110,Grande,-68.8391072103,-32.9004401383,2,Barrio Civico,2366816.36021,0
18296,Morera,04/08/2011 10:44,Alto (> 8 mts),130,Grande,-68.8395951824,-32.869349552,4,Cuarta Oeste,1173332.70145,0
1107,Fresno europeo,13/12/2011 17:18,Bajo (2 - 4 mts),16,Chico,-68.8797052455,-32.8678091198,8,Aeroparque,2203364.73622,0
13197,Acer,22/02/2011 09:34,Bajo (2 - 4 mts),32,Mediano,-68.8474119376,-32.8645588405,4,Cuarta Oeste,1173332.70145,0
24115,Fresno europeo,11/01/2011 08:49,Medio (4 - 8 mts),111,Grande,-68.8469641094,-32.9024005723,2,Barrio Civico,2366816.36021,0
29852,Platano,14/03/2011 09:33,Alto (> 8 mts),132,Grande,-68.8414516682,-32.8924666369,2,Barrio Civico,2366816.36021,0
38652,Morera,16/12/2010 13:38,Alto (> 8 mts),120,Grande,-68.8510634565,-32.8704980415,6,Residencial Norte,2694682.37982,0
4187,Morera,06/07/2011 12:19,Alto (> 8 mts),68,Grande,-68.8371708228,-32.8757534422,1,Parque Central,1655357.93265,1
33710,Morera,11/05/2011 09:43,Alto (> 8 mts),120,Grande,-68.8570586563,-32.8869847662,5,Residencial Sur,2423808.92355,0
35324,Fresno europeo,23/06/2011 10:45,Bajo (2 - 4 mts),60,Mediano,-68.854106482,-32.8824958879,5,Residencial Sur,2423808.92355,0
10573,Olmo bola,28/03/2011 10:06,Bajo (2 - 4 mts),6,Chico,-68.8536681221,-32.8764497455,6,Residencial Norte,2694682.37982,0
40312,Ailanthus,11/04/2011 12:08,Medio (4 - 8 mts),36,Mediano,-68.8461017781,-32.8807422403,1,Parque Central,1655357.93265,0
33904,Fresno americano,14/07/2011 08:40,Medio (4 - 8 mts),44,Mediano,-68.8540827621,-32.8856236514,5,Residencial Sur,2423808.92355,0
21804,Morera,13/05/2011 10:24,Alto (> 8 mts),180,Grande,-68.8571004566,-32.8939663421,5,Residencial Sur,2423808.92355,0
28429,Platano,28/02/2011 10:24,Alto (> 8 mts),290,Grande,-68.8460114766,-32.8899392602,2,Barrio Civico,2366816.36021,0
5953,Morera,02/05/2011 11:09,Alto (> 8 mts),160,Grande,-68.844766347,-32.8752205626,1,Parque Central,1655357.93265,0
12237,Morera,18/01/2011 11:55,Alto (> 8 mts),160,Grande,-68.8456812986,-32.8672194367,4,Cuarta Oeste,1173332.70145,0
29729,Platano,15/03/2011 10:13,Alto (> 8 mts),168,Grande,-68.8402851039,-32.8935972219,2,Barrio Civico,2366816.36021,0
21834,Fresno americano,13/05/2011 11:46,Medio (4 - 8 mts),33,Mediano,-68.8551346644,-32.8935675165,5,Residencial Sur,2423808.92355,0
22866,Platano,10/05/2011 10:14,Alto (> 8 mts),168,Grande,-68.8562409348,-32.9016065871,5,Residencial Sur,2423808.92355,0
28404,Morera,14/03/2011 09:39,Alto (> 8 mts),180,Grande,-68.849495315,-32.8886117902,5,Residencial Sur,2423808.92355,0
34726,Morera,31/03/2011 12:54,Medio (4 - 8 mts),88,Grande,-68.8510496261,-32.8778062355,6,Residencial Norte,2694682.37982,1
35805,Morera,04/03/2011 09:23,Alto (> 8 mts),156,Grande,-68.8536582273,-32.8742130401,6,Residencial Norte,2694682.37982,0
46075,Morera,21/09/2011 07:41,Alto (> 8 mts),180,Grande,-68.822977325,-32.8744029547,4,Cuarta Este Área Fundacional,1822015.85685,0
41962,Morera,19/04/2011 10:26,Alto (> 8 mts),84,Grande,-68.8390473915,-32.8792737009,1,Parque Central,1655357.93265,1
29602,Fresno europeo,03/03/2011 13:21,Bajo (2 - 4 mts),15,Chico,-68.8442147923,-32.8909795021,2,Barrio Civico,2366816.36021,0
17192,Morera,04/07/2011 09:54,Alto (> 8 mts),150,Grande,-68.8361569774,-32.8626940146,4,Cuarta Oeste,1173332.70145,0
2263,Fresno europeo,27/10/2011 10:13,Medio (4 - 8 mts),60,Mediano,-68.8374756795,-32.8928939548,3,Parque O'Higgins,1531146.02653,0
32349,Morera,09/05/2011 11:29,Alto (> 8 mts),100,Grande,-68.8516415039,-32.8928551426,5,Residencial Sur,2423808.92355,0
45038,Morera,29/08/2011 09:07,Alto (> 8 mts),200,Grande,-68.824638791500007,-32.870118643,4,Cuarta Este Área Fundacional,1822015.85685,0
41046,Platano,12/04/2011 10:47,Alto (> 8 mts),193,Grande,-68.8394569425,-32.8802460719,1,Parque Central,1655357.93265,0
19139,Morera,20/07/2011 10:37,Alto (> 8 mts),190,Grande,-68.8403549608,-32.8720427125,4,Cuarta Oeste,1173332.70145,0
33234,Platano,09/05/2011 11:48,Alto (> 8 mts),180,Grande,-68.8560620704,-32.8920269658,5,Residencial Sur,2423808.92355,0
8872,Fresno europeo,05/04/2010 11:19,Bajo (2 - 4 mts),22,Mediano,-68.8530713589,-32.8683040789,6,Residencial Norte,2694682.37982,0
40380,Platano,11/04/2011 09:13,Alto (> 8 mts),140,Grande,-68.8438717073,-32.881824303,1,Parque Central,1655357.93265,0
10885,Fresno americano,07/04/2011 17:12,Medio (4 - 8 mts),22,Mediano,-68.8570521173,-32.8781569325,7,Residencial Parque,1786336.08966,1
18884,Caducifolio,27/07/2011 08:39,Medio (4 - 8 mts),43,Mediano,-68.8400816884,-32.8706405085,4,Cuarta Oeste,1173332.70145,0
26154,Morera,14/11/2011 18:26,Medio (4 - 8 mts),170,Grande,-68.8296000441,-32.8876888533,3,Parque O'Higgins,1531146.02653,0
29756,Platano,15/03/2011 10:15,Alto (> 8 mts),170,Grande,-68.840302614,-32.893662505,2,Barrio Civico,2366816.36021,0
40870,Platano,26/04/2011 15:52,Muy bajo (1 - 2 mts),7,Chico,-68.8380414711,-32.8849821442,3,Parque O'Higgins,1531146.02653,0
37607,Paraiso,13/12/2010 09:44,Medio (4 - 8 mts),30,Mediano,-68.8499588732,-32.8716548794,6,Residencial Norte,2694682.37982,0
43739,Acer,17/10/2011 16:43,Medio (4 - 8 mts),50,Mediano,-68.8324882337,-32.8815459184,3,Parque O'Higgins,1531146.02653,0
9780,Morera,17/01/2011 09:56,Medio (4 - 8 mts),220,Grande,-68.8458776485,-32.8628652368,4,Cuarta Oeste,1173332.70145,0
20302,Fresno europeo,16/05/2011 09:56,Alto (> 8 mts),115,Grande,-68.8604465775,-32.8925371533,5,Residencial Sur,2423808.92355,0
14099,Prunas,02/12/2011 08:46,Medio (4 - 8 mts),40,Mediano,-68.8768774387,-32.8688038816,8,Aeroparque,2203364.73622,0
8870,Morera,05/05/2010 12:19,Medio (4 - 8 mts),131,Grande,-68.8531629154,-32.8683951152,6,Residencial Norte,2694682.37982,0
46817,Platano,07/09/2011 10:20,Medio (4 - 8 mts),172,Grande,-68.8333501542,-32.8725343775,4,Cuarta Este Área Fundacional,1822015.85685,0
19089,Fresno europeo,27/07/2011 09:47,Alto (> 8 mts),133,Grande,-68.8427979611,-32.8706768543,4,Cuarta Oeste,1173332.70145,0
37508,Paraiso,15/11/2010 10:26,Alto (> 8 mts),110,Grande,-68.8563043464,-32.8695167473,6,Residencial Norte,2694682.37982,1
44587,Caducifolio,19/10/2011 13:25,Muy bajo (1 - 2 mts),3,Chico,-68.8353434819,-32.8851718169,3,Parque O'Higgins,1531146.02653,0
33621,Morera,16/05/2011 13:42,Alto (> 8 mts),175,Grande,-68.8542433557,-32.8877952036,5,Residencial Sur,2423808.92355,0
47206,Morera,19/09/2011 11:03,Alto (> 8 mts),169,Grande,-68.832152359,-32.8741436816,4,Cuarta Este Área Fundacional,1822015.85685,0
14767,Paraiso,06/12/2011 17:03,Bajo (2 - 4 mts),28,Mediano,-68.8792864875,-32.8692299053,8,Aeroparque,2203364.73622,0
48094,Morera,29/09/2011 09:58,Medio (4 - 8 mts),58,Mediano,-68.8264566176,-32.8677572964,4,Cuarta Este Área Fundacional,1822015.85685,0
25460,Morera,08/02/2011 13:24,Alto (> 8 mts),180,Grande,-68.8407414994,-32.9008670519,2,Barrio Civico,2366816.36021,1
25003,Morera,15/02/2011 12:18,Alto (> 8 mts),170,Grande,-68.8359050187,-32.8959411765,2,Barrio Civico,2366816.36021,1
5409,Alamo blanco,19/04/2011 09:02,Bajo (2 - 4 mts),18,Chico,-68.8435310017,-32.8784826009,1,Parque Central,1655357.93265,0
25305,Morera,09/02/2011 13:48,Alto (> 8 mts),110,Grande,-68.8401454238,-32.9000785749,2,Barrio Civico,2366816.36021,0
41961,Morera,19/04/2011 10:27,Medio (4 - 8 mts),66,Grande,-68.8390290332,-32.8792026239,1,Parque Central,1655357.93265,1
10121,Fresno europeo,30/12/2010 10:28,Bajo (2 - 4 mts),30,Mediano,-68.8565280722,-32.8714677355,6,Residencial Norte,2694682.37982,0
25711,Morera,04/02/2011 09:04,Alto (> 8 mts),170,Grande,-68.8414759516,-32.9023940393,2,Barrio Civico,2366816.36021,0
46914,Morera,08/09/2011 09:03,Alto (> 8 mts),150,Grande,-68.8320306306,-32.871293054,4,Cuarta Este Área Fundacional,1822015.85685,0
15009,Aguaribay,19/12/2011 18:02,Bajo (2 - 4 mts),52,Mediano,-68.880580373,-32.8717229793,8,Aeroparque,2203364.73622,0
30483,Platano,17/02/2011 09:52,Alto (> 8 mts),160,Grande,-68.8396878286,-32.8884003713,3,Parque O'Higgins,1531146.02653,0
10982,Morera,23/03/2011 12:34,Alto (> 8 mts),57,Mediano,-68.8553357687,-32.8810817139,6,Residencial Norte,2694682.37982,0
46723,Morera,08/09/2011 10:32,Alto (> 8 mts),150,Grande,-68.8328125588,-32.8704974547,4,Cuarta Este Área Fundacional,1822015.85685,0
3732,Fresno europeo,24/08/2011 10:11,Medio (4 - 8 mts),35,Mediano,-68.8205547348,-32.8695999406,4,Cuarta Este Área Fundacional,1822015.85685,0
246,Platano,06/03/2012 09:15,Alto (> 8 mts),168,Grande,-68.8390639607,-32.8706005035,4,Cuarta Oeste,1173332.70145,0
23363,Morera,28/01/2011 13:23,Medio (4 - 8 mts),52,Mediano,-68.8509099724,-32.9024032657,2,Barrio Civico,2366816.36021,0
26828,Morera,09/11/2011 11:59,Alto (> 8 mts),125,Grande,-68.8331782154,-32.8940661934,3,Parque O'Higgins,1531146.02653,0
14096,Prunas,02/12/2011 08:50,Medio (4 - 8 mts),30,Mediano,-68.8767608446,-32.8688224653,8,Aeroparque,2203364.73622,0
2554,Ailanthus,18/10/2011 12:16,Alto (> 8 mts),40,Mediano,-68.8321658879,-32.8860724482,3,Parque O'Higgins,1531146.02653,0
2379,Fresno europeo,28/10/2011 16:09,Bajo (2 - 4 mts),28,Mediano,-68.8368401355,-32.8862284073,3,Parque O'Higgins,1531146.02653,0
5742,Morera,04/05/2011 11:15,Medio (4 - 8 mts),66,Grande,-68.8392509762,-32.8785280858,1,Parque Central,1655357.93265,0
8609,Morera,31/01/2011 10:18,Medio (4 - 8 mts),25,Mediano,-68.8384798603,-32.9037636826,2,Barrio Civico,2366816.36021,0
32176,Fresno europeo,11/05/2011 09:35,Medio (4 - 8 mts),70,Grande,-68.8579610809,-32.8858999765,5,Residencial Sur,2423808.92355,0
37480,Paraiso,15/11/2010 11:26,Medio (4 - 8 mts),80,Grande,-68.856632763,-32.8705311239,6,Residencial Norte,2694682.37982,0
10308,Acer,01/12/2010 12:02,Medio (4 - 8 mts),45,Mediano,-68.8458671021,-32.8712966714,6,Residencial Norte,2694682.37982,0
26693,Morera,10/11/2011 09:16,Alto (> 8 mts),140,Grande,-68.8318674626,-32.8934265882,3,Parque O'Higgins,1531146.02653,0
16613,Paraiso,26/07/2011 09:36,Alto (> 8 mts),90,Grande,-68.8405218252,-32.8659154603,4,Cuarta Oeste,1173332.70145,0
8876,Morera,19/02/2010 12:11,Medio (4 - 8 mts),63,Grande,-68.8526645717,-32.8682846739,6,Residencial Norte,2694682.37982,0
21842,Olmo comun,07/06/2011 10:14,Alto (> 8 mts),138,Grande,-68.8569328226,-32.8963909779,5,Residencial Sur,2423808.92355,0
22625,Morera,22/06/2011 10:30,Alto (> 8 mts),120,Grande,-68.8611735881,-32.9005483398,5,Residencial Sur,2423808.92355,0
25476,Morera,08/02/2011 10:07,Alto (> 8 mts),140,Grande,-68.8402701957,-32.899641054,2,Barrio Civico,2366816.36021,1
38297,Morera,01/12/2010 12:32,Alto (> 8 mts),210,Grande,-68.8467633605,-32.8713628243,6,Residencial Norte,2694682.37982,1
44782,Fresno europeo,23/08/2011 11:43,Bajo (2 - 4 mts),25,Mediano,-68.8240454269,-32.8694328766,4,Cuarta Este Área Fundacional,1822015.85685,0
4003,Fresno europeo,27/09/2011 09:45,Muy bajo (1 - 2 mts),18,Chico,-68.8214980901,-32.8739649965,4,Cuarta Este Área Fundacional,1822015.85685,0
13713,Fresno europeo,31/01/2011 11:39,Medio (4 - 8 mts),120,Grande,-68.8512717306,-32.8634129721,6,Residencial Norte,2694682.37982,0
19814,Morera,04/08/2011 11:05,Alto (> 8 mts),138,Grande,-68.8343222999,-32.8637214535,4,Cuarta Oeste,1173332.70145,0
8940,Fresno europeo,20/01/2011 12:51,Muy bajo (1 - 2 mts),10,Chico,-68.8478911343,-32.8676916899,6,Residencial Norte,2694682.37982,0
45550,Morera,08/09/2011 09:35,Alto (> 8 mts),153,Grande,-68.8205917735,-32.8704410308,4,Cuarta Este Área Fundacional,1822015.85685,0
24029,Paraiso,20/01/2011 09:06,Alto (> 8 mts),140,Grande,-68.8433151798,-32.9001234616,2,Barrio Civico,2366816.36021,1
1517,Fresno americano,24/11/2011 10:25,Bajo (2 - 4 mts),26,Mediano,-68.8733535525,-32.8778041423,7,Residencial Parque,1786336.08966,0
38739,Paraiso,01/11/2010 12:13,Medio (4 - 8 mts),60,Mediano,-68.8501937119,-32.8702685353,6,Residencial Norte,2694682.37982,0
2427,Morera,25/10/2011 09:04,Medio (4 - 8 mts),100,Grande,-68.8355895633,-32.8908460598,3,Parque O'Higgins,1531146.02653,1
6201,Platano,31/03/2011 16:02,Alto (> 8 mts),142,Grande,-68.8411955286,-32.888001629,3,Parque O'Higgins,1531146.02653,0
39323,Morera,30/12/2010 10:02,Medio (4 - 8 mts),90,Grande,-68.8560154272,-32.871302672,6,Residencial Norte,2694682.37982,0
16046,Morera,15/08/2011 13:26,Alto (> 8 mts),170,Grande,-68.8452322997,-32.8709325445,6,Residencial Norte,2694682.37982,0
1685,Paraiso,25/11/2011 11:07,Muy bajo (1 - 2 mts),14,Chico,-68.8721348999,-32.8772276732,7,Residencial Parque,1786336.08966,0
36339,Morera,18/03/2011 10:03,Alto (> 8 mts),180,Grande,-68.8521423326,-32.8789511902,6,Residencial Norte,2694682.37982,0
34730,Fresno europeo,31/03/2011 12:45,Bajo (2 - 4 mts),8,Chico,-68.8510281137,-32.8780628589,6,Residencial Norte,2694682.37982,0
2249,Acacia SP,28/10/2011 10:06,Alto (> 8 mts),180,Grande,-68.8381162007,-32.8909506332,3,Parque O'Higgins,1531146.02653,1
17797,Paraiso,22/07/2011 13:24,Medio (4 - 8 mts),74,Grande,-68.8430263675,-32.8686972906,4,Cuarta Oeste,1173332.70145,0
19719,Paraiso,11/07/2011 10:49,Alto (> 8 mts),210,Grande,-68.8353740378,-32.8705092376,4,Cuarta Oeste,1173332.70145,0
10256,Morera,20/12/2010 12:17,Alto (> 8 mts),160,Grande,-68.8481551541,-32.8708751801,6,Residencial Norte,2694682.37982,0
23468,Fresno americano,24/01/2011 15:36,Bajo (2 - 4 mts),120,Grande,-68.8492624269,-32.9019485518,2,Barrio Civico,2366816.36021,0
45987,Morera,24/08/2011 11:26,Alto (> 8 mts),184,Grande,-68.8189299126,-32.8690381252,4,Cuarta Este Área Fundacional,1822015.85685,0
1194,Acacia SP,29/11/2011 09:38,Medio (4 - 8 mts),45,Mediano,-68.876351541,-32.865734928,8,Aeroparque,2203364.73622,0
37266,Fresno europeo,14/03/2011 13:52,Medio (4 - 8 mts),55,Mediano,-68.8582032129,-32.8729762298,6,Residencial Norte,2694682.37982,0
20647,Fresno europeo,03/06/2011 14:17,Medio (4 - 8 mts),78,Grande,-68.8601204677,-32.8968415525,5,Residencial Sur,2423808.92355,1
10364,Paraiso,27/08/2010 09:48,Alto (> 8 mts),163,Grande,-68.8487063081,-32.8738617666,6,Residencial Norte,2694682.37982,0
19873,Morera,29/06/2011 10:56,Alto (> 8 mts),167,Grande,-68.8344161199,-32.8624095823,4,Cuarta Oeste,1173332.70145,0
39592,Platano,25/10/2010 09:47,Alto (> 8 mts),87,Grande,-68.8476049324,-32.8689689573,6,Residencial Norte,2694682.37982,0
24461,Paraiso,20/01/2011 09:11,Alto (> 8 mts),90,Grande,-68.8464668522,-32.9026573049,2,Barrio Civico,2366816.36021,0
2506,Platano,20/10/2011 12:52,Medio (4 - 8 mts),188,Grande,-68.8355805676,-32.8877544545,3,Parque O'Higgins,1531146.02653,0
28740,Platano,11/03/2011 13:23,Alto (> 8 mts),226,Grande,-68.8482217343,-32.8868340847,1,Parque Central,1655357.93265,0
41324,Platano,19/04/2011 11:49,Alto (> 8 mts),180,Grande,-68.840901336,-32.8834430654,1,Parque Central,1655357.93265,0
16790,Acer,11/08/2011 11:47,Medio (4 - 8 mts),54,Mediano,-68.8401406268,-32.8634025807,4,Cuarta Oeste,1173332.70145,0
10762,Paraiso,04/04/2011 10:22,Medio (4 - 8 mts),108,Grande,-68.8541898814,-32.8767180154,6,Residencial Norte,2694682.37982,0
46460,Morera,16/08/2011 13:37,Alto (> 8 mts),125,Grande,-68.83191139,-32.8682326338,4,Cuarta Oeste,1173332.70145,0
17515,Morera,28/07/2011 10:40,Alto (> 8 mts),145,Grande,-68.8395866189,-32.8666877385,4,Cuarta Oeste,1173332.70145,1
40752,Morera,15/04/2011 11:36,Alto (> 8 mts),180,Grande,-68.8421134413,-32.8854534384,1,Parque Central,1655357.93265,0
15363,Paraiso,16/11/2011 12:25,Medio (4 - 8 mts),100,Grande,-68.860805834,-32.870718706,7,Residencial Parque,1786336.08966,0
44153,Fresno europeo,06/10/2011 16:05,Medio (4 - 8 mts),136,Grande,-68.8353317202,-32.8775880977,1,Parque Central,1655357.93265,0
39718,Morera,30/08/2010 10:50,Bajo (2 - 4 mts),30,Mediano,-68.8456045799,-32.8691976034,6,Residencial Norte,2694682.37982,0
7572,Morera,16/06/2011 13:19,Medio (4 - 8 mts),100,Grande,-68.856987357,-32.8828007043,5,Residencial Sur,2423808.92355,0
29273,Morera,23/02/2011 14:30,Alto (> 8 mts),250,Grande,-68.8441509458,-32.8878129926,1,Parque Central,1655357.93265,0
16149,Morera,21/07/2011 09:17,Alto (> 8 mts),142,Grande,-68.8454282726,-32.8733899033,6,Residencial Norte,2694682.37982,0
40192,Morera,14/04/2011 12:15,Alto (> 8 mts),200,Grande,-68.8456316661,-32.883436449,1,Parque Central,1655357.93265,0
43464,Acacia SP,03/10/2011 09:49,Alto (> 8 mts),190,Grande,-68.8322624862,-32.8793554962,4,Cuarta Este Área Fundacional,1822015.85685,0
32971,Morera,19/05/2011 13:29,Alto (> 8 mts),160,Grande,-68.8505100739,-32.8875043455,5,Residencial Sur,2423808.92355,0
31989,Platano,06/06/2011 11:25,Alto (> 8 mts),260,Grande,-68.8587907448,-32.8881497724,5,Residencial Sur,2423808.92355,0
43164,Morera,04/10/2011 11:52,Alto (> 8 mts),150,Grande,-68.830878658,-32.8795650617,4,Cuarta Este Área Fundacional,1822015.85685,1
2547,Platano,14/10/2011 11:29,Alto (> 8 mts),190,Grande,-68.832970202,-32.8849192952,3,Parque O'Higgins,1531146.02653,1
36482,Perenne,18/03/2011 10:08,Alto (> 8 mts),195,Grande,-68.8543261456,-32.8796512124,6,Residencial Norte,2694682.37982,0
34909,Paraiso,28/03/2011 12:26,Medio (4 - 8 mts),57,Mediano,-68.851766758,-32.880475626,1,Parque Central,1655357.93265,0
25851,Caducifolio,03/02/2011 17:34,Muy bajo (1 - 2 mts),8,Chico,-68.8403220311,-32.9019177511,2,Barrio Civico,2366816.36021,0
13199,Morera,22/02/2011 09:16,Medio (4 - 8 mts),104,Grande,-68.8475012321,-32.8645638149,4,Cuarta Oeste,1173332.70145,0
20369,Fresno europeo,24/05/2011 13:15,Alto (> 8 mts),86,Grande,-68.8607474178,-32.894528111,5,Residencial Sur,2423808.92355,0
10328,Morera,01/12/2010 08:59,Alto (> 8 mts),90,Grande,-68.8566381293,-32.8720434385,6,Residencial Norte,2694682.37982,0
7893,Morera,15/06/2011 10:09,Alto (> 8 mts),120,Grande,-68.857156536,-32.8895575703,5,Residencial Sur,2423808.92355,0
40353,Paraiso sombrilla,08/04/2011 09:54,Bajo (2 - 4 mts),70,Grande,-68.844399247,-32.8814819565,1,Parque Central,1655357.93265,0
34039,Morera,30/05/2011 13:10,Medio (4 - 8 mts),100,Grande,-68.8550112939,-32.8851236609,5,Residencial Sur,2423808.92355,0
5430,Morera,18/04/2011 12:36,Medio (4 - 8 mts),90,Grande,-68.8428351798,-32.8794253134,1,Parque Central,1655357.93265,0
26725,Ailanthus,02/11/2011 08:17,Muy bajo (1 - 2 mts),8,Chico,-68.8328113634,-32.8948683047,3,Parque O'Higgins,1531146.02653,0
17015,Morera,09/08/2011 12:02,Alto (> 8 mts),156,Grande,-68.8391069327,-32.8637391641,4,Cuarta Oeste,1173332.70145,0
44846,Fresno europeo,19/08/2011 13:53,Alto (> 8 mts),115,Grande,-68.8241589706,-32.8669055033,4,Cuarta Este Área Fundacional,1822015.85685,0
46137,Morera,27/09/2011 11:19,Alto (> 8 mts),168,Grande,-68.8237603462,-32.874182655,4,Cuarta Este Área Fundacional,1822015.85685,0
41270,Platano,11/04/2011 09:37,Alto (> 8 mts),160,Grande,-68.8409276504,-32.8814977098,1,Parque Central,1655357.93265,0
16559,Morera,27/07/2011 09:47,Muy bajo (1 - 2 mts),10,Chico,-68.8409450471,-32.8657285367,4,Cuarta Oeste,1173332.70145,0
35714,Morera,04/03/2011 12:48,Alto (> 8 mts),150,Grande,-68.8549201424,-32.8730502426,6,Residencial Norte,2694682.37982,0
7566,Fresno europeo,16/06/2011 12:50,Muy bajo (1 - 2 mts),16,Chico,-68.8570901082,-32.8831741298,5,Residencial Sur,2423808.92355,0
36574,Morera,09/06/2011 09:54,Alto (> 8 mts),160,Grande,-68.858012043,-32.88296941,7,Residencial Parque,1786336.08966,0
14276,Prunas,07/12/2011 10:04,Medio (4 - 8 mts),70,Grande,-68.8780305545,-32.8685160098,8,Aeroparque,2203364.73622,0
43602,Fresno europeo,13/10/2011 11:53,Medio (4 - 8 mts),140,Grande,-68.8330612747,-32.8825425155,3,Parque O'Higgins,1531146.02653,0
30081,Morera,26/04/2011 11:07,Alto (> 8 mts),87,Grande,-68.8423325235,-32.8868698718,1,Parque Central,1655357.93265,1
16074,Paraiso,21/07/2011 10:43,Medio (4 - 8 mts),113,Grande,-68.845130865,-32.8724272476,6,Residencial Norte,2694682.37982,0
5305,Acer,28/04/2011 13:06,Bajo (2 - 4 mts),90,Grande,-68.8430948557,-32.8764936557,1,Parque Central,1655357.93265,0
35397,Morera,21/06/2011 12:51,Medio (4 - 8 mts),130,Grande,-68.8557178302,-32.8825601074,5,Residencial Sur,2423808.92355,0
15857,Morera,30/11/2011 10:09,Medio (4 - 8 mts),100,Grande,-68.8728036569,-32.8765911171,7,Residencial Parque,1786336.08966,0
33054,Fresno europeo,17/05/2011 12:04,Medio (4 - 8 mts),60,Mediano,-68.8536370588,-32.8876156512,5,Residencial Sur,2423808.92355,0
14340,Morera,01/12/2011 12:54,Medio (4 - 8 mts),100,Grande,-68.8777075667,-32.8668568763,8,Aeroparque,2203364.73622,0
21837,Morera,07/06/2011 10:24,Alto (> 8 mts),95,Grande,-68.8568326287,-32.8967523511,5,Residencial Sur,2423808.92355,1
17303,Morera,04/08/2011 10:09,Alto (> 8 mts),180,Grande,-68.8356590996,-32.8655755029,4,Cuarta Oeste,1173332.70145,0
37852,Fresno europeo,24/11/2010 10:25,Medio (4 - 8 mts),80,Grande,-68.8524118457,-32.8727524544,6,Residencial Norte,2694682.37982,0
24839,Fresno americano,18/02/2011 10:04,Alto (> 8 mts),74,Grande,-68.8396538534,-32.8965823629,2,Barrio Civico,2366816.36021,0
21576,Fresno europeo,07/06/2011 13:07,Alto (> 8 mts),170,Grande,-68.8551700086,-32.8959518089,5,Residencial Sur,2423808.92355,0
7350,Fresno europeo,23/06/2011 10:13,Alto (> 8 mts),110,Grande,-68.8624985203,-32.901198185,5,Residencial Sur,2423808.92355,0
12842,Prunas,18/01/2011 12:51,Muy bajo (1 - 2 mts),6,Chico,-68.8469475641,-32.8635917929,4,Cuarta Oeste,1173332.70145,0
35808,Fresno europeo,04/03/2011 09:18,Muy bajo (1 - 2 mts),3,Chico,-68.8536092978,-32.8740121756,6,Residencial Norte,2694682.37982,0
25835,Morera,03/02/2011 18:44,Medio (4 - 8 mts),70,Grande,-68.8394910625,-32.9019812941,2,Barrio Civico,2366816.36021,0
38613,Morera,20/12/2010 10:02,Alto (> 8 mts),140,Grande,-68.8524851569,-32.87126195,6,Residencial Norte,2694682.37982,0
5923,Morera,02/05/2011 11:42,Alto (> 8 mts),160,Grande,-68.8451669746,-32.8767639921,1,Parque Central,1655357.93265,0
42644,Paraiso,26/09/2011 08:46,Alto (> 8 mts),120,Grande,-68.8292802927,-32.8757026702,4,Cuarta Este Área Fundacional,1822015.85685,0
6075,Morera,11/04/2011 12:04,Medio (4 - 8 mts),65,Grande,-68.8455217132,-32.8835618495,1,Parque Central,1655357.93265,0
39823,Morera,29/04/2011 10:13,Alto (> 8 mts),180,Grande,-68.8469419543,-32.8831498892,1,Parque Central,1655357.93265,0
41600,Platano,06/05/2011 10:56,Alto (> 8 mts),190,Grande,-68.836088782,-32.8775200332,1,Parque Central,1655357.93265,0
23282,Paraiso sombrilla,24/01/2012 08:45,Bajo (2 - 4 mts),120,Grande,-68.8527295684,-32.9015850114,2,Barrio Civico,2366816.36021,0
45946,Paraiso sombrilla,29/08/2011 09:49,Medio (4 - 8 mts),170,Grande,-68.8186422928,-32.8696611399,4,Cuarta Este Área Fundacional,1822015.85685,1
33123,Fresno europeo,27/06/2011 11:05,Alto (> 8 mts),128,Grande,-68.8541193529,-32.8904301516,5,Residencial Sur,2423808.92355,0
21347,Fresno europeo,09/05/2011 09:22,Alto (> 8 mts),122,Grande,-68.8532820037,-32.8936207222,5,Residencial Sur,2423808.92355,0
25821,Morera,01/02/2011 13:13,Alto (> 8 mts),180,Grande,-68.8405087316,-32.9028011114,2,Barrio Civico,2366816.36021,0
17662,Morera,15/07/2011 08:36,Alto (> 8 mts),168,Grande,-68.8411581002,-32.8665039044,4,Cuarta Oeste,1173332.70145,0
17129,Morera,15/08/2011 13:46,Alto (> 8 mts),99,Grande,-68.8364020987,-32.8624855028,4,Cuarta Oeste,1173332.70145,0
27063,Fresno americano,27/10/2011 10:44,Alto (> 8 mts),120,Grande,-68.8369590032,-32.8878663783,3,Parque O'Higgins,1531146.02653,0
42495,Morera,30/09/2011 09:10,Alto (> 8 mts),180,Grande,-68.8309780541,-32.8753983424,4,Cuarta Este Área Fundacional,1822015.85685,1
21676,Morera,10/06/2011 08:44,Alto (> 8 mts),108,Grande,-68.8555449259,-32.8950941709,5,Residencial Sur,2423808.92355,1
30705,Morera,03/02/2011 13:01,Alto (> 8 mts),180,Grande,-68.8555027559,-32.8680883681,6,Residencial Norte,2694682.37982,0
13672,Morera,28/02/2011 11:24,Alto (> 8 mts),120,Grande,-68.8525722032,-32.8649762442,6,Residencial Norte,2694682.37982,0
35556,Morera,16/06/2011 09:39,Medio (4 - 8 mts),130,Grande,-68.8565520963,-32.8835931067,5,Residencial Sur,2423808.92355,1
1605,Paraiso sombrilla,24/11/2011 10:19,Bajo (2 - 4 mts),50,Mediano,-68.8716663914,-32.8793389969,7,Residencial Parque,1786336.08966,0
16602,Morera,26/07/2011 10:29,Bajo (2 - 4 mts),21,Mediano,-68.8407303946,-32.865431606,4,Cuarta Oeste,1173332.70145,0
30477,Caducifolio,17/02/2011 12:15,Alto (> 8 mts),150,Grande,-68.839843164,-32.8883714456,3,Parque O'Higgins,1531146.02653,0
6476,Morera,30/05/2011 10:50,Alto (> 8 mts),145,Grande,-68.8547439179,-32.8879161439,5,Residencial Sur,2423808.92355,1
44853,Morera,19/08/2011 13:37,Alto (> 8 mts),145,Grande,-68.8243670743,-32.8665416012,4,Cuarta Este Área Fundacional,1822015.85685,0
32436,Fresno europeo,26/05/2011 13:09,Alto (> 8 mts),110,Grande,-68.8525386821,-32.8893067898,5,Residencial Sur,2423808.92355,0
27733,Morera,31/10/2011 09:44,Medio (4 - 8 mts),120,Grande,-68.8358322861,-32.8952752727,2,Barrio Civico,2366816.36021,0
17078,Morera,16/08/2011 09:02,Muy bajo (1 - 2 mts),4,Chico,-68.8368412119,-32.8634941715,4,Cuarta Oeste,1173332.70145,0
12036,Fresno europeo,03/05/2010 12:57,Medio (4 - 8 mts),113,Grande,-68.8536402639,-32.8666589722,6,Residencial Norte,2694682.37982,0
4993,Fresno europeo,29/06/2011 10:38,Alto (> 8 mts),135,Grande,-68.8348015287,-32.8625332119,4,Cuarta Oeste,1173332.70145,0
13971,Fresno europeo,29/11/2011 12:19,Bajo (2 - 4 mts),20,Chico,-68.8780264052,-32.8649744157,8,Aeroparque,2203364.73622,0
43024,Morera,05/10/2011 08:45,Medio (4 - 8 mts),126,Grande,-68.8323306496,-32.87788682,4,Cuarta Este Área Fundacional,1822015.85685,1
37029,Morera,05/04/2011 10:38,Medio (4 - 8 mts),150,Grande,-68.8576908245,-32.8764634516,6,Residencial Norte,2694682.37982,0
38969,Morera,28/12/2010 12:04,Medio (4 - 8 mts),80,Grande,-68.8557073265,-32.8707305048,6,Residencial Norte,2694682.37982,0
10630,Morera,17/03/2011 09:27,Medio (4 - 8 mts),82,Grande,-68.8570155916,-32.8739503875,6,Residencial Norte,2694682.37982,0
38331,Morera,10/11/2010 09:39,Alto (> 8 mts),190,Grande,-68.8532458396,-32.8690384193,6,Residencial Norte,2694682.37982,0
25387,Fresno europeo,10/02/2011 08:19,Bajo (2 - 4 mts),44,Mediano,-68.8384653818,-32.8995128496,2,Barrio Civico,2366816.36021,0
44244,Morera,13/10/2011 11:26,Alto (> 8 mts),220,Grande,-68.834025124,-32.8837801087,3,Parque O'Higgins,1531146.02653,1
8498,Morera,15/02/2011 08:15,Alto (> 8 mts),84,Grande,-68.8366777452,-32.8966264134,2,Barrio Civico,2366816.36021,0
12289,Paraiso,13/01/2011 10:51,Alto (> 8 mts),140,Grande,-68.8461668617,-32.8672240464,4,Cuarta Oeste,1173332.70145,0
21074,Alamo criollo,23/06/2011 10:29,Alto (> 8 mts),150,Grande,-68.8632095224,-32.9003069939,5,Residencial Sur,2423808.92355,0
28534,Morera,21/02/2011 10:19,Alto (> 8 mts),103,Grande,-68.8485450603,-32.8890515405,5,Residencial Sur,2423808.92355,0
23420,Morera,27/01/2011 15:09,Medio (4 - 8 mts),108,Grande,-68.8501581304,-32.9026857654,2,Barrio Civico,2366816.36021,0
33394,Morera,02/06/2011 09:16,Alto (> 8 mts),153,Grande,-68.8559295517,-32.8876994267,5,Residencial Sur,2423808.92355,0
19938,Morera,08/08/2011 09:33,Medio (4 - 8 mts),82,Grande,-68.8328218047,-32.8636475364,4,Cuarta Oeste,1173332.70145,1
30782,Morera,02/02/2011 08:58,Medio (4 - 8 mts),50,Mediano,-68.8544921201,-32.8685324734,6,Residencial Norte,2694682.37982,0
38758,Morera,01/11/2010 13:06,Alto (> 8 mts),150,Grande,-68.8491766986,-32.8700100453,6,Residencial Norte,2694682.37982,0
12466,Fresno europeo,24/01/2011 13:56,Muy bajo (1 - 2 mts),2,Chico,-68.8490000534,-32.8664749327,6,Residencial Norte,2694682.37982,0
27182,Acacia SP,26/10/2011 12:45,Bajo (2 - 4 mts),76,Grande,-68.8363774896,-32.8909658144,3,Parque O'Higgins,1531146.02653,0
21653,Acer,08/06/2011 09:42,Muy bajo (1 - 2 mts),12,Chico,-68.8545439793,-32.8962015999,5,Residencial Sur,2423808.92355,0
45524,Fresno europeo,19/09/2011 10:33,Medio (4 - 8 mts),178,Grande,-68.821966795,-32.8727527668,4,Cuarta Este Área Fundacional,1822015.85685,0
14821,Paraiso sombrilla,07/12/2011 10:26,Muy bajo (1 - 2 mts),12,Chico,-68.8781063108,-32.868778751,8,Aeroparque,2203364.73622,0
44867,Morera,19/08/2011 09:46,Alto (> 8 mts),135,Grande,-68.8253790146,-32.8669702407,4,Cuarta Este Área Fundacional,1822015.85685,0
37336,Acacia SP,17/03/2011 09:26,Medio (4 - 8 mts),90,Grande,-68.8574920756,-32.8751723785,6,Residencial Norte,2694682.37982,0
44960,Morera,29/08/2011 11:58,Alto (> 8 mts),212,Grande,-68.8256107851,-32.8691963965,4,Cuarta Este Área Fundacional,1822015.85685,0
15181,Paraiso,18/11/2011 07:51,Bajo (2 - 4 mts),30,Mediano,-68.8601924921,-32.8694623887,6,Residencial Norte,2694682.37982,0
8885,Acacia SP,05/04/2010 10:35,Bajo (2 - 4 mts),8,Chico,-68.853049718,-32.8678118039,6,Residencial Norte,2694682.37982,0
5132,Morera,08/08/2011 11:13,Alto (> 8 mts),145,Grande,-68.8434032981,-32.8694346098,4,Cuarta Oeste,1173332.70145,0
20435,Alamo criollo,17/05/2011 10:44,Alto (> 8 mts),175,Grande,-68.8624090984,-32.893053485,5,Residencial Sur,2423808.92355,0
7543,Acer,16/06/2011 09:55,Medio (4 - 8 mts),120,Grande,-68.8569299387,-32.883574301,5,Residencial Sur,2423808.92355,0
29458,Morera,15/03/2011 13:34,Alto (> 8 mts),90,Grande,-68.8444639516,-32.8941492143,2,Barrio Civico,2366816.36021,0
11430,Braquiquito,24/01/2011 12:04,Medio (4 - 8 mts),56,Mediano,-68.8515488664,-32.9020186526,2,Barrio Civico,2366816.36021,0
44234,Platano,13/10/2011 11:44,Alto (> 8 mts),210,Grande,-68.8347894984,-32.8836829264,3,Parque O'Higgins,1531146.02653,0
26473,Acacia SP,09/11/2011 09:49,Medio (4 - 8 mts),93,Grande,-68.8317521586,-32.8913824801,3,Parque O'Higgins,1531146.02653,0
19583,Morera,11/07/2011 10:34,Alto (> 8 mts),158,Grande,-68.8360748152,-32.8724515052,4,Cuarta Oeste,1173332.70145,1
46946,Morera,09/09/2011 14:48,Alto (> 8 mts),140,Grande,-68.8317770879,-32.8707768541,4,Cuarta Este Área Fundacional,1822015.85685,0
27946,Fresno europeo,03/11/2011 12:07,Medio (4 - 8 mts),75,Grande,-68.8374991235,-32.8936634234,2,Barrio Civico,2366816.36021,0
16689,Morera,20/07/2011 14:30,Alto (> 8 mts),178,Grande,-68.8409107978,-32.8633680356,4,Cuarta Oeste,1173332.70145,0
45969,Morera,24/08/2011 13:29,Alto (> 8 mts),186,Grande,-68.8180991278,-32.8692237492,4,Cuarta Este Área Fundacional,1822015.85685,0
43668,Morera,13/10/2011 17:35,Medio (4 - 8 mts),110,Grande,-68.8351596137,-32.8815825616,3,Parque O'Higgins,1531146.02653,0
34480,Platano,10/03/2011 12:38,Medio (4 - 8 mts),170,Grande,-68.8490668239,-32.8746533817,6,Residencial Norte,2694682.37982,0
16298,Alamo blanco,22/07/2011 09:14,Muy bajo (1 - 2 mts),5,Chico,-68.8421193538,-32.8636250169,4,Cuarta Oeste,1173332.70145,0
17435,Morera,29/07/2011 10:14,Alto (> 8 mts),180,Grande,-68.8348391024,-32.8675952481,4,Cuarta Oeste,1173332.70145,0
35453,Morera,28/03/2011 10:27,Alto (> 8 mts),160,Grande,-68.85399765,-32.8812338859,6,Residencial Norte,2694682.37982,0
10223,Fresno europeo,14/12/2010 14:08,Muy bajo (1 - 2 mts),2,Chico,-68.8505491671,-32.8716913319,6,Residencial Norte,2694682.37982,0
16857,Palo borracho,05/08/2011 13:45,Medio (4 - 8 mts),110,Grande,-68.8400158566,-32.8645816582,4,Cuarta Oeste,1173332.70145,0
28709,Fresno europeo,01/03/2011 11:44,Medio (4 - 8 mts),22,Mediano,-68.8474004361,-32.890741984,2,Barrio Civico,2366816.36021,0
36176,Morera,04/04/2011 10:07,Alto (> 8 mts),136,Grande,-68.8528181741,-32.877556166,6,Residencial Norte,2694682.37982,0
5583,Morera,15/04/2011 13:40,Medio (4 - 8 mts),78,Grande,-68.8385767185,-32.8820178291,1,Parque Central,1655357.93265,0
13124,Morera,17/02/2011 12:45,Alto (> 8 mts),200,Grande,-68.8455215706,-32.8652469955,4,Cuarta Oeste,1173332.70145,0
13950,Fresno americano,29/11/2011 13:00,Bajo (2 - 4 mts),40,Mediano,-68.876278064,-32.8650312424,8,Aeroparque,2203364.73622,0
8314,Morera,16/03/2011 12:11,Alto (> 8 mts),246,Grande,-68.8454405362,-32.8937366428,2,Barrio Civico,2366816.36021,0
22337,Fresno europeo,17/06/2011 10:55,Alto (> 8 mts),100,Grande,-68.8582898698,-32.8984140236,5,Residencial Sur,2423808.92355,0
29808,Platano,04/03/2011 13:06,Alto (> 8 mts),180,Grande,-68.8430110315,-32.8921887156,2,Barrio Civico,2366816.36021,0
36780,Liquidambar,21/03/2011 17:11,Medio (4 - 8 mts),16,Chico,-68.8579120005,-32.8811754396,7,Residencial Parque,1786336.08966,0
14160,Morera,30/11/2011 10:32,Medio (4 - 8 mts),65,Grande,-68.8767591062,-32.8672490108,8,Aeroparque,2203364.73622,0
37045,Platano,05/04/2011 11:57,Alto (> 8 mts),170,Grande,-68.8569263209,-32.8759613108,6,Residencial Norte,2694682.37982,0
21810,Morera,13/05/2011 10:10,Alto (> 8 mts),160,Grande,-68.8566410774,-32.8941580443,5,Residencial Sur,2423808.92355,1
10533,Morera,18/03/2011 13:26,Alto (> 8 mts),98,Grande,-68.8572878614,-32.8749751562,6,Residencial Norte,2694682.37982,0
8061,Morera,04/03/2011 12:04,Alto (> 8 mts),160,Grande,-68.8408733128,-32.8903049026,3,Parque O'Higgins,1531146.02653,0
25002,Morera,15/02/2011 12:20,Alto (> 8 mts),114,Grande,-68.8360211405,-32.8959139175,2,Barrio Civico,2366816.36021,1
30721,Morera,07/02/2011 09:26,Alto (> 8 mts),105,Grande,-68.8564409894,-32.8668079422,6,Residencial Norte,2694682.37982,0
47915,Fresno europeo,29/08/2011 12:20,Muy bajo (1 - 2 mts),10,Chico,-68.8287225434,-32.8709975628,4,Cuarta Este Área Fundacional,1822015.85685,0
29392,Platano,02/03/2011 13:35,Alto (> 8 mts),130,Grande,-68.8461175184,-32.8916063874,2,Barrio Civico,2366816.36021,0
43937,Platano,12/10/2011 14:30,Alto (> 8 mts),300,Grande,-68.8322903836,-32.8837776142,3,Parque O'Higgins,1531146.02653,0
42732,Platano,26/09/2011 11:09,Alto (> 8 mts),250,Grande,-68.8278659801,-32.8771254072,4,Cuarta Este Área Fundacional,1822015.85685,0
21359,Paraiso,09/05/2011 08:57,Alto (> 8 mts),158,Grande,-68.8531654728,-32.8928429651,5,Residencial Sur,2423808.92355,1
2378,Fresno europeo,28/10/2011 16:11,Bajo (2 - 4 mts),24,Mediano,-68.8368430917,-32.8862999875,3,Parque O'Higgins,1531146.02653,0
5101,Acacia SP,09/08/2011 09:54,Bajo (2 - 4 mts),8,Chico,-68.8429923225,-32.8679504878,4,Cuarta Oeste,1173332.70145,0
33081,Morera,18/05/2011 09:47,Alto (> 8 mts),177,Grande,-68.8523870571,-32.8872573312,5,Residencial Sur,2423808.92355,0
34950,Morera,04/04/2011 12:04,Alto (> 8 mts),150,Grande,-68.8572715817,-32.8796916678,7,Residencial Parque,1786336.08966,0
33409,Morera,02/06/2011 12:29,Alto (> 8 mts),110,Grande,-68.8570649141,-32.8876187828,5,Residencial Sur,2423808.92355,0
9940,Alamo criollo,16/11/2010 11:33,Alto (> 8 mts),260,Grande,-68.8574994535,-32.8692692394,6,Residencial Norte,2694682.37982,0
1474,Tilo,25/11/2011 11:23,Medio (4 - 8 mts),75,Grande,-68.871566543,-32.8768710075,7,Residencial Parque,1786336.08966,0
35029,Platano,23/03/2011 09:50,Alto (> 8 mts),200,Grande,-68.8547288304,-32.8808745912,6,Residencial Norte,2694682.37982,0
39634,Fresno europeo,21/10/2010 11:13,Alto (> 8 mts),50,Mediano,-68.8467690663,-32.8699713366,6,Residencial Norte,2694682.37982,0
29799,Platano,09/03/2011 08:53,Alto (> 8 mts),150,Grande,-68.8436478936,-32.8920579721,2,Barrio Civico,2366816.36021,0
30053,Platano,05/05/2011 10:25,Bajo (2 - 4 mts),22,Mediano,-68.8405527809,-32.8859990525,3,Parque O'Higgins,1531146.02653,0
41411,Morera,15/04/2011 13:08,Alto (> 8 mts),86,Grande,-68.8425100942,-32.8825891384,1,Parque Central,1655357.93265,1
10600,Morera,31/03/2011 10:09,Alto (> 8 mts),90,Grande,-68.8495275213,-32.8765320124,6,Residencial Norte,2694682.37982,1
1948,Paraiso sombrilla,18/11/2011 17:01,Medio (4 - 8 mts),90,Grande,-68.859181838,-32.870584737,6,Residencial Norte,2694682.37982,1
25687,Platano,04/02/2011 12:32,Alto (> 8 mts),230,Grande,-68.8426244734,-32.9034851478,2,Barrio Civico,2366816.36021,0
12316,Morera,12/01/2011 13:57,Alto (> 8 mts),250,Grande,-68.8467592861,-32.8666418069,6,Residencial Norte,2694682.37982,0
42074,Paraiso,12/04/2011 11:08,Medio (4 - 8 mts),120,Grande,-68.8421287993,-32.8796385759,1,Parque Central,1655357.93265,0
44773,Morera,23/08/2011 13:56,Alto (> 8 mts),160,Grande,-68.8229976107,-32.8687727839,4,Cuarta Este Área Fundacional,1822015.85685,0
14419,Morera,02/12/2011 09:44,Medio (4 - 8 mts),66,Grande,-68.878932189,-32.8683219202,8,Aeroparque,2203364.73622,0
27738,Morera,31/10/2011 09:33,Medio (4 - 8 mts),95,Grande,-68.8364057182,-32.8955521219,2,Barrio Civico,2366816.36021,0
25616,Paraiso,16/02/2011 19:01,Alto (> 8 mts),98,Grande,-68.8377926383,-32.9019738724,2,Barrio Civico,2366816.36021,1
38416,Paraiso,04/11/2010 10:53,Alto (> 8 mts),220,Grande,-68.8517867347,-32.8702633996,6,Residencial Norte,2694682.37982,0
23150,Fresno europeo,19/01/2011 16:48,Alto (> 8 mts),112,Grande,-68.8478801578,-32.9027330512,2,Barrio Civico,2366816.36021,0
6804,Fresno americano,26/05/2011 13:13,Muy bajo (1 - 2 mts),8,Chico,-68.8605177089,-32.8942953332,5,Residencial Sur,2423808.92355,0
5175,Paraiso,04/08/2011 12:27,Bajo (2 - 4 mts),42,Mediano,-68.8381807912,-32.8640476722,4,Cuarta Oeste,1173332.70145,0
32162,Fresno europeo,11/05/2011 10:26,Medio (4 - 8 mts),100,Grande,-68.858217652,-32.8849728977,5,Residencial Sur,2423808.92355,0
37642,Morera,29/02/2012 08:52,Bajo (2 - 4 mts),95,Grande,-68.852637973,-32.8718957508,6,Residencial Norte,2694682.37982,0
675,Ailanthus,31/01/2012 18:08,Medio (4 - 8 mts),160,Grande,-68.851887392,-32.90212356,2,Barrio Civico,2366816.36021,0
35216,Platano,23/03/2011 09:39,Alto (> 8 mts),145,Grande,-68.8528969325,-32.8814281337,1,Parque Central,1655357.93265,1
3415,Perenne,19/08/2011 12:07,Medio (4 - 8 mts),145,Grande,-68.8324797816,-32.86715103,4,Cuarta Oeste,1173332.70145,0
19177,Morera,18/07/2011 10:14,Alto (> 8 mts),107,Grande,-68.8411675478,-32.8729511215,4,Cuarta Oeste,1173332.70145,1
43970,Morera,14/10/2011 11:15,Medio (4 - 8 mts),70,Grande,-68.8338974108,-32.8848550988,3,Parque O'Higgins,1531146.02653,0
6185,Platano,08/04/2011 10:05,Alto (> 8 mts),172,Grande,-68.8406324843,-32.8854007479,1,Parque Central,1655357.93265,0
8637,Ligustro,01/02/2011 12:17,Muy bajo (1 - 2 mts),15,Chico,-68.8385027807,-32.9032324377,2,Barrio Civico,2366816.36021,0
31344,Morera,25/02/2011 10:12,Medio (4 - 8 mts),34,Mediano,-68.8492938672,-32.8662653823,6,Residencial Norte,2694682.37982,0
12502,Paraiso,26/01/2011 09:42,Alto (> 8 mts),115,Grande,-68.848365634,-32.8678194617,6,Residencial Norte,2694682.37982,0
824,Aguaribay,16/12/2011 11:31,Medio (4 - 8 mts),100,Grande,-68.8822305153,-32.867066403,8,Aeroparque,2203364.73622,0
31665,Platano,14/06/2011 13:20,Alto (> 8 mts),170,Grande,-68.8587993482,-32.8892519094,5,Residencial Sur,2423808.92355,0
22766,Morera,29/06/2011 15:26,Alto (> 8 mts),88,Grande,-68.8546988435,-32.9017356966,5,Residencial Sur,2423808.92355,0
27683,Fresno europeo,28/10/2011 11:00,Alto (> 8 mts),125,Grande,-68.8369850363,-32.8950337968,2,Barrio Civico,2366816.36021,1
44823,Morera,26/08/2011 10:15,Alto (> 8 mts),140,Grande,-68.8241099654,-32.8695513427,4,Cuarta Este Área Fundacional,1822015.85685,0
39759,Perenne,13/07/2011 14:02,Medio (4 - 8 mts),55,Mediano,-68.8499864834,-32.8832393289,1,Parque Central,1655357.93265,0
12616,Morera,14/01/2011 12:13,Alto (> 8 mts),130,Grande,-68.845793658,-32.8630190239,4,Cuarta Oeste,1173332.70145,0
20864,Morera,26/05/2011 11:17,Alto (> 8 mts),113,Grande,-68.8595226642,-32.8957008664,5,Residencial Sur,2423808.92355,0
6737,Fresno europeo,16/05/2011 10:24,Medio (4 - 8 mts),30,Mediano,-68.8578419806,-32.8929742025,5,Residencial Sur,2423808.92355,0
18795,Paraiso,07/07/2011 10:29,Alto (> 8 mts),135,Grande,-68.8374605903,-32.8728533951,4,Cuarta Oeste,1173332.70145,0
36430,Morera,18/03/2011 12:45,Alto (> 8 mts),168,Grande,-68.8532492367,-32.8798538255,6,Residencial Norte,2694682.37982,0
45497,Olmo comun,19/09/2011 11:18,Medio (4 - 8 mts),158,Grande,-68.820350814,-32.8723025924,4,Cuarta Este Área Fundacional,1822015.85685,0
13402,Alamo blanco,06/04/2011 13:04,Medio (4 - 8 mts),190,Grande,-68.8437534243,-32.8651435835,4,Cuarta Oeste,1173332.70145,0
42322,Platano,05/05/2011 12:18,Bajo (2 - 4 mts),34,Mediano,-68.8417431525,-32.8735828853,1,Parque Central,1655357.93265,0
30138,Morera,16/03/2011 12:07,Alto (> 8 mts),180,Grande,-68.840514197,-32.8915328617,2,Barrio Civico,2366816.36021,0
13497,Fresno europeo,31/01/2011 12:34,Bajo (2 - 4 mts),40,Mediano,-68.8517995209,-32.8633473238,6,Residencial Norte,2694682.37982,0
29187,Fresno americano,25/02/2011 18:38,Alto (> 8 mts),142,Grande,-68.8465950777,-32.8876743362,1,Parque Central,1655357.93265,0
16090,Morera,20/07/2011 11:04,Alto (> 8 mts),168,Grande,-68.8440183599,-32.8717657684,4,Cuarta Oeste,1173332.70145,1
47847,Morera,21/09/2011 09:24,Alto (> 8 mts),130,Grande,-68.8285293391,-32.8731643082,4,Cuarta Este Área Fundacional,1822015.85685,0
28122,Fresno americano,14/03/2011 17:29,Alto (> 8 mts),102,Grande,-68.8465167749,-32.8917953261,2,Barrio Civico,2366816.36021,0
27410,Fresno americano,19/10/2011 12:12,Medio (4 - 8 mts),140,Grande,-68.8347824288,-32.8886243691,3,Parque O'Higgins,1531146.02653,1
43348,Fresno americano,26/10/2011 12:42,Medio (4 - 8 mts),100,Grande,-68.8324271648,-32.8801466819,3,Parque O'Higgins,1531146.02653,0
16725,Paraiso,10/08/2011 13:26,Alto (> 8 mts),160,Grande,-68.8398410682,-32.8639840615,4,Cuarta Oeste,1173332.70145,0
14650,Aguaribay,15/12/2011 17:58,Bajo (2 - 4 mts),60,Mediano,-68.8824264111,-32.8676306509,8,Aeroparque,2203364.73622,0
18056,Paraiso,01/08/2011 09:08,Medio (4 - 8 mts),76,Grande,-68.8414987292,-32.8683010534,4,Cuarta Oeste,1173332.70145,0
10967,Paraiso sombrilla,08/04/2011 11:14,Alto (> 8 mts),160,Grande,-68.8561312104,-32.8818097025,7,Residencial Parque,1786336.08966,0
9614,Fresno europeo,27/01/2011 12:46,Muy bajo (1 - 2 mts),6,Chico,-68.850301113,-32.8646427594,6,Residencial Norte,2694682.37982,0
47156,Morera,20/09/2011 10:11,Medio (4 - 8 mts),120,Grande,-68.8321715468,-32.8729061697,4,Cuarta Este Área Fundacional,1822015.85685,1
34066,Morera,30/05/2011 09:26,Medio (4 - 8 mts),90,Grande,-68.8561765961,-32.8842484711,5,Residencial Sur,2423808.92355,0
14232,Fresno americano,07/12/2011 16:25,Bajo (2 - 4 mts),25,Mediano,-68.877305358,-32.8659272312,8,Aeroparque,2203364.73622,0
44880,Morera,23/08/2011 10:29,Medio (4 - 8 mts),140,Grande,-68.8243302003,-32.8678485691,4,Cuarta Este Área Fundacional,1822015.85685,0
8491,Morera,14/02/2011 14:35,Medio (4 - 8 mts),68,Grande,-68.8346403257,-32.8972657799,2,Barrio Civico,2366816.36021,1
46794,Fresno americano,07/09/2011 10:59,Medio (4 - 8 mts),123,Grande,-68.8320955768,-32.8718699548,4,Cuarta Este Área Fundacional,1822015.85685,0
3150,Morera,07/09/2011 11:07,Bajo (2 - 4 mts),76,Grande,-68.8320766447,-32.8722374138,4,Cuarta Este Área Fundacional,1822015.85685,0
34746,Fresno europeo,30/03/2011 12:56,Alto (> 8 mts),92,Grande,-68.8504472865,-32.8788149561,6,Residencial Norte,2694682.37982,0
29097,Morera,27/04/2011 11:43,Alto (> 8 mts),200,Grande,-68.8436399773,-32.8858698173,1,Parque Central,1655357.93265,0
7416,Fresno europeo,17/06/2011 17:57,Bajo (2 - 4 mts),32,Mediano,-68.8582936462,-32.9002704597,5,Residencial Sur,2423808.92355,0
7922,Morera,10/06/2011 10:12,Medio (4 - 8 mts),54,Mediano,-68.861191789,-32.8888182401,5,Residencial Sur,2423808.92355,0
34667,Morera,31/03/2011 08:59,Alto (> 8 mts),140,Grande,-68.8505228061,-32.8760638462,6,Residencial Norte,2694682.37982,0
23554,Morera,01/02/2011 16:32,Alto (> 8 mts),132,Grande,-68.8506629918,-32.9031257159,2,Barrio Civico,2366816.36021,1
29629,Morera,23/03/2011 19:38,Alto (> 8 mts),110,Grande,-68.8433177512,-32.8943817424,2,Barrio Civico,2366816.36021,1
22964,Morera,01/06/2011 13:21,Medio (4 - 8 mts),108,Grande,-68.8562365628,-32.8994592637,5,Residencial Sur,2423808.92355,0
28770,Morera,20/04/2011 10:21,Alto (> 8 mts),230,Grande,-68.8489007675,-32.8863075632,1,Parque Central,1655357.93265,0
28048,Morera,23/03/2011 18:06,Alto (> 8 mts),142,Grande,-68.8459095525,-32.8938730027,2,Barrio Civico,2366816.36021,1
38880,Fresno europeo,09/12/2010 09:34,Alto (> 8 mts),94,Grande,-68.8485103601,-32.8718059708,6,Residencial Norte,2694682.37982,1
1809,Acer,24/11/2011 13:15,Medio (4 - 8 mts),25,Mediano,-68.8705155971,-32.8799297789,7,Residencial Parque,1786336.08966,0
5133,Acacia SP,08/08/2011 11:12,Bajo (2 - 4 mts),16,Chico,-68.8433560592,-32.8694645518,4,Cuarta Oeste,1173332.70145,0
3534,Paraiso,07/09/2011 11:53,Alto (> 8 mts),125,Grande,-68.8335130298,-32.868628651,4,Cuarta Oeste,1173332.70145,0
31181,Fresno europeo,07/02/2011 10:12,Alto (> 8 mts),124,Grande,-68.8544826681,-32.8639609943,6,Residencial Norte,2694682.37982,0
35374,Morera,21/06/2011 15:06,Bajo (2 - 4 mts),110,Grande,-68.8542201142,-32.8823460031,5,Residencial Sur,2423808.92355,1
33289,Platano,27/06/2011 09:23,Medio (4 - 8 mts),18,Chico,-68.8564182611,-32.8898231594,5,Residencial Sur,2423808.92355,0
32734,Morera,17/05/2011 12:47,Medio (4 - 8 mts),170,Grande,-68.8532662612,-32.8868754172,5,Residencial Sur,2423808.92355,0
20753,Paraiso,01/06/2011 10:27,Alto (> 8 mts),140,Grande,-68.8618890388,-32.8964218878,5,Residencial Sur,2423808.92355,0
38577,Fresno europeo,17/12/2010 10:06,Medio (4 - 8 mts),60,Mediano,-68.8520058057,-32.8717244941,6,Residencial Norte,2694682.37982,0
948,Fresno europeo,10/01/2012 13:20,Medio (4 - 8 mts),36,Mediano,-68.8473858291,-32.8733390538,6,Residencial Norte,2694682.37982,0
2307,Fresno europeo,04/11/2011 10:44,Bajo (2 - 4 mts),33,Mediano,-68.8395332111,-32.8929541624,2,Barrio Civico,2366816.36021,0
24242,Morera,27/01/2011 09:36,Alto (> 8 mts),200,Grande,-68.8444017866,-32.9008880748,2,Barrio Civico,2366816.36021,0
9070,Conifera,17/02/2011 12:17,Medio (4 - 8 mts),45,Mediano,-68.8540539206,-32.8661910041,6,Residencial Norte,2694682.37982,0
21151,Paraiso,17/06/2011 10:59,Alto (> 8 mts),190,Grande,-68.8633512889,-32.8981170283,5,Residencial Sur,2423808.92355,0
32765,Morera,17/05/2011 09:04,Medio (4 - 8 mts),120,Grande,-68.8529285826,-32.8859528599,5,Residencial Sur,2423808.92355,1
2774,Fresno europeo,19/10/2011 16:34,Bajo (2 - 4 mts),50,Mediano,-68.8297050058,-32.8819313086,3,Parque O'Higgins,1531146.02653,0
8341,Fresno americano,14/03/2011 17:54,Medio (4 - 8 mts),22,Mediano,-68.846956546,-32.8934651254,2,Barrio Civico,2366816.36021,0
42136,Braquiquito,04/05/2011 11:12,Alto (> 8 mts),83,Grande,-68.8412353353,-32.8769447222,1,Parque Central,1655357.93265,0
15179,Paraiso,18/11/2011 07:53,Bajo (2 - 4 mts),40,Mediano,-68.8602201142,-32.8696083706,6,Residencial Norte,2694682.37982,0
36146,Morera,01/04/2011 14:14,Medio (4 - 8 mts),80,Grande,-68.851136055,-32.8775972763,6,Residencial Norte,2694682.37982,1
35013,Jacaranda,31/03/2011 09:48,Medio (4 - 8 mts),24,Mediano,-68.8562247987,-32.8798764774,6,Residencial Norte,2694682.37982,0
3468,Morera,19/08/2011 13:17,Alto (> 8 mts),74,Grande,-68.8250086716,-32.8665293338,4,Cuarta Este Área Fundacional,1822015.85685,0
25832,Morera,03/02/2011 18:38,Alto (> 8 mts),142,Grande,-68.8395536941,-32.9022207731,2,Barrio Civico,2366816.36021,0
24015,Morera,13/01/2011 09:33,Alto (> 8 mts),130,Grande,-68.8447501419,-32.9006251205,2,Barrio Civico,2366816.36021,0
40644,Platano,15/04/2011 10:33,Alto (> 8 mts),190,Grande,-68.8439030397,-32.8851720846,1,Parque Central,1655357.93265,0
17495,Morera,16/01/2012 08:55,Alto (> 8 mts),130,Grande,-68.8359006703,-32.867914222,4,Cuarta Oeste,1173332.70145,0
11780,Morera,25/01/2011 13:18,Alto (> 8 mts),150,Grande,-68.8486964547,-32.8641309474,6,Residencial Norte,2694682.37982,0
21865,Fresno europeo,07/06/2011 09:20,Medio (4 - 8 mts),50,Mediano,-68.8584590966,-32.8958407899,5,Residencial Sur,2423808.92355,0
43629,Platano,12/10/2011 14:47,Alto (> 8 mts),190,Grande,-68.8331808334,-32.8836380509,3,Parque O'Higgins,1531146.02653,1
9608,Paraiso sombrilla,27/01/2011 13:42,Medio (4 - 8 mts),110,Grande,-68.8497616542,-32.8640412194,6,Residencial Norte,2694682.37982,0
35195,Morera,23/03/2011 12:37,Alto (> 8 mts),112,Grande,-68.8525496985,-32.882474996,1,Parque Central,1655357.93265,0
4358,Fresno americano,10/08/2011 11:53,Alto (> 8 mts),140,Grande,-68.8340220862,-32.8697520812,4,Cuarta Oeste,1173332.70145,0
25531,Morera,04/03/2011 13:44,Medio (4 - 8 mts),92,Grande,-68.8405439125,-32.9007822215,2,Barrio Civico,2366816.36021,0
31459,Morera,13/07/2011 11:25,Alto (> 8 mts),108,Grande,-68.850213749,-32.8845946441,1,Parque Central,1655357.93265,0
14642,Acer,12/12/2011 12:28,Medio (4 - 8 mts),100,Grande,-68.8797178971,-32.8654593082,8,Aeroparque,2203364.73622,0
10617,Morera,15/03/2011 12:15,Medio (4 - 8 mts),110,Grande,-68.855708385,-32.874109534,6,Residencial Norte,2694682.37982,1
12141,Morera,20/01/2011 13:20,Alto (> 8 mts),85,Grande,-68.8482073656,-32.8682629757,6,Residencial Norte,2694682.37982,0
3718,Perenne,24/08/2011 09:30,Muy bajo (1 - 2 mts),12,Chico,-68.82160914,-32.8696508994,4,Cuarta Este Área Fundacional,1822015.85685,0
11177,Perenne,27/01/2011 13:34,Medio (4 - 8 mts),25,Mediano,-68.8439720417,-32.9019282941,2,Barrio Civico,2366816.36021,0
26228,Fresno europeo,19/10/2011 10:03,Bajo (2 - 4 mts),56,Mediano,-68.830201587,-32.8883201342,3,Parque O'Higgins,1531146.02653,0
11255,Jacaranda,20/01/2011 09:25,Muy bajo (1 - 2 mts),3,Chico,-68.8464649494,-32.902618401,2,Barrio Civico,2366816.36021,0
6272,Fresno europeo,13/07/2011 11:40,Medio (4 - 8 mts),52,Mediano,-68.8501901353,-32.8845180558,1,Parque Central,1655357.93265,0
34849,Fresno europeo,30/03/2011 09:58,Alto (> 8 mts),170,Grande,-68.8511073513,-32.8769302856,6,Residencial Norte,2694682.37982,0
36636,Morera,14/06/2011 18:51,Medio (4 - 8 mts),130,Grande,-68.8577509562,-32.8816461576,7,Residencial Parque,1786336.08966,0
22704,Platano,12/05/2011 12:31,Alto (> 8 mts),172,Grande,-68.8540295233,-32.8997278548,5,Residencial Sur,2423808.92355,0
29835,Ligustro,03/03/2011 19:24,Alto (> 8 mts),72,Grande,-68.8425603861,-32.8928260054,2,Barrio Civico,2366816.36021,0
4153,Platano,03/10/2011 09:56,Alto (> 8 mts),190,Grande,-68.8322281236,-32.8786536193,4,Cuarta Este Área Fundacional,1822015.85685,1
37655,Fresno europeo,29/02/2012 08:11,Medio (4 - 8 mts),60,Mediano,-68.8527132355,-32.8725221256,6,Residencial Norte,2694682.37982,1
6334,Fresno europeo,29/06/2011 12:56,Bajo (2 - 4 mts),45,Mediano,-68.8544876902,-32.8909758652,5,Residencial Sur,2423808.92355,0
41047,Platano,30/09/2011 11:42,Alto (> 8 mts),204,Grande,-68.8393848368,-32.8799996585,1,Parque Central,1655357.93265,0
40349,Fresno europeo,08/04/2011 10:04,Muy bajo (1 - 2 mts),5,Chico,-68.8448370862,-32.8814073895,1,Parque Central,1655357.93265,0
22797,Morera,17/06/2011 16:54,Alto (> 8 mts),112,Grande,-68.8595384325,-32.9016814413,5,Residencial Sur,2423808.92355,0
27324,Platano,25/10/2011 09:20,Alto (> 8 mts),130,Grande,-68.8355467744,-32.8899174887,3,Parque O'Higgins,1531146.02653,0
14568,Aguaribay,14/12/2011 11:08,Alto (> 8 mts),185,Grande,-68.8787497744,-32.8672347444,8,Aeroparque,2203364.73622,0
11796,Paraiso,02/03/2011 10:17,Alto (> 8 mts),125,Grande,-68.8511274483,-32.8649120197,6,Residencial Norte,2694682.37982,0
1527,Fresno americano,24/11/2011 10:04,Bajo (2 - 4 mts),24,Mediano,-68.8735573741,-32.8783715075,7,Residencial Parque,1786336.08966,0
31075,Paraiso,08/02/2011 12:00,Alto (> 8 mts),200,Grande,-68.8548506142,-32.8650945995,6,Residencial Norte,2694682.37982,0
31251,Morera,03/02/2011 10:01,Medio (4 - 8 mts),140,Grande,-68.8529613939,-32.8640136266,6,Residencial Norte,2694682.37982,0
11726,Morera,02/06/2010 10:21,Medio (4 - 8 mts),135,Grande,-68.851012612,-32.8665693096,6,Residencial Norte,2694682.37982,0
41927,Morera,20/04/2011 09:33,Alto (> 8 mts),123,Grande,-68.8379437898,-32.879658471,1,Parque Central,1655357.93265,0
7684,Morera,26/05/2011 13:13,Medio (4 - 8 mts),140,Grande,-68.8546068274,-32.884361584,5,Residencial Sur,2423808.92355,0
4498,Paraiso,02/08/2011 09:35,Medio (4 - 8 mts),100,Grande,-68.8396545494,-32.8681021374,4,Cuarta Oeste,1173332.70145,0
5011,Morera,21/07/2011 09:10,Medio (4 - 8 mts),87,Grande,-68.8409341889,-32.8630864632,4,Cuarta Oeste,1173332.70145,0
11598,Morera,10/05/2010 10:52,Medio (4 - 8 mts),134,Grande,-68.8525496603,-32.8670217166,6,Residencial Norte,2694682.37982,0
41189,Morera,15/04/2011 14:16,Medio (4 - 8 mts),60,Mediano,-68.8383208932,-32.8816199623,1,Parque Central,1655357.93265,0
26416,Fresno europeo,25/10/2011 09:06,Muy bajo (1 - 2 mts),3,Chico,-68.8335842486,-32.8887796676,3,Parque O'Higgins,1531146.02653,0
10976,Morera,08/04/2011 10:38,Alto (> 8 mts),144,Grande,-68.8565797259,-32.8812174257,7,Residencial Parque,1786336.08966,0
45792,Fresno americano,01/09/2011 11:30,Medio (4 - 8 mts),272,Grande,-68.8196977147,-32.8712817019,4,Cuarta Este Área Fundacional,1822015.85685,0
16455,Morera,16/08/2011 09:51,Alto (> 8 mts),140,Grande,-68.8416346969,-32.8637594783,4,Cuarta Oeste,1173332.70145,0
41888,Morera,15/04/2011 11:53,Alto (> 8 mts),160,Grande,-68.8418890783,-32.8793563137,1,Parque Central,1655357.93265,1
31589,Platano,10/06/2011 12:11,Alto (> 8 mts),158,Grande,-68.8603883078,-32.8889670401,5,Residencial Sur,2423808.92355,0
37614,Fresno europeo,13/12/2010 11:48,Medio (4 - 8 mts),76,Grande,-68.8504446595,-32.8717569018,6,Residencial Norte,2694682.37982,0
27471,Paraiso,28/10/2011 08:44,Alto (> 8 mts),182,Grande,-68.838212567,-32.8914668372,3,Parque O'Higgins,1531146.02653,0
46997,Alamo blanco,08/09/2011 14:13,Alto (> 8 mts),150,Grande,-68.8319269234,-32.8717225719,4,Cuarta Este Área Fundacional,1822015.85685,0
8389,Prunas,07/02/2011 15:08,Muy bajo (1 - 2 mts),30,Mediano,-68.8395623816,-32.9028054434,2,Barrio Civico,2366816.36021,1
9023,Paraiso,17/01/2011 12:29,Alto (> 8 mts),180,Grande,-68.8451028421,-32.8679214288,4,Cuarta Oeste,1173332.70145,0
7282,Morera,10/06/2011 18:57,Bajo (2 - 4 mts),8,Chico,-68.8616744678,-32.9016510724,5,Residencial Sur,2423808.92355,0
45133,Morera,01/09/2011 13:50,Alto (> 8 mts),176,Grande,-68.8240733461,-32.8702273147,4,Cuarta Este Área Fundacional,1822015.85685,0
38835,Morera,14/12/2010 11:38,Alto (> 8 mts),200,Grande,-68.8493940094,-32.8708629639,6,Residencial Norte,2694682.37982,0
7076,Jacaranda,02/06/2011 13:56,Muy bajo (1 - 2 mts),5,Chico,-68.8582575371,-32.8979728655,5,Residencial Sur,2423808.92355,0
35043,Morera,22/03/2011 13:30,Alto (> 8 mts),156,Grande,-68.8537844211,-32.8807224229,6,Residencial Norte,2694682.37982,0
6620,Paraiso,11/05/2011 12:01,Alto (> 8 mts),170,Grande,-68.8588868269,-32.8922946783,5,Residencial Sur,2423808.92355,1
31775,Olmo comun,27/06/2011 11:21,Medio (4 - 8 mts),115,Grande,-68.8588910177,-32.8902503823,5,Residencial Sur,2423808.92355,0
36256,Fresno europeo,17/03/2011 12:27,Alto (> 8 mts),91,Grande,-68.8532604263,-32.878691501,6,Residencial Norte,2694682.37982,0
30258,Fresno europeo,04/03/2011 13:47,Alto (> 8 mts),125,Grande,-68.8406390844,-32.889328673,3,Parque O'Higgins,1531146.02653,0
46433,Morera,16/08/2011 13:03,Alto (> 8 mts),115,Grande,-68.8319223682,-32.8667772008,4,Cuarta Oeste,1173332.70145,0
34416,Morera,10/03/2011 09:25,Alto (> 8 mts),162,Grande,-68.8511661658,-32.8746695128,6,Residencial Norte,2694682.37982,0
16311,Morera,22/07/2011 10:55,Medio (4 - 8 mts),86,Grande,-68.8425598565,-32.8629793197,4,Cuarta Oeste,1173332.70145,0
10646,Perenne,16/03/2011 12:12,Bajo (2 - 4 mts),50,Mediano,-68.8565674156,-32.8740651217,6,Residencial Norte,2694682.37982,0
22372,Morera,16/06/2011 11:36,Alto (> 8 mts),145,Grande,-68.8593942559,-32.8981672991,5,Residencial Sur,2423808.92355,0
9339,Paraiso sombrilla,18/02/2011 09:41,Medio (4 - 8 mts),110,Grande,-68.8468934334,-32.8661173849,6,Residencial Norte,2694682.37982,0
8041,Fresno europeo,11/03/2011 09:16,Alto (> 8 mts),136,Grande,-68.8470049435,-32.8881513239,2,Barrio Civico,2366816.36021,0
7958,Fresno europeo,22/02/2011 10:35,Alto (> 8 mts),100,Grande,-68.8439230462,-32.8885950721,2,Barrio Civico,2366816.36021,0
41385,Morera,19/04/2011 10:10,Alto (> 8 mts),156,Grande,-68.8412843344,-32.8823070588,1,Parque Central,1655357.93265,1
12756,Morera,24/01/2011 13:35,Alto (> 8 mts),150,Grande,-68.8481190392,-32.864052995,6,Residencial Norte,2694682.37982,0
14104,Paraiso,02/12/2011 07:52,Medio (4 - 8 mts),75,Grande,-68.8770504104,-32.8687809837,8,Aeroparque,2203364.73622,0
16794,Perenne,10/08/2011 07:59,Bajo (2 - 4 mts),56,Mediano,-68.8381041002,-32.8629497455,4,Cuarta Oeste,1173332.70145,0
23313,Morera,18/01/2012 12:23,Alto (> 8 mts),160,Grande,-68.8526517168,-32.9009780453,2,Barrio Civico,2366816.36021,0
9271,Fresno americano,22/02/2011 09:29,Bajo (2 - 4 mts),40,Mediano,-68.8474391179,-32.864559017,4,Cuarta Oeste,1173332.70145,0
29704,Morera,02/03/2011 15:09,Alto (> 8 mts),172,Grande,-68.8421722699,-32.8935755428,2,Barrio Civico,2366816.36021,0
12451,Morera,25/01/2011 09:26,Alto (> 8 mts),110,Grande,-68.8491452873,-32.8675805444,6,Residencial Norte,2694682.37982,0
43268,Morera,21/10/2011 18:59,Medio (4 - 8 mts),160,Grande,-68.8347322489,-32.8810243386,1,Parque Central,1655357.93265,0
45246,Acer,29/09/2011 11:26,Alto (> 8 mts),145,Grande,-68.8233051417,-32.8729775089,4,Cuarta Este Área Fundacional,1822015.85685,0
26523,Fresno europeo,21/10/2011 15:24,Bajo (2 - 4 mts),50,Mediano,-68.8308602201,-32.8911510265,3,Parque O'Higgins,1531146.02653,0
20331,Alamo criollo,13/05/2011 11:18,Alto (> 8 mts),220,Grande,-68.8621555647,-32.8917512409,5,Residencial Sur,2423808.92355,0
4281,Morera,26/07/2011 13:46,Medio (4 - 8 mts),74,Grande,-68.8373149596,-32.8722886174,4,Cuarta Oeste,1173332.70145,0
41780,Morera,27/04/2011 10:21,Medio (4 - 8 mts),120,Grande,-68.842015592,-32.8783973426,1,Parque Central,1655357.93265,0
36199,Fresno europeo,31/03/2011 09:23,Alto (> 8 mts),95,Grande,-68.856039934,-32.8782211273,6,Residencial Norte,2694682.37982,0
17299,Morera,04/08/2011 10:15,Alto (> 8 mts),168,Grande,-68.8357243122,-32.8658614628,4,Cuarta Oeste,1173332.70145,0
10561,Morera,23/03/2011 10:35,Alto (> 8 mts),170,Grande,-68.8548188269,-32.8754943614,6,Residencial Norte,2694682.37982,0
18714,Fresno europeo,04/07/2011 10:09,Alto (> 8 mts),260,Grande,-68.8351750546,-32.8740738721,4,Cuarta Este Área Fundacional,1822015.85685,0
45510,Morera,19/09/2011 11:00,Medio (4 - 8 mts),196,Grande,-68.8213060924,-32.8722898041,4,Cuarta Este Área Fundacional,1822015.85685,0
22645,Paraiso,21/06/2011 11:45,Alto (> 8 mts),160,Grande,-68.8600188531,-32.9014433965,5,Residencial Sur,2423808.92355,0
34415,Morera,10/03/2011 09:29,Alto (> 8 mts),116,Grande,-68.8511231291,-32.8747181531,6,Residencial Norte,2694682.37982,0
45251,Ailanthus,29/09/2011 11:20,Medio (4 - 8 mts),70,Grande,-68.8230595745,-32.8728313129,4,Cuarta Este Área Fundacional,1822015.85685,0
26098,Fresno europeo,04/11/2011 16:10,Bajo (2 - 4 mts),28,Mediano,-68.8328316386,-32.8875956138,3,Parque O'Higgins,1531146.02653,0
39069,Paraiso sombrilla,22/12/2010 09:57,Alto (> 8 mts),80,Grande,-68.8532980408,-32.8708969795,6,Residencial Norte,2694682.37982,0
48260,Fresno europeo,02/09/2011 09:49,Alto (> 8 mts),110,Grande,-68.8303936957,-32.8707594905,4,Cuarta Este Área Fundacional,1822015.85685,0
39595,Platano,25/10/2010 10:06,Alto (> 8 mts),180,Grande,-68.8475517248,-32.8687901712,6,Residencial Norte,2694682.37982,0
10296,Fresno europeo,02/12/2010 09:44,Alto (> 8 mts),60,Mediano,-68.8468206833,-32.872118022,6,Residencial Norte,2694682.37982,0
17712,Paraiso,18/07/2011 09:15,Alto (> 8 mts),170,Grande,-68.8424803823,-32.8676070867,4,Cuarta Oeste,1173332.70145,0
36045,Perenne,18/03/2011 13:22,Alto (> 8 mts),200,Grande,-68.857275433,-32.8748878996,6,Residencial Norte,2694682.37982,0
29537,Morera,28/02/2011 18:34,Alto (> 8 mts),206,Grande,-68.8437495958,-32.8931547153,2,Barrio Civico,2366816.36021,0
12263,Morera,10/01/2011 09:46,Alto (> 8 mts),150,Grande,-68.8449079186,-32.868409693,4,Cuarta Oeste,1173332.70145,0
8736,Fresno europeo,14/02/2011 09:00,Medio (4 - 8 mts),51,Mediano,-68.8365759462,-32.9007892369,2,Barrio Civico,2366816.36021,0
23252,Morera,27/01/2012 12:43,Bajo (2 - 4 mts),48,Mediano,-68.8521185824,-32.9016325605,2,Barrio Civico,2366816.36021,0
26564,Morera,04/11/2011 08:41,Alto (> 8 mts),90,Grande,-68.8322841436,-32.890124716,3,Parque O'Higgins,1531146.02653,0
43126,Morera,04/10/2011 08:50,Medio (4 - 8 mts),190,Grande,-68.8284168394,-32.8779523854,4,Cuarta Este Área Fundacional,1822015.85685,1
6489,Morera,02/06/2011 13:43,Medio (4 - 8 mts),60,Mediano,-68.8572554173,-32.8883846469,5,Residencial Sur,2423808.92355,0
195,Fresno americano,24/02/2012 11:04,Bajo (2 - 4 mts),22,Mediano,-68.8582956045,-32.8646687008,6,Residencial Norte,2694682.37982,0
29914,Platano,15/03/2011 08:44,Alto (> 8 mts),210,Grande,-68.8399555379,-32.8923350958,2,Barrio Civico,2366816.36021,0
44594,Platano,19/10/2011 13:13,Alto (> 8 mts),190,Grande,-68.8353731562,-32.885900957,3,Parque O'Higgins,1531146.02653,0
38742,Paraiso,01/11/2010 12:21,Alto (> 8 mts),230,Grande,-68.8500246652,-32.8704021595,6,Residencial Norte,2694682.37982,0
35188,Fresno americano,29/03/2011 10:38,Alto (> 8 mts),112,Grande,-68.8518916517,-32.8825596665,1,Parque Central,1655357.93265,0
26712,Morera,09/11/2011 10:08,Alto (> 8 mts),165,Grande,-68.832892255,-32.8935052187,3,Parque O'Higgins,1531146.02653,0
28594,Morera,22/02/2011 09:15,Alto (> 8 mts),165,Grande,-68.8496617679,-32.889977461,5,Residencial Sur,2423808.92355,0
40843,Fresno americano,08/04/2011 09:52,Medio (4 - 8 mts),158,Grande,-68.8400869607,-32.8849070063,1,Parque Central,1655357.93265,0
20123,Morera,09/08/2011 12:08,Alto (> 8 mts),155,Grande,-68.834344614,-32.8662189689,4,Cuarta Oeste,1173332.70145,0
29568,Morera,04/03/2011 10:26,Alto (> 8 mts),180,Grande,-68.8448171338,-32.8913224609,2,Barrio Civico,2366816.36021,0
33362,Fresno europeo,19/05/2011 09:58,Alto (> 8 mts),127,Grande,-68.8578661459,-32.8907972149,5,Residencial Sur,2423808.92355,0
21442,Fresno europeo,10/05/2011 10:18,Alto (> 8 mts),101,Grande,-68.8555495418,-32.8932924784,5,Residencial Sur,2423808.92355,0
14108,Acer,02/12/2011 07:45,Medio (4 - 8 mts),65,Grande,-68.877140156,-32.8687025748,8,Aeroparque,2203364.73622,0
7687,Morera,26/05/2011 12:58,Medio (4 - 8 mts),120,Grande,-68.8544964017,-32.8839521755,5,Residencial Sur,2423808.92355,0
25604,Paraiso,07/02/2011 19:23,Alto (> 8 mts),172,Grande,-68.8380468504,-32.9014852156,2,Barrio Civico,2366816.36021,0
32076,Morera,08/06/2011 09:24,Alto (> 8 mts),152,Grande,-68.8594328787,-32.887042731,5,Residencial Sur,2423808.92355,0
4332,Fresno americano,13/07/2011 21:54,Medio (4 - 8 mts),30,Mediano,-68.8366641044,-32.8702826747,4,Cuarta Oeste,1173332.70145,0
11082,Fresno americano,21/03/2011 11:59,Medio (4 - 8 mts),65,Grande,-68.8551804131,-32.8804781653,6,Residencial Norte,2694682.37982,0
2198,Fresno europeo,03/11/2011 11:19,Bajo (2 - 4 mts),26,Mediano,-68.8329013496,-32.8905849476,3,Parque O'Higgins,1531146.02653,0
265,Olmo bola,07/03/2012 11:12,Medio (4 - 8 mts),100,Grande,-68.8224916781,-32.8667139353,4,Cuarta Este Área Fundacional,1822015.85685,0
24263,Jacaranda,19/01/2011 13:56,Alto (> 8 mts),30,Mediano,-68.8442955071,-32.900485951,2,Barrio Civico,2366816.36021,0
25490,Platano,08/02/2011 09:13,Alto (> 8 mts),236,Grande,-68.8419249362,-32.900748719,2,Barrio Civico,2366816.36021,0
4510,Morera,29/07/2011 13:26,Medio (4 - 8 mts),92,Grande,-68.8410386027,-32.8678766938,4,Cuarta Oeste,1173332.70145,0
15531,Acacia SP,18/11/2011 17:48,Muy bajo (1 - 2 mts),4,Chico,-68.8606349249,-32.8713878832,7,Residencial Parque,1786336.08966,0
29395,Platano,02/03/2011 13:14,Alto (> 8 mts),200,Grande,-68.8457123013,-32.8916781478,2,Barrio Civico,2366816.36021,0
30696,Morera,03/02/2011 12:33,Alto (> 8 mts),195,Grande,-68.8555706566,-32.8673496752,6,Residencial Norte,2694682.37982,0
42540,Morera,28/09/2011 10:35,Alto (> 8 mts),235,Grande,-68.8306804545,-32.8758548487,4,Cuarta Este Área Fundacional,1822015.85685,0
22575,Morera,16/06/2011 10:03,Alto (> 8 mts),138,Grande,-68.8612549808,-32.8999605623,5,Residencial Sur,2423808.92355,0
44780,Fresno europeo,23/08/2011 12:14,Medio (4 - 8 mts),55,Mediano,-68.8242298432,-32.8694335931,4,Cuarta Este Área Fundacional,1822015.85685,0
39053,Morera,22/12/2010 13:44,Alto (> 8 mts),170,Grande,-68.8538331448,-32.8705025924,6,Residencial Norte,2694682.37982,0
26745,Morera,11/01/2012 12:55,Alto (> 8 mts),185,Grande,-68.8340933871,-32.8950825398,3,Parque O'Higgins,1531146.02653,0
29064,Platano,18/04/2011 09:53,Alto (> 8 mts),200,Grande,-68.8449966599,-32.886732081,1,Parque Central,1655357.93265,0
39265,Morera,29/12/2010 10:08,Alto (> 8 mts),140,Grande,-68.8555183282,-32.8713875795,6,Residencial Norte,2694682.37982,0
47207,Morera,19/09/2011 11:02,Alto (> 8 mts),185,Grande,-68.8321538607,-32.8741973344,4,Cuarta Este Área Fundacional,1822015.85685,0
22984,Morera,02/06/2011 11:04,Alto (> 8 mts),108,Grande,-68.8567763796,-32.9004234294,5,Residencial Sur,2423808.92355,0
19279,Morera,13/07/2011 21:49,Alto (> 8 mts),160,Grande,-68.8366484423,-32.870211636,4,Cuarta Oeste,1173332.70145,0
17534,Fresno europeo,28/07/2011 09:18,Medio (4 - 8 mts),80,Grande,-68.8387064458,-32.8668419057,4,Cuarta Oeste,1173332.70145,0
29162,Morera,10/03/2011 09:51,Alto (> 8 mts),140,Grande,-68.8461557776,-32.889298399,2,Barrio Civico,2366816.36021,0
15972,Morera,15/08/2011 12:36,Medio (4 - 8 mts),80,Grande,-68.8436420914,-32.872748505,4,Cuarta Oeste,1173332.70145,0
37032,Morera,05/04/2011 10:44,Alto (> 8 mts),88,Grande,-68.8576327426,-32.8762328224,6,Residencial Norte,2694682.37982,1
30872,Fresno europeo,15/02/2011 13:31,Bajo (2 - 4 mts),30,Mediano,-68.8550617568,-32.8654010284,6,Residencial Norte,2694682.37982,0
34328,Fresno europeo,09/03/2011 09:07,Alto (> 8 mts),146,Grande,-68.851232955,-32.8744105356,6,Residencial Norte,2694682.37982,0
46839,Platano,15/09/2011 13:50,Alto (> 8 mts),230,Grande,-68.8343295656,-32.8718375518,4,Cuarta Oeste,1173332.70145,1
33514,Platano,16/06/2011 12:57,Alto (> 8 mts),90,Grande,-68.8542182938,-32.8893294032,5,Residencial Sur,2423808.92355,0
27984,Fresno americano,31/10/2011 09:21,Medio (4 - 8 mts),105,Grande,-68.8371804092,-32.8930826806,3,Parque O'Higgins,1531146.02653,0
31679,Platano,15/06/2011 09:44,Alto (> 8 mts),198,Grande,-68.8588242034,-32.8882653043,5,Residencial Sur,2423808.92355,0
46515,Morera,17/08/2011 09:26,Alto (> 8 mts),199,Grande,-68.8310196705,-32.8668121652,4,Cuarta Oeste,1173332.70145,1
18742,Paraiso,12/07/2011 10:29,Alto (> 8 mts),110,Grande,-68.8373652356,-32.873052275,4,Cuarta Oeste,1173332.70145,0
25756,Morera,03/02/2011 10:12,Alto (> 8 mts),85,Grande,-68.841780785,-32.9030322554,2,Barrio Civico,2366816.36021,0
36115,Fresno europeo,05/04/2011 10:48,Alto (> 8 mts),65,Grande,-68.8555106144,-32.8772148744,6,Residencial Norte,2694682.37982,0
26326,Platano,20/10/2011 11:51,Alto (> 8 mts),170,Grande,-68.8321350602,-32.890034593,3,Parque O'Higgins,1531146.02653,0
43518,Morera,20/10/2011 15:35,Bajo (2 - 4 mts),44,Mediano,-68.8309711026,-32.8814585772,3,Parque O'Higgins,1531146.02653,0
37231,Morera,11/03/2011 13:13,Alto (> 8 mts),150,Grande,-68.8575050378,-32.8731020037,6,Residencial Norte,2694682.37982,0
21379,Morera,10/05/2011 09:41,Alto (> 8 mts),88,Grande,-68.8548409458,-32.8929697739,5,Residencial Sur,2423808.92355,0
20428,Morera,17/05/2011 11:11,Alto (> 8 mts),77,Grande,-68.8617423358,-32.8932492724,5,Residencial Sur,2423808.92355,0
27255,Platano,26/10/2011 09:22,Alto (> 8 mts),230,Grande,-68.835625087,-32.8889951622,3,Parque O'Higgins,1531146.02653,1
45259,Fresno europeo,29/09/2011 11:04,Alto (> 8 mts),140,Grande,-68.8225327145,-32.872842936,4,Cuarta Este Área Fundacional,1822015.85685,0
20377,Fresno americano,24/05/2011 12:26,Alto (> 8 mts),60,Mediano,-68.8615362479,-32.8942094691,5,Residencial Sur,2423808.92355,0
35751,Morera,04/03/2011 12:20,Alto (> 8 mts),160,Grande,-68.8553170971,-32.8732148802,6,Residencial Norte,2694682.37982,0
11703,Acer,31/01/2011 09:52,Medio (4 - 8 mts),62,Grande,-68.8508511336,-32.868626279,6,Residencial Norte,2694682.37982,0
36362,Platano,17/03/2011 12:54,Alto (> 8 mts),220,Grande,-68.8520059812,-32.8779960861,6,Residencial Norte,2694682.37982,0
18540,Morera,05/07/2011 12:34,Alto (> 8 mts),117,Grande,-68.8381742736,-32.8734321258,4,Cuarta Oeste,1173332.70145,0
43139,Platano,05/10/2011 11:31,Alto (> 8 mts),220,Grande,-68.8303614676,-32.8801223973,4,Cuarta Este Área Fundacional,1822015.85685,0
41124,Platano,02/05/2011 14:41,Alto (> 8 mts),182,Grande,-68.8400640341,-32.883236023,1,Parque Central,1655357.93265,0
14959,Paraiso,19/12/2011 09:17,Bajo (2 - 4 mts),57,Mediano,-68.8811222772,-32.8720986392,8,Aeroparque,2203364.73622,0
38813,Morera,14/12/2010 10:45,Alto (> 8 mts),190,Grande,-68.8503854311,-32.8713948007,6,Residencial Norte,2694682.37982,0
30085,Morera,26/04/2011 10:58,Alto (> 8 mts),185,Grande,-68.8424081691,-32.8871376659,3,Parque O'Higgins,1531146.02653,1
30636,Alamo blanco,07/02/2011 13:18,Alto (> 8 mts),270,Grande,-68.8581873341,-32.8673012677,6,Residencial Norte,2694682.37982,0
77,Fresno europeo,02/03/2012 13:33,Bajo (2 - 4 mts),30,Mediano,-68.8572680225,-32.8960676918,5,Residencial Sur,2423808.92355,0
8571,Paraiso sombrilla,03/02/2011 11:52,Medio (4 - 8 mts),55,Mediano,-68.8411552935,-32.9033072838,2,Barrio Civico,2366816.36021,0
26928,Platano,01/11/2011 17:58,Alto (> 8 mts),180,Grande,-68.8355380978,-32.8867447068,3,Parque O'Higgins,1531146.02653,0
35417,Morera,17/06/2011 15:38,Medio (4 - 8 mts),130,Grande,-68.8550715746,-32.8836745494,5,Residencial Sur,2423808.92355,0
32337,Platano,24/06/2011 11:57,Alto (> 8 mts),137,Grande,-68.852333029,-32.8905788296,5,Residencial Sur,2423808.92355,1
16145,Morera,21/07/2011 09:29,Alto (> 8 mts),132,Grande,-68.8453025972,-32.8729071613,6,Residencial Norte,2694682.37982,1
20668,Paraiso,02/06/2011 12:48,Alto (> 8 mts),95,Grande,-68.8606241346,-32.8957648855,5,Residencial Sur,2423808.92355,0
38934,Morera,03/01/2011 09:56,Alto (> 8 mts),130,Grande,-68.8562578987,-32.8706231634,6,Residencial Norte,2694682.37982,0
24519,Fresno europeo,10/01/2011 09:58,Bajo (2 - 4 mts),17,Chico,-68.8466345304,-32.9034183565,2,Barrio Civico,2366816.36021,0
33789,Fresno europeo,13/05/2011 10:41,Medio (4 - 8 mts),120,Grande,-68.8561891052,-32.8853518604,5,Residencial Sur,2423808.92355,0
21593,Paraiso,12/05/2011 10:05,Alto (> 8 mts),160,Grande,-68.8549067449,-32.8935299736,5,Residencial Sur,2423808.92355,0
438,Morera,06/03/2012 11:17,Muy bajo (1 - 2 mts),8,Chico,-68.8176995362,-32.8680132915,4,Cuarta Este Área Fundacional,1822015.85685,0
38811,Morera,14/12/2010 10:43,Medio (4 - 8 mts),40,Mediano,-68.8503706185,-32.8712700263,6,Residencial Norte,2694682.37982,0
1569,Morera,25/11/2011 10:20,Medio (4 - 8 mts),70,Grande,-68.8738241745,-32.8768453797,7,Residencial Parque,1786336.08966,0
38167,Morera,20/10/2010 13:31,Alto (> 8 mts),120,Grande,-68.8458742771,-32.8711663349,6,Residencial Norte,2694682.37982,0
31196,Morera,07/02/2011 09:04,Medio (4 - 8 mts),86,Grande,-68.8535797022,-32.8638032369,6,Residencial Norte,2694682.37982,0
22965,Morera,01/06/2011 13:23,Alto (> 8 mts),88,Grande,-68.8563091365,-32.8994597077,5,Residencial Sur,2423808.92355,1
22042,Morera,16/05/2011 09:57,Alto (> 8 mts),180,Grande,-68.8572001101,-32.8938059549,5,Residencial Sur,2423808.92355,0
35457,Morera,28/03/2011 13:25,Alto (> 8 mts),154,Grande,-68.8539881589,-32.8814682709,6,Residencial Norte,2694682.37982,0
37440,Fresno europeo,03/01/2011 12:09,Bajo (2 - 4 mts),20,Chico,-68.8567140702,-32.8717334923,6,Residencial Norte,2694682.37982,0
1204,Paraiso sombrilla,30/11/2011 11:07,Bajo (2 - 4 mts),99,Grande,-68.8772564273,-32.8655901366,8,Aeroparque,2203364.73622,0
16473,Paraiso,05/08/2011 08:53,Medio (4 - 8 mts),65,Grande,-68.8423594362,-32.865853769,4,Cuarta Oeste,1173332.70145,0
13599,Paraiso,01/03/2011 13:22,Alto (> 8 mts),100,Grande,-68.8512083633,-32.8658699624,6,Residencial Norte,2694682.37982,0
39455,Morera,15/11/2010 09:53,Alto (> 8 mts),220,Grande,-68.8549490496,-32.869121799,6,Residencial Norte,2694682.37982,0
9094,Fresno europeo,17/02/2011 10:53,Alto (> 8 mts),130,Grande,-68.8543116047,-32.8665639931,6,Residencial Norte,2694682.37982,0
6754,Acer,17/05/2011 09:20,Alto (> 8 mts),120,Grande,-68.8604019736,-32.8929844037,5,Residencial Sur,2423808.92355,0
38504,Acer,02/11/2010 10:10,Alto (> 8 mts),87,Grande,-68.8502088736,-32.8692842636,6,Residencial Norte,2694682.37982,0
28418,Morera,28/02/2011 12:25,Alto (> 8 mts),170,Grande,-68.8463695208,-32.8904538153,2,Barrio Civico,2366816.36021,0
1031,Aguaribay,14/12/2011 10:58,Bajo (2 - 4 mts),45,Mediano,-68.8820348868,-32.8650197448,8,Aeroparque,2203364.73622,0
33677,Acacia SP,13/05/2011 10:42,Alto (> 8 mts),140,Grande,-68.8555298056,-32.8873672204,5,Residencial Sur,2423808.92355,0
42764,Morera,30/09/2011 15:39,Medio (4 - 8 mts),140,Grande,-68.8308304272,-32.8786950613,4,Cuarta Este Área Fundacional,1822015.85685,1
12277,Morera,10/01/2011 10:09,Alto (> 8 mts),190,Grande,-68.8451264071,-32.8677179752,4,Cuarta Oeste,1173332.70145,1
21707,Fresno europeo,09/06/2011 11:30,Alto (> 8 mts),137,Grande,-68.8565192207,-32.8957783461,5,Residencial Sur,2423808.92355,1
5497,Platano,08/04/2011 12:51,Medio (4 - 8 mts),60,Mediano,-68.8436821942,-32.8811077914,1,Parque Central,1655357.93265,0
22504,Fresno europeo,27/06/2011 14:24,Medio (4 - 8 mts),95,Grande,-68.8587603138,-32.9004015209,5,Residencial Sur,2423808.92355,0
18125,Morera,28/07/2011 09:25,Alto (> 8 mts),160,Grande,-68.8418412832,-32.8696222142,4,Cuarta Oeste,1173332.70145,0
18793,Morera,07/07/2011 10:33,Alto (> 8 mts),167,Grande,-68.8375093559,-32.8730652664,4,Cuarta Oeste,1173332.70145,1
26072,Fresno europeo,04/11/2011 17:48,Medio (4 - 8 mts),50,Mediano,-68.8339259176,-32.8860988973,3,Parque O'Higgins,1531146.02653,0
44781,Fresno europeo,23/08/2011 12:12,Medio (4 - 8 mts),60,Mediano,-68.8241637014,-32.869435033,4,Cuarta Este Área Fundacional,1822015.85685,0
11070,Fresno europeo,31/03/2011 10:33,Alto (> 8 mts),98,Grande,-68.8553235239,-32.879593503,6,Residencial Norte,2694682.37982,0
427,Morera,06/03/2012 11:56,Medio (4 - 8 mts),70,Grande,-68.8174318256,-32.8676199202,4,Cuarta Este Área Fundacional,1822015.85685,0
1805,Acer,24/11/2011 13:20,Medio (4 - 8 mts),50,Mediano,-68.8703353089,-32.8797295668,7,Residencial Parque,1786336.08966,0
28624,Morera,23/02/2011 12:03,Alto (> 8 mts),180,Grande,-68.8476586731,-32.8911559634,2,Barrio Civico,2366816.36021,0
12357,Morera,13/01/2011 12:19,Alto (> 8 mts),115,Grande,-68.8475444151,-32.8667590957,6,Residencial Norte,2694682.37982,0
32652,Morera,24/06/2011 13:44,Medio (4 - 8 mts),20,Chico,-68.8506776527,-32.8907637503,5,Residencial Sur,2423808.92355,0
24149,Prunas,25/01/2011 11:33,Bajo (2 - 4 mts),48,Mediano,-68.8461208727,-32.9020195102,2,Barrio Civico,2366816.36021,0
36887,Platano,07/04/2011 15:52,Alto (> 8 mts),150,Grande,-68.8591357605,-32.8800647936,7,Residencial Parque,1786336.08966,0
22266,Olmo comun,15/06/2011 08:02,Alto (> 8 mts),133,Grande,-68.8567832199,-32.897735196,5,Residencial Sur,2423808.92355,0
33258,Fresno europeo,30/06/2011 11:23,Alto (> 8 mts),100,Grande,-68.8560740963,-32.8899822415,5,Residencial Sur,2423808.92355,0
4383,Morera,04/08/2011 11:43,Bajo (2 - 4 mts),12,Chico,-68.8365422704,-32.8691425936,4,Cuarta Oeste,1173332.70145,0
13615,Morera,28/02/2011 11:54,Alto (> 8 mts),128,Grande,-68.8517856584,-32.8660861591,6,Residencial Norte,2694682.37982,0
13965,Acer,29/11/2011 12:25,Bajo (2 - 4 mts),20,Chico,-68.8779848814,-32.8648061639,8,Aeroparque,2203364.73622,0
1191,Morera,29/11/2011 09:46,Bajo (2 - 4 mts),18,Chico,-68.8763111841,-32.8655840119,8,Aeroparque,2203364.73622,0
20989,Paraiso,22/06/2011 11:12,Alto (> 8 mts),165,Grande,-68.8636162476,-32.9004666244,5,Residencial Sur,2423808.92355,0
34944,Fresno europeo,04/04/2011 12:16,Alto (> 8 mts),70,Grande,-68.857059614,-32.879265105100004,7,Residencial Parque,1786336.08966,0
181,Braquiquito,26/02/2012 19:37,Muy bajo (1 - 2 mts),16,Chico,-68.8572437821,-32.8646160029,6,Residencial Norte,2694682.37982,0
16754,Morera,15/08/2011 10:41,Alto (> 8 mts),170,Grande,-68.8382283314,-32.8629630709,4,Cuarta Oeste,1173332.70145,0
47615,Morera,08/09/2011 10:56,Alto (> 8 mts),168,Grande,-68.8295863239,-32.8710127476,4,Cuarta Este Área Fundacional,1822015.85685,0
29457,Morera,15/03/2011 13:26,Alto (> 8 mts),200,Grande,-68.8445163306,-32.894141698,2,Barrio Civico,2366816.36021,1
17602,Fresno europeo,19/07/2011 10:36,Bajo (2 - 4 mts),30,Mediano,-68.8428530399,-32.8659664301,4,Cuarta Oeste,1173332.70145,0
8865,Morera,12/05/2010 10:44,Medio (4 - 8 mts),65,Grande,-68.8517487194,-32.866890036,6,Residencial Norte,2694682.37982,0
21004,Prunas,22/06/2011 09:24,Medio (4 - 8 mts),40,Mediano,-68.8626151226,-32.9010603915,5,Residencial Sur,2423808.92355,0
30232,Perenne,10/03/2011 08:54,Bajo (2 - 4 mts),70,Grande,-68.8423779546,-32.891192903,2,Barrio Civico,2366816.36021,0
4918,Paraiso,20/07/2011 09:21,Muy bajo (1 - 2 mts),5,Chico,-68.8428229922,-32.864841617,4,Cuarta Oeste,1173332.70145,0
45623,Morera,22/09/2011 08:38,Alto (> 8 mts),140,Grande,-68.8211102941,-32.871355099,4,Cuarta Este Área Fundacional,1822015.85685,0
12904,Acer,12/01/2011 10:57,Muy bajo (1 - 2 mts),8,Chico,-68.8452270743,-32.8634442247,4,Cuarta Oeste,1173332.70145,0
26101,Fresno americano,04/11/2011 15:56,Medio (4 - 8 mts),120,Grande,-68.8332966851,-32.8875711152,3,Parque O'Higgins,1531146.02653,0
5715,Morera,04/05/2011 13:18,Bajo (2 - 4 mts),23,Mediano,-68.8408248819,-32.8788711965,1,Parque Central,1655357.93265,0
24604,Catalpa,07/02/2011 10:35,Alto (> 8 mts),180,Grande,-68.8438287297,-32.9030164483,2,Barrio Civico,2366816.36021,1
47816,Morera,23/09/2011 14:35,Alto (> 8 mts),145,Grande,-68.8262042213,-32.8739047856,4,Cuarta Este Área Fundacional,1822015.85685,0
26080,Fresno americano,04/11/2011 17:18,Medio (4 - 8 mts),170,Grande,-68.8330666229,-32.8861422797,3,Parque O'Higgins,1531146.02653,0
524,Morera,08/03/2012 18:16,Alto (> 8 mts),130,Grande,-68.8210011764,-32.8686237714,4,Cuarta Este Área Fundacional,1822015.85685,0
45751,Morera,24/08/2011 11:02,Alto (> 8 mts),175,Grande,-68.8211798523,-32.8701687542,4,Cuarta Este Área Fundacional,1822015.85685,0
41403,Morera,15/04/2011 11:00,Alto (> 8 mts),106,Grande,-68.8423659572,-32.8820337711,1,Parque Central,1655357.93265,0
39308,Morera,30/11/2010 11:06,Medio (4 - 8 mts),50,Mediano,-68.8560806852,-32.8726305822,6,Residencial Norte,2694682.37982,0
30536,Fresno americano,08/02/2011 09:35,Medio (4 - 8 mts),50,Mediano,-68.8572594574,-32.8667406917,6,Residencial Norte,2694682.37982,0
25363,Acer,10/02/2011 13:49,Alto (> 8 mts),138,Grande,-68.8386683456,-32.9006286924,2,Barrio Civico,2366816.36021,0
36053,Morera,17/03/2011 13:18,Alto (> 8 mts),145,Grande,-68.8574051817,-32.8754076297,6,Residencial Norte,2694682.37982,0
1136,Fresno americano,01/12/2011 08:00,Muy bajo (1 - 2 mts),12,Chico,-68.8759798327,-32.8673583701,8,Aeroparque,2203364.73622,0
29010,Platano,20/04/2011 11:40,Alto (> 8 mts),126,Grande,-68.8450817499,-32.8864121759,1,Parque Central,1655357.93265,0
9115,Paraiso,23/02/2011 09:29,Alto (> 8 mts),55,Mediano,-68.8532830084,-32.8661571067,6,Residencial Norte,2694682.37982,0
16622,Morera,26/07/2011 15:10,Alto (> 8 mts),188,Grande,-68.839991172,-32.865714336,4,Cuarta Oeste,1173332.70145,0
1335,Morera,29/11/2011 11:55,Bajo (2 - 4 mts),60,Mediano,-68.8778972007,-32.865663287,8,Aeroparque,2203364.73622,0
25775,Paraiso,02/02/2011 13:00,Alto (> 8 mts),80,Grande,-68.8408381685,-32.9035909992,2,Barrio Civico,2366816.36021,0
16657,Paraiso,19/07/2011 11:48,Alto (> 8 mts),168,Grande,-68.8410949286,-32.8628640416,4,Cuarta Oeste,1173332.70145,1
1950,Morera,18/11/2011 16:57,Medio (4 - 8 mts),60,Mediano,-68.8591489254,-32.8704142733,6,Residencial Norte,2694682.37982,0
8927,Morera,24/01/2011 12:52,Alto (> 8 mts),160,Grande,-68.8488577577,-32.867037424,6,Residencial Norte,2694682.37982,0
43328,Fresno americano,05/10/2011 11:49,Alto (> 8 mts),80,Grande,-68.832387771,-32.8791613494,4,Cuarta Este Área Fundacional,1822015.85685,1
12816,Ailanthus,20/01/2011 12:46,Alto (> 8 mts),120,Grande,-68.8470718414,-32.8638055583,4,Cuarta Oeste,1173332.70145,0
44484,Platano,17/10/2011 10:49,Alto (> 8 mts),180,Grande,-68.8357883918,-32.8846549136,3,Parque O'Higgins,1531146.02653,0
35167,Jacaranda,30/03/2011 10:01,Medio (4 - 8 mts),31,Mediano,-68.851789842,-32.8816494664,1,Parque Central,1655357.93265,0
47701,Fresno europeo,09/09/2011 13:45,Alto (> 8 mts),55,Mediano,-68.8305074817,-32.8726393925,4,Cuarta Este Área Fundacional,1822015.85685,0
13557,Fresno europeo,28/01/2011 10:11,Medio (4 - 8 mts),70,Grande,-68.8505385161,-32.8642011495,6,Residencial Norte,2694682.37982,0
45825,Morera,26/08/2011 11:19,Medio (4 - 8 mts),243,Grande,-68.8210820484,-32.8694583455,4,Cuarta Este Área Fundacional,1822015.85685,0
2574,Fresno europeo,18/10/2011 11:48,Medio (4 - 8 mts),70,Grande,-68.8355549987,-32.8824225668,3,Parque O'Higgins,1531146.02653,0
12571,Morera,11/01/2011 13:29,Alto (> 8 mts),160,Grande,-68.8448518627,-32.8626170036,4,Cuarta Oeste,1173332.70145,0
40005,Morera,20/04/2011 12:35,Bajo (2 - 4 mts),22,Mediano,-68.8442312133,-32.8781479178,1,Parque Central,1655357.93265,0
40519,Platano,12/04/2011 10:17,Alto (> 8 mts),120,Grande,-68.8440716593,-32.8831604101,1,Parque Central,1655357.93265,1
20532,Morera,03/06/2011 09:22,Alto (> 8 mts),150,Grande,-68.8593979399,-32.8976607397,5,Residencial Sur,2423808.92355,0
46819,Platano,07/09/2011 10:18,Alto (> 8 mts),220,Grande,-68.8333600751,-32.8726573817,4,Cuarta Este Área Fundacional,1822015.85685,0
10452,Morera,09/03/2011 10:28,Alto (> 8 mts),50,Mediano,-68.856229328,-32.8735157957,6,Residencial Norte,2694682.37982,0
20191,Platano,12/05/2011 10:49,Alto (> 8 mts),220,Grande,-68.8598769233,-32.8914897191,5,Residencial Sur,2423808.92355,0
37540,Fresno europeo,25/11/2010 12:32,Bajo (2 - 4 mts),45,Mediano,-68.8576463324,-32.8699431106,6,Residencial Norte,2694682.37982,0
32232,Morera,09/05/2011 12:43,Medio (4 - 8 mts),130,Grande,-68.8608293145,-32.8850763491,5,Residencial Sur,2423808.92355,0
21420,Morera,10/05/2011 11:21,Alto (> 8 mts),104,Grande,-68.8566656977,-32.8923369239,5,Residencial Sur,2423808.92355,0
37694,Fresno europeo,24/02/2012 08:21,Medio (4 - 8 mts),80,Grande,-68.8515981367,-32.8726428042,6,Residencial Norte,2694682.37982,0
15192,Paraiso,17/11/2011 13:26,Bajo (2 - 4 mts),37,Mediano,-68.8600704524,-32.8687051235,6,Residencial Norte,2694682.37982,0
1287,Liquidambar,30/11/2011 18:26,Bajo (2 - 4 mts),14,Chico,-68.8778981291,-32.8700831105,8,Aeroparque,2203364.73622,0
15018,Morera,19/12/2011 17:17,Bajo (2 - 4 mts),18,Chico,-68.8806879794,-32.8721179034,8,Aeroparque,2203364.73622,0
19973,Morera,05/08/2011 08:54,Alto (> 8 mts),170,Grande,-68.8328887927,-32.8645997104,4,Cuarta Oeste,1173332.70145,1
41444,Platano,07/04/2011 12:51,Alto (> 8 mts),163,Grande,-68.8410789959,-32.8815251009,1,Parque Central,1655357.93265,0
12974,Paraiso,15/02/2011 08:42,Alto (> 8 mts),226,Grande,-68.8439344236,-32.8645660212,4,Cuarta Oeste,1173332.70145,0
20283,Morera,17/05/2011 10:08,Bajo (2 - 4 mts),32,Mediano,-68.8596534242,-32.8936138562,5,Residencial Sur,2423808.92355,0
44285,Fresno americano,21/10/2011 16:23,Medio (4 - 8 mts),116,Grande,-68.835154971,-32.879934171,1,Parque Central,1655357.93265,0
47315,Fresno europeo,21/09/2011 11:14,Medio (4 - 8 mts),50,Mediano,-68.8309969423,-32.8752922341,4,Cuarta Este Área Fundacional,1822015.85685,0
31550,Platano,18/05/2011 09:51,Alto (> 8 mts),150,Grande,-68.8594487884,-32.8903765322,5,Residencial Sur,2423808.92355,0
6128,Platano,28/04/2011 12:05,Muy bajo (1 - 2 mts),10,Chico,-68.8380036441,-32.8839762233,3,Parque O'Higgins,1531146.02653,0
6218,Platano,04/04/2011 15:41,Alto (> 8 mts),210,Grande,-68.8391288653,-32.8883717335,3,Parque O'Higgins,1531146.02653,0
31470,Paraiso,19/05/2011 11:48,Medio (4 - 8 mts),90,Grande,-68.8583200702,-32.8915954701,5,Residencial Sur,2423808.92355,1
8121,Fresno europeo,16/03/2011 12:18,Medio (4 - 8 mts),38,Mediano,-68.8408879908,-32.8913578299,2,Barrio Civico,2366816.36021,0
23106,Morera,17/01/2011 17:05,Medio (4 - 8 mts),57,Mediano,-68.8472727672,-32.9021089825,2,Barrio Civico,2366816.36021,0
14373,Fresno europeo,30/11/2011 12:15,Bajo (2 - 4 mts),40,Mediano,-68.8783138982,-32.8660672469,8,Aeroparque,2203364.73622,0
18196,Alamo criollo,22/07/2011 09:18,Alto (> 8 mts),190,Grande,-68.8404438864,-32.8692842727,4,Cuarta Oeste,1173332.70145,0
8735,Perenne,14/02/2011 09:02,Alto (> 8 mts),47,Mediano,-68.8365918508,-32.900811955,2,Barrio Civico,2366816.36021,0
12255,Paraiso,17/01/2011 10:05,Alto (> 8 mts),130,Grande,-68.8459878859,-32.8681505826,6,Residencial Norte,2694682.37982,0
40402,Morera,08/04/2011 12:05,Alto (> 8 mts),90,Grande,-68.8452421291,-32.8824946114,1,Parque Central,1655357.93265,0
29666,Morera,02/03/2011 19:37,Medio (4 - 8 mts),108,Grande,-68.8413542277,-32.8947186632,2,Barrio Civico,2366816.36021,0
5864,Fresno europeo,28/04/2011 09:56,Alto (> 8 mts),70,Grande,-68.8427199313,-32.8865983155,1,Parque Central,1655357.93265,0
40388,Olmo comun,08/04/2011 12:43,Alto (> 8 mts),90,Grande,-68.8444891644,-32.8815780085,1,Parque Central,1655357.93265,0
37921,Olmo comun,19/11/2010 10:01,Alto (> 8 mts),160,Grande,-68.8487852879,-32.8735683941,6,Residencial Norte,2694682.37982,0
45714,Morera,24/08/2011 12:07,Medio (4 - 8 mts),79,Grande,-68.822259736,-32.8694186888,4,Cuarta Este Área Fundacional,1822015.85685,0
47973,Morera,02/09/2011 09:56,Medio (4 - 8 mts),239,Grande,-68.8256089972,-32.8679809101,4,Cuarta Este Área Fundacional,1822015.85685,1
35629,Paraiso,15/03/2011 13:02,Medio (4 - 8 mts),120,Grande,-68.856263052,-32.8743163287,6,Residencial Norte,2694682.37982,0
41285,Fresno europeo,30/09/2011 11:26,Alto (> 8 mts),90,Grande,-68.8396616073,-32.8810620797,1,Parque Central,1655357.93265,0
3689,Morera,24/08/2011 13:38,Alto (> 8 mts),140,Grande,-68.8181519533,-32.8693557042,4,Cuarta Este Área Fundacional,1822015.85685,0
4184,Jacaranda,06/07/2011 12:34,Medio (4 - 8 mts),18,Chico,-68.8369018203,-32.8756826334,1,Parque Central,1655357.93265,0
23073,Fresno europeo,13/01/2011 14:26,Bajo (2 - 4 mts),45,Mediano,-68.8472326951,-32.9014801852,2,Barrio Civico,2366816.36021,0
3183,Fresno americano,21/09/2011 11:40,Alto (> 8 mts),130,Grande,-68.830725736,-32.8745255371,4,Cuarta Este Área Fundacional,1822015.85685,0
31876,Morera,29/06/2011 10:14,Alto (> 8 mts),98,Grande,-68.8602777315,-32.8900064573,5,Residencial Sur,2423808.92355,1
15924,Paraiso sombrilla,24/11/2011 12:11,Bajo (2 - 4 mts),50,Mediano,-68.8733206427,-32.8771276573,7,Residencial Parque,1786336.08966,0
36170,Platano,04/04/2011 10:20,Alto (> 8 mts),186,Grande,-68.8527117834,-32.8771521145,6,Residencial Norte,2694682.37982,0
26296,Fresno europeo,21/10/2011 09:19,Medio (4 - 8 mts),115,Grande,-68.8325699199,-32.888815439,3,Parque O'Higgins,1531146.02653,1
8329,Morera,23/03/2011 18:02,Medio (4 - 8 mts),38,Mediano,-68.846118888,-32.893836577,2,Barrio Civico,2366816.36021,0
15402,Morera,15/11/2011 13:06,Medio (4 - 8 mts),68,Grande,-68.8607965402,-32.8696977555,7,Residencial Parque,1786336.08966,0
42692,Morera,03/10/2011 08:05,Alto (> 8 mts),170,Grande,-68.8282823611,-32.8767592609,4,Cuarta Este Área Fundacional,1822015.85685,1
31265,Fresno europeo,03/02/2011 12:46,Medio (4 - 8 mts),66,Grande,-68.8533741771,-32.8644984036,6,Residencial Norte,2694682.37982,0
15172,Paraiso,21/11/2011 12:14,Bajo (2 - 4 mts),27,Mediano,-68.8595386303,-32.8695903976,6,Residencial Norte,2694682.37982,0
18321,Platano,01/08/2011 13:10,Alto (> 8 mts),180,Grande,-68.8375347371,-32.8678779426,4,Cuarta Oeste,1173332.70145,0
36764,Morera,21/03/2011 15:35,Medio (4 - 8 mts),82,Grande,-68.8568154545,-32.8815816362,7,Residencial Parque,1786336.08966,0
16760,Paraiso,11/08/2011 14:05,Medio (4 - 8 mts),90,Grande,-68.8384289446,-32.8625098676,4,Cuarta Oeste,1173332.70145,0
33274,Caducifolio,29/06/2011 11:25,Bajo (2 - 4 mts),88,Grande,-68.8548966158,-32.891096516,5,Residencial Sur,2423808.92355,1
43561,Morera,12/10/2011 08:04,Medio (4 - 8 mts),98,Grande,-68.8307033319,-32.8837185792,3,Parque O'Higgins,1531146.02653,0
22143,Morera,13/05/2011 13:49,Alto (> 8 mts),88,Grande,-68.8555392514,-32.8984327483,5,Residencial Sur,2423808.92355,0
47285,Morera,20/09/2011 11:05,Alto (> 8 mts),98,Grande,-68.8306715954,-32.8736007301,4,Cuarta Este Área Fundacional,1822015.85685,0
32300,Morera,29/06/2011 09:35,Alto (> 8 mts),140,Grande,-68.8526335209,-32.8912464358,5,Residencial Sur,2423808.92355,0
24899,Morera,17/02/2011 08:47,Alto (> 8 mts),151,Grande,-68.8383809554,-32.8966717949,2,Barrio Civico,2366816.36021,0
35827,Morera,03/03/2011 13:16,Alto (> 8 mts),125,Grande,-68.8542386127,-32.8731716236,6,Residencial Norte,2694682.37982,1
43775,Fresno europeo,14/10/2011 18:23,Alto (> 8 mts),220,Grande,-68.832974557,-32.8824432956,3,Parque O'Higgins,1531146.02653,0
45022,Morera,29/08/2011 09:33,Alto (> 8 mts),130,Grande,-68.825690702,-32.8699090265,4,Cuarta Este Área Fundacional,1822015.85685,0
13621,Tilo,28/02/2011 12:20,Medio (4 - 8 mts),50,Mediano,-68.8518146295,-32.8657737723,6,Residencial Norte,2694682.37982,0
48326,Olmo comun,19/08/2011 10:25,Medio (4 - 8 mts),95,Grande,-68.8273687951,-32.8679060757,4,Cuarta Este Área Fundacional,1822015.85685,0
38198,Fresno europeo,25/08/2010 11:16,Bajo (2 - 4 mts),16,Chico,-68.846695943,-32.8737216763,6,Residencial Norte,2694682.37982,0
43571,Morera,11/10/2011 08:25,Alto (> 8 mts),150,Grande,-68.8297613994,-32.8828084517,3,Parque O'Higgins,1531146.02653,0
27784,Morera,03/11/2011 10:24,Alto (> 8 mts),130,Grande,-68.8351304925,-32.894481042,3,Parque O'Higgins,1531146.02653,1
4639,Olmo comun,04/08/2011 10:08,Medio (4 - 8 mts),72,Grande,-68.8346772517,-32.8646972668,4,Cuarta Oeste,1173332.70145,0
32480,Morera,27/05/2011 11:10,Muy bajo (1 - 2 mts),4,Chico,-68.853933591,-32.8890466828,5,Residencial Sur,2423808.92355,0
18727,Morera,12/07/2011 19:32,Alto (> 8 mts),120,Grande,-68.8362726844,-32.8732182943,4,Cuarta Oeste,1173332.70145,1
23790,Morera,26/01/2011 15:22,Alto (> 8 mts),92,Grande,-68.8508258563,-32.900377517,2,Barrio Civico,2366816.36021,0
35732,Fresno europeo,09/03/2011 09:34,Medio (4 - 8 mts),195,Grande,-68.8546394322,-32.8739722596,6,Residencial Norte,2694682.37982,0
17307,Morera,04/08/2011 10:02,Alto (> 8 mts),126,Grande,-68.8355927659,-32.8652940337,4,Cuarta Oeste,1173332.70145,0
8355,Morera,03/02/2011 17:35,Medio (4 - 8 mts),58,Mediano,-68.8403364474,-32.9019735065,2,Barrio Civico,2366816.36021,0
592,Morera,08/03/2012 09:33,Alto (> 8 mts),165,Grande,-68.8200878579,-32.8680147121,4,Cuarta Este Área Fundacional,1822015.85685,1
40478,Platano,11/04/2011 09:40,Alto (> 8 mts),125,Grande,-68.8437284888,-32.881836838,1,Parque Central,1655357.93265,0
46287,Acacia SP,27/09/2011 09:44,Medio (4 - 8 mts),55,Mediano,-68.8229364867,-32.8739829783,4,Cuarta Este Área Fundacional,1822015.85685,0
2910,Prunas,20/09/2011 09:24,Bajo (2 - 4 mts),41,Mediano,-68.8217883111,-32.8734579183,4,Cuarta Este Área Fundacional,1822015.85685,0
14165,Acacia SP,30/11/2011 10:25,Medio (4 - 8 mts),80,Grande,-68.8766944596,-32.867020957,8,Aeroparque,2203364.73622,0
43693,Morera,11/10/2011 09:56,Alto (> 8 mts),128,Grande,-68.8311863252,-32.883033303,3,Parque O'Higgins,1531146.02653,1
11038,Fresno europeo,28/03/2011 16:47,Bajo (2 - 4 mts),12,Chico,-68.8574312407,-32.8791945372,7,Residencial Parque,1786336.08966,0
16174,Morera,18/07/2011 09:34,Alto (> 8 mts),200,Grande,-68.8431552416,-32.8682025121,4,Cuarta Oeste,1173332.70145,0
41718,Paraiso,28/04/2011 09:14,Medio (4 - 8 mts),52,Mediano,-68.8379191976,-32.8784333088,1,Parque Central,1655357.93265,0
34301,Morera,04/03/2011 13:03,Bajo (2 - 4 mts),38,Mediano,-68.8515779558,-32.8736597442,6,Residencial Norte,2694682.37982,0
31576,Fresno americano,13/06/2011 15:00,Medio (4 - 8 mts),57,Mediano,-68.8590430886,-32.8890240311,5,Residencial Sur,2423808.92355,0
18621,Paraiso,06/07/2011 11:19,Alto (> 8 mts),210,Grande,-68.837675225,-32.874197634,4,Cuarta Oeste,1173332.70145,0
430,Acer,06/03/2012 11:47,Bajo (2 - 4 mts),36,Mediano,-68.8174323986,-32.8678074888,4,Cuarta Este Área Fundacional,1822015.85685,0
6343,Platano,30/06/2011 14:32,Alto (> 8 mts),115,Grande,-68.8544061494,-32.8902042901,5,Residencial Sur,2423808.92355,0
9812,Paraiso,12/01/2011 10:06,Alto (> 8 mts),160,Grande,-68.8454554929,-32.863620959,4,Cuarta Oeste,1173332.70145,0
45498,Alamo criollo,19/09/2011 11:16,Medio (4 - 8 mts),265,Grande,-68.820466426,-32.8723005988,4,Cuarta Este Área Fundacional,1822015.85685,0
31675,Morera,14/06/2011 10:19,Medio (4 - 8 mts),54,Mediano,-68.8589192662,-32.8885929729,5,Residencial Sur,2423808.92355,0
30449,Platano,21/02/2011 09:33,Alto (> 8 mts),264,Grande,-68.8414710691,-32.8886133698,3,Parque O'Higgins,1531146.02653,0
15065,Alamo blanco,17/11/2011 12:41,Alto (> 8 mts),165,Grande,-68.858209334,-32.8693943898,6,Residencial Norte,2694682.37982,0
28287,Morera,10/03/2011 17:24,Alto (> 8 mts),158,Grande,-68.850632606,-32.892895781,5,Residencial Sur,2423808.92355,0
23905,Morera,28/02/2012 12:11,Alto (> 8 mts),150,Grande,-68.8522911396,-32.8995275217,2,Barrio Civico,2366816.36021,1
17472,Morera,16/01/2012 09:56,Alto (> 8 mts),175,Grande,-68.8359395568,-32.8688479109,4,Cuarta Oeste,1173332.70145,1
25500,Morera,07/02/2011 12:16,Alto (> 8 mts),196,Grande,-68.8413085343,-32.9013507008,2,Barrio Civico,2366816.36021,0
47474,Fresno europeo,20/09/2011 10:38,Alto (> 8 mts),80,Grande,-68.8296525102,-32.8753614377,4,Cuarta Este Área Fundacional,1822015.85685,0
31332,Acer,25/02/2011 10:50,Medio (4 - 8 mts),140,Grande,-68.8484731594,-32.8660215483,6,Residencial Norte,2694682.37982,0
47504,Morera,29/08/2011 14:29,Alto (> 8 mts),152,Grande,-68.8274344034,-32.8709927556,4,Cuarta Este Área Fundacional,1822015.85685,0
24045,Morera,21/01/2011 12:55,Alto (> 8 mts),150,Grande,-68.8458677413,-32.9013912941,2,Barrio Civico,2366816.36021,0
39450,Paraiso,11/11/2010 10:07,Alto (> 8 mts),210,Grande,-68.8546478216,-32.8691705755,6,Residencial Norte,2694682.37982,0
19017,Olmo comun,12/07/2011 10:05,Medio (4 - 8 mts),100,Grande,-68.8397760208,-32.8709528908,4,Cuarta Oeste,1173332.70145,0
38022,Fresno europeo,07/12/2010 10:15,Alto (> 8 mts),90,Grande,-68.848183092,-32.8718589544,6,Residencial Norte,2694682.37982,0
23127,Olmo comun,11/01/2011 17:42,Bajo (2 - 4 mts),76,Grande,-68.8473381017,-32.9033395983,2,Barrio Civico,2366816.36021,0
21364,Morera,09/05/2011 08:48,Alto (> 8 mts),118,Grande,-68.8536537568,-32.8926378392,5,Residencial Sur,2423808.92355,1
29498,Platano,18/02/2011 11:07,Alto (> 8 mts),152,Grande,-68.8447564439,-32.892005845,2,Barrio Civico,2366816.36021,0
43425,Fresno americano,26/10/2011 16:13,Medio (4 - 8 mts),14,Chico,-68.8323078849,-32.8801572323,3,Parque O'Higgins,1531146.02653,0
45610,Fresno americano,22/09/2011 08:49,Medio (4 - 8 mts),77,Grande,-68.8200663291,-32.8719910974,4,Cuarta Este Área Fundacional,1822015.85685,1
15244,Paraiso,16/11/2011 12:19,Bajo (2 - 4 mts),18,Chico,-68.8603483375,-32.869602303,6,Residencial Norte,2694682.37982,0
2704,Perenne,11/10/2011 08:15,Medio (4 - 8 mts),200,Grande,-68.8298475594,-32.8827051304,3,Parque O'Higgins,1531146.02653,0
47208,Fresno europeo,19/09/2011 11:00,Medio (4 - 8 mts),60,Mediano,-68.8321526163,-32.874261774,4,Cuarta Este Área Fundacional,1822015.85685,0
42360,Fresno europeo,05/10/2011 11:06,Alto (> 8 mts),130,Grande,-68.8350010496,-32.8751694214,4,Cuarta Este Área Fundacional,1822015.85685,0
37043,Platano,05/04/2011 11:48,Medio (4 - 8 mts),120,Grande,-68.8570664208,-32.8759386852,6,Residencial Norte,2694682.37982,0
47293,Morera,20/09/2011 10:42,Muy bajo (1 - 2 mts),6,Chico,-68.8310790303,-32.8739699601,4,Cuarta Este Área Fundacional,1822015.85685,0
28759,Morera,02/03/2011 08:39,Alto (> 8 mts),230,Grande,-68.8491696386,-32.8873769077,5,Residencial Sur,2423808.92355,0
21605,Fresno europeo,11/05/2011 11:54,Muy bajo (1 - 2 mts),95,Grande,-68.8552558011,-32.8947229035,5,Residencial Sur,2423808.92355,0
40322,Fresno americano,08/04/2011 12:48,Alto (> 8 mts),120,Grande,-68.8436607687,-32.8810278448,1,Parque Central,1655357.93265,0
2340,Platano,01/11/2011 10:02,Alto (> 8 mts),190,Grande,-68.8355314572,-32.889417212,3,Parque O'Higgins,1531146.02653,0
33471,Platano,15/06/2011 10:01,Alto (> 8 mts),170,Grande,-68.8566388297,-32.8896669094,5,Residencial Sur,2423808.92355,0
11035,Platano,28/03/2011 16:18,Alto (> 8 mts),142,Grande,-68.8575202192,-32.8799295871,7,Residencial Parque,1786336.08966,0
15342,Paraiso,16/11/2011 13:00,Alto (> 8 mts),142,Grande,-68.8600220102,-32.870071897,6,Residencial Norte,2694682.37982,0
40424,Platano,11/04/2011 12:33,Alto (> 8 mts),175,Grande,-68.8444067124,-32.8838463255,1,Parque Central,1655357.93265,0
8515,Ligustro,10/02/2011 09:29,Alto (> 8 mts),98,Grande,-68.8377251583,-32.8966998456,2,Barrio Civico,2366816.36021,0
40434,Fresno europeo,11/04/2011 12:14,Medio (4 - 8 mts),75,Grande,-68.8452686709,-32.883824821,1,Parque Central,1655357.93265,0
5928,Morera,02/05/2011 11:32,Alto (> 8 mts),180,Grande,-68.845072548,-32.8764011266,1,Parque Central,1655357.93265,0
28563,Morera,23/02/2011 08:43,Alto (> 8 mts),80,Grande,-68.8497139687,-32.8909347406,5,Residencial Sur,2423808.92355,1
9204,Morera,02/03/2011 09:40,Alto (> 8 mts),102,Grande,-68.8502558119,-32.8658736003,6,Residencial Norte,2694682.37982,0
32350,Morera,09/05/2011 11:30,Alto (> 8 mts),110,Grande,-68.8515851653,-32.8928640025,5,Residencial Sur,2423808.92355,0
43933,Acacia SP,12/10/2011 14:33,Alto (> 8 mts),200,Grande,-68.8324672433,-32.8838357398,3,Parque O'Higgins,1531146.02653,0
26775,Morera,01/11/2011 10:20,Medio (4 - 8 mts),70,Grande,-68.8330575334,-32.8947391508,3,Parque O'Higgins,1531146.02653,0
15053,Paraiso sombrilla,21/12/2011 16:29,Bajo (2 - 4 mts),22,Mediano,-68.881903516,-32.8720760334,8,Aeroparque,2203364.73622,0
2469,Acer,25/10/2011 11:08,Medio (4 - 8 mts),115,Grande,-68.8356155266,-32.8914118466,3,Parque O'Higgins,1531146.02653,0
28191,Morera,14/03/2011 17:40,Muy bajo (1 - 2 mts),6,Chico,-68.8468204148,-32.892983682,2,Barrio Civico,2366816.36021,0
21774,Paraiso,23/05/2011 08:48,Medio (4 - 8 mts),102,Grande,-68.8559689697,-32.8949961386,5,Residencial Sur,2423808.92355,0
35224,Fresno europeo,22/03/2011 13:29,Medio (4 - 8 mts),60,Mediano,-68.8535668656,-32.8813001509,6,Residencial Norte,2694682.37982,0
22999,Fresno europeo,17/06/2011 17:20,Alto (> 8 mts),98,Grande,-68.857075771,-32.8996879927,5,Residencial Sur,2423808.92355,0
17769,Morera,22/07/2011 09:45,Bajo (2 - 4 mts),57,Mediano,-68.842615216,-32.8669450517,4,Cuarta Oeste,1173332.70145,0
38648,Braquiquito,16/12/2010 13:31,Bajo (2 - 4 mts),12,Chico,-68.8511036262,-32.8707302982,6,Residencial Norte,2694682.37982,0
14913,Morera,19/12/2011 08:49,Medio (4 - 8 mts),80,Grande,-68.8804971441,-32.8735211502,8,Aeroparque,2203364.73622,0
47497,Morera,31/08/2011 13:07,Medio (4 - 8 mts),82,Grande,-68.8269561995,-32.8701934646,4,Cuarta Este Área Fundacional,1822015.85685,0
43747,Fresno europeo,17/10/2011 16:12,Alto (> 8 mts),190,Grande,-68.8328938675,-32.8812638723,3,Parque O'Higgins,1531146.02653,0
29423,Platano,09/03/2011 17:49,Alto (> 8 mts),266,Grande,-68.8462593631,-32.8917174699,2,Barrio Civico,2366816.36021,0
42569,Morera,26/09/2011 11:01,Alto (> 8 mts),155,Grande,-68.8275393797,-32.8755595106,4,Cuarta Este Área Fundacional,1822015.85685,0
17213,Morera,12/08/2011 10:14,Alto (> 8 mts),223,Grande,-68.8360988051,-32.8636170634,4,Cuarta Oeste,1173332.70145,1
26723,Morera,02/11/2011 08:20,Medio (4 - 8 mts),110,Grande,-68.8325962326,-32.8945756888,3,Parque O'Higgins,1531146.02653,0
9593,Morera,28/01/2011 12:14,Medio (4 - 8 mts),32,Mediano,-68.850542227,-32.8646596344,6,Residencial Norte,2694682.37982,0
35955,Morera,23/03/2011 10:17,Alto (> 8 mts),180,Grande,-68.8546223142,-32.8752993502,6,Residencial Norte,2694682.37982,0
31116,Fresno europeo,08/02/2011 09:25,Medio (4 - 8 mts),104,Grande,-68.8544883927,-32.8644549669,6,Residencial Norte,2694682.37982,0
25547,Morera,15/02/2011 19:13,Alto (> 8 mts),98,Grande,-68.8383894655,-32.9007944442,2,Barrio Civico,2366816.36021,0
1568,Fresno europeo,25/11/2011 10:21,Bajo (2 - 4 mts),26,Mediano,-68.8738988241,-32.8768240019,7,Residencial Parque,1786336.08966,0
9142,Paraiso,23/02/2011 12:52,Alto (> 8 mts),260,Grande,-68.8526429982,-32.8659105325,6,Residencial Norte,2694682.37982,0
23629,Paraiso,20/01/2011 19:15,Alto (> 8 mts),110,Grande,-68.8484480545,-32.9009130468,2,Barrio Civico,2366816.36021,0
44154,Fresno europeo,06/10/2011 16:02,Medio (4 - 8 mts),106,Grande,-68.8352539779,-32.8775892252,1,Parque Central,1655357.93265,0
37076,Platano,06/04/2011 09:59,Alto (> 8 mts),130,Grande,-68.8581964658,-32.8757277929,7,Residencial Parque,1786336.08966,0
35898,Morera,28/03/2011 09:42,Alto (> 8 mts),156,Grande,-68.8533095107,-32.8758668792,6,Residencial Norte,2694682.37982,1
26194,Fresno americano,20/10/2011 10:57,Medio (4 - 8 mts),200,Grande,-68.8314998752,-32.8885908648,3,Parque O'Higgins,1531146.02653,0
38242,Paraiso,18/01/2012 10:42,Alto (> 8 mts),145,Grande,-68.8471567666,-32.8729298189,6,Residencial Norte,2694682.37982,1
13382,Platano,10/01/2011 12:44,Alto (> 8 mts),230,Grande,-68.8452039092,-32.8669423422,4,Cuarta Oeste,1173332.70145,0
46220,Morera,27/09/2011 12:04,Medio (4 - 8 mts),200,Grande,-68.8261684226,-32.8747275312,4,Cuarta Este Área Fundacional,1822015.85685,0
858,Aguaribay,15/12/2011 08:15,Bajo (2 - 4 mts),76,Grande,-68.880490212,-32.8665225839,8,Aeroparque,2203364.73622,0
23582,Perenne,24/01/2011 09:15,Bajo (2 - 4 mts),220,Grande,-68.8511801696,-32.9021566147,2,Barrio Civico,2366816.36021,0
21475,Olmo comun,11/05/2011 12:15,Medio (4 - 8 mts),52,Mediano,-68.8588923791,-32.8918598682,5,Residencial Sur,2423808.92355,0
24761,Olmo comun,15/02/2011 12:35,Alto (> 8 mts),103,Grande,-68.8406483623,-32.8964720951,2,Barrio Civico,2366816.36021,0
33685,Acacia SP,13/05/2011 10:22,Alto (> 8 mts),99,Grande,-68.8553715896,-32.8867394598,5,Residencial Sur,2423808.92355,1
18875,Acer,27/07/2011 08:55,Alto (> 8 mts),112,Grande,-68.8406519329,-32.8700533225,4,Cuarta Oeste,1173332.70145,0
29229,Platano,25/02/2011 17:16,Alto (> 8 mts),260,Grande,-68.8458713554,-32.8872524005,1,Parque Central,1655357.93265,0
19031,Morera,13/07/2011 10:13,Alto (> 8 mts),190,Grande,-68.8399182644,-32.8720031958,4,Cuarta Oeste,1173332.70145,1
35262,Fresno americano,24/06/2011 10:24,Medio (4 - 8 mts),110,Grande,-68.851691119,-32.8827684241,1,Parque Central,1655357.93265,0
4707,Morera,15/08/2011 12:15,Bajo (2 - 4 mts),32,Mediano,-68.8382935019,-32.8656153796,4,Cuarta Oeste,1173332.70145,0
7428,Fresno europeo,17/06/2011 17:22,Alto (> 8 mts),52,Mediano,-68.8570897431,-32.8998329716,5,Residencial Sur,2423808.92355,0
23723,Morera,25/01/2011 12:28,Alto (> 8 mts),103,Grande,-68.8500300267,-32.9009394919,2,Barrio Civico,2366816.36021,0
20271,Fresno europeo,17/05/2011 13:16,Alto (> 8 mts),160,Grande,-68.8590110274,-32.8932073932,5,Residencial Sur,2423808.92355,0
5416,Morera,19/04/2011 12:07,Medio (4 - 8 mts),70,Grande,-68.8434951618,-32.8793469524,1,Parque Central,1655357.93265,0
25498,Olmo comun,07/02/2011 12:28,Medio (4 - 8 mts),90,Grande,-68.8417000898,-32.9012873476,2,Barrio Civico,2366816.36021,0
27807,Platano,03/11/2011 09:35,Alto (> 8 mts),130,Grande,-68.8351854622,-32.894577956,3,Parque O'Higgins,1531146.02653,0
44622,Morera,25/08/2011 13:39,Alto (> 8 mts),150,Grande,-68.8239287278,-32.8671716302,4,Cuarta Este Área Fundacional,1822015.85685,1
9765,Fresno europeo,18/01/2011 12:30,Bajo (2 - 4 mts),19,Chico,-68.846944355,-32.8638366624,4,Cuarta Oeste,1173332.70145,0
10979,Olmo comun,06/04/2011 12:03,Medio (4 - 8 mts),43,Mediano,-68.8561740284,-32.8808065389,7,Residencial Parque,1786336.08966,0
17382,Paraiso,22/07/2011 13:32,Alto (> 8 mts),116,Grande,-68.8403257536,-32.8659822963,4,Cuarta Oeste,1173332.70145,0
39152,Fresno europeo,14/01/2012 18:28,Alto (> 8 mts),160,Grande,-68.8534645288,-32.8723775051,6,Residencial Norte,2694682.37982,0
32306,Morera,29/06/2011 09:03,Alto (> 8 mts),145,Grande,-68.8523188672,-32.8915779772,5,Residencial Sur,2423808.92355,0
35523,Tipa,17/06/2011 09:29,Medio (4 - 8 mts),120,Grande,-68.8558487737,-32.8824261496,5,Residencial Sur,2423808.92355,0
38066,Fresno europeo,06/12/2010 11:03,Muy bajo (1 - 2 mts),35,Mediano,-68.8483365507,-32.87239857,6,Residencial Norte,2694682.37982,0
33762,Morera,12/05/2011 09:29,Medio (4 - 8 mts),80,Grande,-68.857655366,-32.8852923003,5,Residencial Sur,2423808.92355,0
45709,Morera,24/08/2011 12:16,Medio (4 - 8 mts),180,Grande,-68.8225587786,-32.8694136509,4,Cuarta Este Área Fundacional,1822015.85685,1
25349,Morera,09/02/2011 09:27,Alto (> 8 mts),133,Grande,-68.8393099639,-32.9005055209,2,Barrio Civico,2366816.36021,0
39147,Fresno europeo,15/01/2012 10:24,Bajo (2 - 4 mts),60,Mediano,-68.8538723843,-32.872310806,6,Residencial Norte,2694682.37982,0
29798,Morera,09/03/2011 08:59,Alto (> 8 mts),180,Grande,-68.8436561907,-32.8919056643,2,Barrio Civico,2366816.36021,0
26880,Platano,28/10/2011 17:47,Alto (> 8 mts),200,Grande,-68.8382970967,-32.8867814335,3,Parque O'Higgins,1531146.02653,0
1572,Paraiso sombrilla,25/11/2011 10:12,Medio (4 - 8 mts),80,Grande,-68.8735692245,-32.876917357,7,Residencial Parque,1786336.08966,0
4937,Paraiso,19/07/2011 11:13,Alto (> 8 mts),215,Grande,-68.8428322587,-32.8667726374,4,Cuarta Oeste,1173332.70145,0
874,Aguaribay,14/12/2011 11:25,Bajo (2 - 4 mts),50,Mediano,-68.8802638316,-32.8656702354,8,Aeroparque,2203364.73622,0
33073,Morera,18/05/2011 10:07,Alto (> 8 mts),156,Grande,-68.8525428215,-32.8878955684,5,Residencial Sur,2423808.92355,0
28880,Platano,26/04/2011 11:00,Alto (> 8 mts),200,Grande,-68.8466481088,-32.8848686059,1,Parque Central,1655357.93265,0
14828,Fresno europeo,07/12/2011 10:17,Muy bajo (1 - 2 mts),26,Mediano,-68.8782179192,-32.8691993752,8,Aeroparque,2203364.73622,0
42592,Morera,26/09/2011 10:03,Alto (> 8 mts),140,Grande,-68.8272747767,-32.8767200025,4,Cuarta Este Área Fundacional,1822015.85685,1
815,Aguaribay,16/12/2011 12:10,Medio (4 - 8 mts),98,Grande,-68.8825450155,-32.8669174365,8,Aeroparque,2203364.73622,0
33519,Platano,16/06/2011 12:01,Alto (> 8 mts),172,Grande,-68.8544751195,-32.8890754983,5,Residencial Sur,2423808.92355,0
38986,Prunas,27/12/2010 12:01,Bajo (2 - 4 mts),60,Mediano,-68.8550034804,-32.8711987181,6,Residencial Norte,2694682.37982,0
35729,Fresno europeo,09/03/2011 09:29,Alto (> 8 mts),115,Grande,-68.8545754729,-32.8737477537,6,Residencial Norte,2694682.37982,0
1361,Morera,30/11/2011 11:01,Medio (4 - 8 mts),55,Mediano,-68.8771626283,-32.8648429464,8,Aeroparque,2203364.73622,0
2403,Fresno europeo,20/10/2011 11:36,Bajo (2 - 4 mts),30,Mediano,-68.8331774119,-32.8886911998,3,Parque O'Higgins,1531146.02653,0
31085,Caducifolio,09/02/2011 09:34,Medio (4 - 8 mts),180,Grande,-68.8543433171,-32.8650986987,6,Residencial Norte,2694682.37982,0
41972,Fresno europeo,20/04/2011 14:06,Medio (4 - 8 mts),70,Grande,-68.837689161,-32.8792426119,1,Parque Central,1655357.93265,0
20846,Fresno europeo,27/05/2011 09:36,Medio (4 - 8 mts),63,Grande,-68.8595268679,-32.8948665446,5,Residencial Sur,2423808.92355,0
41813,Fresno americano,26/04/2011 10:22,Medio (4 - 8 mts),60,Mediano,-68.8427949569,-32.8783729869,1,Parque Central,1655357.93265,0
22361,Fresno europeo,16/06/2011 10:10,Medio (4 - 8 mts),80,Grande,-68.8595505737,-32.899146717,5,Residencial Sur,2423808.92355,1
12680,Morera,19/01/2011 12:32,Alto (> 8 mts),160,Grande,-68.8483846041,-32.8629482894,6,Residencial Norte,2694682.37982,0
38894,Morera,26/10/2010 10:53,Alto (> 8 mts),98,Grande,-68.8490066234,-32.8699177772,6,Residencial Norte,2694682.37982,0
43539,Fresno americano,19/10/2011 17:09,Bajo (2 - 4 mts),130,Grande,-68.8303528489,-32.8825783653,3,Parque O'Higgins,1531146.02653,0
6965,Morera,02/06/2011 12:45,Bajo (2 - 4 mts),22,Mediano,-68.8605308575,-32.8957696371,5,Residencial Sur,2423808.92355,0
45296,Paraiso,16/09/2011 09:23,Medio (4 - 8 mts),50,Mediano,-68.824122310800007,-32.8721334517,4,Cuarta Este Área Fundacional,1822015.85685,1
46659,Morera,02/09/2011 11:13,Alto (> 8 mts),128,Grande,-68.8318604936,-32.8700075506,4,Cuarta Este Área Fundacional,1822015.85685,0
4526,Morera,04/08/2011 11:06,Alto (> 8 mts),140,Grande,-68.8395721803,-32.8687774145,4,Cuarta Oeste,1173332.70145,1
14616,Paraiso,13/12/2011 11:10,Medio (4 - 8 mts),95,Grande,-68.8800240685,-32.8663776049,8,Aeroparque,2203364.73622,0
17263,Fresno europeo,05/08/2011 11:10,Alto (> 8 mts),180,Grande,-68.835868337,-32.8647597806,4,Cuarta Oeste,1173332.70145,0
16253,Fresno americano,19/07/2011 21:53,Muy bajo (1 - 2 mts),0.7,Chico,-68.8431241253,-32.8648499462,4,Cuarta Oeste,1173332.70145,0
26591,Acacia SP,03/11/2011 11:47,Medio (4 - 8 mts),75,Grande,-68.831742093,-32.8912796737,3,Parque O'Higgins,1531146.02653,0
7865,Acer,21/06/2011 13:13,Alto (> 8 mts),126,Grande,-68.8529297851,-32.8899132251,5,Residencial Sur,2423808.92355,0
44533,Platano,17/10/2011 12:03,Alto (> 8 mts),200,Grande,-68.8359452505,-32.8847389074,3,Parque O'Higgins,1531146.02653,0
9839,Morera,11/01/2011 10:30,Alto (> 8 mts),170,Grande,-68.8451033967,-32.8633228549,4,Cuarta Oeste,1173332.70145,0
14406,Prunas,02/12/2011 10:04,Bajo (2 - 4 mts),40,Mediano,-68.8786691922,-32.867360515,8,Aeroparque,2203364.73622,0
15936,Fresno americano,25/11/2011 09:40,Bajo (2 - 4 mts),22,Mediano,-68.8730741485,-32.8769557772,7,Residencial Parque,1786336.08966,0
36477,Fresno americano,18/03/2011 10:19,Alto (> 8 mts),78,Grande,-68.8547336225,-32.8795745915,6,Residencial Norte,2694682.37982,0
41410,Fresno europeo,15/04/2011 13:01,Bajo (2 - 4 mts),52,Mediano,-68.8424875719,-32.8825188636,1,Parque Central,1655357.93265,0
26259,Perenne,25/10/2011 10:58,Alto (> 8 mts),80,Grande,-68.8304241387,-32.889546173,3,Parque O'Higgins,1531146.02653,0
1084,Aguaribay,14/12/2011 09:17,Bajo (2 - 4 mts),22,Mediano,-68.8810356572,-32.8678992505,8,Aeroparque,2203364.73622,0
21886,Paraiso,03/06/2011 10:22,Alto (> 8 mts),158,Grande,-68.8591138535,-32.8968595698,5,Residencial Sur,2423808.92355,0
10627,Fresno americano,17/03/2011 09:49,Medio (4 - 8 mts),26,Mediano,-68.8570498096,-32.8740667505,6,Residencial Norte,2694682.37982,0
45202,Fresno europeo,28/09/2011 10:39,Alto (> 8 mts),160,Grande,-68.8232567899,-32.8724971698,4,Cuarta Este Área Fundacional,1822015.85685,0
43313,Morera,05/10/2011 13:47,Bajo (2 - 4 mts),16,Chico,-68.8335587999,-32.8788483431,1,Parque Central,1655357.93265,0
2598,Fresno europeo,27/10/2011 17:29,Medio (4 - 8 mts),70,Grande,-68.8301941611,-32.8813635684,3,Parque O'Higgins,1531146.02653,0
5631,Platano,05/05/2011 12:55,Medio (4 - 8 mts),40,Mediano,-68.8389526254,-32.8770165823,1,Parque Central,1655357.93265,0
20933,Fresno europeo,24/05/2011 12:30,Bajo (2 - 4 mts),65,Grande,-68.8607920392,-32.8954508125,5,Residencial Sur,2423808.92355,0
14462,Morera,02/12/2011 10:30,Medio (4 - 8 mts),70,Grande,-68.8784803188,-32.8661964332,8,Aeroparque,2203364.73622,0
11487,Morera,18/02/2011 14:04,Medio (4 - 8 mts),61,Grande,-68.8538880255,-32.8654743596,6,Residencial Norte,2694682.37982,0
18302,Morera,03/08/2011 09:33,Alto (> 8 mts),210,Grande,-68.8387844248,-32.8684608818,4,Cuarta Oeste,1173332.70145,0
36716,Morera,14/06/2011 10:31,Medio (4 - 8 mts),110,Grande,-68.8601557611,-32.8816556575,7,Residencial Parque,1786336.08966,0
31931,Morera,03/06/2011 09:37,Bajo (2 - 4 mts),22,Mediano,-68.8589833435,-32.8847081942,5,Residencial Sur,2423808.92355,0
46842,Platano,15/09/2011 13:45,Alto (> 8 mts),210,Grande,-68.8344016632,-32.8720784528,4,Cuarta Oeste,1173332.70145,0
18900,Paraiso,02/08/2011 10:17,Alto (> 8 mts),360,Grande,-68.840862274,-32.870317426,4,Cuarta Oeste,1173332.70145,0
15086,Morera,16/11/2011 13:05,Alto (> 8 mts),110,Grande,-68.8589234809,-32.8690005326,6,Residencial Norte,2694682.37982,0
11209,Morera,24/01/2011 11:12,Bajo (2 - 4 mts),27,Mediano,-68.8452317791,-32.9021017966,2,Barrio Civico,2366816.36021,0
24666,Fresno europeo,18/01/2011 13:37,Muy bajo (1 - 2 mts),22,Mediano,-68.8424533135,-32.9011402468,2,Barrio Civico,2366816.36021,0
43297,Fresno europeo,07/10/2011 11:36,Alto (> 8 mts),118,Grande,-68.8332896955,-32.8799039852,1,Parque Central,1655357.93265,0
42056,Morera,12/04/2011 12:54,Alto (> 8 mts),190,Grande,-68.8428029584,-32.8805107245,1,Parque Central,1655357.93265,0
37613,Fresno europeo,13/12/2010 11:50,Medio (4 - 8 mts),86,Grande,-68.8504315763,-32.8717214495,6,Residencial Norte,2694682.37982,0
32737,Morera,17/05/2011 12:42,Alto (> 8 mts),170,Grande,-68.8529868201,-32.8869270265,5,Residencial Sur,2423808.92355,0
10170,Fresno europeo,22/12/2010 13:23,Medio (4 - 8 mts),90,Grande,-68.8531326077,-32.8706031016,6,Residencial Norte,2694682.37982,0
11042,Morera,04/04/2011 12:05,Muy bajo (1 - 2 mts),8,Chico,-68.8572573595,-32.8796350856,7,Residencial Parque,1786336.08966,0
46405,Paraiso,23/08/2011 09:49,Alto (> 8 mts),180,Grande,-68.8331471759,-32.8673213224,4,Cuarta Oeste,1173332.70145,0
10544,Conifera,18/03/2011 13:18,Alto (> 8 mts),50,Mediano,-68.8560347373,-32.8750334467,6,Residencial Norte,2694682.37982,0
22459,Morera,24/06/2011 10:31,Medio (4 - 8 mts),73,Grande,-68.8611363603,-32.8988356917,5,Residencial Sur,2423808.92355,1
21227,Acer,11/05/2011 09:38,Bajo (2 - 4 mts),43,Mediano,-68.8516257358,-32.8934665607,5,Residencial Sur,2423808.92355,0
24527,Morera,27/01/2011 13:37,Medio (4 - 8 mts),88,Grande,-68.8425215343,-32.9012534263,2,Barrio Civico,2366816.36021,0
6261,Fresno europeo,14/07/2011 10:28,Medio (4 - 8 mts),38,Mediano,-68.8505048558,-32.8839825034,1,Parque Central,1655357.93265,0
26590,Acacia SP,03/11/2011 11:48,Medio (4 - 8 mts),100,Grande,-68.8318177802,-32.8912729489,3,Parque O'Higgins,1531146.02653,0
16820,Prunas,09/08/2011 09:21,Bajo (2 - 4 mts),30,Mediano,-68.838635638,-32.8653366061,4,Cuarta Oeste,1173332.70145,0
31541,Morera,18/05/2011 10:23,Alto (> 8 mts),81,Grande,-68.8601643226,-32.8902892815,5,Residencial Sur,2423808.92355,0
8089,Morera,25/02/2011 09:23,Alto (> 8 mts),180,Grande,-68.8483149027,-32.8892464409,5,Residencial Sur,2423808.92355,1
5114,Acacia SP,08/08/2011 14:02,Bajo (2 - 4 mts),8,Chico,-68.8431950096,-32.8686161431,4,Cuarta Oeste,1173332.70145,0
27553,Platano,28/10/2011 11:52,Alto (> 8 mts),180,Grande,-68.8396282788,-32.8919723455,2,Barrio Civico,2366816.36021,0
5165,Morera,10/08/2011 12:23,Alto (> 8 mts),150,Grande,-68.8436290163,-32.8729686571,4,Cuarta Oeste,1173332.70145,0
46348,Morera,19/09/2011 14:12,Medio (4 - 8 mts),110,Grande,-68.8260941235,-32.8739941383,4,Cuarta Este Área Fundacional,1822015.85685,0
21986,Olmo comun,27/05/2011 13:13,Alto (> 8 mts),92,Grande,-68.8581193196,-32.8940925669,5,Residencial Sur,2423808.92355,0
15249,Acacia SP,18/11/2011 17:10,Alto (> 8 mts),140,Grande,-68.8587961133,-32.8710262263,6,Residencial Norte,2694682.37982,0
43407,Fresno europeo,27/10/2011 13:32,Medio (4 - 8 mts),70,Grande,-68.8311302614,-32.8812940547,3,Parque O'Higgins,1531146.02653,0
31269,Fresno europeo,03/02/2011 12:44,Medio (4 - 8 mts),110,Grande,-68.8534249307,-32.86449495,6,Residencial Norte,2694682.37982,0
7064,Perenne,09/06/2011 08:53,Bajo (2 - 4 mts),50,Mediano,-68.8568799618,-32.8970648492,5,Residencial Sur,2423808.92355,0
38928,Morera,26/10/2010 11:39,Alto (> 8 mts),96,Grande,-68.8486967675,-32.8706386826,6,Residencial Norte,2694682.37982,0
10036,Fresno europeo,01/11/2010 10:49,Medio (4 - 8 mts),50,Mediano,-68.8495235012,-32.8695861661,6,Residencial Norte,2694682.37982,0
42576,Paraiso sombrilla,26/09/2011 10:36,Medio (4 - 8 mts),100,Grande,-68.8277921967,-32.8759860939,4,Cuarta Este Área Fundacional,1822015.85685,0
37502,Morera,15/11/2010 10:08,Alto (> 8 mts),240,Grande,-68.8563218634,-32.8692051679,6,Residencial Norte,2694682.37982,0
34086,Fresno europeo,31/05/2011 12:57,Muy bajo (1 - 2 mts),4,Chico,-68.856675789,-32.883770065,5,Residencial Sur,2423808.92355,0
43170,Platano,07/10/2011 14:04,Alto (> 8 mts),170,Grande,-68.8298142324,-32.8802696163,4,Cuarta Este Área Fundacional,1822015.85685,0
43861,Platano,07/10/2011 09:04,Alto (> 8 mts),220,Grande,-68.8307095487,-32.8838212002,3,Parque O'Higgins,1531146.02653,0
21510,Fresno europeo,12/05/2011 10:58,Alto (> 8 mts),120,Grande,-68.853367707,-32.893797455,5,Residencial Sur,2423808.92355,0
9329,Acer,21/02/2011 09:07,Medio (4 - 8 mts),90,Grande,-68.8470337953,-32.8648629434,4,Cuarta Oeste,1173332.70145,0
16305,Morera,22/07/2011 08:58,Alto (> 8 mts),160,Grande,-68.8420374988,-32.8630908394,4,Cuarta Oeste,1173332.70145,0
36231,Paraiso sombrilla,18/03/2011 09:19,Medio (4 - 8 mts),86,Grande,-68.8544739656,-32.8777868098,6,Residencial Norte,2694682.37982,0
21725,Fresno europeo,09/06/2011 10:56,Medio (4 - 8 mts),75,Grande,-68.8554224513,-32.8952329123,5,Residencial Sur,2423808.92355,0
30596,Paraiso sombrilla,11/02/2011 09:34,Medio (4 - 8 mts),120,Grande,-68.8580618263,-32.8653337166,6,Residencial Norte,2694682.37982,0
22196,Aguaribay,18/05/2011 09:51,Alto (> 8 mts),182,Grande,-68.8568430594,-32.8984033271,5,Residencial Sur,2423808.92355,0
39272,Morera,29/12/2010 10:32,Medio (4 - 8 mts),60,Mediano,-68.8558413817,-32.8714334138,6,Residencial Norte,2694682.37982,0
16410,Morera,02/08/2011 10:19,Alto (> 8 mts),180,Grande,-68.8354345128,-32.8668659306,4,Cuarta Oeste,1173332.70145,1
21609,Morera,11/05/2011 11:44,Alto (> 8 mts),140,Grande,-68.8551495773,-32.8949621821,5,Residencial Sur,2423808.92355,1
31463,Fresno europeo,13/07/2011 11:31,Alto (> 8 mts),128,Grande,-68.8503043185,-32.8849440889,1,Parque Central,1655357.93265,0
37963,Morera,27/08/2010 10:47,Medio (4 - 8 mts),59,Mediano,-68.8478377471,-32.8742304437,6,Residencial Norte,2694682.37982,0
33198,Morera,11/05/2011 12:11,Alto (> 8 mts),135,Grande,-68.8563479226,-32.8910909753,5,Residencial Sur,2423808.92355,1
39304,Acacia SP,30/11/2010 10:47,Alto (> 8 mts),95,Grande,-68.8560280528,-32.8724159184,6,Residencial Norte,2694682.37982,1
39404,Morera,12/11/2010 13:39,Alto (> 8 mts),118,Grande,-68.8556652226,-32.8691607438,6,Residencial Norte,2694682.37982,0
32866,Morera,10/06/2011 10:57,Medio (4 - 8 mts),100,Grande,-68.8498076809,-32.8854039878,1,Parque Central,1655357.93265,0
14193,Paraiso,30/11/2011 13:21,Medio (4 - 8 mts),135,Grande,-68.8770986759,-32.8673028352,8,Aeroparque,2203364.73622,0
5882,Fresno europeo,08/04/2011 12:29,Alto (> 8 mts),118,Grande,-68.8427808636,-32.8827224489,1,Parque Central,1655357.93265,0
36275,Platano,17/03/2011 09:45,Alto (> 8 mts),180,Grande,-68.8540158495,-32.8776141057,6,Residencial Norte,2694682.37982,0
9727,Fresno europeo,20/01/2011 08:47,Alto (> 8 mts),180,Grande,-68.847102256,-32.8632494496,4,Cuarta Oeste,1173332.70145,0
4664,Paraiso,15/08/2011 11:20,Medio (4 - 8 mts),45,Mediano,-68.8380598808,-32.8638870735,4,Cuarta Oeste,1173332.70145,0
27294,Fresno europeo,01/11/2011 09:30,Bajo (2 - 4 mts),25,Mediano,-68.8351835915,-32.8887193957,3,Parque O'Higgins,1531146.02653,0
46389,Morera,19/08/2011 11:55,Alto (> 8 mts),160,Grande,-68.8325400018,-32.8667372048,4,Cuarta Oeste,1173332.70145,1
30671,Fresno europeo,02/02/2011 13:11,Bajo (2 - 4 mts),30,Mediano,-68.854827091,-32.8673502428,6,Residencial Norte,2694682.37982,0
35244,Fresno americano,22/03/2011 11:23,Medio (4 - 8 mts),62,Grande,-68.853602363,-32.8822817384,1,Parque Central,1655357.93265,0
25444,Morera,11/02/2011 08:59,Alto (> 8 mts),126,Grande,-68.8375668125,-32.9001323088,2,Barrio Civico,2366816.36021,1
36519,Morera,06/04/2011 10:19,Alto (> 8 mts),120,Grande,-68.8566708502,-32.8782789769,6,Residencial Norte,2694682.37982,1
19501,Morera,18/07/2011 09:41,Alto (> 8 mts),180,Grande,-68.838494155,-32.8717430353,4,Cuarta Oeste,1173332.70145,0
27223,Paraiso,26/10/2011 09:09,Medio (4 - 8 mts),100,Grande,-68.8370033236,-32.8903930659,3,Parque O'Higgins,1531146.02653,0
2619,Fresno europeo,07/10/2011 14:06,Alto (> 8 mts),130,Grande,-68.8297515681,-32.8802734642,4,Cuarta Este Área Fundacional,1822015.85685,1
18791,Morera,07/07/2011 10:38,Alto (> 8 mts),138,Grande,-68.837630833,-32.8731357833,4,Cuarta Oeste,1173332.70145,0
26915,Fresno europeo,02/11/2011 08:23,Bajo (2 - 4 mts),20,Chico,-68.8363506116,-32.8859945731,3,Parque O'Higgins,1531146.02653,0
7279,Caducifolio,14/06/2011 13:20,Medio (4 - 8 mts),32,Mediano,-68.8615449397,-32.9020470126,5,Residencial Sur,2423808.92355,0
8684,Fresno europeo,08/02/2011 13:26,Bajo (2 - 4 mts),22,Mediano,-68.8407533706,-32.9008972285,2,Barrio Civico,2366816.36021,0
22178,Fresno europeo,13/05/2011 14:14,Alto (> 8 mts),62,Grande,-68.8551699339,-32.8993642876,5,Residencial Sur,2423808.92355,0
33498,Platano,17/06/2011 09:48,Alto (> 8 mts),180,Grande,-68.8550940433,-32.8899614249,5,Residencial Sur,2423808.92355,0
31110,Fresno europeo,08/02/2011 09:40,Medio (4 - 8 mts),100,Grande,-68.8548310007,-32.8644763744,6,Residencial Norte,2694682.37982,0
6712,Fresno europeo,12/05/2011 10:11,Bajo (2 - 4 mts),30,Mediano,-68.8547726198,-32.8935481241,5,Residencial Sur,2423808.92355,0
30716,Morera,07/02/2011 09:28,Alto (> 8 mts),45,Mediano,-68.8559679376,-32.866772052,6,Residencial Norte,2694682.37982,0
27162,Acacia SP,27/10/2011 09:52,Bajo (2 - 4 mts),77,Grande,-68.8372201755,-32.8908929647,3,Parque O'Higgins,1531146.02653,0
34352,Morera,28/03/2011 12:50,Alto (> 8 mts),170,Grande,-68.8522114661,-32.875283363,6,Residencial Norte,2694682.37982,0
44793,Fresno europeo,23/08/2011 11:17,Alto (> 8 mts),180,Grande,-68.8229555544,-32.8692277427,4,Cuarta Este Área Fundacional,1822015.85685,0
5898,Morera,14/04/2011 09:54,Medio (4 - 8 mts),107,Grande,-68.8466428057,-32.8828224644,1,Parque Central,1655357.93265,1
32918,Olmo bola,19/05/2011 10:30,Medio (4 - 8 mts),130,Grande,-68.8509167376,-32.8865602021,5,Residencial Sur,2423808.92355,0
11690,Morera,28/01/2011 13:05,Alto (> 8 mts),145,Grande,-68.8505471049,-32.8678417465,6,Residencial Norte,2694682.37982,0
42565,Morera,26/09/2011 11:13,Alto (> 8 mts),160,Grande,-68.8271380932,-32.875570786,4,Cuarta Este Área Fundacional,1822015.85685,0
16944,Morera,16/08/2011 13:13,Medio (4 - 8 mts),100,Grande,-68.8369278436,-32.8653713432,4,Cuarta Oeste,1173332.70145,0
38572,Paraiso,22/12/2010 13:16,Medio (4 - 8 mts),190,Grande,-68.8530708218,-32.8704088248,6,Residencial Norte,2694682.37982,0
36695,Fresno europeo,07/06/2011 09:23,Bajo (2 - 4 mts),84,Grande,-68.860264025,-32.883437759,7,Residencial Parque,1786336.08966,0
33273,Morera,29/06/2011 11:29,Alto (> 8 mts),105,Grande,-68.855052739,-32.8910654462,5,Residencial Sur,2423808.92355,0
1959,Liquidambar,18/05/2011 10:41,Muy bajo (1 - 2 mts),4,Chico,-68.8619133374,-32.8907794937,5,Residencial Sur,2423808.92355,0
17295,Paraiso,04/08/2011 10:25,Medio (4 - 8 mts),28,Mediano,-68.8361820704,-32.8659563803,4,Cuarta Oeste,1173332.70145,0
37050,Platano,05/04/2011 12:18,Alto (> 8 mts),160,Grande,-68.8563250802,-32.8760721783,6,Residencial Norte,2694682.37982,0
33315,Platano,24/06/2011 10:06,Alto (> 8 mts),220,Grande,-68.8575872037,-32.8905937626,5,Residencial Sur,2423808.92355,0
19181,Morera,18/07/2011 10:00,Medio (4 - 8 mts),87,Grande,-68.8411947132,-32.8720980633,4,Cuarta Oeste,1173332.70145,0
36847,Fresno europeo,28/03/2011 16:50,Alto (> 8 mts),48,Mediano,-68.8575614782,-32.8791672128,7,Residencial Parque,1786336.08966,0
22311,Morera,09/06/2011 10:40,Alto (> 8 mts),111,Grande,-68.85793897,-32.8981052959,5,Residencial Sur,2423808.92355,0
24831,Fresno americano,18/02/2011 10:36,Alto (> 8 mts),68,Grande,-68.8399694871,-32.8972279267,2,Barrio Civico,2366816.36021,0
16371,Morera,12/08/2011 14:19,Alto (> 8 mts),195,Grande,-68.8419190225,-32.8630852796,4,Cuarta Oeste,1173332.70145,0
15661,Morera,15/11/2011 11:44,Medio (4 - 8 mts),60,Mediano,-68.8614342273,-32.8707204325,7,Residencial Parque,1786336.08966,0
14243,Morera,07/12/2011 09:51,Bajo (2 - 4 mts),40,Mediano,-68.8775814057,-32.86681832,8,Aeroparque,2203364.73622,0
9498,Olmo bola,04/02/2011 09:21,Bajo (2 - 4 mts),100,Grande,-68.8535255756,-32.8635989495,6,Residencial Norte,2694682.37982,0
21630,Fresno europeo,10/06/2011 10:48,Medio (4 - 8 mts),75,Grande,-68.853667529,-32.896269746,5,Residencial Sur,2423808.92355,1
47317,Morera,21/09/2011 11:18,Alto (> 8 mts),87,Grande,-68.830761216,-32.8752200144,4,Cuarta Este Área Fundacional,1822015.85685,1
38010,Fresno europeo,10/01/2012 12:40,Medio (4 - 8 mts),90,Grande,-68.8477230906,-32.8728010263,6,Residencial Norte,2694682.37982,0
37474,Paraiso,04/01/2011 13:08,Medio (4 - 8 mts),70,Grande,-68.8573258007,-32.8713796967,6,Residencial Norte,2694682.37982,0
47739,Platano,16/09/2011 14:00,Alto (> 8 mts),198,Grande,-68.8275371133,-32.8731312641,4,Cuarta Este Área Fundacional,1822015.85685,0
16460,Morera,16/08/2011 09:37,Medio (4 - 8 mts),70,Grande,-68.8415535916,-32.8634060914,4,Cuarta Oeste,1173332.70145,0
36233,Fresno europeo,18/03/2011 09:12,Alto (> 8 mts),100,Grande,-68.854513954,-32.8779170239,6,Residencial Norte,2694682.37982,0
28973,Platano,26/04/2011 09:49,Alto (> 8 mts),200,Grande,-68.8455398686,-32.885072287,1,Parque Central,1655357.93265,1
31912,Morera,01/06/2011 10:15,Medio (4 - 8 mts),100,Grande,-68.8574623391,-32.8839572536,5,Residencial Sur,2423808.92355,0
42631,Fresno europeo,26/09/2011 09:11,Alto (> 8 mts),133,Grande,-68.8283445884,-32.87552051,4,Cuarta Este Área Fundacional,1822015.85685,1
1552,Fresno americano,22/11/2011 17:47,Bajo (2 - 4 mts),20,Chico,-68.8731433126,-32.8793064105,7,Residencial Parque,1786336.08966,0
15838,Alamo criollo,25/11/2011 11:20,Medio (4 - 8 mts),70,Grande,-68.8723079236,-32.8774945466,7,Residencial Parque,1786336.08966,0
3717,Tilo,24/08/2011 09:31,Bajo (2 - 4 mts),18,Chico,-68.8216042644,-32.8696226577,4,Cuarta Este Área Fundacional,1822015.85685,0
19646,Morera,13/07/2011 10:10,Alto (> 8 mts),123,Grande,-68.8343376943,-32.8704002072,4,Cuarta Oeste,1173332.70145,1
38101,Fresno americano,02/12/2010 12:58,Bajo (2 - 4 mts),23,Mediano,-68.8469924356,-32.87226955,6,Residencial Norte,2694682.37982,0
41957,Aguaribay,19/04/2011 11:12,Medio (4 - 8 mts),45,Mediano,-68.8389639513,-32.8789685507,1,Parque Central,1655357.93265,0
2190,Morera,04/11/2011 16:38,Bajo (2 - 4 mts),60,Mediano,-68.8327355617,-32.8870032957,3,Parque O'Higgins,1531146.02653,0
32357,Morera,06/05/2011 12:08,Alto (> 8 mts),125,Grande,-68.8513308385,-32.8922009573,5,Residencial Sur,2423808.92355,0
16585,Morera,27/07/2011 12:33,Medio (4 - 8 mts),75,Grande,-68.8415338424,-32.864898913,4,Cuarta Oeste,1173332.70145,0
29070,Platano,18/04/2011 09:42,Alto (> 8 mts),165,Grande,-68.8450978957,-32.8870828744,1,Parque Central,1655357.93265,0
13792,Morera,26/01/2011 12:27,Alto (> 8 mts),140,Grande,-68.8493639812,-32.8645611403,6,Residencial Norte,2694682.37982,0
36913,Caducifolio,07/04/2011 16:37,Medio (4 - 8 mts),60,Mediano,-68.8586918754,-32.878954763,7,Residencial Parque,1786336.08966,1
13878,Aguaribay,16/12/2011 12:29,Medio (4 - 8 mts),100,Grande,-68.8760841275,-32.8683059189,8,Aeroparque,2203364.73622,0
8349,Morera,14/03/2011 17:36,Medio (4 - 8 mts),68,Grande,-68.8467727991,-32.892791329,2,Barrio Civico,2366816.36021,0
45233,Morera,29/09/2011 14:16,Alto (> 8 mts),122,Grande,-68.8227709537,-32.8734007007,4,Cuarta Este Área Fundacional,1822015.85685,0
4778,Morera,03/08/2011 10:20,Medio (4 - 8 mts),60,Mediano,-68.8383640086,-32.8664655255,4,Cuarta Oeste,1173332.70145,0
4317,Olmo comun,14/07/2011 08:56,Alto (> 8 mts),133,Grande,-68.8350871427,-32.8698414753,4,Cuarta Oeste,1173332.70145,0
28589,Morera,22/02/2011 09:26,Alto (> 8 mts),200,Grande,-68.8493143645,-32.8900471891,5,Residencial Sur,2423808.92355,0
2992,Fresno europeo,16/09/2011 09:17,Muy bajo (1 - 2 mts),15,Chico,-68.8246603682,-32.8714700663,4,Cuarta Este Área Fundacional,1822015.85685,0
36381,Fresno europeo,17/03/2011 09:52,Medio (4 - 8 mts),76,Grande,-68.8530885997,-32.878611916,6,Residencial Norte,2694682.37982,0
16813,Paraiso,09/08/2011 09:48,Alto (> 8 mts),197,Grande,-68.8393104279,-32.8652049976,4,Cuarta Oeste,1173332.70145,0
31640,Fresno europeo,14/06/2011 14:34,Medio (4 - 8 mts),60,Mediano,-68.8574655871,-32.8886652263,5,Residencial Sur,2423808.92355,0
42816,Morera,07/10/2011 18:29,Alto (> 8 mts),195,Grande,-68.8308865012,-32.8771898507,4,Cuarta Este Área Fundacional,1822015.85685,0
12307,Morera,12/01/2011 12:18,Alto (> 8 mts),185,Grande,-68.8466855249,-32.8662374966,4,Cuarta Oeste,1173332.70145,0
47490,Morera,29/08/2011 12:32,Alto (> 8 mts),180,Grande,-68.826044742,-32.8702115869,4,Cuarta Este Área Fundacional,1822015.85685,0
2225,Fresno europeo,31/10/2011 09:42,Medio (4 - 8 mts),45,Mediano,-68.8359790185,-32.895257197,2,Barrio Civico,2366816.36021,0
22453,Morera,24/06/2011 10:42,Medio (4 - 8 mts),90,Grande,-68.8610966698,-32.8984483715,5,Residencial Sur,2423808.92355,0
17407,Morera,22/07/2011 09:39,Alto (> 8 mts),120,Grande,-68.840892342,-32.866045145,4,Cuarta Oeste,1173332.70145,0
906,Fresno europeo,18/01/2012 12:23,Alto (> 8 mts),185,Grande,-68.8464013751,-32.8730369824,6,Residencial Norte,2694682.37982,0
6316,Paraiso,24/06/2011 10:11,Medio (4 - 8 mts),53,Mediano,-68.8577508908,-32.890559223,5,Residencial Sur,2423808.92355,0
41112,Ligustro,02/05/2011 14:59,Alto (> 8 mts),98,Grande,-68.8398329684,-32.882335776,1,Parque Central,1655357.93265,0
33448,Platano,15/06/2011 11:27,Alto (> 8 mts),185,Grande,-68.8566328466,-32.8886703527,5,Residencial Sur,2423808.92355,0
35113,Morera,28/03/2011 12:15,Alto (> 8 mts),170,Grande,-68.8520479299,-32.8810369653,1,Parque Central,1655357.93265,0
31246,Paraiso sombrilla,04/02/2011 10:48,Medio (4 - 8 mts),200,Grande,-68.8540810983,-32.8637295474,6,Residencial Norte,2694682.37982,0
20269,Morera,17/05/2011 13:19,Medio (4 - 8 mts),100,Grande,-68.8590086224,-32.8931064065,5,Residencial Sur,2423808.92355,1
29391,Platano,02/03/2011 13:37,Alto (> 8 mts),160,Grande,-68.8462079753,-32.8915876686,2,Barrio Civico,2366816.36021,0
41993,Platano,25/04/2011 13:50,Alto (> 8 mts),199,Grande,-68.8364895771,-32.8790489275,1,Parque Central,1655357.93265,0
9504,Morera,03/02/2011 12:54,Alto (> 8 mts),144,Grande,-68.8534423643,-32.8643409194,6,Residencial Norte,2694682.37982,0
31756,Fresno europeo,28/06/2011 11:46,Medio (4 - 8 mts),100,Grande,-68.8577379011,-32.8897368735,5,Residencial Sur,2423808.92355,0
46063,Fresno europeo,19/09/2011 11:28,Alto (> 8 mts),210,Grande,-68.8220948226,-32.8732767499,4,Cuarta Este Área Fundacional,1822015.85685,0
17962,Paraiso,02/08/2011 12:12,Alto (> 8 mts),150,Grande,-68.8373973683,-32.8670148531,4,Cuarta Oeste,1173332.70145,0
34492,Morera,29/03/2011 11:40,Medio (4 - 8 mts),160,Grande,-68.8501407315,-32.8750348947,6,Residencial Norte,2694682.37982,0
3853,Morera,31/08/2011 11:51,Medio (4 - 8 mts),99,Grande,-68.8275548013,-32.870947818,4,Cuarta Este Área Fundacional,1822015.85685,0
13797,Morera,26/01/2011 12:43,Medio (4 - 8 mts),120,Grande,-68.8492016906,-32.8643725698,6,Residencial Norte,2694682.37982,0
8058,Morera,04/03/2011 12:30,Alto (> 8 mts),68,Grande,-68.8416418499,-32.8901642017,2,Barrio Civico,2366816.36021,0
43310,Morera,07/10/2011 11:07,Alto (> 8 mts),150,Grande,-68.8336637336,-32.87918821,1,Parque Central,1655357.93265,0
22902,Fresno europeo,19/05/2011 16:16,Bajo (2 - 4 mts),12,Chico,-68.854256023,-32.8994892811,5,Residencial Sur,2423808.92355,0
43029,Fresno europeo,04/10/2011 11:34,Alto (> 8 mts),120,Grande,-68.8324347958,-32.8777379998,4,Cuarta Este Área Fundacional,1822015.85685,0
29864,Perenne,14/03/2011 08:46,Alto (> 8 mts),170,Grande,-68.8423334511,-32.8923037305,2,Barrio Civico,2366816.36021,0
37509,Morera,15/11/2010 10:31,Alto (> 8 mts),240,Grande,-68.8563062117,-32.8695527271,6,Residencial Norte,2694682.37982,1
37832,Acacia SP,10/12/2010 10:23,Alto (> 8 mts),70,Grande,-68.8493123502,-32.8723943031,6,Residencial Norte,2694682.37982,0
40126,Olmo bola,15/04/2011 10:46,Bajo (2 - 4 mts),60,Mediano,-68.8457652821,-32.8795015471,1,Parque Central,1655357.93265,0
17046,Paraiso,16/08/2011 10:13,Alto (> 8 mts),110,Grande,-68.8378845169,-32.8643149884,4,Cuarta Oeste,1173332.70145,0
38112,Fresno europeo,03/12/2010 10:34,Alto (> 8 mts),180,Grande,-68.8468006583,-32.872849944,6,Residencial Norte,2694682.37982,0
33121,Acer,27/06/2011 11:40,Alto (> 8 mts),95,Grande,-68.8539562118,-32.8902744743,5,Residencial Sur,2423808.92355,0
23350,Morera,31/01/2011 16:24,Alto (> 8 mts),138,Grande,-68.8509606044,-32.9016538892,2,Barrio Civico,2366816.36021,0
37240,Paraiso,14/03/2011 09:30,Alto (> 8 mts),156,Grande,-68.8571190027,-32.8726531715,6,Residencial Norte,2694682.37982,0
48132,Paraiso,17/08/2011 11:02,Alto (> 8 mts),220,Grande,-68.8301942877,-32.8669842767,4,Cuarta Este Área Fundacional,1822015.85685,0
9343,Paraiso,18/02/2011 11:37,Alto (> 8 mts),140,Grande,-68.8465534159,-32.8654875328,4,Cuarta Oeste,1173332.70145,0
12543,Morera,10/01/2011 13:20,Bajo (2 - 4 mts),24,Mediano,-68.8446085764,-32.8626236447,4,Cuarta Oeste,1173332.70145,0
27398,Fresno europeo,19/10/2011 12:49,Alto (> 8 mts),155,Grande,-68.8348159391,-32.8876130923,3,Parque O'Higgins,1531146.02653,0
9358,Tilo,16/02/2011 10:37,Medio (4 - 8 mts),40,Mediano,-68.8454492567,-32.8648387773,4,Cuarta Oeste,1173332.70145,0
22553,Fresno europeo,17/06/2011 07:58,Medio (4 - 8 mts),48,Mediano,-68.8623537576,-32.8998570634,5,Residencial Sur,2423808.92355,1
32155,Morera,10/05/2011 11:08,Alto (> 8 mts),182,Grande,-68.8591388135,-32.8858993762,5,Residencial Sur,2423808.92355,0
15928,Fresno americano,24/11/2011 12:06,Muy bajo (1 - 2 mts),18,Chico,-68.8735069898,-32.8770798713,7,Residencial Parque,1786336.08966,0
11814,Catalpa,01/03/2011 13:19,Medio (4 - 8 mts),72,Grande,-68.849700943,-32.8662578596,6,Residencial Norte,2694682.37982,0
10479,Fresno europeo,04/03/2011 08:57,Bajo (2 - 4 mts),34,Mediano,-68.8527583143,-32.8737657979,6,Residencial Norte,2694682.37982,0
3260,Fresno europeo,03/10/2011 15:14,Muy bajo (1 - 2 mts),4,Chico,-68.8334532265,-32.8775852111,4,Cuarta Este Área Fundacional,1822015.85685,0
32107,Morera,09/05/2011 11:32,Muy bajo (1 - 2 mts),2,Chico,-68.8592369434,-32.8868676725,5,Residencial Sur,2423808.92355,0
41450,Platano,07/04/2011 12:22,Alto (> 8 mts),140,Grande,-68.8409244745,-32.8809592924,1,Parque Central,1655357.93265,0
30295,Morera,11/03/2011 09:11,Alto (> 8 mts),130,Grande,-68.8410917087,-32.890418944,2,Barrio Civico,2366816.36021,0
26375,Morera,20/10/2011 11:22,Medio (4 - 8 mts),160,Grande,-68.8327789609,-32.8882786126,3,Parque O'Higgins,1531146.02653,1
15459,Fresno europeo,22/11/2011 07:06,Bajo (2 - 4 mts),30,Mediano,-68.859841241,-32.8715225257,7,Residencial Parque,1786336.08966,0
18016,Morera,29/07/2011 17:13,Medio (4 - 8 mts),92,Grande,-68.8413313632,-32.8676609491,4,Cuarta Oeste,1173332.70145,0
11316,Fresno americano,17/01/2011 16:49,Medio (4 - 8 mts),134,Grande,-68.8475967797,-32.9022503201,2,Barrio Civico,2366816.36021,0
17224,Caducifolio,12/08/2011 09:50,Bajo (2 - 4 mts),90,Grande,-68.8352777783,-32.8639144769,4,Cuarta Oeste,1173332.70145,0
5300,Acer,28/04/2011 13:21,Medio (4 - 8 mts),140,Grande,-68.8431918968,-32.8767659833,1,Parque Central,1655357.93265,0
17871,Morera,01/08/2011 13:41,Alto (> 8 mts),150,Grande,-68.8370578161,-32.866511886,4,Cuarta Oeste,1173332.70145,0
24892,Fresno europeo,17/02/2011 09:02,Alto (> 8 mts),88,Grande,-68.8387146594,-32.8973083683,2,Barrio Civico,2366816.36021,0
39667,Morera,21/10/2010 13:58,Alto (> 8 mts),98,Grande,-68.847437442,-32.8689080385,6,Residencial Norte,2694682.37982,0
8651,Fresno europeo,04/02/2011 09:39,Medio (4 - 8 mts),90,Grande,-68.8410495609,-32.9025793389,2,Barrio Civico,2366816.36021,0
32730,Fresno europeo,17/05/2011 13:06,Medio (4 - 8 mts),100,Grande,-68.8533980713,-32.8866560999,5,Residencial Sur,2423808.92355,0
18741,Paraiso,12/07/2011 10:35,Alto (> 8 mts),112,Grande,-68.8373495416,-32.872986431,4,Cuarta Oeste,1173332.70145,0
36955,Fresno europeo,08/04/2011 10:36,Alto (> 8 mts),98,Grande,-68.8580858805,-32.8780014684,7,Residencial Parque,1786336.08966,0
28347,Morera,11/03/2011 09:33,Alto (> 8 mts),148,Grande,-68.8469508169,-32.8885006317,2,Barrio Civico,2366816.36021,1
39599,Morera,25/10/2010 10:22,Medio (4 - 8 mts),48,Mediano,-68.8477474526,-32.8687148385,6,Residencial Norte,2694682.37982,0
18865,Morera,27/07/2011 09:12,Alto (> 8 mts),160,Grande,-68.839990664,-32.8699833185,4,Cuarta Oeste,1173332.70145,1
31050,Fresno europeo,16/02/2011 10:31,Medio (4 - 8 mts),40,Mediano,-68.8552269867,-32.8648302888,6,Residencial Norte,2694682.37982,0
26694,Morera,10/11/2011 09:13,Alto (> 8 mts),125,Grande,-68.8319328502,-32.8932113524,3,Parque O'Higgins,1531146.02653,0
39996,Acer,20/04/2011 13:00,Bajo (2 - 4 mts),40,Mediano,-68.8440681397,-32.8775417767,1,Parque Central,1655357.93265,0
24738,Morera,17/02/2011 09:30,Alto (> 8 mts),111,Grande,-68.83934072,-32.8982251113,2,Barrio Civico,2366816.36021,0
9012,Acer,11/01/2011 13:37,Medio (4 - 8 mts),35,Mediano,-68.8453340679,-32.8670057913,4,Cuarta Oeste,1173332.70145,0
47033,Morera,15/09/2011 10:41,Alto (> 8 mts),90,Grande,-68.8318780372,-32.8728276222,4,Cuarta Este Área Fundacional,1822015.85685,0
16317,Morera,22/07/2011 10:39,Alto (> 8 mts),200,Grande,-68.8425103031,-32.8625197533,4,Cuarta Oeste,1173332.70145,0
39478,Paraiso,10/11/2010 11:50,Alto (> 8 mts),190,Grande,-68.8539952908,-32.8703384029,6,Residencial Norte,2694682.37982,0
39845,Morera,03/05/2011 13:12,Alto (> 8 mts),135,Grande,-68.8442659337,-32.8738009613,1,Parque Central,1655357.93265,0
114,Liquidambar,29/02/2012 10:48,Muy bajo (1 - 2 mts),8,Chico,-68.8567764294,-32.8635820428,6,Residencial Norte,2694682.37982,0
3482,Morera,26/08/2011 07:39,Medio (4 - 8 mts),90,Grande,-68.8236898174,-32.8671828796,4,Cuarta Este Área Fundacional,1822015.85685,0
31003,Fresno europeo,10/02/2011 12:30,Medio (4 - 8 mts),90,Grande,-68.8551181377,-32.864376106,6,Residencial Norte,2694682.37982,0
22975,Fresno europeo,01/06/2011 13:56,Medio (4 - 8 mts),42,Mediano,-68.8569562507,-32.8998355529,5,Residencial Sur,2423808.92355,0
47400,Morera,23/09/2011 15:01,Alto (> 8 mts),165,Grande,-68.826287205,-32.8746383384,4,Cuarta Este Área Fundacional,1822015.85685,0
1521,Aguaribay,24/11/2011 10:17,Bajo (2 - 4 mts),130,Grande,-68.8734501326,-32.878063935,7,Residencial Parque,1786336.08966,0
18661,Morera,05/07/2011 10:28,Alto (> 8 mts),140,Grande,-68.8365790736,-32.875000622,1,Parque Central,1655357.93265,0
22275,Fresno europeo,14/06/2011 09:09,Medio (4 - 8 mts),52,Mediano,-68.8565853355,-32.8981554735,5,Residencial Sur,2423808.92355,0
16946,Morera,16/08/2011 10:38,Medio (4 - 8 mts),120,Grande,-68.8369459566,-32.8654572081,4,Cuarta Oeste,1173332.70145,0
42590,Morera,26/09/2011 10:06,Alto (> 8 mts),137,Grande,-68.827453238,-32.8767146583,4,Cuarta Este Área Fundacional,1822015.85685,1
27450,Acer,25/10/2011 11:06,Alto (> 8 mts),100,Grande,-68.8356176008,-32.8914646461,3,Parque O'Higgins,1531146.02653,0
27843,Jacaranda,02/11/2011 10:06,Alto (> 8 mts),85,Grande,-68.8355325056,-32.8948567856,3,Parque O'Higgins,1531146.02653,0
5091,Caducifolio,11/08/2011 13:32,Medio (4 - 8 mts),20,Chico,-68.8397482445,-32.862521777,4,Cuarta Oeste,1173332.70145,0
19185,Morera,18/07/2011 09:50,Medio (4 - 8 mts),84,Grande,-68.8412455116,-32.8723731445,4,Cuarta Oeste,1173332.70145,0
31709,Caducifolio,18/05/2011 10:17,Bajo (2 - 4 mts),20,Chico,-68.8614616667,-32.890008045,5,Residencial Sur,2423808.92355,0
30521,Platano,04/04/2011 16:06,Alto (> 8 mts),158,Grande,-68.8386777613,-32.8875324565,3,Parque O'Higgins,1531146.02653,0
34648,Morera,01/04/2011 09:22,Alto (> 8 mts),160,Grande,-68.8493717684,-32.8764749533,6,Residencial Norte,2694682.37982,0
3386,Morera,28/09/2011 10:46,Alto (> 8 mts),210,Grande,-68.8306693915,-32.8755953111,4,Cuarta Este Área Fundacional,1822015.85685,0
6384,Morera,23/05/2011 10:45,Medio (4 - 8 mts),53,Mediano,-68.8498417834,-32.8885340976,5,Residencial Sur,2423808.92355,0
31599,Alamo criollo,10/06/2011 10:06,Alto (> 8 mts),155,Grande,-68.8615582416,-32.8887268478,5,Residencial Sur,2423808.92355,0
11942,Morera,12/05/2010 09:47,Bajo (2 - 4 mts),85,Grande,-68.8516895435,-32.8675734533,6,Residencial Norte,2694682.37982,0
30340,Acacia SP,04/03/2011 10:23,Alto (> 8 mts),140,Grande,-68.8407392223,-32.8902535186,3,Parque O'Higgins,1531146.02653,0
13575,Paraiso,01/03/2011 11:26,Alto (> 8 mts),130,Grande,-68.8512642298,-32.8652113919,6,Residencial Norte,2694682.37982,0
7599,Jacaranda,01/06/2011 13:33,Bajo (2 - 4 mts),28,Mediano,-68.8587342958,-32.884544916,5,Residencial Sur,2423808.92355,0
11839,Morera,02/03/2011 12:36,Medio (4 - 8 mts),140,Grande,-68.8497192755,-32.8648299057,6,Residencial Norte,2694682.37982,0
31659,Morera,14/06/2011 13:45,Alto (> 8 mts),120,Grande,-68.8583392591,-32.889341873,5,Residencial Sur,2423808.92355,0
9675,Morera,25/01/2011 09:32,Medio (4 - 8 mts),100,Grande,-68.849070044,-32.8630598942,6,Residencial Norte,2694682.37982,0
28244,Morera,28/02/2011 16:53,Alto (> 8 mts),168,Grande,-68.8480188136,-32.8925493569,2,Barrio Civico,2366816.36021,0
33907,Platano,13/07/2011 11:45,Alto (> 8 mts),300,Grande,-68.8536994115,-32.8856987654,5,Residencial Sur,2423808.92355,0
35485,Morera,08/04/2011 10:49,Medio (4 - 8 mts),44,Mediano,-68.8566438855,-32.8814826141,7,Residencial Parque,1786336.08966,0
12334,Morera,13/01/2011 13:54,Alto (> 8 mts),195,Grande,-68.8468318026,-32.8671372545,6,Residencial Norte,2694682.37982,0
928,Paraiso sombrilla,15/01/2012 19:05,Bajo (2 - 4 mts),46,Mediano,-68.8539421554,-32.8716655151,6,Residencial Norte,2694682.37982,0
19712,Platano,12/07/2011 09:18,Alto (> 8 mts),280,Grande,-68.8342574209,-32.8706458216,4,Cuarta Oeste,1173332.70145,1
25242,Morera,09/02/2011 08:45,Alto (> 8 mts),110,Grande,-68.8390175748,-32.8980510248,2,Barrio Civico,2366816.36021,0
29954,Morera,28/04/2011 12:17,Alto (> 8 mts),168,Grande,-68.8422299967,-32.8859108769,1,Parque Central,1655357.93265,1
11247,Morera,25/01/2011 13:36,Bajo (2 - 4 mts),30,Mediano,-68.8464410808,-32.9021876101,2,Barrio Civico,2366816.36021,0
6513,Morera,09/05/2011 11:27,Alto (> 8 mts),155,Grande,-68.8516917781,-32.8928451349,5,Residencial Sur,2423808.92355,1
46793,Fresno americano,07/09/2011 11:02,Bajo (2 - 4 mts),80,Grande,-68.8320589147,-32.8719331143,4,Cuarta Este Área Fundacional,1822015.85685,0
9695,Morera,24/01/2011 09:00,Medio (4 - 8 mts),150,Grande,-68.8479317846,-32.8635412258,4,Cuarta Oeste,1173332.70145,0
37193,Fresno europeo,01/04/2011 11:25,Medio (4 - 8 mts),120,Grande,-68.8584311091,-32.8787604543,7,Residencial Parque,1786336.08966,0
35994,Morera,21/03/2011 11:48,Alto (> 8 mts),126,Grande,-68.8556368807,-32.875111623,6,Residencial Norte,2694682.37982,0
9211,Fresno europeo,02/03/2011 13:11,Medio (4 - 8 mts),60,Mediano,-68.8496748415,-32.8653531782,6,Residencial Norte,2694682.37982,0
39102,Fresno europeo,23/12/2010 10:37,Medio (4 - 8 mts),80,Grande,-68.8539745475,-32.8711295254,6,Residencial Norte,2694682.37982,0
42181,Morera,06/05/2011 10:39,Alto (> 8 mts),146,Grande,-68.8403791851,-32.8740874245,1,Parque Central,1655357.93265,0
37413,Paraiso,03/01/2011 12:29,Medio (4 - 8 mts),50,Mediano,-68.8572379327,-32.871617412,6,Residencial Norte,2694682.37982,0
29388,Platano,02/03/2011 13:46,Alto (> 8 mts),140,Grande,-68.8462646908,-32.8914749178,2,Barrio Civico,2366816.36021,0
4159,Paraiso,21/07/2011 09:36,Alto (> 8 mts),140,Grande,-68.8452352203,-32.8726353597,6,Residencial Norte,2694682.37982,0
32091,Fresno europeo,07/06/2011 13:27,Alto (> 8 mts),125,Grande,-68.8590621566,-32.8878480659,5,Residencial Sur,2423808.92355,0
38479,Jacaranda,03/11/2010 11:20,Alto (> 8 mts),97,Grande,-68.8513034563,-32.8702925757,6,Residencial Norte,2694682.37982,0
44189,Fresno europeo,17/10/2011 10:17,Medio (4 - 8 mts),28,Mediano,-68.8340481506,-32.8824915307,3,Parque O'Higgins,1531146.02653,0
10125,Morera,03/01/2011 10:21,Alto (> 8 mts),130,Grande,-68.856425906,-32.8708835989,6,Residencial Norte,2694682.37982,0
30990,Morera,09/02/2011 13:36,Muy bajo (1 - 2 mts),5,Chico,-68.8556797915,-32.8647839328,6,Residencial Norte,2694682.37982,0
24970,Morera,16/02/2011 09:41,Alto (> 8 mts),146,Grande,-68.8377186757,-32.895688841,2,Barrio Civico,2366816.36021,0
20819,Morera,30/05/2011 11:03,Alto (> 8 mts),145,Grande,-68.8619464808,-32.895836843,5,Residencial Sur,2423808.92355,0
16996,Caducifolio,15/08/2011 11:14,Alto (> 8 mts),75,Grande,-68.8374581742,-32.8644955713,4,Cuarta Oeste,1173332.70145,0
44363,Morera,17/10/2011 12:52,Alto (> 8 mts),130,Grande,-68.8365697263,-32.8823614258,1,Parque Central,1655357.93265,0
7751,Tilo,18/05/2011 10:56,Medio (4 - 8 mts),100,Grande,-68.8510547505,-32.8863746216,5,Residencial Sur,2423808.92355,0
33647,Morera,16/05/2011 10:03,Bajo (2 - 4 mts),10,Chico,-68.8567547868,-32.8864319399,5,Residencial Sur,2423808.92355,0
40872,Fresno americano,20/04/2011 19:22,Medio (4 - 8 mts),48,Mediano,-68.8382245072,-32.885131567,3,Parque O'Higgins,1531146.02653,0
36890,Platano,07/04/2011 14:33,Alto (> 8 mts),90,Grande,-68.8593311114,-32.8800251929,7,Residencial Parque,1786336.08966,0
29501,Morera,18/02/2011 11:15,Medio (4 - 8 mts),118,Grande,-68.8449846702,-32.8920220205,2,Barrio Civico,2366816.36021,0
6844,Morera,07/06/2011 12:54,Alto (> 8 mts),138,Grande,-68.8546578005,-32.8960163645,5,Residencial Sur,2423808.92355,0
12684,Caducifolio,19/01/2011 13:02,Muy bajo (1 - 2 mts),30,Mediano,-68.8486565633,-32.863070243,6,Residencial Norte,2694682.37982,0
6768,Morera,23/05/2011 10:22,Alto (> 8 mts),97,Grande,-68.8572770686,-32.8947941421,5,Residencial Sur,2423808.92355,0
12882,Paraiso sombrilla,19/01/2011 08:20,Medio (4 - 8 mts),140,Grande,-68.8463908568,-32.8639393454,4,Cuarta Oeste,1173332.70145,0
12322,Paraiso,12/01/2011 13:33,Alto (> 8 mts),195,Grande,-68.846714387,-32.8671390971,6,Residencial Norte,2694682.37982,0
34831,Morera,29/03/2011 13:13,Alto (> 8 mts),148,Grande,-68.852550763,-32.8765551515,6,Residencial Norte,2694682.37982,1
18807,Morera,10/08/2011 10:47,Alto (> 8 mts),180,Grande,-68.8358627838,-32.869746235,4,Cuarta Oeste,1173332.70145,1
6527,Morera,08/06/2011 12:08,Medio (4 - 8 mts),66,Grande,-68.8546305459,-32.8921568865,5,Residencial Sur,2423808.92355,1
7776,Morera,13/05/2011 09:09,Bajo (2 - 4 mts),44,Mediano,-68.856478726,-32.8854805833,5,Residencial Sur,2423808.92355,0
29470,Morera,22/03/2011 08:23,Alto (> 8 mts),170,Grande,-68.8441625283,-32.8932702187,2,Barrio Civico,2366816.36021,0
39458,Jacaranda,15/11/2010 10:01,Alto (> 8 mts),80,Grande,-68.8551699523,-32.8691387345,6,Residencial Norte,2694682.37982,0
27748,Morera,31/10/2011 09:19,Medio (4 - 8 mts),100,Grande,-68.8354042847,-32.8958263644,2,Barrio Civico,2366816.36021,0
29172,Platano,10/03/2011 09:20,Alto (> 8 mts),185,Grande,-68.8457835473,-32.8890081125,2,Barrio Civico,2366816.36021,0
40223,Fresno europeo,14/04/2011 12:38,Bajo (2 - 4 mts),20,Chico,-68.8459083684,-32.8813917052,1,Parque Central,1655357.93265,0
38238,Acacia SP,18/01/2012 12:17,Alto (> 8 mts),190,Grande,-68.8467675482,-32.8729659515,6,Residencial Norte,2694682.37982,0
17520,Paraiso,28/07/2011 09:57,Alto (> 8 mts),148,Grande,-68.8395034166,-32.8670863612,4,Cuarta Oeste,1173332.70145,0
20840,Fresno europeo,27/05/2011 09:49,Medio (4 - 8 mts),70,Grande,-68.8598100618,-32.8948206958,5,Residencial Sur,2423808.92355,0
7269,Paraiso,14/06/2011 12:00,Alto (> 8 mts),162,Grande,-68.8573273621,-32.9018832347,5,Residencial Sur,2423808.92355,0
40779,Fresno europeo,25/04/2011 14:53,Medio (4 - 8 mts),82,Grande,-68.8406740687,-32.8846690037,1,Parque Central,1655357.93265,0
22958,Platano,19/05/2011 16:42,Alto (> 8 mts),162,Grande,-68.8557704762,-32.8995567452,5,Residencial Sur,2423808.92355,0
1806,Acer,24/11/2011 13:19,Medio (4 - 8 mts),28,Mediano,-68.8703620152,-32.8798207341,7,Residencial Parque,1786336.08966,0
19129,Morera,20/07/2011 10:57,Alto (> 8 mts),145,Grande,-68.8410326337,-32.8719105756,4,Cuarta Oeste,1173332.70145,1
37249,Morera,11/03/2011 10:35,Alto (> 8 mts),140,Grande,-68.8569594389,-32.8731066928,6,Residencial Norte,2694682.37982,0
30844,Morera,15/02/2011 12:06,Muy bajo (1 - 2 mts),10,Chico,-68.8556960839,-32.8659985451,6,Residencial Norte,2694682.37982,0
34682,Morera,31/03/2011 10:06,Alto (> 8 mts),156,Grande,-68.8495120937,-32.8764830941,6,Residencial Norte,2694682.37982,0
47488,Olmo comun,20/09/2011 11:13,Alto (> 8 mts),197,Grande,-68.82935646,-32.8742181693,4,Cuarta Este Área Fundacional,1822015.85685,0
10526,Morera,17/03/2011 09:38,Alto (> 8 mts),50,Mediano,-68.8575674108,-32.8754488885,6,Residencial Norte,2694682.37982,0
41196,Fresno europeo,18/04/2011 10:16,Alto (> 8 mts),160,Grande,-68.8380607152,-32.8821078616,1,Parque Central,1655357.93265,0
47422,Morera,22/09/2011 09:49,Alto (> 8 mts),143,Grande,-68.827716383,-32.8749140691,4,Cuarta Este Área Fundacional,1822015.85685,1
16511,Morera,20/07/2011 09:45,Alto (> 8 mts),240,Grande,-68.8401889511,-32.8643377906,4,Cuarta Oeste,1173332.70145,0
9950,Fresno europeo,12/11/2010 11:22,Bajo (2 - 4 mts),32,Mediano,-68.8560804442,-32.8704841282,6,Residencial Norte,2694682.37982,0
9044,Fresno europeo,11/01/2011 10:46,Medio (4 - 8 mts),43,Mediano,-68.8440266516,-32.8660434059,4,Cuarta Oeste,1173332.70145,0
35967,Fresno europeo,22/03/2011 13:43,Medio (4 - 8 mts),135,Grande,-68.8549862767,-32.8762052562,6,Residencial Norte,2694682.37982,0
23261,Fresno europeo,27/01/2012 12:17,Medio (4 - 8 mts),80,Grande,-68.8517882282,-32.901272689,2,Barrio Civico,2366816.36021,0
12208,Paraiso,18/01/2011 13:33,Alto (> 8 mts),130,Grande,-68.8466434256,-32.8679790245,6,Residencial Norte,2694682.37982,0
29806,Platano,09/03/2011 08:33,Alto (> 8 mts),180,Grande,-68.8431341948,-32.8921644344,2,Barrio Civico,2366816.36021,0
22718,Platano,10/05/2011 13:10,Alto (> 8 mts),198,Grande,-68.8534641532,-32.9018685534,2,Barrio Civico,2366816.36021,0
45936,Morera,29/08/2011 11:55,Alto (> 8 mts),180,Grande,-68.8185108665,-32.869997658,4,Cuarta Este Área Fundacional,1822015.85685,0
46489,Fresno europeo,17/08/2011 13:11,Alto (> 8 mts),150,Grande,-68.8304074874,-32.8681951674,4,Cuarta Este Área Fundacional,1822015.85685,0
42253,Morera,28/04/2011 13:34,Alto (> 8 mts),186,Grande,-68.8382641403,-32.8749014618,1,Parque Central,1655357.93265,0
20740,Olmo comun,01/06/2011 11:42,Medio (4 - 8 mts),120,Grande,-68.8610203162,-32.8968308339,5,Residencial Sur,2423808.92355,0
17759,Paraiso,21/07/2011 09:40,Medio (4 - 8 mts),91,Grande,-68.8424880559,-32.8664091948,4,Cuarta Oeste,1173332.70145,0
40802,Platano,26/04/2011 16:52,Alto (> 8 mts),152,Grande,-68.8403923784,-32.8844830312,1,Parque Central,1655357.93265,0
22521,Morera,21/06/2011 10:06,Medio (4 - 8 mts),90,Grande,-68.8604481173,-32.8994109533,5,Residencial Sur,2423808.92355,1
26047,Morera,08/11/2011 16:30,Medio (4 - 8 mts),140,Grande,-68.8314177393,-32.8874328478,3,Parque O'Higgins,1531146.02653,0
1310,Paraiso sombrilla,01/12/2011 12:25,Muy bajo (1 - 2 mts),22,Mediano,-68.8785243452,-32.8668256294,8,Aeroparque,2203364.73622,0
33349,Morera,19/05/2011 11:00,Alto (> 8 mts),142,Grande,-68.8564610318,-32.8909690188,5,Residencial Sur,2423808.92355,1
11563,Paraiso,10/05/2010 11:17,Medio (4 - 8 mts),94,Grande,-68.8519029783,-32.8677615148,6,Residencial Norte,2694682.37982,0
11779,Morera,25/01/2011 13:15,Alto (> 8 mts),120,Grande,-68.8486905496,-32.8641705472,6,Residencial Norte,2694682.37982,0
19674,Morera,12/07/2011 10:29,Alto (> 8 mts),150,Grande,-68.8355814684,-32.8710108524,4,Cuarta Oeste,1173332.70145,1
15770,Paraiso sombrilla,21/11/2011 10:11,Medio (4 - 8 mts),170,Grande,-68.8724190833,-32.8777341382,7,Residencial Parque,1786336.08966,0
23613,Morera,21/01/2011 09:12,Alto (> 8 mts),290,Grande,-68.8472655928,-32.8998136876,2,Barrio Civico,2366816.36021,1
25763,Morera,03/02/2011 09:47,Alto (> 8 mts),180,Grande,-68.8420203826,-32.9037488335,2,Barrio Civico,2366816.36021,0
22277,Platano,14/06/2011 09:06,Alto (> 8 mts),130,Grande,-68.85642474,-32.8981627588,5,Residencial Sur,2423808.92355,0
41515,Morera,03/05/2011 14:07,Medio (4 - 8 mts),60,Mediano,-68.8386146806,-32.8771700343,1,Parque Central,1655357.93265,0
16486,Paraiso,05/08/2011 09:17,Alto (> 8 mts),100,Grande,-68.8421288883,-32.8648769425,4,Cuarta Oeste,1173332.70145,0
31572,Fresno europeo,13/06/2011 15:06,Alto (> 8 mts),92,Grande,-68.8590511276,-32.8887391055,5,Residencial Sur,2423808.92355,0
9155,Morera,28/02/2011 12:01,Muy bajo (1 - 2 mts),5,Chico,-68.8517975249,-32.8659112137,6,Residencial Norte,2694682.37982,0
14352,Morera,01/12/2011 13:09,Bajo (2 - 4 mts),55,Mediano,-68.877508458,-32.8658804871,8,Aeroparque,2203364.73622,0
14832,Morera,07/12/2011 10:12,Bajo (2 - 4 mts),50,Mediano,-68.8782769259,-32.86940746,8,Aeroparque,2203364.73622,0
37145,Acer,01/04/2011 11:47,Muy bajo (1 - 2 mts),20,Chico,-68.8583873043,-32.8768067955,7,Residencial Parque,1786336.08966,0
43458,Morera,03/10/2011 10:01,Alto (> 8 mts),130,Grande,-68.8322884741,-32.8798550689,3,Parque O'Higgins,1531146.02653,0
15454,Fresno europeo,22/11/2011 13:21,Muy bajo (1 - 2 mts),18,Chico,-68.859886405,-32.8717845338,7,Residencial Parque,1786336.08966,0
28834,Morera,27/04/2011 12:00,Alto (> 8 mts),140,Grande,-68.8484485908,-32.8847136897,1,Parque Central,1655357.93265,0
20362,Morera,24/05/2011 13:27,Medio (4 - 8 mts),62,Grande,-68.8606493205,-32.8941759328,5,Residencial Sur,2423808.92355,0
10282,Prunas,07/12/2010 10:03,Bajo (2 - 4 mts),48,Mediano,-68.8477292103,-32.8719425677,6,Residencial Norte,2694682.37982,0
30200,Fresno europeo,09/03/2011 09:39,Alto (> 8 mts),200,Grande,-68.8424057356,-32.8890002398,3,Parque O'Higgins,1531146.02653,0
9279,Paraiso,25/02/2011 09:42,Medio (4 - 8 mts),140,Grande,-68.8476885378,-32.8658443348,6,Residencial Norte,2694682.37982,0
8840,Fresno europeo,31/01/2011 14:00,Bajo (2 - 4 mts),35,Mediano,-68.8538611793,-32.8673020606,6,Residencial Norte,2694682.37982,0
12089,Morera,05/05/2010 11:49,Medio (4 - 8 mts),126,Grande,-68.8525579945,-32.868606017,6,Residencial Norte,2694682.37982,1
46953,Alamo blanco,09/09/2011 11:19,Alto (> 8 mts),105,Grande,-68.8313690434,-32.8708255372,4,Cuarta Este Área Fundacional,1822015.85685,0
16050,Morera,15/08/2011 13:44,Alto (> 8 mts),120,Grande,-68.8451363413,-32.8705678707,6,Residencial Norte,2694682.37982,0
17318,Fresno europeo,10/08/2011 07:37,Alto (> 8 mts),116,Grande,-68.8342500304,-32.8652487029,4,Cuarta Oeste,1173332.70145,0
25019,Paraiso,15/02/2011 09:17,Alto (> 8 mts),81,Grande,-68.835063075,-32.8968910817,2,Barrio Civico,2366816.36021,0
23267,Morera,26/01/2012 13:19,Alto (> 8 mts),150,Grande,-68.852101838,-32.9011975627,2,Barrio Civico,2366816.36021,0
45908,Morera,25/08/2011 12:45,Alto (> 8 mts),220,Grande,-68.8194047949,-32.8688019367,4,Cuarta Este Área Fundacional,1822015.85685,0
35360,Morera,21/06/2011 15:36,Bajo (2 - 4 mts),26,Mediano,-68.8544626701,-32.8832738326,5,Residencial Sur,2423808.92355,0
7529,Morera,09/06/2011 13:06,Medio (4 - 8 mts),80,Grande,-68.8583436831,-32.881851438,7,Residencial Parque,1786336.08966,0
13727,Fresno americano,28/01/2011 08:42,Bajo (2 - 4 mts),76,Grande,-68.8498026351,-32.8635337187,6,Residencial Norte,2694682.37982,0
20867,Fresno europeo,26/05/2011 11:08,Alto (> 8 mts),88,Grande,-68.8599924474,-32.8956717358,5,Residencial Sur,2423808.92355,0
30240,Platano,10/03/2011 08:33,Alto (> 8 mts),260,Grande,-68.8421481596,-32.8905868316,2,Barrio Civico,2366816.36021,0
14412,Morera,02/12/2011 09:58,Bajo (2 - 4 mts),38,Mediano,-68.8787462936,-32.8676734357,8,Aeroparque,2203364.73622,0
36605,Platano,15/06/2011 14:47,Alto (> 8 mts),160,Grande,-68.8571312862,-32.8827479764,7,Residencial Parque,1786336.08966,0
42734,Fresno europeo,26/09/2011 11:07,Muy bajo (1 - 2 mts),5,Chico,-68.8278791061,-32.8772516713,4,Cuarta Este Área Fundacional,1822015.85685,0
10145,Morera,28/12/2010 09:39,Muy bajo (1 - 2 mts),5,Chico,-68.8549257525,-32.8716741997,6,Residencial Norte,2694682.37982,0
30608,Morera,14/02/2011 10:09,Medio (4 - 8 mts),27,Mediano,-68.8584157871,-32.8649250663,6,Residencial Norte,2694682.37982,0
7280,Acer,14/06/2011 13:15,Bajo (2 - 4 mts),18,Chico,-68.8614439467,-32.90186479,5,Residencial Sur,2423808.92355,0
6880,Morera,07/06/2011 10:13,Medio (4 - 8 mts),75,Grande,-68.8589879314,-32.8950160434,5,Residencial Sur,2423808.92355,0
35246,Morera,22/03/2011 11:19,Alto (> 8 mts),150,Grande,-68.8534676409,-32.8823065972,1,Parque Central,1655357.93265,0
40542,Fresno europeo,11/04/2011 12:05,Medio (4 - 8 mts),42,Mediano,-68.8436341657,-32.8841282816,1,Parque Central,1655357.93265,0
34117,Morera,09/03/2011 13:47,Alto (> 8 mts),160,Grande,-68.8554359493,-32.8730786444,6,Residencial Norte,2694682.37982,0
34656,Morera,01/04/2011 13:42,Bajo (2 - 4 mts),31,Mediano,-68.8508114423,-32.8768761722,6,Residencial Norte,2694682.37982,0
36094,Fresno americano,06/04/2011 09:16,Medio (4 - 8 mts),75,Grande,-68.8553145282,-32.8762732228,6,Residencial Norte,2694682.37982,0
43383,Paraiso,25/10/2011 16:31,Medio (4 - 8 mts),140,Grande,-68.8334676083,-32.8811174651,3,Parque O'Higgins,1531146.02653,0
6540,Fresno americano,11/05/2011 12:15,Medio (4 - 8 mts),50,Mediano,-68.8563963962,-32.8912799263,5,Residencial Sur,2423808.92355,1
732,Paraiso sombrilla,19/12/2011 08:59,Bajo (2 - 4 mts),75,Grande,-68.8812580028,-32.8723585247,8,Aeroparque,2203364.73622,0
26499,Olmo comun,07/11/2011 08:39,Medio (4 - 8 mts),36,Mediano,-68.8315475651,-32.8920225856,3,Parque O'Higgins,1531146.02653,0
23291,Fresno europeo,18/01/2012 17:27,Bajo (2 - 4 mts),20,Chico,-68.8517477942,-32.9010429806,2,Barrio Civico,2366816.36021,0
38078,Paraiso,03/12/2010 10:27,Alto (> 8 mts),150,Grande,-68.8471003187,-32.8722001892,6,Residencial Norte,2694682.37982,0
14926,Acacia SP,20/12/2011 10:22,Bajo (2 - 4 mts),60,Mediano,-68.8801703781,-32.8730648633,8,Aeroparque,2203364.73622,0
17165,Morera,06/07/2011 10:18,Medio (4 - 8 mts),80,Grande,-68.8351303916,-32.8632901717,4,Cuarta Oeste,1173332.70145,0
10933,Perenne,29/03/2011 10:40,Medio (4 - 8 mts),98,Grande,-68.8515850827,-32.879789067,6,Residencial Norte,2694682.37982,0
40373,Platano,11/04/2011 09:36,Alto (> 8 mts),160,Grande,-68.8440900627,-32.8826591821,1,Parque Central,1655357.93265,0
8140,Morera,01/03/2011 12:25,Bajo (2 - 4 mts),22,Mediano,-68.8467357791,-32.8905115311,2,Barrio Civico,2366816.36021,0
646,Morera,08/03/2012 16:29,Medio (4 - 8 mts),126,Grande,-68.8175777823,-32.868368836,4,Cuarta Este Área Fundacional,1822015.85685,0
47152,Perenne,20/09/2011 10:16,Muy bajo (1 - 2 mts),25,Mediano,-68.832451263,-32.8728855226,4,Cuarta Este Área Fundacional,1822015.85685,0
38177,Morera,20/10/2010 13:42,Alto (> 8 mts),160,Grande,-68.8453217863,-32.8706920831,6,Residencial Norte,2694682.37982,0
28238,Morera,28/02/2011 17:03,Alto (> 8 mts),186,Grande,-68.8485214048,-32.8924012228,2,Barrio Civico,2366816.36021,0
8038,Olmo bola,11/03/2011 09:42,Medio (4 - 8 mts),44,Mediano,-68.8470367951,-32.8888101244,2,Barrio Civico,2366816.36021,0
42124,Acer,04/05/2011 10:43,Medio (4 - 8 mts),100,Grande,-68.841837474,-32.8775694848,1,Parque Central,1655357.93265,0
46313,Fresno europeo,28/09/2011 08:12,Alto (> 8 mts),173,Grande,-68.8246611132,-32.873435104,4,Cuarta Este Área Fundacional,1822015.85685,0
27254,Platano,26/10/2011 09:23,Alto (> 8 mts),200,Grande,-68.8356269303,-32.8890531371,3,Parque O'Higgins,1531146.02653,1
35181,Morera,29/03/2011 10:52,Alto (> 8 mts),80,Grande,-68.8522483396,-32.8823634121,1,Parque Central,1655357.93265,1
2382,Fresno europeo,31/10/2011 15:01,Bajo (2 - 4 mts),42,Mediano,-68.8371684017,-32.8859678052,3,Parque O'Higgins,1531146.02653,0
47967,Morera,02/09/2011 10:04,Medio (4 - 8 mts),222,Grande,-68.8256667055,-32.8685211956,4,Cuarta Este Área Fundacional,1822015.85685,1
17578,Paraiso,28/07/2011 09:29,Medio (4 - 8 mts),190,Grande,-68.8403872347,-32.8663742514,4,Cuarta Oeste,1173332.70145,0
36903,Morera,07/04/2011 12:44,Alto (> 8 mts),180,Grande,-68.8596257931,-32.8792184156,7,Residencial Parque,1786336.08966,0
3144,Morera,09/09/2011 16:11,Bajo (2 - 4 mts),33,Mediano,-68.8248215302,-32.8722186465,4,Cuarta Este Área Fundacional,1822015.85685,0
30926,Fresno europeo,14/02/2011 09:02,Bajo (2 - 4 mts),76,Grande,-68.8560186567,-32.8640731155,6,Residencial Norte,2694682.37982,0
21500,Paraiso,11/05/2011 11:02,Alto (> 8 mts),200,Grande,-68.8534287239,-32.8945863331,5,Residencial Sur,2423808.92355,0
11722,Morera,02/06/2010 11:40,Medio (4 - 8 mts),132,Grande,-68.8505036321,-32.8664715159,6,Residencial Norte,2694682.37982,0
32448,Acacia visco,26/05/2011 14:19,Alto (> 8 mts),143,Grande,-68.8513172835,-32.889246639,5,Residencial Sur,2423808.92355,0
23665,Fresno europeo,20/01/2011 18:47,Alto (> 8 mts),150,Grande,-68.8491612787,-32.9013046413,2,Barrio Civico,2366816.36021,0
671,Tilo,27/01/2012 12:26,Bajo (2 - 4 mts),36,Mediano,-68.8518028684,-32.9014787235,2,Barrio Civico,2366816.36021,0
693,Fresno europeo,19/07/2011 11:54,Medio (4 - 8 mts),55,Mediano,-68.8410822646,-32.8630493032,4,Cuarta Oeste,1173332.70145,0
35917,Fresno europeo,23/03/2011 13:44,Muy bajo (1 - 2 mts),4,Chico,-68.8539358029,-32.8757305546,6,Residencial Norte,2694682.37982,0
17402,Morera,22/07/2011 09:48,Alto (> 8 mts),87,Grande,-68.8406373323,-32.8662091994,4,Cuarta Oeste,1173332.70145,0
22856,Morera,10/05/2011 10:39,Muy bajo (1 - 2 mts),8,Chico,-68.8570704236,-32.9012870026,5,Residencial Sur,2423808.92355,0
9818,Acer,12/01/2011 09:10,Alto (> 8 mts),140,Grande,-68.8445547069,-32.8637897071,4,Cuarta Oeste,1173332.70145,0
20391,Morera,24/05/2011 09:25,Alto (> 8 mts),142,Grande,-68.8625974428,-32.8939991029,5,Residencial Sur,2423808.92355,0
14789,Paraiso sombrilla,06/12/2011 12:20,Bajo (2 - 4 mts),80,Grande,-68.879613108,-32.8684201588,8,Aeroparque,2203364.73622,0
42477,Platano,30/09/2011 12:52,Alto (> 8 mts),220,Grande,-68.8311518148,-32.8764929542,4,Cuarta Este Área Fundacional,1822015.85685,0
19385,Platano,04/07/2011 10:51,Alto (> 8 mts),200,Grande,-68.8347264021,-32.8724213276,4,Cuarta Oeste,1173332.70145,0
8555,Fresno europeo,18/02/2011 10:29,Alto (> 8 mts),56,Mediano,-68.8399273839,-32.8970564101,2,Barrio Civico,2366816.36021,0
45115,Morera,31/08/2011 15:53,Alto (> 8 mts),160,Grande,-68.8257481835,-32.8705115284,4,Cuarta Este Área Fundacional,1822015.85685,0
7845,Fresno europeo,10/06/2011 10:23,Alto (> 8 mts),110,Grande,-68.8509511403,-32.8854835171,5,Residencial Sur,2423808.92355,0
39834,Morera,02/05/2011 11:50,Alto (> 8 mts),140,Grande,-68.8453811267,-32.8775278074,1,Parque Central,1655357.93265,1
42557,Morera,26/09/2011 11:31,Alto (> 8 mts),190,Grande,-68.8264617119,-32.875592739,4,Cuarta Este Área Fundacional,1822015.85685,1
28613,Platano,25/02/2011 08:21,Alto (> 8 mts),230,Grande,-68.8483971707,-32.8911792336,2,Barrio Civico,2366816.36021,0
39666,Morera,21/10/2010 14:02,Alto (> 8 mts),180,Grande,-68.8474241482,-32.8688592857,6,Residencial Norte,2694682.37982,0
45614,Fresno americano,22/09/2011 08:55,Alto (> 8 mts),135,Grande,-68.8199122203,-32.8717260139,4,Cuarta Este Área Fundacional,1822015.85685,0
7981,Platano,21/02/2011 09:17,Alto (> 8 mts),140,Grande,-68.841395559,-32.8883195516,3,Parque O'Higgins,1531146.02653,0
14214,Morera,30/11/2011 11:38,Medio (4 - 8 mts),110,Grande,-68.876641294,-32.8663869677,8,Aeroparque,2203364.73622,0
40931,Acacia SP,11/04/2011 15:59,Medio (4 - 8 mts),48,Mediano,-68.8392929691,-32.8852899291,3,Parque O'Higgins,1531146.02653,0
3288,Morera,03/10/2011 08:03,Bajo (2 - 4 mts),46,Mediano,-68.8283535645,-32.876755778,4,Cuarta Este Área Fundacional,1822015.85685,0
20749,Platano,01/06/2011 11:20,Alto (> 8 mts),160,Grande,-68.8619352922,-32.8967141768,5,Residencial Sur,2423808.92355,0
18655,Morera,05/07/2011 10:48,Alto (> 8 mts),110,Grande,-68.8366690573,-32.8753437438,1,Parque Central,1655357.93265,0
33220,Morera,09/05/2011 12:14,Alto (> 8 mts),140,Grande,-68.8547063965,-32.8919374831,5,Residencial Sur,2423808.92355,0
46180,Morera,28/09/2011 10:08,Bajo (2 - 4 mts),40,Mediano,-68.8239874373,-32.8750823976,4,Cuarta Este Área Fundacional,1822015.85685,0
18276,Morera,04/08/2011 10:06,Alto (> 8 mts),135,Grande,-68.8391956196,-32.8688488691,4,Cuarta Oeste,1173332.70145,0
43483,Conifera,10/11/2011 12:24,Alto (> 8 mts),160,Grande,-68.8296336852,-32.8831211082,3,Parque O'Higgins,1531146.02653,0
15508,Paraiso,21/11/2011 13:32,Bajo (2 - 4 mts),36,Mediano,-68.8601701219,-32.8709977974,7,Residencial Parque,1786336.08966,0
42893,Morera,03/10/2011 08:29,Alto (> 8 mts),150,Grande,-68.8335512422,-32.8768268868,4,Cuarta Este Área Fundacional,1822015.85685,0
35210,Morera,23/03/2011 10:01,Medio (4 - 8 mts),60,Mediano,-68.8522685492,-32.8815521162,1,Parque Central,1655357.93265,0
22096,Fresno europeo,10/06/2011 10:48,Alto (> 8 mts),108,Grande,-68.854186481,-32.8982459195,5,Residencial Sur,2423808.92355,0
4222,Perenne,11/07/2011 11:06,Medio (4 - 8 mts),35,Mediano,-68.8390074164,-32.8736681273,4,Cuarta Oeste,1173332.70145,0
10233,Fresno europeo,13/12/2010 14:17,Muy bajo (1 - 2 mts),2,Chico,-68.8495316614,-32.8713757509,6,Residencial Norte,2694682.37982,0
28211,Morera,10/03/2011 19:29,Alto (> 8 mts),158,Grande,-68.848075758,-32.8933127077,2,Barrio Civico,2366816.36021,0
31284,Morera,03/02/2011 11:39,Medio (4 - 8 mts),80,Grande,-68.8529126508,-32.8645507111,6,Residencial Norte,2694682.37982,0
37637,Morera,29/02/2012 09:46,Alto (> 8 mts),90,Grande,-68.8522931769,-32.8719565619,6,Residencial Norte,2694682.37982,1
36179,Platano,31/03/2011 11:21,Alto (> 8 mts),170,Grande,-68.8557719366,-32.8772946892,6,Residencial Norte,2694682.37982,0
29370,Morera,03/03/2011 09:56,Alto (> 8 mts),180,Grande,-68.8452664011,-32.8907879539,2,Barrio Civico,2366816.36021,0
18857,Morera,27/07/2011 09:26,Alto (> 8 mts),200,Grande,-68.8404513998,-32.8699567623,4,Cuarta Oeste,1173332.70145,0
13847,Paraiso,25/01/2011 10:30,Alto (> 8 mts),180,Grande,-68.8491424972,-32.8636245529,6,Residencial Norte,2694682.37982,0
42279,Morera,06/05/2011 13:17,Medio (4 - 8 mts),60,Mediano,-68.84026467,-32.8741291169,1,Parque Central,1655357.93265,0
9770,Fresno americano,18/01/2011 11:23,Medio (4 - 8 mts),100,Grande,-68.8457152404,-32.863837856,4,Cuarta Oeste,1173332.70145,0
42702,Morera,30/09/2011 12:12,Alto (> 8 mts),168,Grande,-68.8293558905,-32.877407309,4,Cuarta Este Área Fundacional,1822015.85685,0
10667,Fresno europeo,23/03/2011 09:23,Medio (4 - 8 mts),100,Grande,-68.852946985,-32.8750901898,6,Residencial Norte,2694682.37982,0
10797,Morera,31/03/2011 12:57,Medio (4 - 8 mts),126,Grande,-68.8510437424,-32.8777826411,6,Residencial Norte,2694682.37982,0
40372,Platano,11/04/2011 09:42,Alto (> 8 mts),162,Grande,-68.8441081355,-32.8827129456,1,Parque Central,1655357.93265,0
37796,Paraiso,10/12/2010 10:50,Alto (> 8 mts),200,Grande,-68.8495126606,-32.8718631794,6,Residencial Norte,2694682.37982,0
22164,Morera,18/05/2011 10:58,Alto (> 8 mts),88,Grande,-68.8540469919,-32.8989671091,5,Residencial Sur,2423808.92355,0
38114,Fresno europeo,03/12/2010 10:37,Alto (> 8 mts),180,Grande,-68.8466698177,-32.8728797542,6,Residencial Norte,2694682.37982,0
41416,Morera,18/04/2011 14:25,Medio (4 - 8 mts),96,Grande,-68.8426267939,-32.8830105425,1,Parque Central,1655357.93265,0
11284,Fresno americano,11/01/2011 08:21,Medio (4 - 8 mts),40,Mediano,-68.8471531881,-32.9021811258,2,Barrio Civico,2366816.36021,0
7023,Fresno europeo,10/06/2011 11:46,Medio (4 - 8 mts),80,Grande,-68.8538355425,-32.8967606264,5,Residencial Sur,2423808.92355,0
43378,Platano,25/10/2011 16:44,Alto (> 8 mts),200,Grande,-68.8337516628,-32.881028772,3,Parque O'Higgins,1531146.02653,0
25570,Morera,08/02/2011 15:36,Medio (4 - 8 mts),62,Grande,-68.8381090922,-32.9013491411,2,Barrio Civico,2366816.36021,0
14072,Acacia SP,02/12/2011 10:26,Medio (4 - 8 mts),50,Mediano,-68.8762335164,-32.8682829546,8,Aeroparque,2203364.73622,0
41193,Morera,15/04/2011 14:24,Alto (> 8 mts),153,Grande,-68.8384291589,-32.8820093611,1,Parque Central,1655357.93265,1
45026,Morera,29/08/2011 09:27,Alto (> 8 mts),185,Grande,-68.8255343003,-32.8701070009,4,Cuarta Este Área Fundacional,1822015.85685,0
5381,Acer,25/04/2011 09:04,Medio (4 - 8 mts),80,Grande,-68.8444955772,-32.8772403246,1,Parque Central,1655357.93265,0
10919,Morera,21/03/2011 12:37,Medio (4 - 8 mts),57,Mediano,-68.8516411876,-32.8794690253,6,Residencial Norte,2694682.37982,0
40127,Olmo bola,15/04/2011 09:41,Medio (4 - 8 mts),80,Grande,-68.8457855856,-32.879563248,1,Parque Central,1655357.93265,0
30387,Acacia SP,02/03/2011 13:16,Muy bajo (1 - 2 mts),8,Chico,-68.8403695603,-32.8894379452,3,Parque O'Higgins,1531146.02653,0
7420,Fresno europeo,17/06/2011 17:48,Medio (4 - 8 mts),66,Grande,-68.8580707271,-32.9004027454,5,Residencial Sur,2423808.92355,0
46713,Morera,05/09/2011 09:47,Medio (4 - 8 mts),119,Grande,-68.832093944,-32.8706386894,4,Cuarta Este Área Fundacional,1822015.85685,0
24739,Morera,17/02/2011 09:28,Muy bajo (1 - 2 mts),3,Chico,-68.8392714234,-32.8981270085,2,Barrio Civico,2366816.36021,0
26054,Fresno europeo,08/11/2011 16:08,Medio (4 - 8 mts),150,Grande,-68.8320282826,-32.8876368889,3,Parque O'Higgins,1531146.02653,0
42052,Fresno europeo,12/04/2011 13:17,Medio (4 - 8 mts),80,Grande,-68.8433079055,-32.8804462974,1,Parque Central,1655357.93265,0
31527,Morera,18/05/2011 11:05,Alto (> 8 mts),136,Grande,-68.8602534586,-32.8911718668,5,Residencial Sur,2423808.92355,0
7291,Morera,10/05/2011 13:26,Alto (> 8 mts),102,Grande,-68.8532569654,-32.9011607993,2,Barrio Civico,2366816.36021,0
8207,Platano,15/03/2011 09:43,Alto (> 8 mts),118,Grande,-68.8409001636,-32.8927009316,2,Barrio Civico,2366816.36021,0
35521,Morera,17/06/2011 09:51,Medio (4 - 8 mts),130,Grande,-68.8558949417,-32.8826363712,5,Residencial Sur,2423808.92355,0
12337,Morera,13/01/2011 14:02,Alto (> 8 mts),160,Grande,-68.8468522675,-32.866885648,6,Residencial Norte,2694682.37982,0
17802,Paraiso,22/07/2011 13:31,Medio (4 - 8 mts),75,Grande,-68.8430870145,-32.8689639978,4,Cuarta Oeste,1173332.70145,0
27737,Morera,31/10/2011 09:34,Muy bajo (1 - 2 mts),8,Chico,-68.8363866275,-32.8954718465,2,Barrio Civico,2366816.36021,0
20384,Fresno europeo,24/05/2011 10:03,Alto (> 8 mts),102,Grande,-68.8620827478,-32.8942819026,5,Residencial Sur,2423808.92355,0
17229,Fresno americano,12/08/2011 09:35,Medio (4 - 8 mts),60,Mediano,-68.8354563962,-32.864678087,4,Cuarta Oeste,1173332.70145,0
26468,Fresno europeo,09/11/2011 09:54,Medio (4 - 8 mts),110,Grande,-68.8322432001,-32.8913504985,3,Parque O'Higgins,1531146.02653,0
14327,Paraiso sombrilla,01/12/2011 12:39,Bajo (2 - 4 mts),44,Mediano,-68.8782712342,-32.8670800348,8,Aeroparque,2203364.73622,0
8504,Ailanthus,16/02/2011 09:07,Alto (> 8 mts),60,Mediano,-68.8379476858,-32.8965352006,2,Barrio Civico,2366816.36021,0
39448,Paraiso,11/11/2010 10:11,Alto (> 8 mts),140,Grande,-68.854674239,-32.8694042263,6,Residencial Norte,2694682.37982,0
30127,Fresno europeo,25/04/2011 13:02,Alto (> 8 mts),180,Grande,-68.8421897957,-32.8868306188,1,Parque Central,1655357.93265,1
30261,Fresno europeo,04/03/2011 13:37,Muy bajo (1 - 2 mts),12,Chico,-68.8408712486,-32.8892869805,3,Parque O'Higgins,1531146.02653,0
27803,Platano,03/11/2011 09:43,Alto (> 8 mts),120,Grande,-68.8351431099,-32.8949395737,3,Parque O'Higgins,1531146.02653,0
35655,Morera,17/03/2011 12:03,Alto (> 8 mts),160,Grande,-68.8560549119,-32.8749042644,6,Residencial Norte,2694682.37982,0
18582,Morera,07/07/2011 09:47,Alto (> 8 mts),125,Grande,-68.8365549977,-32.8743561952,4,Cuarta Oeste,1173332.70145,0
16389,Fresno europeo,03/08/2011 09:14,Medio (4 - 8 mts),50,Mediano,-68.8350048734,-32.8659470833,4,Cuarta Oeste,1173332.70145,0
31758,Acacia SP,28/06/2011 11:41,Alto (> 8 mts),155,Grande,-68.8577638046,-32.8898453764,5,Residencial Sur,2423808.92355,0
17207,Morera,30/06/2011 13:06,Alto (> 8 mts),170,Grande,-68.8352434173,-32.8624471029,4,Cuarta Oeste,1173332.70145,0
35760,Morera,21/03/2011 11:26,Medio (4 - 8 mts),120,Grande,-68.8540549397,-32.8743172985,6,Residencial Norte,2694682.37982,0
5383,Acer,20/04/2011 13:18,Medio (4 - 8 mts),150,Grande,-68.8443846417,-32.8772948851,1,Parque Central,1655357.93265,0
43088,Fresno europeo,03/10/2011 09:17,Alto (> 8 mts),180,Grande,-68.8309056114,-32.8778743518,4,Cuarta Este Área Fundacional,1822015.85685,0
44263,Platano,13/10/2011 10:58,Alto (> 8 mts),180,Grande,-68.8348399711,-32.8847025094,3,Parque O'Higgins,1531146.02653,0
40174,Fresno americano,14/04/2011 09:27,Medio (4 - 8 mts),140,Grande,-68.8437865691,-32.8803972138,1,Parque Central,1655357.93265,0
10756,Fresno europeo,05/04/2011 11:45,Medio (4 - 8 mts),46,Mediano,-68.8562182576,-32.8765769851,6,Residencial Norte,2694682.37982,0
23475,Morera,24/01/2011 15:55,Alto (> 8 mts),102,Grande,-68.8492862324,-32.9024712901,2,Barrio Civico,2366816.36021,1
21454,Morera,12/05/2011 10:00,Alto (> 8 mts),180,Grande,-68.8568211076,-32.8923270319,5,Residencial Sur,2423808.92355,0
28575,Morera,22/02/2011 10:14,Alto (> 8 mts),250,Grande,-68.8488316849,-32.8905783269,5,Residencial Sur,2423808.92355,1
33731,Morera,11/05/2011 10:24,Alto (> 8 mts),165,Grande,-68.8587685854,-32.8869484419,5,Residencial Sur,2423808.92355,0
32193,Jacaranda,10/05/2011 12:47,Bajo (2 - 4 mts),36,Mediano,-68.858769225,-32.8849512292,5,Residencial Sur,2423808.92355,0
41803,Acer,26/04/2011 12:34,Medio (4 - 8 mts),100,Grande,-68.8423385062,-32.8776443006,1,Parque Central,1655357.93265,0
36125,Morera,05/04/2011 10:31,Alto (> 8 mts),140,Grande,-68.8546380334,-32.8773829147,6,Residencial Norte,2694682.37982,0
10590,Ailanthus,29/03/2011 13:15,Medio (4 - 8 mts),30,Mediano,-68.8525056022,-32.8766641743,6,Residencial Norte,2694682.37982,0
13396,Fresno europeo,11/01/2011 10:33,Bajo (2 - 4 mts),35,Mediano,-68.8443675095,-32.8660698975,4,Cuarta Oeste,1173332.70145,0
5295,Acer,28/04/2011 13:29,Medio (4 - 8 mts),60,Mediano,-68.8432413954,-32.8770377797,1,Parque Central,1655357.93265,0
15706,Alamo blanco,18/11/2011 08:18,Bajo (2 - 4 mts),8,Chico,-68.8606282388,-32.8688815505,6,Residencial Norte,2694682.37982,0
19381,Acer,04/07/2011 10:59,Muy bajo (1 - 2 mts),200,Grande,-68.8348070608,-32.8727171897,4,Cuarta Oeste,1173332.70145,0
31466,Morera,19/05/2011 13:10,Medio (4 - 8 mts),74,Grande,-68.858488871,-32.8914323649,5,Residencial Sur,2423808.92355,0
8481,Morera,14/02/2011 15:40,Alto (> 8 mts),46,Mediano,-68.8352208329,-32.8980425489,2,Barrio Civico,2366816.36021,0
38551,Morera,20/12/2010 10:33,Medio (4 - 8 mts),90,Grande,-68.852805835,-32.8717670963,6,Residencial Norte,2694682.37982,0
23031,Morera,10/06/2011 18:44,Alto (> 8 mts),82,Grande,-68.8623428989,-32.9016439879,5,Residencial Sur,2423808.92355,0
15427,Paraiso,17/11/2011 13:05,Bajo (2 - 4 mts),68,Grande,-68.8587171566,-32.8718986167,6,Residencial Norte,2694682.37982,0
32051,Morera,09/06/2011 10:30,Alto (> 8 mts),170,Grande,-68.8613303959,-32.8876353892,5,Residencial Sur,2423808.92355,0
39195,Fresno europeo,25/11/2010 13:49,Alto (> 8 mts),80,Grande,-68.8543799174,-32.872906516,6,Residencial Norte,2694682.37982,0
45797,Acer,01/09/2011 11:18,Medio (4 - 8 mts),279,Grande,-68.8193794415,-32.870861856,4,Cuarta Este Área Fundacional,1822015.85685,0
18772,Morera,11/07/2011 11:29,Alto (> 8 mts),80,Grande,-68.8385311494,-32.8724372071,4,Cuarta Oeste,1173332.70145,0
34987,Fresno europeo,31/03/2011 13:02,Alto (> 8 mts),83,Grande,-68.8553035833,-32.8803837103,6,Residencial Norte,2694682.37982,0
7853,Fresno europeo,03/06/2011 15:27,Bajo (2 - 4 mts),42,Mediano,-68.8588356136,-32.8842065512,5,Residencial Sur,2423808.92355,0
13190,Acer,21/02/2011 09:47,Bajo (2 - 4 mts),44,Mediano,-68.8470160386,-32.8653386552,4,Cuarta Oeste,1173332.70145,0
4782,Caducifolio,03/08/2011 10:12,Bajo (2 - 4 mts),12,Chico,-68.8384157725,-32.8666906428,4,Cuarta Oeste,1173332.70145,0
8629,Perenne,31/01/2011 13:07,Medio (4 - 8 mts),75,Grande,-68.83931027,-32.9034498592,2,Barrio Civico,2366816.36021,0
7575,Morera,16/06/2011 14:36,Medio (4 - 8 mts),90,Grande,-68.8569317993,-32.8825892642,7,Residencial Parque,1786336.08966,0
47737,Morera,15/09/2011 09:47,Medio (4 - 8 mts),67,Grande,-68.8291770246,-32.8727176532,4,Cuarta Este Área Fundacional,1822015.85685,0
2033,Morera,01/11/2011 08:41,Medio (4 - 8 mts),60,Mediano,-68.8334290513,-32.8951036488,3,Parque O'Higgins,1531146.02653,0
19664,Morera,26/07/2011 09:23,Medio (4 - 8 mts),80,Grande,-68.8351857457,-32.8698236074,4,Cuarta Oeste,1173332.70145,0
3075,Morera,08/09/2011 15:24,Medio (4 - 8 mts),170,Grande,-68.8290079616,-32.8710791202,4,Cuarta Este Área Fundacional,1822015.85685,0
37408,Olmo comun,03/01/2011 12:20,Alto (> 8 mts),160,Grande,-68.8570044162,-32.871744185,6,Residencial Norte,2694682.37982,0
26771,Ailanthus,01/11/2011 10:29,Bajo (2 - 4 mts),36,Mediano,-68.8330691294,-32.8951114293,3,Parque O'Higgins,1531146.02653,0
151,Paraiso sombrilla,27/02/2012 17:55,Bajo (2 - 4 mts),42,Mediano,-68.857754913,-32.8641909605,6,Residencial Norte,2694682.37982,0
31883,Fresno europeo,01/06/2011 13:14,Bajo (2 - 4 mts),8,Chico,-68.8582367586,-32.884852162,5,Residencial Sur,2423808.92355,0
33389,Fresno europeo,01/06/2011 12:13,Alto (> 8 mts),148,Grande,-68.8556954953,-32.8880008504,5,Residencial Sur,2423808.92355,0
29593,Morera,04/03/2011 08:52,Alto (> 8 mts),180,Grande,-68.8437174112,-32.8916358313,2,Barrio Civico,2366816.36021,0
36850,Fresno europeo,28/03/2011 16:42,Medio (4 - 8 mts),46,Mediano,-68.8572373354,-32.8792568322,7,Residencial Parque,1786336.08966,0
15707,Paraiso,18/11/2011 08:20,Bajo (2 - 4 mts),23,Mediano,-68.8606100376,-32.8687864781,6,Residencial Norte,2694682.37982,0
1713,Morera,23/11/2011 08:07,Bajo (2 - 4 mts),12,Chico,-68.872313765,-32.8790638368,7,Residencial Parque,1786336.08966,0
24668,Caducifolio,20/01/2011 13:11,Bajo (2 - 4 mts),22,Mediano,-68.8422634773,-32.901154045,2,Barrio Civico,2366816.36021,0
33147,Platano,09/06/2011 09:30,Alto (> 8 mts),160,Grande,-68.8533187156,-32.8925203945,5,Residencial Sur,2423808.92355,0
34908,Morera,28/03/2011 12:28,Alto (> 8 mts),138,Grande,-68.851786317,-32.8805320681,1,Parque Central,1655357.93265,0
46434,Morera,16/08/2011 13:01,Alto (> 8 mts),180,Grande,-68.8318771966,-32.8667781725,4,Cuarta Oeste,1173332.70145,1
45214,Prunas,28/09/2011 10:10,Muy bajo (1 - 2 mts),4,Chico,-68.8224505028,-32.8722744818,4,Cuarta Este Área Fundacional,1822015.85685,0
763,Aguaribay,15/12/2011 07:46,Bajo (2 - 4 mts),20,Chico,-68.8805092768,-32.8671890894,8,Aeroparque,2203364.73622,0
38679,Fresno europeo,16/12/2010 12:12,Bajo (2 - 4 mts),70,Grande,-68.8519242218,-32.8718228625,6,Residencial Norte,2694682.37982,0
8580,Morera,03/02/2011 10:38,Alto (> 8 mts),60,Mediano,-68.8413665617,-32.902647627,2,Barrio Civico,2366816.36021,0
4076,Morera,29/09/2011 10:17,Medio (4 - 8 mts),110,Grande,-68.8347204962,-32.8775183444,1,Parque Central,1655357.93265,0
5819,Paraiso,03/05/2011 11:24,Medio (4 - 8 mts),85,Grande,-68.8430829815,-32.8748343578,1,Parque Central,1655357.93265,0
37448,Platano,04/01/2011 10:54,Muy bajo (1 - 2 mts),70,Grande,-68.8582218571,-32.8711208859,6,Residencial Norte,2694682.37982,1
5852,Acer,06/05/2011 11:06,Bajo (2 - 4 mts),26,Mediano,-68.8360198634,-32.8763311522,1,Parque Central,1655357.93265,0
12048,Morera,07/04/2010 11:24,Medio (4 - 8 mts),81,Grande,-68.8534469172,-32.8671905169,6,Residencial Norte,2694682.37982,0
34432,Morera,09/03/2011 13:18,Alto (> 8 mts),146,Grande,-68.8507272663,-32.873805708,6,Residencial Norte,2694682.37982,0
26657,Conifera,14/11/2011 15:19,Alto (> 8 mts),90,Grande,-68.8318919662,-32.8938640314,3,Parque O'Higgins,1531146.02653,0
46098,Morera,05/10/2011 11:55,Medio (4 - 8 mts),130,Grande,-68.8247204936,-32.874799656,4,Cuarta Este Área Fundacional,1822015.85685,0
28982,Morera,25/04/2011 09:34,Alto (> 8 mts),130,Grande,-68.8462955196,-32.8865609198,1,Parque Central,1655357.93265,0
5575,Morera,14/04/2011 13:33,Medio (4 - 8 mts),80,Grande,-68.8385713664,-32.8799435629,1,Parque Central,1655357.93265,0
34203,Fresno europeo,04/03/2011 08:44,Medio (4 - 8 mts),120,Grande,-68.852814252,-32.8739804948,6,Residencial Norte,2694682.37982,0
7455,Platano,21/06/2011 10:21,Muy bajo (1 - 2 mts),14,Chico,-68.8597215877,-32.8996072084,5,Residencial Sur,2423808.92355,0
27246,Platano,26/10/2011 09:36,Alto (> 8 mts),128,Grande,-68.8356505016,-32.8897236776,3,Parque O'Higgins,1531146.02653,1
2056,Fresno europeo,11/10/2011 17:01,Muy bajo (1 - 2 mts),14,Chico,-68.8291261381,-32.8814400011,3,Parque O'Higgins,1531146.02653,0
38771,Fresno europeo,01/11/2010 11:19,Muy bajo (1 - 2 mts),5,Chico,-68.8497286532,-32.8695456444,6,Residencial Norte,2694682.37982,0
48288,Fresno americano,17/08/2011 10:03,Alto (> 8 mts),200,Grande,-68.8289130284,-32.8674275561,4,Cuarta Este Área Fundacional,1822015.85685,0
38735,Prunas,15/12/2010 09:22,Muy bajo (1 - 2 mts),10,Chico,-68.8512065025,-32.8718873837,6,Residencial Norte,2694682.37982,0
4726,Morera,27/07/2011 12:41,Alto (> 8 mts),104,Grande,-68.8417555097,-32.8653466696,4,Cuarta Oeste,1173332.70145,0
43740,Morera,17/10/2011 16:37,Alto (> 8 mts),150,Grande,-68.83248405,-32.8813777489,3,Parque O'Higgins,1531146.02653,0
42029,Platano,08/04/2011 13:02,Alto (> 8 mts),210,Grande,-68.8407411959,-32.8802479842,1,Parque Central,1655357.93265,0
14024,Morera,29/11/2011 16:36,Bajo (2 - 4 mts),70,Grande,-68.8788530469,-32.8652671258,8,Aeroparque,2203364.73622,0
37533,Paraiso,17/11/2010 12:14,Alto (> 8 mts),160,Grande,-68.8577129605,-32.8703656799,6,Residencial Norte,2694682.37982,0
27801,Paraiso sombrilla,03/11/2011 09:47,Medio (4 - 8 mts),95,Grande,-68.8349477818,-32.8949146043,3,Parque O'Higgins,1531146.02653,0
39779,Morera,13/07/2011 12:46,Medio (4 - 8 mts),55,Mediano,-68.8515207986,-32.8830762403,1,Parque Central,1655357.93265,0
45301,Morera,09/09/2011 13:04,Alto (> 8 mts),180,Grande,-68.8237361977,-32.8721406637,4,Cuarta Este Área Fundacional,1822015.85685,0
31278,Morera,03/02/2011 12:03,Bajo (2 - 4 mts),34,Mediano,-68.8529465236,-32.864891571,6,Residencial Norte,2694682.37982,0
24057,Morera,21/01/2011 09:34,Alto (> 8 mts),160,Grande,-68.8458822233,-32.9006470399,2,Barrio Civico,2366816.36021,0
46382,Morera,19/08/2011 12:13,Alto (> 8 mts),148,Grande,-68.8325636619,-32.8672237008,4,Cuarta Oeste,1173332.70145,0
34752,Platano,30/03/2011 12:11,Alto (> 8 mts),290,Grande,-68.8503106797,-32.8783132547,6,Residencial Norte,2694682.37982,0
2045,Olmo bola,14/11/2011 18:08,Muy bajo (1 - 2 mts),15,Chico,-68.827759099,-32.8811534599,3,Parque O'Higgins,1531146.02653,0
6313,Fresno europeo,24/06/2011 10:46,Medio (4 - 8 mts),98,Grande,-68.857676632,-32.8900765423,5,Residencial Sur,2423808.92355,0
42598,Fresno americano,23/09/2011 10:13,Bajo (2 - 4 mts),22,Mediano,-68.8268281711,-32.876691162,4,Cuarta Este Área Fundacional,1822015.85685,0
14115,Perenne,02/12/2011 07:31,Medio (4 - 8 mts),110,Grande,-68.8762599844,-32.8672790612,8,Aeroparque,2203364.73622,0
24039,Morera,21/01/2011 13:13,Alto (> 8 mts),134,Grande,-68.8463375566,-32.9016444898,2,Barrio Civico,2366816.36021,0
5437,Morera,18/04/2011 09:02,Medio (4 - 8 mts),140,Grande,-68.841773434,-32.8788723153,1,Parque Central,1655357.93265,0
4349,Morera,02/08/2011 10:12,Medio (4 - 8 mts),76,Grande,-68.8409059989,-32.870499284,4,Cuarta Oeste,1173332.70145,0
7998,Fresno europeo,17/02/2011 12:47,Alto (> 8 mts),67,Grande,-68.8394062116,-32.8894349662,3,Parque O'Higgins,1531146.02653,0
1328,Caducifolio,01/12/2011 08:17,Muy bajo (1 - 2 mts),6,Chico,-68.8781032863,-32.8652351898,8,Aeroparque,2203364.73622,0
9037,Morera,10/01/2011 14:24,Muy bajo (1 - 2 mts),25,Mediano,-68.8447443228,-32.8670388951,4,Cuarta Oeste,1173332.70145,0
15759,Morera,22/11/2011 09:13,Medio (4 - 8 mts),65,Grande,-68.8727244122,-32.8785425931,7,Residencial Parque,1786336.08966,0
44069,Fresno americano,14/10/2011 11:36,Medio (4 - 8 mts),75,Grande,-68.8303071092,-32.8850775333,3,Parque O'Higgins,1531146.02653,0
808,Paraiso sombrilla,13/12/2011 12:18,Medio (4 - 8 mts),60,Mediano,-68.8801344677,-32.8663554118,8,Aeroparque,2203364.73622,0
17486,Platano,16/01/2012 09:10,Alto (> 8 mts),150,Grande,-68.8351540563,-32.8680526604,4,Cuarta Oeste,1173332.70145,1
36927,Morera,07/04/2011 16:09,Muy bajo (1 - 2 mts),12,Chico,-68.858746974,-32.8799143477,7,Residencial Parque,1786336.08966,0
35687,Fresno europeo,17/03/2011 13:20,Medio (4 - 8 mts),140,Grande,-68.8547352981,-32.8743542384,6,Residencial Norte,2694682.37982,0
22171,Morera,18/05/2011 10:49,Alto (> 8 mts),114,Grande,-68.854398712,-32.899379772,5,Residencial Sur,2423808.92355,1
933,Caducifolio,13/01/2012 19:19,Muy bajo (1 - 2 mts),14,Chico,-68.8505085707,-32.8729173855,6,Residencial Norte,2694682.37982,0
2450,Fresno europeo,27/10/2011 08:56,Medio (4 - 8 mts),120,Grande,-68.8357335048,-32.8913611958,3,Parque O'Higgins,1531146.02653,0
24644,Morera,17/01/2011 11:20,Alto (> 8 mts),143,Grande,-68.8431308737,-32.8999912853,2,Barrio Civico,2366816.36021,1
20659,Fresno europeo,03/06/2011 13:29,Medio (4 - 8 mts),67,Grande,-68.8607514984,-32.8964285611,5,Residencial Sur,2423808.92355,0
7995,Fresno europeo,18/02/2011 13:07,Bajo (2 - 4 mts),15,Chico,-68.8405423566,-32.889219546,3,Parque O'Higgins,1531146.02653,0
17284,Morera,04/08/2011 13:22,Alto (> 8 mts),85,Grande,-68.836868027,-32.8657018527,4,Cuarta Oeste,1173332.70145,0
19857,Morera,30/06/2011 09:18,Alto (> 8 mts),155,Grande,-68.8337335598,-32.8630186739,4,Cuarta Oeste,1173332.70145,0
19305,Platano,13/07/2011 10:17,Alto (> 8 mts),200,Grande,-68.8357515971,-32.8704185727,4,Cuarta Oeste,1173332.70145,0
10606,Fresno europeo,01/04/2011 13:11,Alto (> 8 mts),153,Grande,-68.8506726849,-32.8763517872,6,Residencial Norte,2694682.37982,0
28642,Morera,23/02/2011 10:06,Alto (> 8 mts),78,Grande,-68.8476654304,-32.8903511398,2,Barrio Civico,2366816.36021,1
42312,Morera,03/05/2011 12:22,Alto (> 8 mts),125,Grande,-68.8417684003,-32.8729419716,4,Cuarta Oeste,1173332.70145,0
6689,Morera,12/05/2011 09:55,Medio (4 - 8 mts),42,Mediano,-68.8550730118,-32.8938468251,5,Residencial Sur,2423808.92355,0
43400,Fresno americano,27/10/2011 15:59,Medio (4 - 8 mts),110,Grande,-68.831868889,-32.8812401367,3,Parque O'Higgins,1531146.02653,0
42394,Fresno europeo,29/09/2011 11:17,Bajo (2 - 4 mts),35,Mediano,-68.8337556851,-32.8752486147,4,Cuarta Este Área Fundacional,1822015.85685,0
22297,Morera,09/06/2011 11:13,Alto (> 8 mts),138,Grande,-68.8580520392,-32.8970912784,5,Residencial Sur,2423808.92355,0
28681,Platano,01/03/2011 13:09,Alto (> 8 mts),180,Grande,-68.8463744953,-32.8912851602,2,Barrio Civico,2366816.36021,0
29902,Acacia SP,15/03/2011 09:34,Medio (4 - 8 mts),160,Grande,-68.8409579734,-32.8916395162,2,Barrio Civico,2366816.36021,0
10581,Ailanthus,29/03/2011 11:11,Alto (> 8 mts),50,Mediano,-68.8528121754,-32.8766074051,6,Residencial Norte,2694682.37982,0
11240,Paraiso,21/01/2011 09:41,Alto (> 8 mts),300,Grande,-68.8458353688,-32.9006995489,2,Barrio Civico,2366816.36021,0
15339,Aguaribay,16/11/2011 13:04,Medio (4 - 8 mts),130,Grande,-68.8599984624,-32.8699552049,6,Residencial Norte,2694682.37982,0
19252,Olmo comun,03/08/2011 12:32,Medio (4 - 8 mts),94,Grande,-68.8379649954,-32.8703200655,4,Cuarta Oeste,1173332.70145,0
23722,Morera,25/01/2011 12:30,Medio (4 - 8 mts),79,Grande,-68.8500345482,-32.9008569025,2,Barrio Civico,2366816.36021,0
21405,Fresno europeo,10/05/2011 12:18,Alto (> 8 mts),95,Grande,-68.8556158279,-32.8922764462,5,Residencial Sur,2423808.92355,0
30589,Fresno europeo,11/02/2011 08:59,Medio (4 - 8 mts),55,Mediano,-68.8573400445,-32.8653023768,6,Residencial Norte,2694682.37982,0
13089,Morera,17/02/2011 09:42,Alto (> 8 mts),190,Grande,-68.8464629531,-32.8648920461,4,Cuarta Oeste,1173332.70145,0
48060,Morera,27/09/2011 11:17,Alto (> 8 mts),150,Grande,-68.8264675634,-32.8665260477,4,Cuarta Este Área Fundacional,1822015.85685,0
9473,Paraiso,01/02/2011 12:09,Alto (> 8 mts),160,Grande,-68.8516126926,-32.8647504335,6,Residencial Norte,2694682.37982,0
20615,Platano,02/06/2011 12:38,Alto (> 8 mts),135,Grande,-68.8604037587,-32.8957760993,5,Residencial Sur,2423808.92355,0
23530,Fresno americano,01/02/2011 15:25,Bajo (2 - 4 mts),38,Mediano,-68.8515491154,-32.9024280779,2,Barrio Civico,2366816.36021,0
45970,Fresno europeo,24/08/2011 13:28,Medio (4 - 8 mts),22,Mediano,-68.8179924435,-32.8692415395,4,Cuarta Este Área Fundacional,1822015.85685,0
37955,Paraiso,26/08/2010 09:16,Muy bajo (1 - 2 mts),7,Chico,-68.8474871154,-32.8737269048,6,Residencial Norte,2694682.37982,0
36807,Platano,07/04/2011 14:54,Alto (> 8 mts),160,Grande,-68.8585368439,-32.8813520402,7,Residencial Parque,1786336.08966,0
27906,Platano,04/11/2011 11:00,Alto (> 8 mts),170,Grande,-68.840136719,-32.8939166817,2,Barrio Civico,2366816.36021,0
44901,Morera,23/08/2011 13:38,Alto (> 8 mts),105,Grande,-68.8251969272,-32.8671999185,4,Cuarta Este Área Fundacional,1822015.85685,0
39920,Morera,29/04/2011 10:40,Medio (4 - 8 mts),190,Grande,-68.8431002035,-32.8762172411,1,Parque Central,1655357.93265,0
15311,Morera,17/11/2011 12:53,Medio (4 - 8 mts),70,Grande,-68.8592580735,-32.8703815474,6,Residencial Norte,2694682.37982,0
31792,Platano,03/01/2012 11:11,Alto (> 8 mts),172,Grande,-68.8596304869,-32.8902240321,5,Residencial Sur,2423808.92355,0
3832,Olmo bola,02/09/2011 10:35,Medio (4 - 8 mts),74,Grande,-68.8297167339,-32.8699424836,4,Cuarta Este Área Fundacional,1822015.85685,0
14148,Acer,30/11/2011 11:06,Alto (> 8 mts),98,Grande,-68.8760104958,-32.8674708104,8,Aeroparque,2203364.73622,0
13154,Fresno europeo,18/02/2011 12:51,Alto (> 8 mts),160,Grande,-68.846632838,-32.8648146627,4,Cuarta Oeste,1173332.70145,0
38285,Olmo bola,01/12/2010 11:58,Alto (> 8 mts),120,Grande,-68.8457665314,-32.8713132684,6,Residencial Norte,2694682.37982,0
15892,Paraiso sombrilla,28/11/2011 12:42,Medio (4 - 8 mts),90,Grande,-68.8719812733,-32.875913739,7,Residencial Parque,1786336.08966,0
14361,Morera,01/12/2011 13:18,Bajo (2 - 4 mts),62,Grande,-68.8778996678,-32.8658027673,8,Aeroparque,2203364.73622,0
33782,Platano,13/05/2011 11:09,Alto (> 8 mts),190,Grande,-68.855291953,-32.8855197676,5,Residencial Sur,2423808.92355,0
38777,Paraiso,01/11/2010 11:43,Alto (> 8 mts),199,Grande,-68.8501226864,-32.8695525047,6,Residencial Norte,2694682.37982,0
47771,Platano,15/09/2011 13:50,Alto (> 8 mts),150,Grande,-68.8275358325,-32.8721972726,4,Cuarta Este Área Fundacional,1822015.85685,0
80,Fresno europeo,29/02/2012 11:08,Bajo (2 - 4 mts),32,Mediano,-68.8569717785,-32.9018553116,5,Residencial Sur,2423808.92355,0
22324,Fresno europeo,09/06/2011 09:11,Muy bajo (1 - 2 mts),8,Chico,-68.8569336444,-32.8978078957,5,Residencial Sur,2423808.92355,0
25692,Olmo comun,04/02/2011 12:03,Alto (> 8 mts),210,Grande,-68.8426717701,-32.9039394785,2,Barrio Civico,2366816.36021,0
2833,Platano,09/11/2011 12:20,Alto (> 8 mts),170,Grande,-68.8343905171,-32.8938474596,3,Parque O'Higgins,1531146.02653,1
3678,Paraiso,25/08/2011 13:16,Alto (> 8 mts),210,Grande,-68.8193886983,-32.8695102834,4,Cuarta Este Área Fundacional,1822015.85685,0
5871,Morera,28/04/2011 12:50,Alto (> 8 mts),185,Grande,-68.8434037746,-32.8859707457,1,Parque Central,1655357.93265,0
1341,Fresno americano,29/11/2011 12:55,Bajo (2 - 4 mts),20,Chico,-68.8773663796,-32.865603668,8,Aeroparque,2203364.73622,0
4774,Paraiso,01/08/2011 13:56,Medio (4 - 8 mts),70,Grande,-68.8366588457,-32.8661399225,4,Cuarta Oeste,1173332.70145,0
29360,Morera,20/04/2011 10:49,Alto (> 8 mts),104,Grande,-68.8426088179,-32.887376243,3,Parque O'Higgins,1531146.02653,0
14325,Paraiso sombrilla,01/12/2011 12:33,Bajo (2 - 4 mts),80,Grande,-68.8783864555,-32.8670548182,8,Aeroparque,2203364.73622,0
4122,Morera,28/09/2011 10:53,Medio (4 - 8 mts),190,Grande,-68.8247175079,-32.8750126038,4,Cuarta Este Área Fundacional,1822015.85685,0
33203,Platano,09/05/2011 13:00,Alto (> 8 mts),220,Grande,-68.8558294735,-32.8910495951,5,Residencial Sur,2423808.92355,0
36981,Morera,07/04/2011 16:39,Medio (4 - 8 mts),33,Mediano,-68.8571254909,-32.8790054188,7,Residencial Parque,1786336.08966,0
26673,Morera,14/11/2011 12:35,Alto (> 8 mts),115,Grande,-68.8318921479,-32.8930887579,3,Parque O'Higgins,1531146.02653,0
43962,Platano,12/10/2011 11:24,Alto (> 8 mts),200,Grande,-68.8321476231,-32.8848485427,3,Parque O'Higgins,1531146.02653,0
12238,Morera,18/01/2011 11:57,Alto (> 8 mts),190,Grande,-68.8457545679,-32.8672237668,4,Cuarta Oeste,1173332.70145,0
31974,Morera,02/06/2011 12:50,Medio (4 - 8 mts),120,Grande,-68.859182422,-32.883660795,5,Residencial Sur,2423808.92355,0
5226,Platano,05/05/2011 12:51,Bajo (2 - 4 mts),20,Chico,-68.841343845,-32.8746684805,1,Parque Central,1655357.93265,0
13446,Fresno europeo,02/02/2011 10:01,Muy bajo (1 - 2 mts),50,Mediano,-68.8521638961,-32.8647996468,6,Residencial Norte,2694682.37982,0
29606,Olmo comun,03/03/2011 13:14,Alto (> 8 mts),125,Grande,-68.8445350453,-32.890920948,2,Barrio Civico,2366816.36021,0
38256,Acer,17/01/2012 08:16,Medio (4 - 8 mts),35,Mediano,-68.8466581149,-32.8736272694,6,Residencial Norte,2694682.37982,0
12226,Morera,18/01/2011 10:08,Alto (> 8 mts),120,Grande,-68.8452155453,-32.8680299691,4,Cuarta Oeste,1173332.70145,0
44678,Fresno europeo,19/08/2011 10:23,Alto (> 8 mts),138,Grande,-68.8240735333,-32.867463789,4,Cuarta Este Área Fundacional,1822015.85685,0
14690,Fresno europeo,14/12/2011 16:40,Muy bajo (1 - 2 mts),9,Chico,-68.8811762472,-32.8679365809,8,Aeroparque,2203364.73622,0
11557,Paraiso,10/05/2010 11:12,Alto (> 8 mts),160,Grande,-68.8523749649,-32.8677975995,6,Residencial Norte,2694682.37982,0
16767,Morera,11/08/2011 13:47,Medio (4 - 8 mts),40,Mediano,-68.8388780923,-32.8625136929,4,Cuarta Oeste,1173332.70145,0
6913,Acacia SP,27/05/2011 12:48,Medio (4 - 8 mts),40,Mediano,-68.8627249504,-32.8945553402,5,Residencial Sur,2423808.92355,0
42277,Morera,06/05/2011 13:14,Alto (> 8 mts),120,Grande,-68.8402249048,-32.8739590968,1,Parque Central,1655357.93265,0
17217,Morera,12/08/2011 10:05,Alto (> 8 mts),200,Grande,-68.8356439359,-32.8636931919,4,Cuarta Oeste,1173332.70145,0
10139,Fresno europeo,28/12/2010 13:38,Muy bajo (1 - 2 mts),11,Chico,-68.8552284056,-32.8713216415,6,Residencial Norte,2694682.37982,0
31457,Morera,13/07/2011 11:44,Alto (> 8 mts),103,Grande,-68.8501538988,-32.8843436521,1,Parque Central,1655357.93265,0
19314,Fresno europeo,13/07/2011 09:46,Medio (4 - 8 mts),59,Mediano,-68.836380182,-32.8704273331,4,Cuarta Oeste,1173332.70145,0
14541,Liquidambar,05/12/2011 12:56,Bajo (2 - 4 mts),16,Chico,-68.879479171,-32.8676539576,8,Aeroparque,2203364.73622,0
21507,Acer,11/05/2011 10:42,Alto (> 8 mts),142,Grande,-68.8533488605,-32.8940827352,5,Residencial Sur,2423808.92355,0
1529,Fresno americano,24/11/2011 10:00,Bajo (2 - 4 mts),30,Mediano,-68.8735877126,-32.8784669906,7,Residencial Parque,1786336.08966,0
7254,Paraiso,11/05/2011 09:45,Medio (4 - 8 mts),42,Mediano,-68.8533691904,-32.9021325714,2,Barrio Civico,2366816.36021,0
27969,Morera,31/10/2011 09:46,Alto (> 8 mts),240,Grande,-68.8359350299,-32.8931700498,3,Parque O'Higgins,1531146.02653,0
31673,Fresno europeo,14/06/2011 10:22,Alto (> 8 mts),127,Grande,-68.8589198375,-32.8887045128,5,Residencial Sur,2423808.92355,0
33739,Fresno europeo,11/05/2011 11:32,Alto (> 8 mts),136,Grande,-68.8588943244,-32.8864609838,5,Residencial Sur,2423808.92355,0
19928,Morera,28/06/2011 09:57,Alto (> 8 mts),181,Grande,-68.8326807892,-32.8635121207,4,Cuarta Oeste,1173332.70145,0
17900,Morera,01/08/2011 09:53,Alto (> 8 mts),97,Grande,-68.836177022,-32.8670169471,4,Cuarta Oeste,1173332.70145,0
39110,Fresno europeo,23/12/2010 09:50,Medio (4 - 8 mts),70,Grande,-68.8539048492,-32.8706929337,6,Residencial Norte,2694682.37982,1
22821,Paraiso,14/06/2011 12:12,Alto (> 8 mts),78,Grande,-68.8581781435,-32.9021907168,5,Residencial Sur,2423808.92355,0
32875,Morera,10/06/2011 10:35,Alto (> 8 mts),170,Grande,-68.850560309,-32.8853632311,5,Residencial Sur,2423808.92355,1
2252,Morera,28/10/2011 10:10,Medio (4 - 8 mts),62,Grande,-68.8382276192,-32.8912068946,3,Parque O'Higgins,1531146.02653,0
41654,Fresno europeo,03/05/2011 11:55,Alto (> 8 mts),96,Grande,-68.8370919943,-32.8769189225,1,Parque Central,1655357.93265,0
29742,Platano,15/03/2011 09:48,Alto (> 8 mts),212,Grande,-68.8406961053,-32.892740861,2,Barrio Civico,2366816.36021,0
16354,Conifera,12/08/2011 13:44,Alto (> 8 mts),106,Grande,-68.8418380547,-32.8628949195,4,Cuarta Oeste,1173332.70145,0
27193,Platano,26/10/2011 12:32,Alto (> 8 mts),142,Grande,-68.8356792138,-32.8905395711,3,Parque O'Higgins,1531146.02653,0
20874,Fresno europeo,26/05/2011 10:45,Bajo (2 - 4 mts),50,Mediano,-68.8606621687,-32.8955950286,5,Residencial Sur,2423808.92355,1
30291,Morera,11/03/2011 09:20,Alto (> 8 mts),112,Grande,-68.8408567533,-32.8904618615,3,Parque O'Higgins,1531146.02653,1
15382,Paraiso,15/11/2011 13:45,Bajo (2 - 4 mts),33,Mediano,-68.860390532,-32.8698954144,6,Residencial Norte,2694682.37982,0
26519,Conifera,07/11/2011 08:32,Bajo (2 - 4 mts),30,Mediano,-68.83096277,-32.8922902299,3,Parque O'Higgins,1531146.02653,0
31378,Fresno europeo,23/05/2011 13:12,Medio (4 - 8 mts),140,Grande,-68.8512050013,-32.8840430204,1,Parque Central,1655357.93265,0
6242,Acacia SP,14/07/2011 08:58,Medio (4 - 8 mts),68,Grande,-68.8539890055,-32.8856442331,5,Residencial Sur,2423808.92355,0
9977,Paraiso,09/11/2010 12:58,Alto (> 8 mts),112,Grande,-68.8537413449,-32.8694184273,6,Residencial Norte,2694682.37982,0
44507,Caducifolio,18/10/2011 10:19,Muy bajo (1 - 2 mts),12,Chico,-68.8360609264,-32.8859122885,3,Parque O'Higgins,1531146.02653,0
13247,Morera,21/02/2011 11:54,Medio (4 - 8 mts),130,Grande,-68.8473610777,-32.8661466654,6,Residencial Norte,2694682.37982,0
29723,Morera,02/03/2011 15:59,Medio (4 - 8 mts),104,Grande,-68.8425201111,-32.8945082278,2,Barrio Civico,2366816.36021,1
11924,Fresno europeo,12/05/2010 11:54,Medio (4 - 8 mts),77,Grande,-68.8510512805,-32.8673105182,6,Residencial Norte,2694682.37982,0
15835,Fresno europeo,25/11/2011 10:50,Bajo (2 - 4 mts),25,Mediano,-68.8718696986,-32.8776288061,7,Residencial Parque,1786336.08966,0
17510,Morera,28/07/2011 10:49,Alto (> 8 mts),190,Grande,-68.8394815376,-32.8664798532,4,Cuarta Oeste,1173332.70145,1
14676,Aguaribay,15/12/2011 17:00,Bajo (2 - 4 mts),70,Grande,-68.8813528109,-32.8673845764,8,Aeroparque,2203364.73622,0
12379,Morera,21/01/2011 13:45,Alto (> 8 mts),85,Grande,-68.8476345109,-32.8670697347,6,Residencial Norte,2694682.37982,0
43259,Morera,24/10/2011 08:43,Medio (4 - 8 mts),160,Grande,-68.8349678531,-32.8798848199,1,Parque Central,1655357.93265,1
5290,Acer,28/04/2011 13:39,Medio (4 - 8 mts),100,Grande,-68.8432486551,-32.877379105,1,Parque Central,1655357.93265,0
26460,Fresno europeo,09/11/2011 09:05,Medio (4 - 8 mts),120,Grande,-68.8335248062,-32.8926820252,3,Parque O'Higgins,1531146.02653,0
41442,Platano,07/04/2011 13:29,Alto (> 8 mts),170,Grande,-68.8411369943,-32.881754044,1,Parque Central,1655357.93265,0
44332,Acacia SP,12/10/2011 16:07,Medio (4 - 8 mts),100,Grande,-68.8367678172,-32.8822565471,1,Parque Central,1655357.93265,0
16642,Paraiso,19/07/2011 12:33,Alto (> 8 mts),200,Grande,-68.8409735897,-32.8641035381,4,Cuarta Oeste,1173332.70145,0
14585,Acer,14/12/2011 10:28,Medio (4 - 8 mts),20,Chico,-68.8789811443,-32.8680865881,8,Aeroparque,2203364.73622,0
16682,Fresno europeo,19/07/2011 10:34,Medio (4 - 8 mts),50,Mediano,-68.8416170579,-32.8641259049,4,Cuarta Oeste,1173332.70145,0
22302,Fresno europeo,09/06/2011 10:59,Bajo (2 - 4 mts),72,Grande,-68.8580821277,-32.8975119522,5,Residencial Sur,2423808.92355,0
17632,Morera,09/08/2011 11:16,Alto (> 8 mts),122,Grande,-68.8426150849,-32.8664144041,4,Cuarta Oeste,1173332.70145,0
26824,Morera,09/11/2011 12:06,Alto (> 8 mts),180,Grande,-68.8335976103,-32.8939859616,3,Parque O'Higgins,1531146.02653,0
28678,Platano,02/03/2011 09:01,Alto (> 8 mts),142,Grande,-68.8464154233,-32.8914484166,2,Barrio Civico,2366816.36021,0
24728,Morera,17/02/2011 10:14,Alto (> 8 mts),127,Grande,-68.8399739165,-32.8991631401,2,Barrio Civico,2366816.36021,0
37793,Fresno europeo,25/01/2012 07:47,Muy bajo (1 - 2 mts),6,Chico,-68.8489859339,-32.8731937419,6,Residencial Norte,2694682.37982,0
41883,Fresno europeo,18/04/2011 12:05,Alto (> 8 mts),110,Grande,-68.8422367528,-32.8795040893,1,Parque Central,1655357.93265,0
6898,Fresno europeo,24/05/2011 12:43,Bajo (2 - 4 mts),30,Mediano,-68.8607353507,-32.8948590705,5,Residencial Sur,2423808.92355,0
23867,Morera,28/01/2011 10:18,Alto (> 8 mts),180,Grande,-68.8509098012,-32.8998898947,2,Barrio Civico,2366816.36021,0
6829,Caducifolio,24/05/2011 10:12,Bajo (2 - 4 mts),14,Chico,-68.8616699994,-32.8943042379,5,Residencial Sur,2423808.92355,0
36052,Morera,17/03/2011 13:20,Alto (> 8 mts),156,Grande,-68.8573927522,-32.8753596193,6,Residencial Norte,2694682.37982,0
9542,Fresno europeo,08/02/2011 12:20,Medio (4 - 8 mts),66,Grande,-68.854869613,-32.8648060051,6,Residencial Norte,2694682.37982,0
3317,Morera,04/10/2011 11:05,Bajo (2 - 4 mts),70,Grande,-68.833287748,-32.8776899378,4,Cuarta Este Área Fundacional,1822015.85685,0
4513,Ligustro,01/08/2011 09:54,Muy bajo (1 - 2 mts),14,Chico,-68.8402889875,-32.8681561697,4,Cuarta Oeste,1173332.70145,0
29094,Morera,27/04/2011 11:51,Alto (> 8 mts),180,Grande,-68.843692329,-32.8860601397,1,Parque Central,1655357.93265,1
46539,Morera,07/09/2011 10:41,Alto (> 8 mts),170,Grande,-68.8331061622,-32.8694625323,4,Cuarta Oeste,1173332.70145,1
36152,Platano,04/04/2011 13:29,Alto (> 8 mts),225,Grande,-68.8514347917,-32.8769936303,6,Residencial Norte,2694682.37982,0
12099,Prunas,05/05/2010 11:09,Muy bajo (1 - 2 mts),68,Grande,-68.8535828685,-32.8684433702,6,Residencial Norte,2694682.37982,0
10219,Fresno europeo,15/12/2010 13:04,Alto (> 8 mts),110,Grande,-68.8506000224,-32.871900547,6,Residencial Norte,2694682.37982,0
19237,Platano,03/08/2011 12:53,Alto (> 8 mts),300,Grande,-68.8370325883,-32.8699067331,4,Cuarta Oeste,1173332.70145,0
7639,Caducifolio,21/06/2011 14:38,Medio (4 - 8 mts),100,Grande,-68.8551356433,-32.8821329806,5,Residencial Sur,2423808.92355,0
861,Aguaribay,15/12/2011 08:12,Medio (4 - 8 mts),110,Grande,-68.8804606659,-32.8664113658,8,Aeroparque,2203364.73622,0
12615,Paraiso,14/01/2011 12:09,Medio (4 - 8 mts),64,Grande,-68.8457996407,-32.8629482545,4,Cuarta Oeste,1173332.70145,0
34773,Paraiso,30/03/2011 10:08,Medio (4 - 8 mts),70,Grande,-68.8513400085,-32.8788832695,6,Residencial Norte,2694682.37982,0
11630,Morera,27/01/2011 11:12,Alto (> 8 mts),120,Grande,-68.8502027309,-32.8667473379,6,Residencial Norte,2694682.37982,0
208,Olmo bola,06/03/2012 10:17,Medio (4 - 8 mts),65,Grande,-68.8393090184,-32.8703372173,4,Cuarta Oeste,1173332.70145,0
44034,Platano,19/10/2011 09:20,Alto (> 8 mts),160,Grande,-68.8322557742,-32.8849796271,3,Parque O'Higgins,1531146.02653,0
2726,Acer,14/10/2011 11:31,Medio (4 - 8 mts),68,Grande,-68.8311649665,-32.8850992917,3,Parque O'Higgins,1531146.02653,0
41342,Platano,19/04/2011 10:21,Alto (> 8 mts),185,Grande,-68.8400945647,-32.8827555781,1,Parque Central,1655357.93265,0
6123,Morera,28/04/2011 11:36,Alto (> 8 mts),108,Grande,-68.8387013111,-32.8830155792,1,Parque Central,1655357.93265,1
797,Paraiso,14/12/2011 10:07,Medio (4 - 8 mts),58,Mediano,-68.8798293299,-32.8665522351,8,Aeroparque,2203364.73622,0
2009,Morera,14/11/2011 13:40,Medio (4 - 8 mts),105,Grande,-68.8324411217,-32.8945198251,3,Parque O'Higgins,1531146.02653,1
44756,Fresno europeo,24/08/2011 09:54,Medio (4 - 8 mts),36,Mediano,-68.8242274029,-32.8688724852,4,Cuarta Este Área Fundacional,1822015.85685,0
29004,Platano,20/04/2011 11:57,Alto (> 8 mts),160,Grande,-68.8452124874,-32.88688248,1,Parque Central,1655357.93265,0
24001,Morera,13/01/2011 10:57,Alto (> 8 mts),142,Grande,-68.8462318339,-32.9004760086,2,Barrio Civico,2366816.36021,0
4059,Fresno americano,04/10/2011 09:25,Bajo (2 - 4 mts),36,Mediano,-68.8290953064,-32.8790455412,4,Cuarta Este Área Fundacional,1822015.85685,0
17929,Morera,03/08/2011 13:51,Alto (> 8 mts),98,Grande,-68.8372130802,-32.8662056832,4,Cuarta Oeste,1173332.70145,0
46487,Fresno europeo,17/08/2011 13:23,Medio (4 - 8 mts),88,Grande,-68.8304081993,-32.8683263649,4,Cuarta Este Área Fundacional,1822015.85685,0
8660,Paraiso,02/02/2011 10:25,Alto (> 8 mts),190,Grande,-68.8393904374,-32.9042163135,2,Barrio Civico,2366816.36021,0
7139,Paraiso,15/06/2011 09:31,Alto (> 8 mts),120,Grande,-68.8528996043,-32.8982793834,5,Residencial Sur,2423808.92355,0
33058,Morera,18/05/2011 12:10,Alto (> 8 mts),174,Grande,-68.8536325896,-32.8878970677,5,Residencial Sur,2423808.92355,0
25912,Fresno europeo,07/02/2011 14:52,Alto (> 8 mts),78,Grande,-68.8390628323,-32.9029489779,2,Barrio Civico,2366816.36021,0
12008,Morera,07/04/2010 11:43,Medio (4 - 8 mts),91,Grande,-68.8531258036,-32.8671672959,6,Residencial Norte,2694682.37982,0
39382,Paraiso,12/11/2010 11:04,Medio (4 - 8 mts),92,Grande,-68.8563685274,-32.8704662153,6,Residencial Norte,2694682.37982,0
44754,Fresno europeo,24/08/2011 09:57,Medio (4 - 8 mts),118,Grande,-68.8242403431,-32.8689857363,4,Cuarta Este Área Fundacional,1822015.85685,0
2086,Ailanthus,22/11/2011 12:02,Medio (4 - 8 mts),18,Chico,-68.8280952623,-32.8824838998,3,Parque O'Higgins,1531146.02653,0
37438,Morera,03/01/2011 12:06,Alto (> 8 mts),85,Grande,-68.8566873435,-32.8715887397,6,Residencial Norte,2694682.37982,0
46919,Morera,08/09/2011 08:50,Alto (> 8 mts),118,Grande,-68.8320147312,-32.870923073,4,Cuarta Este Área Fundacional,1822015.85685,0
34453,Morera,10/03/2011 10:11,Medio (4 - 8 mts),120,Grande,-68.8502585467,-32.874858687,6,Residencial Norte,2694682.37982,0
46584,Morera,07/09/2011 08:31,Medio (4 - 8 mts),128,Grande,-68.832889189,-32.869234013,4,Cuarta Oeste,1173332.70145,1
44898,Morera,23/08/2011 09:49,Medio (4 - 8 mts),60,Mediano,-68.8249351263,-32.8672149713,4,Cuarta Este Área Fundacional,1822015.85685,0
43572,Fresno europeo,11/10/2011 08:14,Medio (4 - 8 mts),82,Grande,-68.8298995078,-32.8827030848,3,Parque O'Higgins,1531146.02653,0
30461,Platano,18/02/2011 13:57,Alto (> 8 mts),220,Grande,-68.8406703688,-32.8882217241,3,Parque O'Higgins,1531146.02653,1
26546,Platano,21/10/2011 10:20,Alto (> 8 mts),290,Grande,-68.8315208373,-32.8911803702,3,Parque O'Higgins,1531146.02653,0
43771,Acacia SP,14/10/2011 18:57,Bajo (2 - 4 mts),130,Grande,-68.833446228,-32.8824123735,3,Parque O'Higgins,1531146.02653,0
43430,Fresno europeo,26/10/2011 15:46,Muy bajo (1 - 2 mts),10,Chico,-68.8323440302,-32.880712563,3,Parque O'Higgins,1531146.02653,0
7729,Morera,19/05/2011 09:39,Alto (> 8 mts),160,Grande,-68.8504381703,-32.8873773978,5,Residencial Sur,2423808.92355,0
34739,Ligustro,31/03/2011 12:29,Bajo (2 - 4 mts),40,Mediano,-68.8502580497,-32.8782051418,6,Residencial Norte,2694682.37982,0
13228,Fresno europeo,21/02/2011 12:38,Medio (4 - 8 mts),86,Grande,-68.8475510736,-32.8654339998,6,Residencial Norte,2694682.37982,0
18308,Platano,03/08/2011 09:16,Alto (> 8 mts),250,Grande,-68.8382527353,-32.8685301669,4,Cuarta Oeste,1173332.70145,0
11479,Acer,06/01/2011 11:26,Alto (> 8 mts),140,Grande,-68.8436343065,-32.8625757762,4,Cuarta Oeste,1173332.70145,0
45042,Morera,01/09/2011 08:09,Alto (> 8 mts),122,Grande,-68.8221254191,-32.8702617099,4,Cuarta Este Área Fundacional,1822015.85685,1
11620,Morera,27/01/2011 14:12,Alto (> 8 mts),95,Grande,-68.8496327946,-32.8664173588,6,Residencial Norte,2694682.37982,0
40917,Platano,11/04/2011 16:18,Medio (4 - 8 mts),38,Mediano,-68.8390100478,-32.8860984732,3,Parque O'Higgins,1531146.02653,0
7861,Paraiso,21/06/2011 13:49,Alto (> 8 mts),142,Grande,-68.8528811572,-32.8896990197,5,Residencial Sur,2423808.92355,0
20651,Fresno americano,03/06/2011 13:52,Bajo (2 - 4 mts),18,Chico,-68.8605904279,-32.8968389214,5,Residencial Sur,2423808.92355,0
19085,Eucalyptus,29/07/2011 08:36,Medio (4 - 8 mts),168,Grande,-68.8434976623,-32.8707701553,4,Cuarta Oeste,1173332.70145,1
18406,Conifera,09/08/2011 09:52,Medio (4 - 8 mts),30,Mediano,-68.8400091413,-32.8736167184,4,Cuarta Oeste,1173332.70145,0
42419,Fresno europeo,28/09/2011 11:15,Alto (> 8 mts),130,Grande,-68.8334942296,-32.8753801982,4,Cuarta Este Área Fundacional,1822015.85685,1
5832,Paraiso,03/05/2011 11:15,Medio (4 - 8 mts),90,Grande,-68.8433272521,-32.8738375124,1,Parque Central,1655357.93265,0
44224,Platano,14/10/2011 09:25,Alto (> 8 mts),250,Grande,-68.8344605284,-32.8835900112,3,Parque O'Higgins,1531146.02653,1
4985,Fresno europeo,28/06/2011 13:05,Medio (4 - 8 mts),116,Grande,-68.8334964063,-32.8635554848,4,Cuarta Oeste,1173332.70145,0
26992,Fresno europeo,02/11/2011 17:04,Muy bajo (1 - 2 mts),3,Chico,-68.8350223028,-32.8875075367,3,Parque O'Higgins,1531146.02653,0
48184,Fresno europeo,02/09/2011 13:28,Alto (> 8 mts),136,Grande,-68.8281255553,-32.8694180868,4,Cuarta Este Área Fundacional,1822015.85685,0
36619,Morera,15/06/2011 09:45,Medio (4 - 8 mts),130,Grande,-68.8584933632,-32.8828237342,7,Residencial Parque,1786336.08966,0
29888,Fresno europeo,11/03/2011 10:24,Alto (> 8 mts),64,Grande,-68.8410822179,-32.8916177054,2,Barrio Civico,2366816.36021,0
1095,Paraiso sombrilla,13/12/2011 18:27,Muy bajo (1 - 2 mts),16,Chico,-68.8804121803,-32.8675565357,8,Aeroparque,2203364.73622,0
43337,Fresno europeo,05/10/2011 11:35,Alto (> 8 mts),131,Grande,-68.8324196546,-32.8798218821,3,Parque O'Higgins,1531146.02653,0
14382,Paraiso sombrilla,01/12/2011 11:35,Bajo (2 - 4 mts),40,Mediano,-68.8784657453,-32.8666045327,8,Aeroparque,2203364.73622,0
4724,Braquiquito,27/07/2011 12:49,Alto (> 8 mts),45,Mediano,-68.8417843145,-32.8656229575,4,Cuarta Oeste,1173332.70145,0
18236,Paraiso,29/07/2011 10:51,Alto (> 8 mts),150,Grande,-68.8388789921,-32.8675561801,4,Cuarta Oeste,1173332.70145,0
13259,Morera,22/02/2011 12:59,Bajo (2 - 4 mts),42,Mediano,-68.8471100158,-32.8656693188,6,Residencial Norte,2694682.37982,0
47369,Morera,21/09/2011 12:07,Medio (4 - 8 mts),210,Grande,-68.8285714542,-32.874237440900004,4,Cuarta Este Área Fundacional,1822015.85685,0
38589,Paraiso,17/12/2010 10:33,Alto (> 8 mts),230,Grande,-68.8518080806,-32.8707980242,6,Residencial Norte,2694682.37982,1
42374,Platano,29/09/2011 11:56,Alto (> 8 mts),240,Grande,-68.8346922761,-32.8763110778,4,Cuarta Este Área Fundacional,1822015.85685,0
5564,Platano,04/10/2011 11:59,Alto (> 8 mts),190,Grande,-68.8393943785,-32.8806063098,1,Parque Central,1655357.93265,0
25027,Fresno europeo,15/02/2011 08:55,Alto (> 8 mts),160,Grande,-68.8356787038,-32.8969518006,2,Barrio Civico,2366816.36021,0
42543,Morera,28/09/2011 10:52,Medio (4 - 8 mts),38,Mediano,-68.8306625538,-32.8754581894,4,Cuarta Este Área Fundacional,1822015.85685,0
7382,Fresno europeo,22/06/2011 08:11,Medio (4 - 8 mts),30,Mediano,-68.8626120546,-32.9004729234,5,Residencial Sur,2423808.92355,0
15886,Paraiso sombrilla,28/11/2011 20:28,Medio (4 - 8 mts),90,Grande,-68.8721340857,-32.8763597081,7,Residencial Parque,1786336.08966,0
26827,Morera,09/11/2011 12:00,Alto (> 8 mts),115,Grande,-68.8332513505,-32.89404979,3,Parque O'Higgins,1531146.02653,1
17674,Morera,18/07/2011 11:41,Alto (> 8 mts),180,Grande,-68.8415884757,-32.868123443,4,Cuarta Oeste,1173332.70145,1
2913,Aguaribay,20/09/2011 08:50,Bajo (2 - 4 mts),40,Mediano,-68.8206207402,-32.8732439448,4,Cuarta Este Área Fundacional,1822015.85685,0
13333,Fresno europeo,25/02/2011 09:44,Medio (4 - 8 mts),46,Mediano,-68.8476882453,-32.8658866609,6,Residencial Norte,2694682.37982,0
7247,Morera,01/06/2011 10:15,Alto (> 8 mts),142,Grande,-68.854195998,-32.901973858,5,Residencial Sur,2423808.92355,0
487,Fresno europeo,07/03/2012 10:03,Medio (4 - 8 mts),145,Grande,-68.8226703547,-32.8679905353,4,Cuarta Este Área Fundacional,1822015.85685,0
8031,Fresno europeo,11/03/2011 12:50,Bajo (2 - 4 mts),20,Chico,-68.8480371302,-32.888178066,5,Residencial Sur,2423808.92355,0
6054,Morera,14/04/2011 12:07,Alto (> 8 mts),100,Grande,-68.8451563575,-32.8816456769,1,Parque Central,1655357.93265,1
15375,Aguaribay,15/11/2011 14:08,Medio (4 - 8 mts),105,Grande,-68.8606672606,-32.8698797232,7,Residencial Parque,1786336.08966,0
32559,Morera,21/06/2011 09:06,Alto (> 8 mts),130,Grande,-68.8542268358,-32.8899215542,5,Residencial Sur,2423808.92355,0
16386,Morera,03/08/2011 09:17,Alto (> 8 mts),93,Grande,-68.8348431186,-32.8659300361,4,Cuarta Oeste,1173332.70145,1
30816,Fresno americano,14/02/2011 13:20,Bajo (2 - 4 mts),30,Mediano,-68.8556691039,-32.8662905631,6,Residencial Norte,2694682.37982,0
4708,Morera,15/08/2011 12:14,Medio (4 - 8 mts),63,Grande,-68.838290713,-32.8655684265,4,Cuarta Oeste,1173332.70145,0
13495,Fresno europeo,31/01/2011 12:39,Alto (> 8 mts),160,Grande,-68.8519098814,-32.8633509711,6,Residencial Norte,2694682.37982,0
8295,Morera,02/03/2011 18:54,Muy bajo (1 - 2 mts),6,Chico,-68.8408480681,-32.8938204165,2,Barrio Civico,2366816.36021,0
1424,Jacaranda,22/11/2011 17:29,Medio (4 - 8 mts),45,Mediano,-68.8712731394,-32.8786310465,7,Residencial Parque,1786336.08966,0
47496,Fresno europeo,31/08/2011 13:08,Medio (4 - 8 mts),75,Grande,-68.8267815472,-32.8701974013,4,Cuarta Este Área Fundacional,1822015.85685,0
36697,Paraiso sombrilla,14/06/2011 18:24,Bajo (2 - 4 mts),100,Grande,-68.8588346943,-32.8824150219,7,Residencial Parque,1786336.08966,0
23360,Morera,31/01/2011 17:03,Alto (> 8 mts),86,Grande,-68.851041541,-32.9023333621,2,Barrio Civico,2366816.36021,0
24950,Fresno europeo,16/02/2011 12:16,Alto (> 8 mts),96,Grande,-68.8368401032,-32.8967035171,2,Barrio Civico,2366816.36021,0
33917,Fresno europeo,24/05/2011 10:37,Medio (4 - 8 mts),110,Grande,-68.8514540526,-32.8849073182,5,Residencial Sur,2423808.92355,0
8347,Morera,14/03/2011 17:39,Muy bajo (1 - 2 mts),6,Chico,-68.8468056906,-32.8929103285,2,Barrio Civico,2366816.36021,0
35153,Ailanthus,30/03/2011 10:40,Alto (> 8 mts),55,Mediano,-68.8515303057,-32.8823318835,1,Parque Central,1655357.93265,0
44467,Platano,17/10/2011 12:56,Alto (> 8 mts),210,Grande,-68.8365460266,-32.8836332067,3,Parque O'Higgins,1531146.02653,0
33737,Morera,11/05/2011 11:27,Medio (4 - 8 mts),45,Mediano,-68.8589087885,-32.8866400762,5,Residencial Sur,2423808.92355,0
38733,Fresno europeo,15/12/2010 09:29,Alto (> 8 mts),90,Grande,-68.8511484414,-32.8717500912,6,Residencial Norte,2694682.37982,0
43049,Fresno europeo,03/10/2011 10:21,Muy bajo (1 - 2 mts),4,Chico,-68.8319800736,-32.8777597518,4,Cuarta Este Área Fundacional,1822015.85685,0
26656,Conifera,14/11/2011 15:21,Alto (> 8 mts),68,Grande,-68.8318626697,-32.893813858,3,Parque O'Higgins,1531146.02653,0
2711,Fresno americano,12/10/2011 14:24,Alto (> 8 mts),103,Grande,-68.8320196471,-32.8826019923,3,Parque O'Higgins,1531146.02653,0
8656,Morera,04/02/2011 08:35,Alto (> 8 mts),95,Grande,-68.8410515113,-32.9019901025,2,Barrio Civico,2366816.36021,0
23578,Morera,24/01/2011 09:04,Alto (> 8 mts),155,Grande,-68.8512085997,-32.90234952,2,Barrio Civico,2366816.36021,0
29150,Paraiso,10/03/2011 12:51,Alto (> 8 mts),144,Grande,-68.8468140238,-32.8885815425,2,Barrio Civico,2366816.36021,0
5559,Caducifolio,12/04/2011 11:17,Muy bajo (1 - 2 mts),20,Chico,-68.840056737,-32.8798604433,1,Parque Central,1655357.93265,0
14679,Paraiso sombrilla,14/12/2011 17:24,Bajo (2 - 4 mts),50,Mediano,-68.881210606,-32.8674074761,8,Aeroparque,2203364.73622,0
19387,Catalpa,04/07/2011 10:47,Alto (> 8 mts),160,Grande,-68.8346988126,-32.8723178668,4,Cuarta Oeste,1173332.70145,1
29260,Fresno americano,23/02/2011 16:51,Medio (4 - 8 mts),140,Grande,-68.8449744006,-32.8884067658,2,Barrio Civico,2366816.36021,0
34764,Fresno europeo,30/03/2011 10:36,Alto (> 8 mts),170,Grande,-68.8512086565,-32.8783845671,6,Residencial Norte,2694682.37982,0
11854,Acer,02/03/2011 10:58,Medio (4 - 8 mts),84,Grande,-68.850338232,-32.8649069032,6,Residencial Norte,2694682.37982,0
4416,Morera,12/08/2011 09:57,Alto (> 8 mts),180,Grande,-68.8349681484,-32.8686591015,4,Cuarta Oeste,1173332.70145,0
6040,Morera,25/04/2011 09:31,Muy bajo (1 - 2 mts),20,Chico,-68.8463422747,-32.8867615037,1,Parque Central,1655357.93265,0
28742,Platano,11/03/2011 13:19,Alto (> 8 mts),176,Grande,-68.8483678827,-32.8868048001,1,Parque Central,1655357.93265,0
36268,Prunas,17/03/2011 10:16,Bajo (2 - 4 mts),30,Mediano,-68.8533946137,-32.877744461,6,Residencial Norte,2694682.37982,0
41368,Platano,19/04/2011 09:29,Alto (> 8 mts),160,Grande,-68.8421180379,-32.883225138,1,Parque Central,1655357.93265,0
17974,Morera,01/08/2011 09:27,Alto (> 8 mts),140,Grande,-68.8399910578,-32.8675806665,4,Cuarta Oeste,1173332.70145,0
32365,Morera,13/07/2011 11:21,Alto (> 8 mts),92,Grande,-68.8518182902,-32.8917835992,5,Residencial Sur,2423808.92355,0
14720,Paraiso sombrilla,30/11/2011 18:14,Bajo (2 - 4 mts),90,Grande,-68.8775470981,-32.8697667485,8,Aeroparque,2203364.73622,0
27730,Fresno europeo,31/10/2011 09:50,Medio (4 - 8 mts),36,Mediano,-68.8354827981,-32.8953293657,2,Barrio Civico,2366816.36021,0
3868,Fresno americano,31/08/2011 10:48,Alto (> 8 mts),236,Grande,-68.82785049,-32.869484902,4,Cuarta Este Área Fundacional,1822015.85685,0
16482,Paraiso,05/08/2011 09:10,Medio (4 - 8 mts),45,Mediano,-68.8421987742,-32.8651725162,4,Cuarta Oeste,1173332.70145,0
4881,Fresno americano,20/07/2011 11:28,Alto (> 8 mts),130,Grande,-68.8440752504,-32.8721241807,4,Cuarta Oeste,1173332.70145,0
37018,Platano,07/04/2011 17:37,Alto (> 8 mts),96,Grande,-68.8565790201,-32.8774301995,6,Residencial Norte,2694682.37982,0
14374,Morera,30/11/2011 12:17,Medio (4 - 8 mts),90,Grande,-68.878325599,-32.8660936608,8,Aeroparque,2203364.73622,0
29032,Platano,20/04/2011 10:19,Alto (> 8 mts),220,Grande,-68.8446993597,-32.8873395427,1,Parque Central,1655357.93265,0
38535,Paraiso,21/12/2010 14:04,Alto (> 8 mts),190,Grande,-68.8532001021,-32.8710358112,6,Residencial Norte,2694682.37982,0
29945,Platano,28/04/2011 12:33,Alto (> 8 mts),250,Grande,-68.8432299165,-32.8855106108,1,Parque Central,1655357.93265,1
14422,Morera,02/12/2011 09:39,Medio (4 - 8 mts),70,Grande,-68.8788297289,-32.8684322272,8,Aeroparque,2203364.73622,0
5599,Fresno americano,03/05/2011 11:05,Medio (4 - 8 mts),48,Mediano,-68.8381541952,-32.8755408169,1,Parque Central,1655357.93265,0
47700,Morera,09/09/2011 13:46,Alto (> 8 mts),204,Grande,-68.8305012263,-32.8725575103,4,Cuarta Este Área Fundacional,1822015.85685,0
46986,Alamo blanco,08/09/2011 12:37,Alto (> 8 mts),77,Grande,-68.8311172289,-32.8718240039,4,Cuarta Este Área Fundacional,1822015.85685,0
37426,Morera,04/01/2011 10:40,Alto (> 8 mts),140,Grande,-68.8567994402,-32.8706723858,6,Residencial Norte,2694682.37982,0
17778,Paraiso,22/07/2011 10:28,Alto (> 8 mts),107,Grande,-68.8427265715,-32.8674163273,4,Cuarta Oeste,1173332.70145,0
30131,Acacia SP,16/03/2011 12:27,Alto (> 8 mts),125,Grande,-68.8408085919,-32.891084007,2,Barrio Civico,2366816.36021,0
13030,Morera,16/02/2011 09:49,Medio (4 - 8 mts),64,Grande,-68.8450049742,-32.8659927544,4,Cuarta Oeste,1173332.70145,0
41066,Morera,28/04/2011 11:37,Alto (> 8 mts),102,Grande,-68.8387155603,-32.8830669652,1,Parque Central,1655357.93265,0
29486,Morera,18/02/2011 12:15,Alto (> 8 mts),184,Grande,-68.8439606919,-32.8925061436,2,Barrio Civico,2366816.36021,0
14106,Acer,02/12/2011 07:50,Medio (4 - 8 mts),30,Mediano,-68.8771112745,-32.8687604253,8,Aeroparque,2203364.73622,0
46352,Morera,19/09/2011 13:59,Alto (> 8 mts),165,Grande,-68.8259996994,-32.8742888517,4,Cuarta Este Área Fundacional,1822015.85685,0
20500,Fresno europeo,01/06/2011 12:25,Bajo (2 - 4 mts),40,Mediano,-68.8608469001,-32.8980280863,5,Residencial Sur,2423808.92355,0
10024,Jacaranda,02/11/2010 11:18,Bajo (2 - 4 mts),15,Chico,-68.8508845536,-32.869961514,6,Residencial Norte,2694682.37982,0
18199,Morera,22/07/2011 09:12,Alto (> 8 mts),103,Grande,-68.8404057277,-32.8691262787,4,Cuarta Oeste,1173332.70145,0
22480,Morera,23/06/2011 12:11,Alto (> 8 mts),200,Grande,-68.8622347781,-32.8988537224,5,Residencial Sur,2423808.92355,0
35375,Morera,21/06/2011 15:00,Medio (4 - 8 mts),100,Grande,-68.8544195304,-32.882262974,5,Residencial Sur,2423808.92355,1
40747,Morera,15/04/2011 11:51,Alto (> 8 mts),210,Grande,-68.8419805067,-32.8849103509,1,Parque Central,1655357.93265,0
5297,Acer,28/04/2011 13:26,Medio (4 - 8 mts),130,Grande,-68.843221153,-32.8769275313,1,Parque Central,1655357.93265,0
18825,Morera,09/08/2011 11:36,Alto (> 8 mts),196,Grande,-68.8356726797,-32.8690043418,4,Cuarta Oeste,1173332.70145,0
23575,Olmo comun,24/01/2011 12:13,Medio (4 - 8 mts),133,Grande,-68.8515518593,-32.9021089902,2,Barrio Civico,2366816.36021,0
5639,Platano,02/05/2011 13:43,Medio (4 - 8 mts),35,Mediano,-68.8389603592,-32.8768833103,1,Parque Central,1655357.93265,0
46160,Jacaranda,27/09/2011 10:33,Muy bajo (1 - 2 mts),10,Chico,-68.824693526,-32.8740588815,4,Cuarta Este Área Fundacional,1822015.85685,0
10113,Morera,03/01/2011 12:02,Muy bajo (1 - 2 mts),5,Chico,-68.8566627379,-32.8714739141,6,Residencial Norte,2694682.37982,0
11220,Prunas,12/01/2011 13:11,Medio (4 - 8 mts),85,Grande,-68.8445815034,-32.899979374,2,Barrio Civico,2366816.36021,0
7404,Morera,01/06/2011 13:35,Alto (> 8 mts),78,Grande,-68.8569791651,-32.9002003679,5,Residencial Sur,2423808.92355,0
42345,Paraiso,05/10/2011 11:27,Alto (> 8 mts),72,Grande,-68.8349682033,-32.8762917627,4,Cuarta Este Área Fundacional,1822015.85685,0
42461,Fresno europeo,30/09/2011 17:24,Alto (> 8 mts),140,Grande,-68.8321074302,-32.8756720522,4,Cuarta Este Área Fundacional,1822015.85685,0
19923,Morera,28/06/2011 10:46,Alto (> 8 mts),190,Grande,-68.8333135005,-32.86354653,4,Cuarta Oeste,1173332.70145,0
19918,Morera,28/06/2011 13:29,Alto (> 8 mts),125,Grande,-68.8337017041,-32.8634859802,4,Cuarta Oeste,1173332.70145,1
22389,Paraiso,16/06/2011 09:35,Alto (> 8 mts),140,Grande,-68.8599171728,-32.8981768984,5,Residencial Sur,2423808.92355,1
9735,Fresno europeo,19/01/2011 12:01,Bajo (2 - 4 mts),34,Mediano,-68.8477685659,-32.8628631066,4,Cuarta Oeste,1173332.70145,0
38268,Fresno europeo,02/12/2010 09:56,Alto (> 8 mts),180,Grande,-68.846366465,-32.8721989294,6,Residencial Norte,2694682.37982,0
46896,Morera,08/09/2011 11:00,Medio (4 - 8 mts),50,Mediano,-68.8335115662,-32.8716696614,4,Cuarta Este Área Fundacional,1822015.85685,0
18722,Morera,12/07/2011 19:59,Alto (> 8 mts),162,Grande,-68.8366109894,-32.873329645,4,Cuarta Oeste,1173332.70145,0
5482,Paraiso sombrilla,11/04/2011 09:00,Medio (4 - 8 mts),70,Grande,-68.8448875329,-32.8806146494,1,Parque Central,1655357.93265,0
13255,Morera,22/02/2011 13:15,Bajo (2 - 4 mts),46,Mediano,-68.8471026099,-32.865843373,6,Residencial Norte,2694682.37982,0
39159,Fresno europeo,25/11/2010 12:15,Medio (4 - 8 mts),60,Mediano,-68.8533756268,-32.8731573664,6,Residencial Norte,2694682.37982,0
14060,Morera,05/12/2011 12:03,Alto (> 8 mts),170,Grande,-68.8761039339,-32.8678071406,8,Aeroparque,2203364.73622,0
7458,Fresno europeo,17/06/2011 10:01,Bajo (2 - 4 mts),50,Mediano,-68.8605203389,-32.8994109275,5,Residencial Sur,2423808.92355,0
10478,Fresno americano,03/03/2011 13:22,Alto (> 8 mts),50,Mediano,-68.8539531407,-32.8732199388,6,Residencial Norte,2694682.37982,0
5173,Jacaranda,04/08/2011 12:32,Medio (4 - 8 mts),45,Mediano,-68.8381841411,-32.8641527709,4,Cuarta Oeste,1173332.70145,1
26258,Acacia SP,25/10/2011 11:00,Medio (4 - 8 mts),55,Mediano,-68.8304518309,-32.8896356809,3,Parque O'Higgins,1531146.02653,0
33838,Fresno americano,16/05/2011 13:24,Medio (4 - 8 mts),120,Grande,-68.8533846294,-32.8858630458,5,Residencial Sur,2423808.92355,0
11406,Morera,28/01/2011 14:03,Alto (> 8 mts),96,Grande,-68.8513379641,-32.9001715217,2,Barrio Civico,2366816.36021,0
33410,Morera,02/06/2011 12:56,Alto (> 8 mts),85,Grande,-68.8570834637,-32.8876892325,5,Residencial Sur,2423808.92355,0
18029,Conifera,29/07/2011 13:22,Muy bajo (1 - 2 mts),3,Chico,-68.840385892,-32.8671834306,4,Cuarta Oeste,1173332.70145,0
4338,Morera,03/08/2011 12:22,Medio (4 - 8 mts),80,Grande,-68.8376779093,-32.8704915265,4,Cuarta Oeste,1173332.70145,0
2500,Fresno europeo,20/10/2011 12:08,Medio (4 - 8 mts),90,Grande,-68.8368927049,-32.8885192221,3,Parque O'Higgins,1531146.02653,0
36274,Platano,17/03/2011 09:47,Alto (> 8 mts),185,Grande,-68.8539697645,-32.8776319054,6,Residencial Norte,2694682.37982,0
35080,Fresno europeo,22/03/2011 09:32,Alto (> 8 mts),64,Grande,-68.8546498195,-32.8803752879,6,Residencial Norte,2694682.37982,0
34353,Morera,28/03/2011 12:52,Medio (4 - 8 mts),140,Grande,-68.8522198426,-32.8753225965,6,Residencial Norte,2694682.37982,0
24108,Fresno americano,11/01/2011 09:30,Alto (> 8 mts),114,Grande,-68.8465809627,-32.9022847252,2,Barrio Civico,2366816.36021,0
41795,Fresno europeo,26/04/2011 13:29,Medio (4 - 8 mts),130,Grande,-68.842112951,-32.8782105445,1,Parque Central,1655357.93265,0
26562,Platano,04/11/2011 08:43,Alto (> 8 mts),190,Grande,-68.832173236,-32.890130522,3,Parque O'Higgins,1531146.02653,0
33278,Morera,27/06/2011 09:49,Alto (> 8 mts),104,Grande,-68.8564062101,-32.8907673376,5,Residencial Sur,2423808.92355,1
41412,Morera,18/04/2011 14:20,Alto (> 8 mts),136,Grande,-68.8425191358,-32.8826321253,1,Parque Central,1655357.93265,0
37727,Fresno europeo,14/01/2012 10:05,Medio (4 - 8 mts),120,Grande,-68.8509910726,-32.8728327115,6,Residencial Norte,2694682.37982,0
33865,Morera,13/05/2011 12:11,Bajo (2 - 4 mts),34,Mediano,-68.8550645504,-32.8865454209,5,Residencial Sur,2423808.92355,0
37202,Morera,14/03/2011 11:36,Alto (> 8 mts),125,Grande,-68.8575673127,-32.8726394694,6,Residencial Norte,2694682.37982,0
18752,Fresno europeo,06/07/2011 12:26,Alto (> 8 mts),80,Grande,-68.8367973699,-32.872905461,4,Cuarta Oeste,1173332.70145,0
30297,Morera,11/03/2011 09:07,Alto (> 8 mts),140,Grande,-68.8412295158,-32.8903948167,2,Barrio Civico,2366816.36021,0
40536,Morera,11/04/2011 12:27,Muy bajo (1 - 2 mts),5,Chico,-68.843086804,-32.8838374882,1,Parque Central,1655357.93265,0
25099,Olmo comun,14/02/2011 09:13,Alto (> 8 mts),128,Grande,-68.8366429905,-32.9008886934,2,Barrio Civico,2366816.36021,0
38998,Paraiso,27/12/2010 10:31,Bajo (2 - 4 mts),20,Chico,-68.8541742282,-32.8704545181,6,Residencial Norte,2694682.37982,0
23621,Morera,13/01/2011 15:49,Alto (> 8 mts),125,Grande,-68.8477502878,-32.9002029414,2,Barrio Civico,2366816.36021,0
3755,Paraiso sombrilla,29/08/2011 11:52,Muy bajo (1 - 2 mts),38,Mediano,-68.8184160169,-32.8698995928,4,Cuarta Este Área Fundacional,1822015.85685,0
19468,Morera,12/07/2011 10:59,Alto (> 8 mts),140,Grande,-68.8393915424,-32.8707437944,4,Cuarta Oeste,1173332.70145,0
2201,Platano,28/10/2011 11:51,Alto (> 8 mts),50,Mediano,-68.8396605735,-32.8920724972,2,Barrio Civico,2366816.36021,0
34644,Morera,31/03/2011 13:46,Alto (> 8 mts),120,Grande,-68.8492071102,-32.8763289249,6,Residencial Norte,2694682.37982,0
6321,Platano,24/06/2011 13:21,Alto (> 8 mts),135,Grande,-68.8566380374,-32.8897859291,5,Residencial Sur,2423808.92355,0
14904,Paraiso sombrilla,19/12/2011 09:07,Bajo (2 - 4 mts),70,Grande,-68.881193809,-32.8737577449,8,Aeroparque,2203364.73622,0
8953,Morera,20/01/2011 14:07,Alto (> 8 mts),130,Grande,-68.8477288034,-32.8674926885,6,Residencial Norte,2694682.37982,0
43908,Platano,11/10/2011 09:10,Alto (> 8 mts),215,Grande,-68.8327472182,-32.884818592,3,Parque O'Higgins,1531146.02653,0
40479,Platano,11/04/2011 09:39,Alto (> 8 mts),220,Grande,-68.8437158677,-32.88178236,1,Parque Central,1655357.93265,1
29508,Morera,18/02/2011 11:48,Alto (> 8 mts),148,Grande,-68.8448546348,-32.8929579274,2,Barrio Civico,2366816.36021,1
46917,Tilo,08/09/2011 08:57,Bajo (2 - 4 mts),35,Mediano,-68.8320213906,-32.8710537058,4,Cuarta Este Área Fundacional,1822015.85685,0
12325,Paraiso,12/01/2011 11:24,Alto (> 8 mts),160,Grande,-68.8467013472,-32.8672920825,6,Residencial Norte,2694682.37982,0
15762,Liquidambar,21/11/2011 12:11,Medio (4 - 8 mts),35,Mediano,-68.8726707632,-32.8783716378,7,Residencial Parque,1786336.08966,0
3237,Ligustro,28/09/2011 08:52,Medio (4 - 8 mts),60,Mediano,-68.8343337564,-32.8737196882,4,Cuarta Este Área Fundacional,1822015.85685,0
29758,Morera,15/03/2011 08:47,Medio (4 - 8 mts),136,Grande,-68.840435678,-32.8937872246,2,Barrio Civico,2366816.36021,0
12741,Morera,24/01/2011 12:42,Alto (> 8 mts),190,Grande,-68.8485471105,-32.8643419338,6,Residencial Norte,2694682.37982,0
39016,Caducifolio,27/12/2010 10:00,Bajo (2 - 4 mts),10,Chico,-68.8546488362,-32.8708500361,6,Residencial Norte,2694682.37982,0
8128,Morera,23/02/2011 08:54,Alto (> 8 mts),120,Grande,-68.8500017801,-32.8908803111,5,Residencial Sur,2423808.92355,1
26426,Fresno americano,09/11/2011 09:26,Medio (4 - 8 mts),102,Grande,-68.8344768,-32.8924832037,3,Parque O'Higgins,1531146.02653,0
424,Tipa,06/03/2012 12:15,Muy bajo (1 - 2 mts),8,Chico,-68.8175296767,-32.8674626028,4,Cuarta Este Área Fundacional,1822015.85685,0
21135,Paraiso,21/06/2011 09:11,Alto (> 8 mts),129,Grande,-68.8623393052,-32.8986489887,5,Residencial Sur,2423808.92355,0
44481,Platano,17/10/2011 12:27,Alto (> 8 mts),250,Grande,-68.8362553253,-32.8846363197,3,Parque O'Higgins,1531146.02653,0
17424,Platano,03/08/2011 07:42,Alto (> 8 mts),130,Grande,-68.8352760184,-32.8679295413,4,Cuarta Oeste,1173332.70145,0
32329,Platano,24/06/2011 12:11,Alto (> 8 mts),300,Grande,-68.8517012649,-32.890691302,5,Residencial Sur,2423808.92355,1
12861,Morera,19/01/2011 10:06,Alto (> 8 mts),140,Grande,-68.8464868391,-32.8643362055,4,Cuarta Oeste,1173332.70145,0
21545,Morera,08/06/2011 11:48,Alto (> 8 mts),120,Grande,-68.8543096907,-32.8950215178,5,Residencial Sur,2423808.92355,1
12809,Paraiso,20/01/2011 13:12,Alto (> 8 mts),170,Grande,-68.8470737776,-32.8640861719,4,Cuarta Oeste,1173332.70145,0
20240,Fresno europeo,26/05/2011 12:00,Muy bajo (1 - 2 mts),8,Chico,-68.8593224906,-32.8938005159,5,Residencial Sur,2423808.92355,0
11577,Paraiso,10/05/2010 12:03,Medio (4 - 8 mts),155,Grande,-68.8518558443,-32.8669350556,6,Residencial Norte,2694682.37982,0
20032,Morera,10/08/2011 12:26,Alto (> 8 mts),135,Grande,-68.8343595003,-32.868076632,4,Cuarta Oeste,1173332.70145,1
527,Morera,08/03/2012 18:12,Alto (> 8 mts),200,Grande,-68.8212348059,-32.8686191317,4,Cuarta Este Área Fundacional,1822015.85685,0
18786,Morera,07/07/2011 12:14,Alto (> 8 mts),80,Grande,-68.8379782165,-32.8730667681,4,Cuarta Oeste,1173332.70145,0
23931,Fresno europeo,19/01/2012 09:40,Alto (> 8 mts),135,Grande,-68.8515965941,-32.8991670908,2,Barrio Civico,2366816.36021,0
24650,Morera,17/01/2011 13:36,Alto (> 8 mts),145,Grande,-68.8432657376,-32.9004908104,2,Barrio Civico,2366816.36021,1
33282,Fresno europeo,27/06/2011 09:41,Medio (4 - 8 mts),49,Mediano,-68.856286473,-32.8903278057,5,Residencial Sur,2423808.92355,0
46966,Morera,28/09/2011 09:49,Medio (4 - 8 mts),110,Grande,-68.8313804193,-32.8710250073,4,Cuarta Este Área Fundacional,1822015.85685,0
40030,Morera,19/04/2011 09:13,Alto (> 8 mts),160,Grande,-68.8437593589,-32.8784335267,1,Parque Central,1655357.93265,1
12829,Fresno europeo,21/01/2011 09:37,Medio (4 - 8 mts),70,Grande,-68.8475131062,-32.8635731872,4,Cuarta Oeste,1173332.70145,0
45430,Morera,09/09/2011 09:24,Medio (4 - 8 mts),233,Grande,-68.8259900604,-32.8730431902,4,Cuarta Este Área Fundacional,1822015.85685,0
8826,Aguaribay,01/02/2011 13:42,Alto (> 8 mts),130,Grande,-68.8545326701,-32.868153944,6,Residencial Norte,2694682.37982,0
20360,Morera,26/05/2011 09:36,Medio (4 - 8 mts),113,Grande,-68.8606348292,-32.8940795259,5,Residencial Sur,2423808.92355,0
12377,Morera,21/01/2011 14:07,Alto (> 8 mts),130,Grande,-68.8476177992,-32.8672415486,6,Residencial Norte,2694682.37982,0
31682,Platano,19/05/2011 09:01,Alto (> 8 mts),205,Grande,-68.8605765667,-32.8911770298,5,Residencial Sur,2423808.92355,0
30382,Fresno europeo,02/03/2011 13:28,Medio (4 - 8 mts),22,Mediano,-68.839840424,-32.8894786293,3,Parque O'Higgins,1531146.02653,0
35664,Morera,18/03/2011 10:18,Medio (4 - 8 mts),100,Grande,-68.8557650656,-32.8748730024,6,Residencial Norte,2694682.37982,1
11069,Morera,31/03/2011 10:35,Alto (> 8 mts),65,Grande,-68.8553016049,-32.8795973477,6,Residencial Norte,2694682.37982,1
37652,Morera,29/02/2012 08:18,Alto (> 8 mts),130,Grande,-68.8528974977,-32.8724881988,6,Residencial Norte,2694682.37982,1
45740,Morera,24/08/2011 11:13,Alto (> 8 mts),190,Grande,-68.8226243047,-32.8687017661,4,Cuarta Este Área Fundacional,1822015.85685,0
12002,Paraiso,12/05/2010 10:57,Alto (> 8 mts),68,Grande,-68.852408426,-32.8684960918,6,Residencial Norte,2694682.37982,0
30115,Platano,26/04/2011 09:47,Alto (> 8 mts),175,Grande,-68.8412185843,-32.887057541,3,Parque O'Higgins,1531146.02653,1
26621,Platano,03/11/2011 10:56,Muy bajo (1 - 2 mts),8,Chico,-68.8338575079,-32.8899925426,3,Parque O'Higgins,1531146.02653,0
38472,Paraiso,03/11/2010 11:42,Alto (> 8 mts),190,Grande,-68.8516042406,-32.8701325277,6,Residencial Norte,2694682.37982,0
15620,Paraiso,17/11/2011 16:08,Bajo (2 - 4 mts),26,Mediano,-68.8617928447,-32.8718611301,7,Residencial Parque,1786336.08966,0
38061,Fresno europeo,06/12/2010 09:59,Alto (> 8 mts),180,Grande,-68.8481378825,-32.8719910879,6,Residencial Norte,2694682.37982,0
35444,Morera,28/03/2011 10:48,Alto (> 8 mts),180,Grande,-68.854852975,-32.8810673749,6,Residencial Norte,2694682.37982,0
46252,Morera,28/09/2011 09:46,Alto (> 8 mts),205,Grande,-68.8254815461,-32.8756306711,4,Cuarta Este Área Fundacional,1822015.85685,1
19101,Morera,27/07/2011 09:19,Alto (> 8 mts),160,Grande,-68.8413001397,-32.8707230008,4,Cuarta Oeste,1173332.70145,1
36590,Paraiso sombrilla,07/06/2011 13:05,Bajo (2 - 4 mts),60,Mediano,-68.8573053661,-32.8834159688,5,Residencial Sur,2423808.92355,0
24662,Fresno europeo,18/01/2011 13:46,Medio (4 - 8 mts),55,Mediano,-68.8427552677,-32.9010775943,2,Barrio Civico,2366816.36021,0
22812,Fresno americano,14/06/2011 12:23,Medio (4 - 8 mts),32,Mediano,-68.8589957963,-32.9022812696,5,Residencial Sur,2423808.92355,0
13537,Morera,01/02/2011 12:53,Alto (> 8 mts),220,Grande,-68.8513416803,-32.8640682272,6,Residencial Norte,2694682.37982,0
21168,Morera,06/05/2011 10:18,Alto (> 8 mts),123,Grande,-68.8519931226,-32.8933718677,5,Residencial Sur,2423808.92355,1
29268,Fresno americano,23/02/2011 14:54,Medio (4 - 8 mts),155,Grande,-68.8444679833,-32.8885038804,2,Barrio Civico,2366816.36021,0
10367,Olmo comun,27/08/2010 09:38,Medio (4 - 8 mts),178,Grande,-68.8486368381,-32.8735707916,6,Residencial Norte,2694682.37982,0
27930,Fresno europeo,03/11/2011 11:27,Medio (4 - 8 mts),50,Mediano,-68.8382156302,-32.8936541535,2,Barrio Civico,2366816.36021,0
6652,Morera,12/05/2011 11:30,Medio (4 - 8 mts),22,Mediano,-68.8603473608,-32.8921308539,5,Residencial Sur,2423808.92355,0
11142,Morera,28/01/2011 14:00,Alto (> 8 mts),91,Grande,-68.8435522748,-32.9020982782,2,Barrio Civico,2366816.36021,1
31242,Prunas,04/02/2011 11:43,Bajo (2 - 4 mts),60,Mediano,-68.8540653894,-32.863982653,6,Residencial Norte,2694682.37982,0
13046,Morera,15/02/2011 12:58,Alto (> 8 mts),144,Grande,-68.8447419813,-32.8645465855,4,Cuarta Oeste,1173332.70145,0
34365,Morera,23/03/2011 12:26,Alto (> 8 mts),170,Grande,-68.8517112962,-32.8757210844,6,Residencial Norte,2694682.37982,0
33993,Fresno europeo,26/05/2011 10:02,Medio (4 - 8 mts),160,Grande,-68.8529838386,-32.883943323,5,Residencial Sur,2423808.92355,0
23286,Morera,18/01/2012 17:41,Medio (4 - 8 mts),160,Grande,-68.8523238722,-32.9011303463,2,Barrio Civico,2366816.36021,0
20011,Alamo criollo,11/08/2011 09:50,Alto (> 8 mts),250,Grande,-68.8333106664,-32.8666841324,4,Cuarta Oeste,1173332.70145,0
33526,Platano,16/06/2011 11:52,Alto (> 8 mts),187,Grande,-68.8552932456,-32.8889147914,5,Residencial Sur,2423808.92355,0
104,Platano,29/02/2012 10:16,Medio (4 - 8 mts),180,Grande,-68.8565979452,-32.9017199996,5,Residencial Sur,2423808.92355,0
973,Fresno europeo,22/02/2012 07:47,Alto (> 8 mts),120,Grande,-68.8490367708,-32.8725571865,6,Residencial Norte,2694682.37982,0
730,Paraiso sombrilla,19/12/2011 08:53,Bajo (2 - 4 mts),45,Mediano,-68.881226904,-32.8724215768,8,Aeroparque,2203364.73622,0
2002,Morera,14/11/2011 13:48,Alto (> 8 mts),105,Grande,-68.8327345426,-32.8949033363,3,Parque O'Higgins,1531146.02653,1
17875,Morera,01/08/2011 13:34,Alto (> 8 mts),162,Grande,-68.8371196979,-32.8667377699,4,Cuarta Oeste,1173332.70145,0
15991,Braquiquito,10/08/2011 10:21,Alto (> 8 mts),166,Grande,-68.8437598601,-32.8723607109,4,Cuarta Oeste,1173332.70145,0
39636,Morera,21/10/2010 11:00,Medio (4 - 8 mts),110,Grande,-68.8466304543,-32.8699882087,6,Residencial Norte,2694682.37982,0
11985,Olmo comun,14/05/2010 12:22,Medio (4 - 8 mts),119,Grande,-68.8510773358,-32.867870527,6,Residencial Norte,2694682.37982,0
40364,Platano,11/04/2011 10:04,Alto (> 8 mts),170,Grande,-68.8447720402,-32.8827369448,1,Parque Central,1655357.93265,0
36046,Morera,18/03/2011 13:25,Alto (> 8 mts),58,Mediano,-68.857282843,-32.8749314598,6,Residencial Norte,2694682.37982,0
18472,Alamo blanco,07/07/2011 12:02,Alto (> 8 mts),130,Grande,-68.838983377,-32.874193388,1,Parque Central,1655357.93265,0
25644,Morera,07/02/2011 12:25,Alto (> 8 mts),210,Grande,-68.842032624,-32.9030815536,2,Barrio Civico,2366816.36021,0
25515,Morera,17/02/2011 15:20,Medio (4 - 8 mts),98,Grande,-68.8392171932,-32.9009299326,2,Barrio Civico,2366816.36021,0
38559,Morera,21/12/2010 12:28,Alto (> 8 mts),120,Grande,-68.8525588808,-32.8710054147,6,Residencial Norte,2694682.37982,1
48192,Fresno europeo,02/09/2011 07:42,Medio (4 - 8 mts),90,Grande,-68.8290104108,-32.8693382371,4,Cuarta Este Área Fundacional,1822015.85685,0
13633,Paraiso,25/02/2011 10:11,Medio (4 - 8 mts),55,Mediano,-68.8519427315,-32.8661335209,6,Residencial Norte,2694682.37982,0
1241,Paraiso sombrilla,29/11/2011 13:08,Medio (4 - 8 mts),110,Grande,-68.8763341253,-32.8652485263,8,Aeroparque,2203364.73622,0
41823,Morera,25/04/2011 12:33,Medio (4 - 8 mts),160,Grande,-68.8438936587,-32.8782734942,1,Parque Central,1655357.93265,0
15576,Paraiso sombrilla,16/11/2011 16:46,Bajo (2 - 4 mts),70,Grande,-68.8612269592,-32.8708829974,7,Residencial Parque,1786336.08966,0
21313,Morera,15/06/2011 12:14,Alto (> 8 mts),145,Grande,-68.853852581500007,-32.8985048559,5,Residencial Sur,2423808.92355,0
6325,Morera,30/06/2011 11:17,Bajo (2 - 4 mts),40,Mediano,-68.8561448707,-32.8902388705,5,Residencial Sur,2423808.92355,0
20873,Paraiso,26/05/2011 10:46,Alto (> 8 mts),128,Grande,-68.8605930661,-32.8956322816,5,Residencial Sur,2423808.92355,0
4641,Fresno europeo,04/08/2011 09:58,Medio (4 - 8 mts),74,Grande,-68.8352749331,-32.864700487,4,Cuarta Oeste,1173332.70145,1
24356,Fresno europeo,26/01/2011 10:11,Alto (> 8 mts),180,Grande,-68.8449379828,-32.9026858953,2,Barrio Civico,2366816.36021,0
5287,Morera,28/04/2011 09:39,Medio (4 - 8 mts),70,Grande,-68.8447704806,-32.8769805825,1,Parque Central,1655357.93265,0
16206,Morera,14/07/2011 12:37,Alto (> 8 mts),200,Grande,-68.8440524474,-32.8684995699,4,Cuarta Oeste,1173332.70145,0
14593,Paraiso,14/12/2011 10:13,Medio (4 - 8 mts),68,Grande,-68.8792623481,-32.8683447519,8,Aeroparque,2203364.73622,0
44732,Morera,26/08/2011 07:22,Alto (> 8 mts),150,Grande,-68.8241664354,-32.868308011,4,Cuarta Este Área Fundacional,1822015.85685,0
22712,Morera,12/05/2011 11:01,Medio (4 - 8 mts),40,Mediano,-68.8540456974,-32.9008641738,5,Residencial Sur,2423808.92355,0
38212,Morera,24/08/2010 10:46,Bajo (2 - 4 mts),35,Mediano,-68.84719555,-32.874364822,6,Residencial Norte,2694682.37982,0
28050,Morera,16/03/2011 18:09,Medio (4 - 8 mts),72,Grande,-68.8457499471,-32.893843391,2,Barrio Civico,2366816.36021,0
44803,Paraiso,26/08/2011 10:46,Bajo (2 - 4 mts),65,Grande,-68.8235617241,-32.8701339,4,Cuarta Este Área Fundacional,1822015.85685,0
8488,Fresno europeo,14/02/2011 15:02,Bajo (2 - 4 mts),48,Mediano,-68.8346675987,-32.8977702999,2,Barrio Civico,2366816.36021,0
40143,Morera,13/04/2011 10:11,Medio (4 - 8 mts),120,Grande,-68.843278266,-32.8795952073,1,Parque Central,1655357.93265,1
29807,Platano,09/03/2011 08:31,Alto (> 8 mts),180,Grande,-68.8430709005,-32.8921780607,2,Barrio Civico,2366816.36021,0
17159,Morera,06/07/2011 10:44,Alto (> 8 mts),230,Grande,-68.8350310248,-32.8628484382,4,Cuarta Oeste,1173332.70145,1
25852,Morera,03/02/2011 17:37,Alto (> 8 mts),160,Grande,-68.8403503269,-32.9020419057,2,Barrio Civico,2366816.36021,0
537,Morera,08/03/2012 17:49,Medio (4 - 8 mts),160,Grande,-68.8214028562,-32.8681436622,4,Cuarta Este Área Fundacional,1822015.85685,0
20177,Fresno europeo,13/05/2011 09:29,Alto (> 8 mts),120,Grande,-68.8602516503,-32.8925279187,5,Residencial Sur,2423808.92355,1
22742,Morera,12/05/2011 10:50,Alto (> 8 mts),92,Grande,-68.8542206341,-32.9014038483,5,Residencial Sur,2423808.92355,1
25935,Platano,16/02/2011 16:18,Alto (> 8 mts),128,Grande,-68.8383043062,-32.9030402809,2,Barrio Civico,2366816.36021,1
21859,Acacia SP,07/06/2011 09:32,Alto (> 8 mts),138,Grande,-68.8580662205,-32.895833149,5,Residencial Sur,2423808.92355,0
42546,Morera,28/09/2011 11:13,Alto (> 8 mts),170,Grande,-68.8304124239,-32.8754327375,4,Cuarta Este Área Fundacional,1822015.85685,1
29788,Morera,09/03/2011 09:30,Bajo (2 - 4 mts),14,Chico,-68.8434680806,-32.8911916772,2,Barrio Civico,2366816.36021,1
36517,Platano,06/04/2011 10:36,Alto (> 8 mts),200,Grande,-68.8564458825,-32.8782749804,6,Residencial Norte,2694682.37982,0
4704,Morera,16/08/2011 10:16,Medio (4 - 8 mts),120,Grande,-68.8370611072,-32.8659099639,4,Cuarta Oeste,1173332.70145,0
10941,Morera,07/04/2011 16:07,Muy bajo (1 - 2 mts),10,Chico,-68.8587487012,-32.8799471172,7,Residencial Parque,1786336.08966,0
16340,Acacia SP,12/08/2011 14:34,Bajo (2 - 4 mts),13,Chico,-68.8421443877,-32.8643904074,4,Cuarta Oeste,1173332.70145,0
10519,Morera,17/03/2011 11:42,Muy bajo (1 - 2 mts),7,Chico,-68.8588524478,-32.8750123816,7,Residencial Parque,1786336.08966,0
17928,Morera,03/08/2011 14:08,Alto (> 8 mts),150,Grande,-68.8371768734,-32.8663772377,4,Cuarta Oeste,1173332.70145,0
45244,Fresno europeo,29/09/2011 11:28,Muy bajo (1 - 2 mts),3,Chico,-68.823316471,-32.8731145057,4,Cuarta Este Área Fundacional,1822015.85685,0
25863,Morera,07/02/2011 15:49,Medio (4 - 8 mts),52,Mediano,-68.8382776328,-32.9023789184,2,Barrio Civico,2366816.36021,0
1596,Fresno europeo,24/11/2011 10:31,Muy bajo (1 - 2 mts),22,Mediano,-68.8720221655,-32.8796605672,7,Residencial Parque,1786336.08966,0
23235,Morera,31/01/2012 17:40,Medio (4 - 8 mts),124,Grande,-68.851908238,-32.9017762321,2,Barrio Civico,2366816.36021,1
39716,Morera,30/08/2010 10:45,Medio (4 - 8 mts),110,Grande,-68.8454125729,-32.8692341013,4,Cuarta Oeste,1173332.70145,0
7688,Morera,26/05/2011 10:01,Medio (4 - 8 mts),110,Grande,-68.8529068253,-32.8839450006,5,Residencial Sur,2423808.92355,0
12039,Fresno europeo,03/05/2010 13:01,Bajo (2 - 4 mts),82,Grande,-68.8537673822,-32.8666930769,6,Residencial Norte,2694682.37982,0
3879,Morera,29/08/2011 13:46,Medio (4 - 8 mts),60,Mediano,-68.8262900394,-32.871118059,4,Cuarta Este Área Fundacional,1822015.85685,0
11108,Tipa,28/03/2011 10:00,Medio (4 - 8 mts),80,Grande,-68.8532288493,-32.8799883756,6,Residencial Norte,2694682.37982,0
30569,Morera,09/02/2011 10:54,Alto (> 8 mts),160,Grande,-68.8576062043,-32.8662246599,6,Residencial Norte,2694682.37982,0
47955,Morera,02/09/2011 10:32,Medio (4 - 8 mts),208,Grande,-68.826424138,-32.8685275878,4,Cuarta Este Área Fundacional,1822015.85685,0
13652,Morera,25/02/2011 12:45,Alto (> 8 mts),120,Grande,-68.8519851448,-32.8656495465,6,Residencial Norte,2694682.37982,0
3612,Morera,29/08/2011 10:00,Bajo (2 - 4 mts),40,Mediano,-68.8271374228,-32.8700619344,4,Cuarta Este Área Fundacional,1822015.85685,0
17702,Caducifolio,15/07/2011 10:31,Muy bajo (1 - 2 mts),14,Chico,-68.8423721382,-32.8705713612,4,Cuarta Oeste,1173332.70145,0
2665,Olmo comun,07/10/2011 09:36,Medio (4 - 8 mts),120,Grande,-68.8298595706,-32.8845799785,3,Parque O'Higgins,1531146.02653,0
37492,Morera,15/11/2010 12:24,Alto (> 8 mts),190,Grande,-68.8568998973,-32.8695965988,6,Residencial Norte,2694682.37982,1
15596,Paraiso,16/11/2011 15:57,Bajo (2 - 4 mts),20,Chico,-68.8614054756,-32.8711830736,7,Residencial Parque,1786336.08966,0
47786,Morera,23/09/2011 13:32,Alto (> 8 mts),156,Grande,-68.8276082345,-32.873374098,4,Cuarta Este Área Fundacional,1822015.85685,0
12273,Morera,10/01/2011 10:25,Alto (> 8 mts),110,Grande,-68.8451594202,-32.8674426736,4,Cuarta Oeste,1173332.70145,1
23637,Fresno americano,20/01/2011 19:01,Medio (4 - 8 mts),52,Mediano,-68.8479651435,-32.9007562094,2,Barrio Civico,2366816.36021,0
44999,Prunas,31/08/2011 11:50,Muy bajo (1 - 2 mts),16,Chico,-68.8244479991,-32.8695871216,4,Cuarta Este Área Fundacional,1822015.85685,0
9628,Morera,26/01/2011 09:38,Alto (> 8 mts),150,Grande,-68.8497012806,-32.8633548836,6,Residencial Norte,2694682.37982,0
14313,Fresno americano,06/12/2011 09:31,Bajo (2 - 4 mts),22,Mediano,-68.8769392846,-32.8675047683,8,Aeroparque,2203364.73622,0
21197,Morera,10/05/2011 11:23,Alto (> 8 mts),180,Grande,-68.8531048988,-32.8958761214,5,Residencial Sur,2423808.92355,0
4995,Fresno europeo,30/06/2011 10:09,Medio (4 - 8 mts),70,Grande,-68.8345448805,-32.8636032978,4,Cuarta Oeste,1173332.70145,0
3916,Prunas,01/09/2011 13:30,Muy bajo (1 - 2 mts),10,Chico,-68.8243865792,-32.8702848762,4,Cuarta Este Área Fundacional,1822015.85685,0
15448,Paraiso,18/11/2011 12:00,Bajo (2 - 4 mts),18,Chico,-68.8597118701,-32.8714379721,6,Residencial Norte,2694682.37982,0
22445,Paraiso,28/06/2011 09:21,Alto (> 8 mts),160,Grande,-68.8615428055,-32.8981449479,5,Residencial Sur,2423808.92355,1
41026,Morera,12/04/2011 09:27,Alto (> 8 mts),105,Grande,-68.8406889385,-32.8807695767,1,Parque Central,1655357.93265,1
40172,Caducifolio,14/04/2011 09:32,Muy bajo (1 - 2 mts),8,Chico,-68.8439508636,-32.8803773652,1,Parque Central,1655357.93265,0
43759,Platano,17/10/2011 08:18,Alto (> 8 mts),200,Grande,-68.8337837859,-32.881624022,3,Parque O'Higgins,1531146.02653,0
16608,Paraiso,26/07/2011 09:46,Medio (4 - 8 mts),63,Grande,-68.8407913462,-32.8658815392,4,Cuarta Oeste,1173332.70145,0
27057,Fresno europeo,21/10/2011 10:03,Alto (> 8 mts),140,Grande,-68.8370539662,-32.8885330325,3,Parque O'Higgins,1531146.02653,0
10420,Fresno europeo,18/03/2011 12:11,Medio (4 - 8 mts),64,Grande,-68.8519430718,-32.8800964412,6,Residencial Norte,2694682.37982,0
18729,Tilo,12/07/2011 19:22,Medio (4 - 8 mts),32,Mediano,-68.8362458094,-32.873131967,4,Cuarta Oeste,1173332.70145,0
18937,Jacaranda,01/08/2011 09:54,Muy bajo (1 - 2 mts),5,Chico,-68.8412401412,-32.869903537,4,Cuarta Oeste,1173332.70145,0
15575,Acacia SP,16/11/2011 16:48,Medio (4 - 8 mts),120,Grande,-68.8611601105,-32.8708598046,7,Residencial Parque,1786336.08966,0
18480,Morera,07/07/2011 11:05,Medio (4 - 8 mts),42,Mediano,-68.8385119082,-32.8743865542,1,Parque Central,1655357.93265,0
28427,Acacia SP,28/02/2011 10:31,Alto (> 8 mts),230,Grande,-68.8460456828,-32.8900563878,2,Barrio Civico,2366816.36021,0
19920,Morera,28/06/2011 13:14,Alto (> 8 mts),167,Grande,-68.8336732133,-32.863564122,4,Cuarta Oeste,1173332.70145,0
23966,Prunas,12/01/2011 10:53,Medio (4 - 8 mts),73,Grande,-68.8464449903,-32.8999333259,2,Barrio Civico,2366816.36021,0
17492,Platano,16/01/2012 09:00,Alto (> 8 mts),140,Grande,-68.835615184,-32.8679683095,4,Cuarta Oeste,1173332.70145,0
37014,Prunas,07/04/2011 17:28,Bajo (2 - 4 mts),22,Mediano,-68.8566529085,-32.8771204956,6,Residencial Norte,2694682.37982,0
38155,Paraiso,20/10/2010 12:15,Alto (> 8 mts),280,Grande,-68.8465973324,-32.8707941927,6,Residencial Norte,2694682.37982,0
45126,Paraiso,01/09/2011 14:04,Alto (> 8 mts),146,Grande,-68.8235675558,-32.8702315932,4,Cuarta Este Área Fundacional,1822015.85685,0
45316,Fresno europeo,09/09/2011 12:38,Medio (4 - 8 mts),100,Grande,-68.8232790178,-32.8715262573,4,Cuarta Este Área Fundacional,1822015.85685,0
34642,Morera,31/03/2011 13:42,Medio (4 - 8 mts),65,Grande,-68.8490468717,-32.8763610032,6,Residencial Norte,2694682.37982,0
30919,Fresno europeo,14/02/2011 09:35,Medio (4 - 8 mts),106,Grande,-68.8559878792,-32.864349851,6,Residencial Norte,2694682.37982,0
11688,Morera,28/01/2011 12:46,Medio (4 - 8 mts),140,Grande,-68.8504347384,-32.8678350596,6,Residencial Norte,2694682.37982,0
41006,Platano,13/04/2011 12:00,Alto (> 8 mts),215,Grande,-68.8393658998,-32.880481387,1,Parque Central,1655357.93265,0
35962,Acer,23/03/2011 10:48,Alto (> 8 mts),65,Grande,-68.8549714694,-32.8757388046,6,Residencial Norte,2694682.37982,0
47635,Platano,08/09/2011 10:17,Alto (> 8 mts),250,Grande,-68.830470545,-32.8718353922,4,Cuarta Este Área Fundacional,1822015.85685,0
4132,Acer,28/09/2011 10:13,Bajo (2 - 4 mts),40,Mediano,-68.8238434738,-32.8749138804,4,Cuarta Este Área Fundacional,1822015.85685,0
39665,Morera,21/10/2010 14:14,Medio (4 - 8 mts),79,Grande,-68.8473933352,-32.8687521971,6,Residencial Norte,2694682.37982,0
32460,Morera,24/05/2011 13:48,Alto (> 8 mts),180,Grande,-68.8516497325,-32.8884948425,5,Residencial Sur,2423808.92355,0
1086,Fresno americano,13/12/2011 18:52,Bajo (2 - 4 mts),14,Chico,-68.8810057603,-32.8677921954,8,Aeroparque,2203364.73622,0
5891,Platano,14/04/2011 12:38,Alto (> 8 mts),155,Grande,-68.845661391,-32.8827758795,1,Parque Central,1655357.93265,0
2569,Fresno europeo,25/10/2011 10:37,Alto (> 8 mts),190,Grande,-68.8305433123,-32.8889065105,3,Parque O'Higgins,1531146.02653,0
26014,Acacia SP,09/11/2011 17:22,Medio (4 - 8 mts),90,Grande,-68.8325987775,-32.8868004989,3,Parque O'Higgins,1531146.02653,0
7989,Fresno europeo,18/02/2011 13:35,Alto (> 8 mts),101,Grande,-68.8402995595,-32.8885691292,3,Parque O'Higgins,1531146.02653,0
39815,Fresno americano,29/04/2011 10:40,Alto (> 8 mts),150,Grande,-68.8471285285,-32.883901,1,Parque Central,1655357.93265,0
24676,Prunas,19/01/2011 10:56,Bajo (2 - 4 mts),20,Chico,-68.842033593,-32.8966801595,2,Barrio Civico,2366816.36021,0
47480,Olmo bola,20/09/2011 10:52,Medio (4 - 8 mts),146,Grande,-68.8293808401,-32.8750910085,4,Cuarta Este Área Fundacional,1822015.85685,0
29131,Platano,26/04/2011 11:26,Alto (> 8 mts),210,Grande,-68.844853591,-32.8861637474,1,Parque Central,1655357.93265,0
12688,Perenne,19/01/2011 13:07,Bajo (2 - 4 mts),10,Chico,-68.848646564,-32.8631388237,6,Residencial Norte,2694682.37982,0
18385,Morera,02/08/2011 15:22,Alto (> 8 mts),190,Grande,-68.8391431804,-32.8696646549,4,Cuarta Oeste,1173332.70145,0
14551,Fresno europeo,02/12/2011 17:32,Bajo (2 - 4 mts),28,Mediano,-68.8793802261,-32.8672641378,8,Aeroparque,2203364.73622,0
33452,Morera,15/06/2011 11:16,Muy bajo (1 - 2 mts),5,Chico,-68.8571811064,-32.8885753628,5,Residencial Sur,2423808.92355,0
180,Morera,26/02/2012 19:39,Bajo (2 - 4 mts),44,Mediano,-68.8572069582,-32.8646130845,6,Residencial Norte,2694682.37982,0
13389,Paraiso,10/01/2011 14:22,Alto (> 8 mts),160,Grande,-68.8442873724,-32.8670045731,4,Cuarta Oeste,1173332.70145,0
17446,Morera,29/07/2011 09:49,Alto (> 8 mts),108,Grande,-68.8346818082,-32.8669709775,4,Cuarta Oeste,1173332.70145,0
38232,Fresno europeo,18/01/2012 12:26,Alto (> 8 mts),190,Grande,-68.8462686948,-32.8730564511,6,Residencial Norte,2694682.37982,0
47581,Morera,16/09/2011 08:56,Alto (> 8 mts),70,Grande,-68.8260221523,-32.8719304546,4,Cuarta Este Área Fundacional,1822015.85685,0
11858,Paraiso,02/03/2011 10:47,Alto (> 8 mts),160,Grande,-68.8503210268,-32.865119496,6,Residencial Norte,2694682.37982,0
26077,Paraiso,04/11/2011 17:27,Bajo (2 - 4 mts),16,Chico,-68.8333897535,-32.8861236182,3,Parque O'Higgins,1531146.02653,0
16818,Morera,09/08/2011 09:25,Medio (4 - 8 mts),56,Mediano,-68.8387895784,-32.865304936,4,Cuarta Oeste,1173332.70145,0
9416,Jacaranda,14/02/2011 11:14,Medio (4 - 8 mts),60,Mediano,-68.8565360849,-32.8655847684,6,Residencial Norte,2694682.37982,0
36226,Morera,18/03/2011 09:35,Muy bajo (1 - 2 mts),2,Chico,-68.8542165855,-32.8775794443,6,Residencial Norte,2694682.37982,0
9021,Morera,10/01/2011 09:49,Medio (4 - 8 mts),29,Mediano,-68.8450633639,-32.8682633873,4,Cuarta Oeste,1173332.70145,0
3928,Palo borracho,31/08/2011 12:07,Medio (4 - 8 mts),35,Mediano,-68.821935245,-32.8710591742,4,Cuarta Este Área Fundacional,1822015.85685,0
33174,Morera,08/06/2011 12:10,Alto (> 8 mts),114,Grande,-68.8546522618,-32.8922335356,5,Residencial Sur,2423808.92355,0
7496,Paraiso,22/06/2011 12:51,Medio (4 - 8 mts),70,Grande,-68.8637511553,-32.9003492875,5,Residencial Sur,2423808.92355,0
38619,Morera,20/12/2010 10:30,Medio (4 - 8 mts),120,Grande,-68.8526285271,-32.8717486661,6,Residencial Norte,2694682.37982,0
12217,Platano,17/01/2011 13:10,Alto (> 8 mts),260,Grande,-68.84570637,-32.8684687549,4,Cuarta Oeste,1173332.70145,0
22484,Paraiso,23/06/2011 11:57,Alto (> 8 mts),130,Grande,-68.8621929207,-32.8985456984,5,Residencial Sur,2423808.92355,1
6734,Fresno europeo,16/05/2011 12:06,Alto (> 8 mts),116,Grande,-68.8582039775,-32.8929083843,5,Residencial Sur,2423808.92355,0
41338,Platano,19/04/2011 11:20,Alto (> 8 mts),155,Grande,-68.84017384,-32.8830632467,1,Parque Central,1655357.93265,0
19698,Fresno europeo,12/07/2011 09:42,Medio (4 - 8 mts),85,Grande,-68.8347566518,-32.8715630577,4,Cuarta Oeste,1173332.70145,0
22206,Olmo comun,18/05/2011 10:09,Medio (4 - 8 mts),32,Mediano,-68.8569048279,-32.8992443459,5,Residencial Sur,2423808.92355,0
20614,Platano,02/06/2011 12:40,Alto (> 8 mts),160,Grande,-68.8604666235,-32.8957711813,5,Residencial Sur,2423808.92355,0
41963,Morera,19/04/2011 10:25,Alto (> 8 mts),85,Grande,-68.8390693827,-32.8793449629,1,Parque Central,1655357.93265,0
28212,Morera,10/03/2011 19:28,Alto (> 8 mts),198,Grande,-68.8480573937,-32.8932392877,2,Barrio Civico,2366816.36021,0
35190,Fresno americano,29/03/2011 10:34,Alto (> 8 mts),100,Grande,-68.8517440928,-32.882627785,1,Parque Central,1655357.93265,0
38438,Fresno europeo,03/11/2010 10:31,Alto (> 8 mts),79,Grande,-68.8509295028,-32.8695426313,6,Residencial Norte,2694682.37982,0
21280,Fresno europeo,13/06/2011 12:30,Medio (4 - 8 mts),48,Mediano,-68.8520513768,-32.8966671662,5,Residencial Sur,2423808.92355,0
42194,Fresno europeo,04/05/2011 11:03,Bajo (2 - 4 mts),34,Mediano,-68.8405848723,-32.8734341391,4,Cuarta Oeste,1173332.70145,0
46472,Morera,17/08/2011 13:59,Alto (> 8 mts),140,Grande,-68.8313239252,-32.8684134443,4,Cuarta Este Área Fundacional,1822015.85685,0
2788,Platano,20/10/2011 17:18,Alto (> 8 mts),190,Grande,-68.8351737802,-32.8801463163,1,Parque Central,1655357.93265,1
27635,Morera,01/11/2011 10:53,Alto (> 8 mts),128,Grande,-68.8372334183,-32.8940187048,2,Barrio Civico,2366816.36021,1
44441,Tipa,18/10/2011 10:12,Alto (> 8 mts),273,Grande,-68.8375550618,-32.8840354138,3,Parque O'Higgins,1531146.02653,1
34674,Morera,31/03/2011 09:11,Alto (> 8 mts),135,Grande,-68.8498680355,-32.8762001916,6,Residencial Norte,2694682.37982,0
4546,Morera,29/07/2011 13:39,Alto (> 8 mts),120,Grande,-68.8412172146,-32.8672362692,4,Cuarta Oeste,1173332.70145,0
29111,Platano,27/04/2011 09:27,Alto (> 8 mts),190,Grande,-68.8442741271,-32.8853424261,1,Parque Central,1655357.93265,1
10316,Caducifolio,26/11/2010 13:20,Bajo (2 - 4 mts),30,Mediano,-68.857207431,-32.8718147924,6,Residencial Norte,2694682.37982,0
29208,Fresno americano,03/03/2011 09:02,Alto (> 8 mts),50,Mediano,-68.8456829704,-32.8882800058,2,Barrio Civico,2366816.36021,1
17356,Morera,05/08/2011 07:26,Alto (> 8 mts),160,Grande,-68.8354128132,-32.865078292,4,Cuarta Oeste,1173332.70145,0
16075,Paraiso,21/07/2011 10:40,Alto (> 8 mts),106,Grande,-68.8450311407,-32.8724454285,6,Residencial Norte,2694682.37982,0
32037,Fresno europeo,09/06/2011 13:40,Alto (> 8 mts),130,Grande,-68.8599095944,-32.8879436055,5,Residencial Sur,2423808.92355,0
35813,Fresno europeo,04/03/2011 09:06,Medio (4 - 8 mts),64,Grande,-68.8535245554,-32.8736456279,6,Residencial Norte,2694682.37982,0
22804,Fresno americano,14/06/2011 12:34,Alto (> 8 mts),78,Grande,-68.859923571,-32.9021516575,5,Residencial Sur,2423808.92355,0
41757,Platano,27/04/2011 12:41,Medio (4 - 8 mts),110,Grande,-68.8416907964,-32.8786065756,1,Parque Central,1655357.93265,0
40492,Fresno americano,25/04/2011 12:18,Alto (> 8 mts),190,Grande,-68.8425609645,-32.8818735732,1,Parque Central,1655357.93265,0
40920,Platano,11/04/2011 16:13,Alto (> 8 mts),162,Grande,-68.8392370036,-32.886057107,3,Parque O'Higgins,1531146.02653,0
27224,Fresno europeo,26/10/2011 09:07,Alto (> 8 mts),180,Grande,-68.8370041573,-32.8904630382,3,Parque O'Higgins,1531146.02653,0
40798,Fresno europeo,26/04/2011 16:56,Bajo (2 - 4 mts),18,Chico,-68.8401847074,-32.8847486138,1,Parque Central,1655357.93265,0
19047,Morera,26/07/2011 09:51,Bajo (2 - 4 mts),45,Mediano,-68.8414839712,-32.8725119471,4,Cuarta Oeste,1173332.70145,0
35914,Morera,23/03/2011 13:48,Alto (> 8 mts),145,Grande,-68.8538775678,-32.8755343682,6,Residencial Norte,2694682.37982,0
38790,Jacaranda,14/12/2010 09:38,Alto (> 8 mts),250,Grande,-68.8496952659,-32.8705940045,6,Residencial Norte,2694682.37982,0
22017,Paraiso,17/05/2011 12:04,Alto (> 8 mts),140,Grande,-68.8588745709,-32.8928404196,5,Residencial Sur,2423808.92355,0
25499,Olmo comun,07/02/2011 12:25,Alto (> 8 mts),108,Grande,-68.8415786971,-32.9013094024,2,Barrio Civico,2366816.36021,0
35487,Acer,08/04/2011 10:41,Medio (4 - 8 mts),45,Mediano,-68.856597413,-32.8812895273,7,Residencial Parque,1786336.08966,0
9065,Acacia SP,15/02/2011 13:04,Alto (> 8 mts),48,Mediano,-68.8557173115,-32.865587567,6,Residencial Norte,2694682.37982,0
26594,Platano,03/11/2011 11:43,Alto (> 8 mts),180,Grande,-68.8316560298,-32.8911256392,3,Parque O'Higgins,1531146.02653,1
26959,Fresno europeo,01/11/2011 16:26,Alto (> 8 mts),130,Grande,-68.8367404793,-32.886628431,3,Parque O'Higgins,1531146.02653,0
33120,Platano,27/06/2011 11:41,Alto (> 8 mts),130,Grande,-68.853894643,-32.8902869675,5,Residencial Sur,2423808.92355,0
12769,Ligustro,21/01/2011 12:15,Medio (4 - 8 mts),80,Grande,-68.8478230765,-32.8644180393,6,Residencial Norte,2694682.37982,0
31323,Acer,25/02/2011 12:27,Alto (> 8 mts),140,Grande,-68.8484628484,-32.8653314667,6,Residencial Norte,2694682.37982,0
4336,Morera,03/08/2011 12:58,Muy bajo (1 - 2 mts),8,Chico,-68.8380017632,-32.8704529066,4,Cuarta Oeste,1173332.70145,0
37385,Paraiso,26/11/2010 13:24,Bajo (2 - 4 mts),60,Mediano,-68.8572995856,-32.8719509289,6,Residencial Norte,2694682.37982,0
7186,Fresno europeo,16/06/2011 10:07,Medio (4 - 8 mts),55,Mediano,-68.8595266717,-32.8989582017,5,Residencial Sur,2423808.92355,0
30487,Platano,17/02/2011 09:42,Alto (> 8 mts),300,Grande,-68.8392995064,-32.888471029,3,Parque O'Higgins,1531146.02653,0
29838,Ligustro,03/03/2011 19:29,Alto (> 8 mts),68,Grande,-68.8426398603,-32.8931500813,2,Barrio Civico,2366816.36021,0
30415,Morera,21/02/2011 13:02,Alto (> 8 mts),250,Grande,-68.8426420568,-32.88803993,3,Parque O'Higgins,1531146.02653,1
33746,Morera,12/05/2011 11:52,Bajo (2 - 4 mts),52,Mediano,-68.856930829,-32.8861886953,5,Residencial Sur,2423808.92355,0
11079,Fresno europeo,21/03/2011 12:33,Medio (4 - 8 mts),36,Mediano,-68.8544876941,-32.8804634383,6,Residencial Norte,2694682.37982,0
44010,Platano,14/10/2011 11:31,Alto (> 8 mts),185,Grande,-68.8328984253,-32.8849242723,3,Parque O'Higgins,1531146.02653,1
44525,Caducifolio,17/10/2011 12:18,Muy bajo (1 - 2 mts),8,Chico,-68.8354498244,-32.88500982,3,Parque O'Higgins,1531146.02653,0
1983,Morera,03/01/2012 10:34,Bajo (2 - 4 mts),30,Mediano,-68.860092286,-32.889545848,5,Residencial Sur,2423808.92355,0
36622,Platano,15/06/2011 09:34,Alto (> 8 mts),150,Grande,-68.8584448066,-32.8824456897,7,Residencial Parque,1786336.08966,0
8589,Morera,11/02/2011 09:03,Alto (> 8 mts),160,Grande,-68.8373725926,-32.8994990312,2,Barrio Civico,2366816.36021,0
37783,Prunas,25/01/2012 08:15,Bajo (2 - 4 mts),40,Mediano,-68.8497911405,-32.872971873,6,Residencial Norte,2694682.37982,0
21145,Paraiso,17/06/2011 11:16,Alto (> 8 mts),128,Grande,-68.8624794846,-32.8981268243,5,Residencial Sur,2423808.92355,0
23128,Olmo comun,10/01/2011 14:49,Medio (4 - 8 mts),126,Grande,-68.8473310476,-32.9032770124,2,Barrio Civico,2366816.36021,0
45548,Morera,16/09/2011 13:36,Medio (4 - 8 mts),90,Grande,-68.8201966881,-32.872431223,4,Cuarta Este Área Fundacional,1822015.85685,0
30451,Platano,21/02/2011 09:37,Alto (> 8 mts),118,Grande,-68.8415437572,-32.8888759444,3,Parque O'Higgins,1531146.02653,0
42767,Fresno europeo,30/09/2011 15:37,Bajo (2 - 4 mts),40,Mediano,-68.830771292,-32.8789241312,4,Cuarta Este Área Fundacional,1822015.85685,0
10821,Perenne,31/03/2011 09:33,Medio (4 - 8 mts),180,Grande,-68.8565292509,-32.8781248711,6,Residencial Norte,2694682.37982,0
28126,Platano,14/03/2011 15:44,Alto (> 8 mts),146,Grande,-68.8466869943,-32.8916410806,2,Barrio Civico,2366816.36021,0
43209,Morera,11/11/2011 09:23,Medio (4 - 8 mts),60,Mediano,-68.8279761337,-32.881504269,3,Parque O'Higgins,1531146.02653,0
42043,Morera,30/09/2011 10:54,Medio (4 - 8 mts),98,Grande,-68.84180637,-32.8799570973,1,Parque Central,1655357.93265,0
26167,Perenne,14/11/2011 17:14,Medio (4 - 8 mts),170,Grande,-68.829874887,-32.8869199042,3,Parque O'Higgins,1531146.02653,0
27436,Morera,25/10/2011 09:12,Muy bajo (1 - 2 mts),18,Chico,-68.8345237525,-32.8915450562,3,Parque O'Higgins,1531146.02653,0
19684,Morera,12/07/2011 10:11,Alto (> 8 mts),122,Grande,-68.8356228554,-32.8714979902,4,Cuarta Oeste,1173332.70145,0
26747,Morera,11/01/2012 12:41,Alto (> 8 mts),110,Grande,-68.8344428102,-32.8950132129,3,Parque O'Higgins,1531146.02653,1
43220,Morera,04/10/2011 09:35,Alto (> 8 mts),140,Grande,-68.8346799799,-32.8787716145,1,Parque Central,1655357.93265,1
42391,Fresno americano,29/09/2011 11:26,Medio (4 - 8 mts),90,Grande,-68.8336185542,-32.8754782469,4,Cuarta Este Área Fundacional,1822015.85685,0
37946,Fresno americano,27/08/2010 08:58,Alto (> 8 mts),183,Grande,-68.8480974981,-32.8734585802,6,Residencial Norte,2694682.37982,0
28753,Morera,02/03/2011 11:38,Alto (> 8 mts),330,Grande,-68.8490234988,-32.8868618905,5,Residencial Sur,2423808.92355,0
46824,Platano,16/09/2011 08:27,Alto (> 8 mts),170,Grande,-68.8334571688,-32.8721615794,4,Cuarta Este Área Fundacional,1822015.85685,0
17971,Morera,01/08/2011 09:31,Medio (4 - 8 mts),160,Grande,-68.8399417921,-32.8673898021,4,Cuarta Oeste,1173332.70145,0
37840,Morera,24/11/2010 11:52,Alto (> 8 mts),180,Grande,-68.8530286302,-32.8726671589,6,Residencial Norte,2694682.37982,0
44730,Fresno europeo,26/08/2011 07:32,Medio (4 - 8 mts),120,Grande,-68.8241407694,-32.8681268147,4,Cuarta Este Área Fundacional,1822015.85685,0
39938,Morera,28/04/2011 12:25,Bajo (2 - 4 mts),34,Mediano,-68.8443935746,-32.8761048827,1,Parque Central,1655357.93265,0
17628,Morera,09/08/2011 11:22,Alto (> 8 mts),170,Grande,-68.8425462895,-32.8661050362,4,Cuarta Oeste,1173332.70145,0
26650,Conifera,14/11/2011 15:31,Alto (> 8 mts),100,Grande,-68.8317665706,-32.8931439528,3,Parque O'Higgins,1531146.02653,0
24747,Morera,14/02/2011 14:32,Medio (4 - 8 mts),98,Grande,-68.8347487023,-32.8972457541,2,Barrio Civico,2366816.36021,0
5608,Platano,05/05/2011 14:08,Medio (4 - 8 mts),44,Mediano,-68.8398766535,-32.8761087598,1,Parque Central,1655357.93265,0
39534,Morera,28/10/2010 10:49,Alto (> 8 mts),150,Grande,-68.8494090737,-32.8694745231,6,Residencial Norte,2694682.37982,0
40077,Fresno europeo,20/04/2011 09:26,Alto (> 8 mts),120,Grande,-68.8451049508,-32.8781739798,1,Parque Central,1655357.93265,0
34151,Morera,10/03/2011 13:42,Alto (> 8 mts),115,Grande,-68.856260335299993,-32.8728876815,6,Residencial Norte,2694682.37982,0
44842,Fresno europeo,23/08/2011 08:53,Medio (4 - 8 mts),98,Grande,-68.8242162973,-32.8671470576,4,Cuarta Este Área Fundacional,1822015.85685,0
6783,Morera,02/06/2011 13:15,Alto (> 8 mts),210,Grande,-68.8578900199,-32.8940703674,5,Residencial Sur,2423808.92355,1
1854,Acacia SP,17/11/2011 12:27,Muy bajo (1 - 2 mts),4,Chico,-68.8592857891,-32.8713319728,6,Residencial Norte,2694682.37982,0
18468,Paraiso,07/07/2011 11:43,Alto (> 8 mts),220,Grande,-68.8389360403,-32.8738982027,4,Cuarta Oeste,1173332.70145,0
32524,Acacia visco,23/06/2011 13:42,Alto (> 8 mts),160,Grande,-68.8506094537,-32.8900209798,5,Residencial Sur,2423808.92355,0
8932,Morera,24/01/2011 09:43,Muy bajo (1 - 2 mts),10,Chico,-68.8484789541,-32.8665251312,6,Residencial Norte,2694682.37982,0
39662,Acacia SP,22/10/2010 09:32,Alto (> 8 mts),160,Grande,-68.8470832889,-32.8686755351,6,Residencial Norte,2694682.37982,0
39320,Morera,30/12/2010 11:56,Alto (> 8 mts),60,Mediano,-68.8559850346,-32.8714639502,6,Residencial Norte,2694682.37982,0
42213,Morera,29/04/2011 14:18,Alto (> 8 mts),180,Grande,-68.8391909575,-32.8744213958,1,Parque Central,1655357.93265,0
33051,Fresno europeo,17/05/2011 12:08,Alto (> 8 mts),120,Grande,-68.853571451,-32.8873708769,5,Residencial Sur,2423808.92355,0
2686,Paraiso,12/10/2011 08:08,Medio (4 - 8 mts),120,Grande,-68.8310852924,-32.8836642132,3,Parque O'Higgins,1531146.02653,0
34751,Fresno americano,30/03/2011 12:42,Alto (> 8 mts),37,Mediano,-68.8502851402,-32.8784360609,6,Residencial Norte,2694682.37982,0
31869,Morera,29/06/2011 10:37,Alto (> 8 mts),120,Grande,-68.8602219816,-32.8893698006,5,Residencial Sur,2423808.92355,0
1783,Liquidambar,25/11/2011 09:42,Medio (4 - 8 mts),32,Mediano,-68.8699222526,-32.8784592189,7,Residencial Parque,1786336.08966,0
28781,Morera,19/04/2011 12:45,Alto (> 8 mts),70,Grande,-68.8480060401,-32.8867278821,1,Parque Central,1655357.93265,0
40104,Fresno europeo,14/04/2011 13:23,Bajo (2 - 4 mts),70,Grande,-68.8447302368,-32.8800514714,1,Parque Central,1655357.93265,0
22300,Platano,09/06/2011 11:03,Alto (> 8 mts),103,Grande,-68.8580752198,-32.8973893938,5,Residencial Sur,2423808.92355,0
24469,Olmo comun,20/01/2011 08:34,Alto (> 8 mts),117,Grande,-68.8465058458,-32.9032888061,2,Barrio Civico,2366816.36021,0
1214,Paraiso sombrilla,29/11/2011 12:27,Medio (4 - 8 mts),80,Grande,-68.8763272213,-32.86477337,8,Aeroparque,2203364.73622,0
34162,Morera,10/03/2011 12:28,Alto (> 8 mts),200,Grande,-68.8568330186,-32.8731152045,6,Residencial Norte,2694682.37982,0
7993,Fresno europeo,18/02/2011 13:10,Bajo (2 - 4 mts),40,Mediano,-68.8404332804,-32.8891352051,3,Parque O'Higgins,1531146.02653,0
39586,Platano,22/10/2010 11:49,Alto (> 8 mts),170,Grande,-68.847716169,-32.8694117293,6,Residencial Norte,2694682.37982,0
13414,Fresno europeo,07/01/2011 12:13,Medio (4 - 8 mts),27,Mediano,-68.8437959216,-32.8640492609,4,Cuarta Oeste,1173332.70145,0
43254,Morera,24/10/2011 08:57,Medio (4 - 8 mts),180,Grande,-68.8344892895,-32.8799175492,1,Parque Central,1655357.93265,1
34081,Fresno europeo,31/05/2011 13:10,Muy bajo (1 - 2 mts),4,Chico,-68.8562287995,-32.8839510627,5,Residencial Sur,2423808.92355,0
38905,Alamo criollo,26/10/2010 10:34,Alto (> 8 mts),170,Grande,-68.8486719058,-32.8697378598,6,Residencial Norte,2694682.37982,0
5074,Morera,10/08/2011 13:00,Alto (> 8 mts),150,Grande,-68.8392733548,-32.8637725315,4,Cuarta Oeste,1173332.70145,0
31776,Tilo,27/06/2011 11:17,Medio (4 - 8 mts),70,Grande,-68.8588910068,-32.8901615305,5,Residencial Sur,2423808.92355,0
14237,Liquidambar,07/12/2011 16:11,Muy bajo (1 - 2 mts),12,Chico,-68.8774112984,-32.8661894994,8,Aeroparque,2203364.73622,0
624,Acacia SP,07/03/2012 17:40,Bajo (2 - 4 mts),40,Mediano,-68.8188505311,-32.8685684161,4,Cuarta Este Área Fundacional,1822015.85685,0
27782,Platano,03/11/2011 10:27,Alto (> 8 mts),110,Grande,-68.8351517197,-32.8943303505,3,Parque O'Higgins,1531146.02653,0
11125,Fresno europeo,27/01/2011 12:23,Medio (4 - 8 mts),50,Mediano,-68.8435981378,-32.9018047327,2,Barrio Civico,2366816.36021,0
11457,Prunas,06/01/2011 15:17,Bajo (2 - 4 mts),40,Mediano,-68.8438033112,-32.8634016959,4,Cuarta Oeste,1173332.70145,0
26638,Fresno europeo,02/11/2011 09:57,Medio (4 - 8 mts),90,Grande,-68.8342602341,-32.8911109586,3,Parque O'Higgins,1531146.02653,0
3597,Morera,01/09/2011 10:25,Alto (> 8 mts),68,Grande,-68.8303109184,-32.8686922172,4,Cuarta Este Área Fundacional,1822015.85685,0
24731,Morera,17/02/2011 10:06,Alto (> 8 mts),132,Grande,-68.839849183,-32.8989849867,2,Barrio Civico,2366816.36021,0
35999,Morera,21/03/2011 11:34,Alto (> 8 mts),197,Grande,-68.8558628939,-32.8752569013,6,Residencial Norte,2694682.37982,0
1869,Acacia SP,16/11/2011 12:23,Medio (4 - 8 mts),60,Mediano,-68.8611354641,-32.8707551843,7,Residencial Parque,1786336.08966,0
26963,Fresno europeo,01/11/2011 16:16,Medio (4 - 8 mts),170,Grande,-68.8367208338,-32.8862688106,3,Parque O'Higgins,1531146.02653,0
28971,Platano,26/04/2011 09:52,Alto (> 8 mts),222,Grande,-68.8453311977,-32.8851107117,1,Parque Central,1655357.93265,0
13691,Acacia SP,18/02/2011 12:35,Alto (> 8 mts),155,Grande,-68.8531277448,-32.8650419865,6,Residencial Norte,2694682.37982,0
6055,Morera,14/04/2011 11:52,Alto (> 8 mts),100,Grande,-68.8453102066,-32.8822067923,1,Parque Central,1655357.93265,0
5276,Paraiso,29/04/2011 10:02,Bajo (2 - 4 mts),60,Mediano,-68.8442244577,-32.8759655905,1,Parque Central,1655357.93265,1
9849,Morera,07/01/2011 12:22,Medio (4 - 8 mts),51,Mediano,-68.8437930585,-32.8641393664,4,Cuarta Oeste,1173332.70145,0
39293,Morera,30/11/2010 09:47,Alto (> 8 mts),180,Grande,-68.8552600685,-32.8723752674,6,Residencial Norte,2694682.37982,0
43236,Morera,04/10/2011 08:52,Alto (> 8 mts),105,Grande,-68.8347605178,-32.8797984525,1,Parque Central,1655357.93265,1
21869,Morera,06/06/2011 12:31,Alto (> 8 mts),140,Grande,-68.8589243013,-32.895847264,5,Residencial Sur,2423808.92355,1
10102,Morera,08/06/2011 10:38,Medio (4 - 8 mts),70,Grande,-68.8459602259,-32.8691286141,6,Residencial Norte,2694682.37982,0
14035,Aguaribay,29/11/2011 16:05,Alto (> 8 mts),190,Grande,-68.8787143564,-32.8647651689,8,Aeroparque,2203364.73622,0
8853,Paraiso sombrilla,01/02/2011 12:32,Bajo (2 - 4 mts),30,Mediano,-68.8539137096,-32.8668096143,6,Residencial Norte,2694682.37982,0
10988,Morera,28/03/2011 10:04,Alto (> 8 mts),93,Grande,-68.8540919092,-32.8818442302,6,Residencial Norte,2694682.37982,0
43607,Acacia SP,13/10/2011 08:41,Alto (> 8 mts),120,Grande,-68.8337702235,-32.8825035382,3,Parque O'Higgins,1531146.02653,0
2931,Morera,21/09/2011 08:47,Alto (> 8 mts),74,Grande,-68.8292242603,-32.8739295452,4,Cuarta Este Área Fundacional,1822015.85685,1
43552,Fresno europeo,19/10/2011 16:25,Medio (4 - 8 mts),180,Grande,-68.829689294,-32.8817288807,3,Parque O'Higgins,1531146.02653,0
19842,Morera,21/07/2011 10:10,Alto (> 8 mts),162,Grande,-68.8346800053,-32.8636081057,4,Cuarta Oeste,1173332.70145,0
12995,Morera,15/02/2011 11:54,Alto (> 8 mts),216,Grande,-68.8445429935,-32.8650943598,4,Cuarta Oeste,1173332.70145,0
15308,Morera,17/11/2011 13:02,Alto (> 8 mts),125,Grande,-68.8592331575,-32.8701961328,6,Residencial Norte,2694682.37982,0
7337,Fresno europeo,21/06/2011 11:11,Medio (4 - 8 mts),120,Grande,-68.8601576842,-32.900497136,5,Residencial Sur,2423808.92355,0
46792,Morera,07/09/2011 11:03,Medio (4 - 8 mts),200,Grande,-68.832066686,-32.8720050799,4,Cuarta Este Área Fundacional,1822015.85685,0
46031,Fresno europeo,20/09/2011 09:16,Medio (4 - 8 mts),220,Grande,-68.8211124005,-32.8734986983,4,Cuarta Este Área Fundacional,1822015.85685,0
16080,Morera,21/07/2011 10:34,Alto (> 8 mts),155,Grande,-68.8446054599,-32.8725259438,6,Residencial Norte,2694682.37982,0
22824,Fresno americano,14/06/2011 12:08,Medio (4 - 8 mts),32,Mediano,-68.8579196739,-32.9021336169,5,Residencial Sur,2423808.92355,0
44173,Morera,26/09/2011 11:32,Alto (> 8 mts),116,Grande,-68.8349089892,-32.8765844175,4,Cuarta Este Área Fundacional,1822015.85685,0
1056,Aguaribay,15/12/2011 18:05,Muy bajo (1 - 2 mts),20,Chico,-68.8822589749,-32.8677777178,8,Aeroparque,2203364.73622,0
45848,Morera,26/08/2011 10:31,Medio (4 - 8 mts),195,Grande,-68.8214243283,-32.8687427091,4,Cuarta Este Área Fundacional,1822015.85685,0
45781,Morera,23/08/2011 11:59,Alto (> 8 mts),100,Grande,-68.8216389889,-32.8698612963,4,Cuarta Este Área Fundacional,1822015.85685,0
14537,Paraiso sombrilla,05/12/2011 13:04,Bajo (2 - 4 mts),44,Mediano,-68.8795274306,-32.8678132994,8,Aeroparque,2203364.73622,0
9556,Morera,07/02/2011 10:00,Medio (4 - 8 mts),64,Grande,-68.8543122814,-32.8639531037,6,Residencial Norte,2694682.37982,0
38240,Fresno europeo,18/01/2012 10:45,Medio (4 - 8 mts),125,Grande,-68.8470161588,-32.8729240565,6,Residencial Norte,2694682.37982,0
16427,Paraiso,12/08/2011 10:19,Medio (4 - 8 mts),65,Grande,-68.8420496007,-32.8645211237,4,Cuarta Oeste,1173332.70145,1
42982,Olmo bola,06/10/2011 17:49,Bajo (2 - 4 mts),36,Mediano,-68.8337170745,-32.8778623413,4,Cuarta Este Área Fundacional,1822015.85685,0
15094,Paraiso,18/11/2011 09:27,Bajo (2 - 4 mts),42,Mediano,-68.8593344813,-32.8697549754,6,Residencial Norte,2694682.37982,0
20385,Morera,24/05/2011 10:02,Alto (> 8 mts),148,Grande,-68.8621871558,-32.8942646503,5,Residencial Sur,2423808.92355,0
31043,Fresno europeo,09/02/2011 12:01,Medio (4 - 8 mts),98,Grande,-68.855600601,-32.864862289,6,Residencial Norte,2694682.37982,0
8196,Acacia SP,15/03/2011 11:54,Alto (> 8 mts),190,Grande,-68.8411603853,-32.8924524596,2,Barrio Civico,2366816.36021,1
43500,Fresno americano,14/11/2011 08:09,Medio (4 - 8 mts),33,Mediano,-68.828499962,-32.8841739074,3,Parque O'Higgins,1531146.02653,0
7852,Morera,03/06/2011 15:31,Medio (4 - 8 mts),130,Grande,-68.8588342088,-32.8841631376,5,Residencial Sur,2423808.92355,1
40979,Morera,14/04/2011 09:35,Alto (> 8 mts),185,Grande,-68.8389389804,-32.8809585548,1,Parque Central,1655357.93265,0
35288,Morera,24/06/2011 13:28,Medio (4 - 8 mts),140,Grande,-68.8517739382,-32.883831204,1,Parque Central,1655357.93265,0
42182,Morera,06/05/2011 10:38,Alto (> 8 mts),162,Grande,-68.840360934,-32.8740161674,1,Parque Central,1655357.93265,0
4996,Morera,30/06/2011 09:47,Alto (> 8 mts),149,Grande,-68.8338459962,-32.8634898706,4,Cuarta Oeste,1173332.70145,0
20484,Fresno europeo,02/06/2011 12:44,Medio (4 - 8 mts),90,Grande,-68.8595379747,-32.8977839779,5,Residencial Sur,2423808.92355,0
15914,Fresno americano,24/11/2011 12:27,Bajo (2 - 4 mts),18,Chico,-68.8732780395,-32.8775326145,7,Residencial Parque,1786336.08966,0
4231,Acer,04/07/2011 12:04,Medio (4 - 8 mts),62,Grande,-68.836090436,-32.8730710417,4,Cuarta Oeste,1173332.70145,0
4566,Prunas,08/08/2011 13:08,Medio (4 - 8 mts),50,Mediano,-68.8391937757,-32.8642144304,4,Cuarta Oeste,1173332.70145,0
39897,Morera,02/05/2011 12:07,Medio (4 - 8 mts),200,Grande,-68.8434197976,-32.8741579929,1,Parque Central,1655357.93265,0
30239,Platano,10/03/2011 08:35,Alto (> 8 mts),280,Grande,-68.8421762787,-32.8906949042,2,Barrio Civico,2366816.36021,0
2826,Conifera,04/11/2011 09:43,Bajo (2 - 4 mts),25,Mediano,-68.8309338546,-32.8921873404,3,Parque O'Higgins,1531146.02653,0
17764,Paraiso,21/07/2011 09:56,Medio (4 - 8 mts),69,Grande,-68.8425524372,-32.8666770792,4,Cuarta Oeste,1173332.70145,0
46879,Morera,08/09/2011 13:31,Medio (4 - 8 mts),90,Grande,-68.834024267,-32.8705928445,4,Cuarta Oeste,1173332.70145,1
17511,Fresno europeo,28/07/2011 10:48,Muy bajo (1 - 2 mts),5,Chico,-68.8395513881,-32.8664941896,4,Cuarta Oeste,1173332.70145,0
24012,Morera,13/01/2011 09:46,Alto (> 8 mts),200,Grande,-68.8450568273,-32.9006339372,2,Barrio Civico,2366816.36021,1
30087,Morera,26/04/2011 10:55,Alto (> 8 mts),170,Grande,-68.8424423609,-32.8872795957,3,Parque O'Higgins,1531146.02653,1
9440,Morera,11/02/2011 10:37,Medio (4 - 8 mts),74,Grande,-68.8565327082,-32.8647529027,6,Residencial Norte,2694682.37982,0
38014,Morera,07/12/2010 11:53,Alto (> 8 mts),130,Grande,-68.8479678636,-32.8709720534,6,Residencial Norte,2694682.37982,0
28155,Tipa,23/02/2011 16:26,Alto (> 8 mts),88,Grande,-68.8482598184,-32.8923219788,2,Barrio Civico,2366816.36021,0
11991,Paraiso,12/05/2010 11:30,Alto (> 8 mts),134,Grande,-68.8523674859,-32.8679264428,6,Residencial Norte,2694682.37982,0
32288,Acacia SP,28/06/2011 10:11,Alto (> 8 mts),120,Grande,-68.8508447877,-32.8908501858,5,Residencial Sur,2423808.92355,1
9048,Caducifolio,14/02/2011 13:32,Muy bajo (1 - 2 mts),25,Mediano,-68.8555748388,-32.8666323356,6,Residencial Norte,2694682.37982,0
19470,Morera,11/07/2011 12:33,Alto (> 8 mts),120,Grande,-68.8395257498,-32.8708814416,4,Cuarta Oeste,1173332.70145,0
33,Morera,01/03/2012 13:29,Medio (4 - 8 mts),130,Grande,-68.8554978524,-32.896116955,5,Residencial Sur,2423808.92355,0
44864,Morera,19/08/2011 12:59,Alto (> 8 mts),105,Grande,-68.8253516467,-32.8667601076,4,Cuarta Este Área Fundacional,1822015.85685,0
11490,Morera,18/02/2011 13:58,Medio (4 - 8 mts),62,Grande,-68.8539228987,-32.865217217,6,Residencial Norte,2694682.37982,0
28907,Morera,28/02/2011 13:36,Medio (4 - 8 mts),55,Mediano,-68.8468262202,-32.8880018517,2,Barrio Civico,2366816.36021,0
20452,Platano,17/05/2011 09:57,Alto (> 8 mts),200,Grande,-68.8610433034,-32.8926499007,5,Residencial Sur,2423808.92355,0
22343,Fresno europeo,17/06/2011 10:34,Alto (> 8 mts),110,Grande,-68.8583256033,-32.8989113202,5,Residencial Sur,2423808.92355,0
29791,Morera,09/03/2011 09:21,Alto (> 8 mts),200,Grande,-68.8435208376,-32.89139253,2,Barrio Civico,2366816.36021,0
10696,Paraiso sombrilla,29/03/2011 12:10,Medio (4 - 8 mts),160,Grande,-68.8495825804,-32.8751449437,6,Residencial Norte,2694682.37982,0
41380,Olmo comun,19/04/2011 10:04,Medio (4 - 8 mts),72,Grande,-68.8414103481,-32.8827750167,1,Parque Central,1655357.93265,0
28152,Morera,21/02/2011 19:46,Medio (4 - 8 mts),62,Grande,-68.8485887381,-32.8922577064,2,Barrio Civico,2366816.36021,1
45030,Paraiso,29/08/2011 09:23,Alto (> 8 mts),120,Grande,-68.8251963484,-32.870112685,4,Cuarta Este Área Fundacional,1822015.85685,0
7357,Fresno europeo,23/06/2011 09:22,Muy bajo (1 - 2 mts),6,Chico,-68.8617706767,-32.9015320313,5,Residencial Sur,2423808.92355,0
36134,Morera,04/04/2011 09:42,Alto (> 8 mts),95,Grande,-68.8518943883,-32.8779019787,6,Residencial Norte,2694682.37982,0
9567,Morera,10/02/2011 12:39,Medio (4 - 8 mts),180,Grande,-68.8551029893,-32.8645313748,6,Residencial Norte,2694682.37982,0
21076,Perenne,23/06/2011 10:17,Medio (4 - 8 mts),100,Grande,-68.8631027137,-32.9003524295,5,Residencial Sur,2423808.92355,0
9129,Morera,25/02/2011 11:59,Alto (> 8 mts),180,Grande,-68.8519809172,-32.8657066639,6,Residencial Norte,2694682.37982,0
19388,Catalpa,04/07/2011 10:45,Alto (> 8 mts),200,Grande,-68.8346882077,-32.8722746617,4,Cuarta Oeste,1173332.70145,1
8306,Morera,23/03/2011 19:10,Alto (> 8 mts),182,Grande,-68.8440857606,-32.8935699434,2,Barrio Civico,2366816.36021,0
7567,Fresno europeo,16/06/2011 12:48,Muy bajo (1 - 2 mts),4,Chico,-68.8570995739,-32.8832010228,5,Residencial Sur,2423808.92355,0
25131,Morera,11/02/2011 09:09,Alto (> 8 mts),140,Grande,-68.8369783268,-32.899547989,2,Barrio Civico,2366816.36021,0
10399,Morera,14/03/2011 13:09,Medio (4 - 8 mts),60,Mediano,-68.8579131581,-32.8730081886,6,Residencial Norte,2694682.37982,0
5560,Paraiso,12/04/2011 11:15,Medio (4 - 8 mts),80,Grande,-68.8399624488,-32.8798650358,1,Parque Central,1655357.93265,0
36576,Fresno europeo,09/06/2011 09:43,Medio (4 - 8 mts),60,Mediano,-68.8578925263,-32.8829798574,7,Residencial Parque,1786336.08966,0
31109,Fresno europeo,08/02/2011 12:38,Medio (4 - 8 mts),94,Grande,-68.8548402684,-32.8645588903,6,Residencial Norte,2694682.37982,0
29335,Morera,25/04/2011 09:25,Alto (> 8 mts),190,Grande,-68.843627975,-32.8868622045,1,Parque Central,1655357.93265,0
34222,Morera,23/03/2011 10:36,Muy bajo (1 - 2 mts),6,Chico,-68.8523597149,-32.8753233027,6,Residencial Norte,2694682.37982,0
1413,Paraiso,23/11/2011 08:32,Alto (> 8 mts),155,Grande,-68.8714825956,-32.8792513746,7,Residencial Parque,1786336.08966,0
12203,Paraiso,18/01/2011 13:18,Alto (> 8 mts),150,Grande,-68.8466646138,-32.8677285092,6,Residencial Norte,2694682.37982,0
19,Fresno americano,02/03/2012 12:56,Bajo (2 - 4 mts),34,Mediano,-68.8565423331,-32.8958979197,5,Residencial Sur,2423808.92355,0
35795,Morera,21/03/2011 12:05,Alto (> 8 mts),200,Grande,-68.8538795902,-32.8750180607,6,Residencial Norte,2694682.37982,0
7584,Olmo bola,24/06/2011 08:55,Bajo (2 - 4 mts),30,Mediano,-68.8525374174,-32.883467655,1,Parque Central,1655357.93265,0
5924,Morera,02/05/2011 11:40,Alto (> 8 mts),175,Grande,-68.8451508096,-32.8767029644,1,Parque Central,1655357.93265,0
15436,Perenne,18/11/2011 14:17,Bajo (2 - 4 mts),120,Grande,-68.8594380981,-32.8714633,6,Residencial Norte,2694682.37982,0
26870,Fresno americano,31/10/2011 14:48,Medio (4 - 8 mts),170,Grande,-68.8374916038,-32.8859565667,3,Parque O'Higgins,1531146.02653,0
19637,Olmo comun,13/07/2011 10:31,Medio (4 - 8 mts),111,Grande,-68.8342551028,-32.8699965897,4,Cuarta Oeste,1173332.70145,0
23189,Fresno americano,18/01/2011 13:09,Medio (4 - 8 mts),35,Mediano,-68.8481135124,-32.9009373589,2,Barrio Civico,2366816.36021,0
1600,Caducifolio,24/11/2011 10:27,Muy bajo (1 - 2 mts),40,Mediano,-68.8718449813,-32.8796894861,7,Residencial Parque,1786336.08966,0
29137,Morera,10/03/2011 13:24,Alto (> 8 mts),76,Grande,-68.8461687107,-32.8883153293,2,Barrio Civico,2366816.36021,0
37088,Platano,06/04/2011 09:23,Medio (4 - 8 mts),180,Grande,-68.8578662686,-32.8765843293,7,Residencial Parque,1786336.08966,0
47800,Olmo bola,22/09/2011 10:59,Alto (> 8 mts),145,Grande,-68.827277467,-32.8742306113,4,Cuarta Este Área Fundacional,1822015.85685,0
17052,Paraiso,16/08/2011 10:02,Alto (> 8 mts),165,Grande,-68.8374428096,-32.8643858295,4,Cuarta Oeste,1173332.70145,0
13815,Paraiso sombrilla,26/01/2011 09:17,Alto (> 8 mts),170,Grande,-68.8497394899,-32.8629704033,6,Residencial Norte,2694682.37982,0
22864,Platano,10/05/2011 10:25,Alto (> 8 mts),170,Grande,-68.8564686339,-32.9016043979,5,Residencial Sur,2423808.92355,0
12503,Paraiso,26/01/2011 09:35,Alto (> 8 mts),180,Grande,-68.8483614364,-32.867873855,6,Residencial Norte,2694682.37982,0
14697,Acer,06/12/2011 08:21,Bajo (2 - 4 mts),25,Mediano,-68.8767379954,-32.8689721359,8,Aeroparque,2203364.73622,0
13014,Morera,15/02/2011 09:36,Bajo (2 - 4 mts),24,Mediano,-68.8439033153,-32.8652522004,4,Cuarta Oeste,1173332.70145,0
46189,Morera,28/09/2011 09:45,Medio (4 - 8 mts),145,Grande,-68.8248675885,-32.8754822373,4,Cuarta Este Área Fundacional,1822015.85685,0
25028,Acer,15/02/2011 08:49,Medio (4 - 8 mts),86,Grande,-68.8357835815,-32.8969375654,2,Barrio Civico,2366816.36021,0
40106,Fresno europeo,14/04/2011 13:14,Medio (4 - 8 mts),130,Grande,-68.8446507055,-32.8797605767,1,Parque Central,1655357.93265,1
8722,Morera,11/02/2011 09:04,Bajo (2 - 4 mts),30,Mediano,-68.8375372187,-32.8999990971,2,Barrio Civico,2366816.36021,0
7305,Jacaranda,10/05/2011 10:17,Bajo (2 - 4 mts),22,Mediano,-68.856382624,-32.9016039087,5,Residencial Sur,2423808.92355,0
33946,Fresno europeo,24/05/2011 11:31,Bajo (2 - 4 mts),60,Mediano,-68.8528678073,-32.884639744,5,Residencial Sur,2423808.92355,0
15875,Acacia SP,28/11/2011 20:53,Medio (4 - 8 mts),50,Mediano,-68.8723414679,-32.8768895046,7,Residencial Parque,1786336.08966,1
22329,Morera,09/06/2011 09:05,Alto (> 8 mts),160,Grande,-68.8568966394,-32.8973573687,5,Residencial Sur,2423808.92355,0
23488,Morera,24/01/2011 16:32,Alto (> 8 mts),120,Grande,-68.8491485741,-32.9032830958,2,Barrio Civico,2366816.36021,0
15664,Acacia SP,15/11/2011 11:40,Medio (4 - 8 mts),78,Grande,-68.8617374459,-32.8706864179,7,Residencial Parque,1786336.08966,0
45570,Fresno europeo,05/09/2011 13:31,Alto (> 8 mts),160,Grande,-68.8216187086,-32.8711966427,4,Cuarta Este Área Fundacional,1822015.85685,0
13445,Morera,02/02/2011 10:04,Alto (> 8 mts),140,Grande,-68.8522760657,-32.8648088143,6,Residencial Norte,2694682.37982,0
8100,Platano,28/02/2011 10:10,Alto (> 8 mts),190,Grande,-68.8459425108,-32.8896982811,2,Barrio Civico,2366816.36021,0
47526,Morera,29/08/2011 12:57,Alto (> 8 mts),96,Grande,-68.8259004934,-32.870759526,4,Cuarta Este Área Fundacional,1822015.85685,0
33920,Olmo bola,24/05/2011 10:29,Medio (4 - 8 mts),140,Grande,-68.8515123681,-32.8846712342,5,Residencial Sur,2423808.92355,0
8467,Morera,14/02/2011 18:28,Medio (4 - 8 mts),56,Mediano,-68.835810192,-32.8970602293,2,Barrio Civico,2366816.36021,0
40395,Fresno europeo,08/04/2011 12:25,Medio (4 - 8 mts),67,Grande,-68.8450557053,-32.881788265,1,Parque Central,1655357.93265,0
32071,Morera,08/06/2011 09:44,Alto (> 8 mts),125,Grande,-68.8598472256,-32.8869655603,5,Residencial Sur,2423808.92355,0
1926,Paraiso,18/11/2011 12:31,Alto (> 8 mts),100,Grande,-68.8594268362,-32.8713670756,6,Residencial Norte,2694682.37982,0
43314,Fresno europeo,05/10/2011 13:44,Medio (4 - 8 mts),80,Grande,-68.8334212501,-32.8788576675,1,Parque Central,1655357.93265,0
4979,Morera,15/07/2011 08:36,Alto (> 8 mts),82,Grande,-68.8443086534,-32.8686636665,4,Cuarta Oeste,1173332.70145,0
4494,Paraiso sombrilla,29/07/2011 10:41,Medio (4 - 8 mts),66,Grande,-68.8389330259,-32.8673589481,4,Cuarta Oeste,1173332.70145,0
34024,Morera,27/05/2011 13:04,Medio (4 - 8 mts),120,Grande,-68.8549156816,-32.8838569425,5,Residencial Sur,2423808.92355,0
34549,Morera,30/03/2011 10:05,Alto (> 8 mts),160,Grande,-68.8488981582,-32.876257201,6,Residencial Norte,2694682.37982,0
32929,Morera,19/05/2011 09:48,Alto (> 8 mts),140,Grande,-68.8508039039,-32.8873175277,5,Residencial Sur,2423808.92355,0
8386,Morera,07/02/2011 15:30,Medio (4 - 8 mts),72,Grande,-68.839475126,-32.9024787583,2,Barrio Civico,2366816.36021,0
12528,Perenne,10/01/2011 09:33,Muy bajo (1 - 2 mts),8,Chico,-68.8439883953,-32.8628773151,4,Cuarta Oeste,1173332.70145,0
14969,Acacia SP,21/12/2011 16:43,Bajo (2 - 4 mts),70,Grande,-68.880748065,-32.8718458959,8,Aeroparque,2203364.73622,0
21761,Platano,23/05/2011 09:21,Alto (> 8 mts),140,Grande,-68.8570642154,-32.8950697876,5,Residencial Sur,2423808.92355,0
32086,Fresno europeo,07/06/2011 13:37,Bajo (2 - 4 mts),30,Mediano,-68.8590640399,-32.8875359923,5,Residencial Sur,2423808.92355,0
4756,Morera,03/08/2011 09:20,Alto (> 8 mts),98,Grande,-68.8347208387,-32.8659146125,4,Cuarta Oeste,1173332.70145,0
48146,Fresno europeo,17/08/2011 10:39,Medio (4 - 8 mts),50,Mediano,-68.8302611948,-32.8679726887,4,Cuarta Este Área Fundacional,1822015.85685,0
12056,Aguaribay,04/02/2010 14:02,Alto (> 8 mts),280,Grande,-68.8526717939,-32.8673985346,6,Residencial Norte,2694682.37982,0
3557,Morera,07/09/2011 08:52,Alto (> 8 mts),170,Grande,-68.8325433501,-32.8695467009,4,Cuarta Este Área Fundacional,1822015.85685,0
38792,Fresno americano,14/12/2010 09:42,Medio (4 - 8 mts),45,Mediano,-68.8498105007,-32.8705739152,6,Residencial Norte,2694682.37982,0
47282,Morera,20/09/2011 11:10,Alto (> 8 mts),200,Grande,-68.8306677086,-32.8733407666,4,Cuarta Este Área Fundacional,1822015.85685,0
2504,Fresno europeo,20/10/2011 12:40,Muy bajo (1 - 2 mts),5,Chico,-68.8362563196,-32.8875606821,3,Parque O'Higgins,1531146.02653,0
46256,Fresno europeo,19/09/2011 13:09,Medio (4 - 8 mts),160,Grande,-68.8224223381,-32.8735387966,4,Cuarta Este Área Fundacional,1822015.85685,0
43212,Morera,04/10/2011 09:54,Muy bajo (1 - 2 mts),3,Chico,-68.833778365,-32.8790584681,1,Parque Central,1655357.93265,0
21689,Morera,10/06/2011 08:22,Alto (> 8 mts),160,Grande,-68.8567415029,-32.895173441,5,Residencial Sur,2423808.92355,1
40415,Platano,12/04/2011 10:10,Alto (> 8 mts),250,Grande,-68.8442223559,-32.8831504088,1,Parque Central,1655357.93265,0
19921,Fresno europeo,28/06/2011 13:09,Medio (4 - 8 mts),48,Mediano,-68.8335824648,-32.8635605712,4,Cuarta Oeste,1173332.70145,0
40901,Platano,26/04/2011 16:05,Bajo (2 - 4 mts),22,Mediano,-68.8381044803,-32.8841408126,3,Parque O'Higgins,1531146.02653,0
11965,Fresno europeo,14/05/2010 10:11,Medio (4 - 8 mts),97,Grande,-68.8516087935,-32.868553756,6,Residencial Norte,2694682.37982,0
40712,Platano,19/04/2011 09:11,Alto (> 8 mts),180,Grande,-68.8419111076,-32.8834404686,1,Parque Central,1655357.93265,0
17516,Morera,28/07/2011 10:39,Alto (> 8 mts),168,Grande,-68.8395719796,-32.866747953,4,Cuarta Oeste,1173332.70145,0
12977,Morera,15/02/2011 08:34,Alto (> 8 mts),210,Grande,-68.84393313,-32.8643840819,4,Cuarta Oeste,1173332.70145,0
8726,Prunas,14/02/2011 12:42,Bajo (2 - 4 mts),23,Mediano,-68.8368211281,-32.9005853135,2,Barrio Civico,2366816.36021,0
19093,Platano,27/07/2011 09:41,Alto (> 8 mts),340,Grande,-68.8422093883,-32.8707022624,4,Cuarta Oeste,1173332.70145,0
27722,Fresno europeo,01/11/2011 11:09,Muy bajo (1 - 2 mts),4,Chico,-68.837598485,-32.8951472126,2,Barrio Civico,2366816.36021,0
18835,Morera,09/08/2011 11:13,Medio (4 - 8 mts),130,Grande,-68.8363841904,-32.8691139286,4,Cuarta Oeste,1173332.70145,0
25030,Fresno europeo,15/02/2011 08:44,Alto (> 8 mts),150,Grande,-68.8359296219,-32.8969102736,2,Barrio Civico,2366816.36021,0
40534,Morera,12/04/2011 09:47,Alto (> 8 mts),175,Grande,-68.8430020628,-32.883517585,1,Parque Central,1655357.93265,1
4495,Prunas,29/07/2011 10:32,Bajo (2 - 4 mts),30,Mediano,-68.8393366069,-32.8672882088,4,Cuarta Oeste,1173332.70145,0
36582,Paraiso sombrilla,09/06/2011 09:26,Medio (4 - 8 mts),100,Grande,-68.8574917346,-32.8830178135,5,Residencial Sur,2423808.92355,0
34541,Morera,30/03/2011 10:39,Medio (4 - 8 mts),60,Mediano,-68.8492146917,-32.8758650199,6,Residencial Norte,2694682.37982,0
5625,Platano,05/05/2011 13:08,Medio (4 - 8 mts),65,Grande,-68.8393598072,-32.8768097607,1,Parque Central,1655357.93265,0
10765,Fresno europeo,04/04/2011 12:20,Medio (4 - 8 mts),72,Grande,-68.8529479707,-32.8767208824,6,Residencial Norte,2694682.37982,0
47756,Morera,16/09/2011 09:22,Alto (> 8 mts),143,Grande,-68.8260923368,-32.8726341321,4,Cuarta Este Área Fundacional,1822015.85685,0
20179,Morera,12/05/2011 11:40,Alto (> 8 mts),132,Grande,-68.8603431636,-32.8923639473,5,Residencial Sur,2423808.92355,0
28385,Morera,14/03/2011 13:40,Alto (> 8 mts),180,Grande,-68.8484552954,-32.887882593,5,Residencial Sur,2423808.92355,0
37827,Fresno europeo,10/12/2010 10:11,Alto (> 8 mts),135,Grande,-68.8489067337,-32.8724617114,6,Residencial Norte,2694682.37982,0
11345,Acer,19/01/2011 19:09,Alto (> 8 mts),90,Grande,-68.8485938164,-32.9026389821,2,Barrio Civico,2366816.36021,0
10790,Paraiso,01/04/2011 11:59,Alto (> 8 mts),106,Grande,-68.8500338288,-32.8772616613,6,Residencial Norte,2694682.37982,0
23115,Fresno americano,17/01/2011 16:19,Alto (> 8 mts),104,Grande,-68.8478471044,-32.90202817,2,Barrio Civico,2366816.36021,0
3187,Morera,20/09/2011 10:29,Medio (4 - 8 mts),86,Grande,-68.8301599167,-32.8753389181,4,Cuarta Este Área Fundacional,1822015.85685,0
12013,Morera,07/04/2010 12:01,Medio (4 - 8 mts),143,Grande,-68.8526944265,-32.8670686022,6,Residencial Norte,2694682.37982,0
6475,Morera,30/05/2011 10:57,Alto (> 8 mts),172,Grande,-68.8548811523,-32.8878925608,5,Residencial Sur,2423808.92355,0
20634,Morera,06/06/2011 10:56,Alto (> 8 mts),128,Grande,-68.8593139165,-32.8961146062,5,Residencial Sur,2423808.92355,1
19888,Morera,29/06/2011 09:56,Medio (4 - 8 mts),80,Grande,-68.8349358859,-32.8631067385,4,Cuarta Oeste,1173332.70145,0
38659,Paraiso,16/12/2010 11:18,Alto (> 8 mts),250,Grande,-68.8516607407,-32.8704536908,6,Residencial Norte,2694682.37982,0
6864,Morera,07/06/2011 10:42,Alto (> 8 mts),138,Grande,-68.8578164027,-32.895148098600004,5,Residencial Sur,2423808.92355,0
10371,Morera,25/08/2010 09:40,Medio (4 - 8 mts),221,Grande,-68.8474040112,-32.8738810634,6,Residencial Norte,2694682.37982,0
26238,Ailanthus,19/10/2011 09:41,Medio (4 - 8 mts),86,Grande,-68.8308806878,-32.8887690436,3,Parque O'Higgins,1531146.02653,0
11693,Fresno europeo,31/01/2011 09:29,Alto (> 8 mts),160,Grande,-68.8508255287,-32.8678566772,6,Residencial Norte,2694682.37982,0
47190,Fresno europeo,20/09/2011 10:49,Alto (> 8 mts),136,Grande,-68.8343631389,-32.875104558,4,Cuarta Este Área Fundacional,1822015.85685,0
21518,Fresno europeo,12/05/2011 10:46,Alto (> 8 mts),85,Grande,-68.8540334167,-32.8936806876,5,Residencial Sur,2423808.92355,0
22452,Paraiso,24/06/2011 10:43,Medio (4 - 8 mts),95,Grande,-68.8610921566,-32.8983953471,5,Residencial Sur,2423808.92355,0
34460,Morera,11/03/2011 10:09,Alto (> 8 mts),160,Grande,-68.8501496533,-32.8743555917,6,Residencial Norte,2694682.37982,0
31706,Platano,18/05/2011 10:23,Alto (> 8 mts),240,Grande,-68.8616879879,-32.8899621289,5,Residencial Sur,2423808.92355,0
34156,Morera,10/03/2011 13:30,Medio (4 - 8 mts),45,Mediano,-68.8566438505,-32.8727410552,6,Residencial Norte,2694682.37982,0
2126,Fresno europeo,10/11/2011 17:01,Muy bajo (1 - 2 mts),4,Chico,-68.8309577912,-32.887686696,3,Parque O'Higgins,1531146.02653,0
1282,Morera,02/12/2011 09:54,Medio (4 - 8 mts),68,Grande,-68.8787820599,-32.8677963155,8,Aeroparque,2203364.73622,0
3926,Fresno europeo,31/08/2011 12:18,Alto (> 8 mts),118,Grande,-68.8223168074,-32.8711862587,4,Cuarta Este Área Fundacional,1822015.85685,1
8794,Morera,03/02/2011 13:02,Alto (> 8 mts),150,Grande,-68.8554836947,-32.8682232856,6,Residencial Norte,2694682.37982,0
20704,Acacia SP,31/05/2011 11:36,Alto (> 8 mts),130,Grande,-68.8620753564,-32.8977852696,5,Residencial Sur,2423808.92355,0
20383,Acacia SP,24/05/2011 10:04,Muy bajo (1 - 2 mts),8,Chico,-68.8620239123,-32.89429098,5,Residencial Sur,2423808.92355,0
33021,Acacia SP,19/05/2011 10:55,Alto (> 8 mts),140,Grande,-68.8511717893,-32.8879290039,5,Residencial Sur,2423808.92355,0
40968,Morera,14/04/2011 15:36,Alto (> 8 mts),168,Grande,-68.8419335513,-32.88536561,1,Parque Central,1655357.93265,0
31034,Fresno europeo,16/02/2011 11:12,Medio (4 - 8 mts),70,Grande,-68.8557655017,-32.8651000759,6,Residencial Norte,2694682.37982,0
39977,Morera,25/04/2011 10:14,Medio (4 - 8 mts),180,Grande,-68.8453571763,-32.8779668123,1,Parque Central,1655357.93265,0
26071,Fresno americano,04/11/2011 17:50,Bajo (2 - 4 mts),50,Mediano,-68.8339815262,-32.8860972804,3,Parque O'Higgins,1531146.02653,0
24313,Tilo,27/01/2011 12:55,Alto (> 8 mts),107,Grande,-68.8441249005,-32.9012818081,2,Barrio Civico,2366816.36021,0
11376,Morera,27/01/2011 15:03,Medio (4 - 8 mts),98,Grande,-68.850171776,-32.9028188801,2,Barrio Civico,2366816.36021,1
4150,Morera,04/10/2011 10:37,Bajo (2 - 4 mts),36,Mediano,-68.8272832928,-32.8783936647,4,Cuarta Este Área Fundacional,1822015.85685,0
33459,Fresno europeo,15/06/2011 10:55,Medio (4 - 8 mts),85,Grande,-68.857433691,-32.8891012851,5,Residencial Sur,2423808.92355,0
41555,Morera,06/05/2011 12:51,Medio (4 - 8 mts),130,Grande,-68.8404492378,-32.8797187692,1,Parque Central,1655357.93265,0
30972,Fresno europeo,10/02/2011 13:07,Alto (> 8 mts),120,Grande,-68.8555473922,-32.8635349444,6,Residencial Norte,2694682.37982,0
38615,Morera,08/06/2011 10:45,Medio (4 - 8 mts),60,Mediano,-68.8525290354,-32.8715025062,6,Residencial Norte,2694682.37982,0
12881,Caducifolio,19/01/2011 08:23,Bajo (2 - 4 mts),32,Mediano,-68.8462500205,-32.863934929,4,Cuarta Oeste,1173332.70145,0
47854,Fresno europeo,21/09/2011 09:10,Alto (> 8 mts),168,Grande,-68.8291570212,-32.87311915,4,Cuarta Este Área Fundacional,1822015.85685,1
29887,Fresno europeo,11/03/2011 12:15,Muy bajo (1 - 2 mts),12,Chico,-68.8411337063,-32.8915438456,2,Barrio Civico,2366816.36021,0
4446,Paraiso sombrilla,01/08/2011 10:45,Alto (> 8 mts),140,Grande,-68.8362828749,-32.8680942772,4,Cuarta Oeste,1173332.70145,0
16404,Platano,02/08/2011 10:33,Alto (> 8 mts),150,Grande,-68.8357473918,-32.866556249,4,Cuarta Oeste,1173332.70145,1
42386,Morera,29/09/2011 11:38,Alto (> 8 mts),160,Grande,-68.8336516793,-32.876087632,4,Cuarta Este Área Fundacional,1822015.85685,0
38533,Paraiso,22/12/2010 12:58,Medio (4 - 8 mts),150,Grande,-68.8531640372,-32.870836608,6,Residencial Norte,2694682.37982,0
27229,Morera,26/10/2011 09:02,Medio (4 - 8 mts),145,Grande,-68.8370249039,-32.8908644982,3,Parque O'Higgins,1531146.02653,0
11136,Prunas,28/01/2011 10:28,Medio (4 - 8 mts),50,Mediano,-68.8438391741,-32.9028895846,2,Barrio Civico,2366816.36021,0
6746,Caducifolio,16/05/2011 09:23,Bajo (2 - 4 mts),31,Mediano,-68.8585470807,-32.8938202403,5,Residencial Sur,2423808.92355,0
24210,Fresno europeo,26/01/2011 09:49,Bajo (2 - 4 mts),70,Grande,-68.8454510966,-32.9018066536,2,Barrio Civico,2366816.36021,0
13307,Paraiso,25/02/2011 09:21,Alto (> 8 mts),130,Grande,-68.8476863708,-32.8655681862,6,Residencial Norte,2694682.37982,0
39703,Morera,09/08/2010 11:07,Medio (4 - 8 mts),120,Grande,-68.8451861474,-32.8701907536,6,Residencial Norte,2694682.37982,1
37580,Paraiso,02/12/2010 09:25,Alto (> 8 mts),160,Grande,-68.85774385,-32.8698909728,6,Residencial Norte,2694682.37982,0
41136,Platano,27/04/2011 08:50,Alto (> 8 mts),164,Grande,-68.839411682,-32.8837152761,1,Parque Central,1655357.93265,0
12390,Morera,21/01/2011 10:15,Alto (> 8 mts),180,Grande,-68.8479865421,-32.8663217129,6,Residencial Norte,2694682.37982,0
831,Aguaribay,15/12/2011 08:12,Medio (4 - 8 mts),110,Grande,-68.8817256858,-32.8671629744,8,Aeroparque,2203364.73622,0
33752,Morera,12/05/2011 11:30,Alto (> 8 mts),170,Grande,-68.8575135294,-32.8860931509,5,Residencial Sur,2423808.92355,0
18032,Morera,29/07/2011 13:18,Alto (> 8 mts),200,Grande,-68.8401828659,-32.8671944426,4,Cuarta Oeste,1173332.70145,0
31485,Eucalyptus,19/05/2011 11:05,Alto (> 8 mts),160,Grande,-68.8588861838,-32.8912010277,5,Residencial Sur,2423808.92355,0
36209,Morera,30/03/2011 12:50,Alto (> 8 mts),80,Grande,-68.8545587724,-32.87756244,6,Residencial Norte,2694682.37982,1
18253,Fresno europeo,28/07/2011 13:53,Medio (4 - 8 mts),60,Mediano,-68.8395172942,-32.8680470392,4,Cuarta Oeste,1173332.70145,0
26947,Fresno europeo,01/11/2011 16:57,Alto (> 8 mts),100,Grande,-68.8365303689,-32.8874468026,3,Parque O'Higgins,1531146.02653,0
29819,Platano,04/03/2011 12:40,Alto (> 8 mts),165,Grande,-68.8424737996,-32.8918692021,2,Barrio Civico,2366816.36021,0
35376,Fresno europeo,21/06/2011 14:55,Bajo (2 - 4 mts),60,Mediano,-68.8544778046,-32.8822522323,5,Residencial Sur,2423808.92355,1
38016,Morera,07/12/2010 12:10,Alto (> 8 mts),210,Grande,-68.84800582,-32.8711110542,6,Residencial Norte,2694682.37982,0
45930,Morera,25/08/2011 13:15,Medio (4 - 8 mts),87,Grande,-68.8193227371,-32.8695132404,4,Cuarta Este Área Fundacional,1822015.85685,0
33642,Fresno americano,11/05/2011 13:54,Bajo (2 - 4 mts),30,Mediano,-68.8563411736,-32.8864059106,5,Residencial Sur,2423808.92355,0
42712,Fresno europeo,30/09/2011 11:55,Alto (> 8 mts),110,Grande,-68.8284341823,-32.8778465658,4,Cuarta Este Área Fundacional,1822015.85685,1
37567,Morera,16/11/2010 10:48,Bajo (2 - 4 mts),20,Chico,-68.8570418307,-32.8699054111,6,Residencial Norte,2694682.37982,0
43287,Morera,07/10/2011 11:53,Alto (> 8 mts),140,Grande,-68.8326095246,-32.8799531253,3,Parque O'Higgins,1531146.02653,1
31735,Morera,18/05/2011 09:25,Alto (> 8 mts),74,Grande,-68.860373171,-32.8910271888,5,Residencial Sur,2423808.92355,1
42117,Acer,04/05/2011 10:33,Medio (4 - 8 mts),62,Grande,-68.8423544618,-32.8775310653,1,Parque Central,1655357.93265,0
6638,Morera,12/05/2011 10:14,Alto (> 8 mts),200,Grande,-68.856928377,-32.8927443312,5,Residencial Sur,2423808.92355,0
13128,Morera,17/02/2011 12:28,Alto (> 8 mts),160,Grande,-68.8455469651,-32.8650195228,4,Cuarta Oeste,1173332.70145,0
14087,Morera,02/12/2011 09:34,Medio (4 - 8 mts),50,Mediano,-68.8763741984,-32.8688173291,8,Aeroparque,2203364.73622,1
24517,Morera,10/01/2011 10:12,Alto (> 8 mts),140,Grande,-68.8467485747,-32.903523104,2,Barrio Civico,2366816.36021,0
16566,Morera,27/07/2011 09:21,Medio (4 - 8 mts),148,Grande,-68.8412265587,-32.8661003926,4,Cuarta Oeste,1173332.70145,0
43885,Platano,11/10/2011 09:46,Alto (> 8 mts),310,Grande,-68.8336406165,-32.8837261274,3,Parque O'Higgins,1531146.02653,0
8744,Caducifolio,14/02/2011 08:42,Bajo (2 - 4 mts),29,Mediano,-68.8363618024,-32.9004604405,2,Barrio Civico,2366816.36021,0
21679,Platano,10/06/2011 08:40,Alto (> 8 mts),195,Grande,-68.8557901379,-32.8951075961,5,Residencial Sur,2423808.92355,0
28638,Morera,23/02/2011 11:36,Alto (> 8 mts),87,Grande,-68.8474689718,-32.8904315341,2,Barrio Civico,2366816.36021,0
12457,Paraiso sombrilla,24/01/2011 14:12,Alto (> 8 mts),87,Grande,-68.8489333419,-32.8672934109,6,Residencial Norte,2694682.37982,0
2276,Conifera,03/11/2011 11:13,Bajo (2 - 4 mts),30,Mediano,-68.8379413612,-32.8932553835,2,Barrio Civico,2366816.36021,0
34021,Morera,27/05/2011 13:08,Bajo (2 - 4 mts),12,Chico,-68.8552566102,-32.8838398447,5,Residencial Sur,2423808.92355,0
18682,Morera,05/07/2011 09:27,Alto (> 8 mts),92,Grande,-68.8362676968,-32.8737808545,4,Cuarta Oeste,1173332.70145,0
8458,Fresno europeo,09/02/2011 15:19,Muy bajo (1 - 2 mts),16,Chico,-68.835375524,-32.8980910175,2,Barrio Civico,2366816.36021,0
32506,Morera,27/05/2011 10:04,Alto (> 8 mts),183,Grande,-68.8531314299,-32.8882130994,5,Residencial Sur,2423808.92355,1
26777,Morera,01/11/2011 10:14,Medio (4 - 8 mts),150,Grande,-68.8330592368,-32.8946287654,3,Parque O'Higgins,1531146.02653,0
44259,Platano,13/10/2011 11:07,Alto (> 8 mts),295,Grande,-68.8344817206,-32.8847209082,3,Parque O'Higgins,1531146.02653,0
10666,Morera,23/03/2011 09:26,Bajo (2 - 4 mts),56,Mediano,-68.8529383213,-32.8750254146,6,Residencial Norte,2694682.37982,0
45572,Fresno europeo,05/09/2011 13:18,Alto (> 8 mts),85,Grande,-68.8217747365,-32.8709045694,4,Cuarta Este Área Fundacional,1822015.85685,0
7386,Ligustro,22/06/2011 11:38,Bajo (2 - 4 mts),55,Mediano,-68.8645336705,-32.901462554,5,Residencial Sur,2423808.92355,0
19423,Fresno europeo,01/07/2011 12:59,Medio (4 - 8 mts),72,Grande,-68.8357481631,-32.8717015887,4,Cuarta Oeste,1173332.70145,0
7414,Caducifolio,17/06/2011 18:21,Muy bajo (1 - 2 mts),4,Chico,-68.8582751838,-32.9000155129,5,Residencial Sur,2423808.92355,0
30983,Fresno europeo,11/02/2011 09:45,Medio (4 - 8 mts),100,Grande,-68.8558952673,-32.8636932091,6,Residencial Norte,2694682.37982,0
21954,Morera,02/06/2011 13:04,Bajo (2 - 4 mts),20,Chico,-68.8573024992,-32.8942056112,5,Residencial Sur,2423808.92355,0
17935,Morera,03/08/2011 13:12,Alto (> 8 mts),183,Grande,-68.8377250853,-32.8662637954,4,Cuarta Oeste,1173332.70145,0
45116,Paraiso sombrilla,31/08/2011 15:51,Alto (> 8 mts),160,Grande,-68.8257565021,-32.8706287476,4,Cuarta Este Área Fundacional,1822015.85685,0
13574,Paraiso,01/03/2011 11:28,Alto (> 8 mts),160,Grande,-68.8512607443,-32.8652524879,6,Residencial Norte,2694682.37982,0
19969,Morera,05/08/2011 09:04,Medio (4 - 8 mts),111,Grande,-68.833219019,-32.8646156124,4,Cuarta Oeste,1173332.70145,1
33313,Paraiso,24/06/2011 10:09,Medio (4 - 8 mts),40,Mediano,-68.8577102152,-32.8905696246,5,Residencial Sur,2423808.92355,0
28011,Morera,04/11/2011 08:58,Alto (> 8 mts),100,Grande,-68.835714479200007,-32.8941510208,3,Parque O'Higgins,1531146.02653,0
2841,Morera,09/11/2011 11:32,Alto (> 8 mts),155,Grande,-68.8330174565,-32.8930372993,3,Parque O'Higgins,1531146.02653,1
30805,Fresno europeo,14/02/2011 11:31,Medio (4 - 8 mts),134,Grande,-68.8562125268,-32.8655235388,6,Residencial Norte,2694682.37982,0
16546,Conifera,19/07/2011 10:28,Alto (> 8 mts),100,Grande,-68.8404253684,-32.8649902514,4,Cuarta Oeste,1173332.70145,0
22184,Morera,18/05/2011 09:16,Bajo (2 - 4 mts),8,Chico,-68.8559335495,-32.8982965061,5,Residencial Sur,2423808.92355,0
513,Morera,08/03/2012 18:42,Medio (4 - 8 mts),140,Grande,-68.8203282591,-32.8685207223,4,Cuarta Este Área Fundacional,1822015.85685,0
23349,Morera,31/01/2011 16:21,Alto (> 8 mts),122,Grande,-68.8509567606,-32.9016067578,2,Barrio Civico,2366816.36021,0
10587,Fresno europeo,29/03/2011 13:24,Muy bajo (1 - 2 mts),5,Chico,-68.8524110692,-32.8766803222,6,Residencial Norte,2694682.37982,0
28829,Platano,27/04/2011 12:14,Alto (> 8 mts),225,Grande,-68.8480786229,-32.884610558,1,Parque Central,1655357.93265,0
32109,Morera,09/05/2011 12:22,Alto (> 8 mts),101,Grande,-68.8593743138,-32.8868400549,5,Residencial Sur,2423808.92355,0
8294,Morera,02/03/2011 18:57,Medio (4 - 8 mts),158,Grande,-68.8406849875,-32.893849998,2,Barrio Civico,2366816.36021,0
36895,Morera,07/04/2011 13:01,Alto (> 8 mts),190,Grande,-68.8596411994,-32.8799715299,7,Residencial Parque,1786336.08966,0
26968,Fresno europeo,03/11/2011 18:01,Muy bajo (1 - 2 mts),4,Chico,-68.8350122121,-32.8860439405,3,Parque O'Higgins,1531146.02653,0
40524,Platano,12/04/2011 10:07,Alto (> 8 mts),195,Grande,-68.8437134411,-32.883104058,1,Parque Central,1655357.93265,0
23678,Fresno europeo,25/01/2011 10:01,Medio (4 - 8 mts),96,Grande,-68.8485833929,-32.9003662573,2,Barrio Civico,2366816.36021,0
32874,Fresno europeo,10/06/2011 10:37,Alto (> 8 mts),120,Grande,-68.8505181301,-32.8853431632,5,Residencial Sur,2423808.92355,0
35895,Morera,28/03/2011 09:53,Alto (> 8 mts),186,Grande,-68.8533550788,-32.8760327541,6,Residencial Norte,2694682.37982,0
30420,Platano,21/02/2011 12:48,Alto (> 8 mts),214,Grande,-68.8423832514,-32.8878994956,3,Parque O'Higgins,1531146.02653,0
11073,Fresno europeo,22/03/2011 09:45,Medio (4 - 8 mts),90,Grande,-68.8551114682,-32.880226605,6,Residencial Norte,2694682.37982,0
12084,Morera,04/02/2010 13:07,Alto (> 8 mts),127,Grande,-68.853245641,-32.8683164104,6,Residencial Norte,2694682.37982,0
24641,Morera,19/01/2011 11:47,Alto (> 8 mts),120,Grande,-68.8430841665,-32.8998086345,2,Barrio Civico,2366816.36021,0
31705,Alamo criollo,18/05/2011 10:24,Alto (> 8 mts),180,Grande,-68.8617452164,-32.8900135823,5,Residencial Sur,2423808.92355,0
5779,Morera,06/05/2011 10:23,Bajo (2 - 4 mts),60,Mediano,-68.8392319605,-32.8786613154,1,Parque Central,1655357.93265,0
30086,Morera,26/04/2011 10:56,Alto (> 8 mts),200,Grande,-68.8424262921,-32.8872125391,3,Parque O'Higgins,1531146.02653,1
27585,Morera,07/11/2011 09:55,Medio (4 - 8 mts),147,Grande,-68.8377328522,-32.8950182469,2,Barrio Civico,2366816.36021,0
44003,Acacia SP,17/10/2011 09:23,Medio (4 - 8 mts),120,Grande,-68.8326642893,-32.8854352447,3,Parque O'Higgins,1531146.02653,0
2651,Morera,07/10/2011 08:43,Bajo (2 - 4 mts),10,Chico,-68.8311321102,-32.8845910582,3,Parque O'Higgins,1531146.02653,0
11625,Morera,27/01/2011 13:49,Alto (> 8 mts),115,Grande,-68.8500935107,-32.8664445081,6,Residencial Norte,2694682.37982,0
11513,Olmo comun,22/02/2011 10:40,Alto (> 8 mts),99,Grande,-68.8527651798,-32.8663675202,6,Residencial Norte,2694682.37982,0
43682,Morera,13/10/2011 16:51,Medio (4 - 8 mts),120,Grande,-68.8346153019,-32.8823628891,3,Parque O'Higgins,1531146.02653,0
15324,Paraiso,17/11/2011 12:26,Bajo (2 - 4 mts),30,Mediano,-68.8603894784,-32.8706543416,7,Residencial Parque,1786336.08966,0
27250,Platano,26/10/2011 09:30,Alto (> 8 mts),170,Grande,-68.8356425867,-32.889423229,3,Parque O'Higgins,1531146.02653,0
28085,Platano,21/02/2011 18:32,Alto (> 8 mts),330,Grande,-68.8492189008,-32.8920930796,2,Barrio Civico,2366816.36021,1
12449,Morera,25/01/2011 09:35,Alto (> 8 mts),120,Grande,-68.8492374392,-32.8675840243,6,Residencial Norte,2694682.37982,0
22668,Fresno europeo,12/05/2011 12:13,Bajo (2 - 4 mts),8,Chico,-68.8539205961,-32.9007071832,5,Residencial Sur,2423808.92355,0
11934,Conifera,12/05/2010 11:43,Medio (4 - 8 mts),86,Grande,-68.8512690353,-32.8676995259,6,Residencial Norte,2694682.37982,0
24321,Perenne,26/01/2011 13:40,Medio (4 - 8 mts),38,Mediano,-68.8441818496,-32.9020441379,2,Barrio Civico,2366816.36021,0
37079,Fresno europeo,06/04/2011 09:50,Medio (4 - 8 mts),70,Grande,-68.8577771503,-32.8758032395,6,Residencial Norte,2694682.37982,0
29069,Platano,18/04/2011 09:43,Alto (> 8 mts),200,Grande,-68.8450861069,-32.8870404803,1,Parque Central,1655357.93265,0
8370,Ligustro,17/02/2011 15:17,Muy bajo (1 - 2 mts),12,Chico,-68.8392576776,-32.9010723732,2,Barrio Civico,2366816.36021,0
34630,Fresno europeo,31/03/2011 11:44,Alto (> 8 mts),180,Grande,-68.8492416055,-32.8768820383,6,Residencial Norte,2694682.37982,0
33539,Fresno europeo,30/05/2011 13:25,Medio (4 - 8 mts),106,Grande,-68.8555160503,-32.8878750375,5,Residencial Sur,2423808.92355,0
6821,Prunas,24/05/2011 10:22,Bajo (2 - 4 mts),40,Mediano,-68.8615928972,-32.8939862379,5,Residencial Sur,2423808.92355,0
25038,Fresno europeo,15/02/2011 08:24,Medio (4 - 8 mts),108,Grande,-68.8365245309,-32.8968030834,2,Barrio Civico,2366816.36021,0
29215,Platano,03/03/2011 09:50,Alto (> 8 mts),222,Grande,-68.8454845017,-32.8879105648,1,Parque Central,1655357.93265,0
26645,Fresno europeo,02/11/2011 09:48,Medio (4 - 8 mts),136,Grande,-68.833388259,-32.8911758389,3,Parque O'Higgins,1531146.02653,0
7949,Morera,25/02/2011 18:42,Medio (4 - 8 mts),45,Mediano,-68.8465442516,-32.8875018397,1,Parque Central,1655357.93265,1
29937,Fresno europeo,05/05/2011 09:08,Medio (4 - 8 mts),50,Mediano,-68.8433877785,-32.8864720123,1,Parque Central,1655357.93265,0
21619,Ailanthus,10/06/2011 11:12,Medio (4 - 8 mts),25,Mediano,-68.8543434112,-32.8961067953,5,Residencial Sur,2423808.92355,0
35326,Morera,23/06/2011 10:36,Medio (4 - 8 mts),130,Grande,-68.8541391628,-32.8826383034,5,Residencial Sur,2423808.92355,0
39242,Paraiso,28/12/2010 09:36,Medio (4 - 8 mts),80,Grande,-68.8549114128,-32.8716061493,6,Residencial Norte,2694682.37982,0
38182,Morera,21/10/2010 09:27,Alto (> 8 mts),131,Grande,-68.8453316637,-32.8703577335,6,Residencial Norte,2694682.37982,0
9731,Fresno europeo,19/01/2011 11:26,Medio (4 - 8 mts),70,Grande,-68.8472577591,-32.8627971372,4,Cuarta Oeste,1173332.70145,0
46311,Morera,28/09/2011 08:15,Alto (> 8 mts),138,Grande,-68.8245261909,-32.8734427956,4,Cuarta Este Área Fundacional,1822015.85685,0
30254,Morera,09/03/2011 13:32,Alto (> 8 mts),110,Grande,-68.8428726816,-32.8900838608,2,Barrio Civico,2366816.36021,0
47823,Fresno europeo,21/09/2011 10:25,Bajo (2 - 4 mts),35,Mediano,-68.8290716764,-32.8741123238,4,Cuarta Este Área Fundacional,1822015.85685,0
28864,Fresno europeo,26/04/2011 11:37,Bajo (2 - 4 mts),20,Chico,-68.8462671295,-32.8858586471,1,Parque Central,1655357.93265,0
34246,Morera,22/03/2011 13:20,Medio (4 - 8 mts),130,Grande,-68.8530318236,-32.8753297749,6,Residencial Norte,2694682.37982,0
30135,Fresno europeo,16/03/2011 12:13,Muy bajo (1 - 2 mts),8,Chico,-68.8407614246,-32.8914905411,2,Barrio Civico,2366816.36021,0
34470,Morera,10/03/2011 13:30,Alto (> 8 mts),160,Grande,-68.8493505506,-32.8740680736,6,Residencial Norte,2694682.37982,0
24410,Fresno americano,21/01/2011 09:29,Medio (4 - 8 mts),58,Mediano,-68.8451286049,-32.9034221808,2,Barrio Civico,2366816.36021,0
30478,Fresno europeo,17/02/2011 12:12,Alto (> 8 mts),200,Grande,-68.8402105438,-32.8888064165,3,Parque O'Higgins,1531146.02653,0
43276,Platano,21/10/2011 18:20,Medio (4 - 8 mts),100,Grande,-68.8338526172,-32.8805868062,3,Parque O'Higgins,1531146.02653,1
30407,Morera,15/07/2011 09:50,Bajo (2 - 4 mts),20,Chico,-68.8428352125,-32.8887433121,3,Parque O'Higgins,1531146.02653,0
32156,Morera,10/05/2011 11:09,Alto (> 8 mts),186,Grande,-68.8590862774,-32.8859100859,5,Residencial Sur,2423808.92355,1
30803,Fresno europeo,14/02/2011 11:38,Bajo (2 - 4 mts),120,Grande,-68.856041998,-32.8654846374,6,Residencial Norte,2694682.37982,0
13770,Paraiso,27/01/2011 11:08,Bajo (2 - 4 mts),40,Mediano,-68.8504103158,-32.8642760461,6,Residencial Norte,2694682.37982,0
8177,Platano,09/03/2011 08:44,Muy bajo (1 - 2 mts),12,Chico,-68.843445418300007,-32.892105393,2,Barrio Civico,2366816.36021,0
29760,Morera,15/03/2011 08:50,Muy bajo (1 - 2 mts),8,Chico,-68.8406571705,-32.8937425586,2,Barrio Civico,2366816.36021,0
18017,Morera,29/07/2011 17:11,Medio (4 - 8 mts),35,Mediano,-68.8413098071,-32.8675907293,4,Cuarta Oeste,1173332.70145,0
12438,Fresno europeo,24/01/2011 12:48,Muy bajo (1 - 2 mts),25,Mediano,-68.848866433,-32.8669432172,6,Residencial Norte,2694682.37982,0
16656,Paraiso,19/07/2011 11:56,Alto (> 8 mts),168,Grande,-68.841074789,-32.8630852307,4,Cuarta Oeste,1173332.70145,1
12651,Ailanthus,18/01/2011 08:29,Alto (> 8 mts),90,Grande,-68.8469782654,-32.863258654,4,Cuarta Oeste,1173332.70145,0
3935,Morera,05/09/2011 13:20,Alto (> 8 mts),90,Grande,-68.821788567,-32.8709916855,4,Cuarta Este Área Fundacional,1822015.85685,0
47503,Olmo bola,29/08/2011 15:15,Medio (4 - 8 mts),131,Grande,-68.8274201509,-32.8706280908,4,Cuarta Este Área Fundacional,1822015.85685,0
22353,Fresno europeo,16/06/2011 10:36,Alto (> 8 mts),110,Grande,-68.8589484318,-32.8993227237,5,Residencial Sur,2423808.92355,0
22037,Morera,16/05/2011 10:05,Alto (> 8 mts),210,Grande,-68.8570942743,-32.8934234268,5,Residencial Sur,2423808.92355,0
28517,Morera,21/02/2011 12:38,Alto (> 8 mts),170,Grande,-68.8489595155,-32.889965955,5,Residencial Sur,2423808.92355,0
43505,Morera,10/11/2011 12:16,Medio (4 - 8 mts),50,Mediano,-68.8283346936,-32.8834258172,3,Parque O'Higgins,1531146.02653,0
14416,Paraiso,02/12/2011 09:48,Bajo (2 - 4 mts),56,Mediano,-68.8788951029,-32.8682021545,8,Aeroparque,2203364.73622,0
20374,Fresno europeo,24/05/2011 12:31,Medio (4 - 8 mts),83,Grande,-68.8614796369,-32.8943934416,5,Residencial Sur,2423808.92355,0
14956,Paraiso sombrilla,19/12/2011 09:29,Bajo (2 - 4 mts),90,Grande,-68.8808623066,-32.872183364,8,Aeroparque,2203364.73622,0
26278,Fresno europeo,21/10/2011 13:32,Medio (4 - 8 mts),65,Grande,-68.8313496358,-32.8888757465,3,Parque O'Higgins,1531146.02653,0
12459,Morera,24/01/2011 14:09,Alto (> 8 mts),180,Grande,-68.8489478906,-32.8670787854,6,Residencial Norte,2694682.37982,0
22381,Fresno europeo,16/06/2011 11:20,Medio (4 - 8 mts),110,Grande,-68.8585976085,-32.8981979662,5,Residencial Sur,2423808.92355,0
4616,Prunas,05/08/2011 09:43,Muy bajo (1 - 2 mts),18,Chico,-68.8339552904,-32.8645746368,4,Cuarta Oeste,1173332.70145,0
11221,Morera,12/01/2011 13:09,Alto (> 8 mts),70,Grande,-68.8445821121,-32.8999594402,2,Barrio Civico,2366816.36021,0
6608,Fresno europeo,10/05/2011 10:37,Alto (> 8 mts),93,Grande,-68.8562640575,-32.8931604934,5,Residencial Sur,2423808.92355,0
25236,Fresno europeo,09/02/2011 09:08,Medio (4 - 8 mts),108,Grande,-68.8386494649,-32.8974833925,2,Barrio Civico,2366816.36021,0
39060,Paraiso,23/12/2010 10:04,Alto (> 8 mts),195,Grande,-68.8532531834,-32.8704219358,6,Residencial Norte,2694682.37982,0
22571,Morera,16/06/2011 10:37,Alto (> 8 mts),74,Grande,-68.8613828428,-32.9003619573,5,Residencial Sur,2423808.92355,0
21737,Morera,24/05/2011 09:33,Alto (> 8 mts),145,Grande,-68.856154767,-32.8943816607,5,Residencial Sur,2423808.92355,0
12114,Paraiso,20/01/2011 09:42,Alto (> 8 mts),120,Grande,-68.8475213291,-32.8684778638,6,Residencial Norte,2694682.37982,0
42509,Paraiso,28/09/2011 12:10,Medio (4 - 8 mts),120,Grande,-68.829395335,-32.8755334234,4,Cuarta Este Área Fundacional,1822015.85685,0
23972,Olmo comun,12/01/2011 13:58,Alto (> 8 mts),180,Grande,-68.8467940102,-32.899816932,2,Barrio Civico,2366816.36021,0
41109,Paraiso,27/04/2011 12:45,Alto (> 8 mts),58,Mediano,-68.8397148175,-32.8820694008,1,Parque Central,1655357.93265,0
36907,Morera,07/04/2011 11:57,Alto (> 8 mts),155,Grande,-68.8595529359,-32.8788769924,7,Residencial Parque,1786336.08966,0
23186,Paraiso,19/01/2011 09:34,Medio (4 - 8 mts),145,Grande,-68.8479154657,-32.9010547887,2,Barrio Civico,2366816.36021,0
38084,Fresno americano,03/12/2010 14:06,Medio (4 - 8 mts),80,Grande,-68.8472086205,-32.8726005836,6,Residencial Norte,2694682.37982,0
28061,Fresno europeo,21/02/2011 17:51,Bajo (2 - 4 mts),46,Mediano,-68.8501380802,-32.8910583349,5,Residencial Sur,2423808.92355,0
33040,Acer,17/05/2011 13:57,Alto (> 8 mts),95,Grande,-68.8529643724,-32.8870382265,5,Residencial Sur,2423808.92355,0
40625,Platano,12/04/2011 12:27,Alto (> 8 mts),210,Grande,-68.8444993569,-32.8841861669,1,Parque Central,1655357.93265,0
16561,Paraiso,27/07/2011 09:38,Alto (> 8 mts),180,Grande,-68.8410080602,-32.8659819029,4,Cuarta Oeste,1173332.70145,0
40283,Morera,11/04/2011 09:23,Medio (4 - 8 mts),160,Grande,-68.8450504368,-32.8812540957,1,Parque Central,1655357.93265,1
26061,Morera,08/11/2011 15:27,Bajo (2 - 4 mts),44,Mediano,-68.8341192589,-32.8873064128,3,Parque O'Higgins,1531146.02653,0
46630,Paraiso,05/09/2011 07:48,Alto (> 8 mts),150,Grande,-68.8304445181,-32.8690610246,4,Cuarta Este Área Fundacional,1822015.85685,0
37229,Acacia SP,11/03/2011 13:05,Medio (4 - 8 mts),80,Grande,-68.8575235799,-32.8731988586,6,Residencial Norte,2694682.37982,0
22793,Platano,17/06/2011 16:59,Alto (> 8 mts),98,Grande,-68.859133981,-32.901686905,5,Residencial Sur,2423808.92355,0
33211,Platano,09/05/2011 12:39,Alto (> 8 mts),170,Grande,-68.8549189737,-32.8912146635,5,Residencial Sur,2423808.92355,0
16821,Morera,08/08/2011 14:24,Alto (> 8 mts),107,Grande,-68.8385024131,-32.8653011599,4,Cuarta Oeste,1173332.70145,0
39176,Fresno europeo,25/11/2010 11:50,Medio (4 - 8 mts),70,Grande,-68.8541877961,-32.872450035,6,Residencial Norte,2694682.37982,0
38125,Paraiso,03/12/2010 14:16,Alto (> 8 mts),260,Grande,-68.8458694358,-32.8727910917,6,Residencial Norte,2694682.37982,0
15368,Paraiso,15/11/2011 14:20,Alto (> 8 mts),120,Grande,-68.8607289768,-32.870288908,7,Residencial Parque,1786336.08966,0
47842,Fresno europeo,21/09/2011 09:37,Alto (> 8 mts),118,Grande,-68.8278885051,-32.8732104659,4,Cuarta Este Área Fundacional,1822015.85685,0
47105,Fresno europeo,20/09/2011 12:22,Medio (4 - 8 mts),100,Grande,-68.8321130468,-32.8730889781,4,Cuarta Este Área Fundacional,1822015.85685,0
1356,Paraiso sombrilla,30/11/2011 10:54,Bajo (2 - 4 mts),55,Mediano,-68.8771989696,-32.8649787613,8,Aeroparque,2203364.73622,0
46681,Morera,02/09/2011 10:21,Alto (> 8 mts),195,Grande,-68.8305094118,-32.8703484054,4,Cuarta Este Área Fundacional,1822015.85685,0
7780,Morera,13/05/2011 08:31,Medio (4 - 8 mts),160,Grande,-68.8565613162,-32.8862594363,5,Residencial Sur,2423808.92355,1
19562,Morera,26/07/2011 09:34,Alto (> 8 mts),200,Grande,-68.8383329798,-32.8716495018,4,Cuarta Oeste,1173332.70145,0
45745,Fresno europeo,23/08/2011 11:22,Medio (4 - 8 mts),85,Grande,-68.822818717,-32.869145246,4,Cuarta Este Área Fundacional,1822015.85685,0
40274,Olmo comun,11/04/2011 10:35,Medio (4 - 8 mts),120,Grande,-68.8457909526,-32.8812772827,1,Parque Central,1655357.93265,0
38093,Fresno europeo,06/12/2010 11:25,Alto (> 8 mts),195,Grande,-68.8478768834,-32.8726568522,6,Residencial Norte,2694682.37982,0
11235,Morera,21/01/2011 09:28,Alto (> 8 mts),120,Grande,-68.8463991558,-32.9017712132,2,Barrio Civico,2366816.36021,0
3331,Morera,04/10/2011 11:29,Alto (> 8 mts),240,Grande,-68.830900025,-32.8799425158,4,Cuarta Este Área Fundacional,1822015.85685,0
47337,Morera,22/09/2011 09:17,Alto (> 8 mts),148,Grande,-68.8318191672,-32.8740142576,4,Cuarta Este Área Fundacional,1822015.85685,0
27167,Acacia SP,27/10/2011 09:41,Bajo (2 - 4 mts),40,Mediano,-68.8381899569,-32.8907940561,3,Parque O'Higgins,1531146.02653,0
14442,Prunas,02/12/2011 08:52,Muy bajo (1 - 2 mts),22,Mediano,-68.877946942,-32.8677410023,8,Aeroparque,2203364.73622,0
46828,Morera,16/09/2011 08:15,Medio (4 - 8 mts),35,Mediano,-68.8334373433,-32.8717925798,4,Cuarta Este Área Fundacional,1822015.85685,0
32299,Paraiso,29/06/2011 09:39,Alto (> 8 mts),140,Grande,-68.8526186285,-32.8912041289,5,Residencial Sur,2423808.92355,0
47801,Morera,22/09/2011 11:00,Alto (> 8 mts),168,Grande,-68.8271738109,-32.8742346159,4,Cuarta Este Área Fundacional,1822015.85685,0
11443,Morera,01/02/2011 14:43,Medio (4 - 8 mts),102,Grande,-68.8503632311,-32.9024953469,2,Barrio Civico,2366816.36021,0
19751,Morera,12/08/2011 09:32,Alto (> 8 mts),165,Grande,-68.8346481415,-32.8690152323,4,Cuarta Oeste,1173332.70145,0
14963,Braquiquito,19/12/2011 09:01,Bajo (2 - 4 mts),26,Mediano,-68.8812982872,-32.8723247142,8,Aeroparque,2203364.73622,0
31035,Fresno europeo,16/02/2011 11:10,Bajo (2 - 4 mts),40,Mediano,-68.8557678034,-32.8650642812,6,Residencial Norte,2694682.37982,0
22863,Morera,10/05/2011 10:26,Alto (> 8 mts),122,Grande,-68.856549254,-32.9016045941,5,Residencial Sur,2423808.92355,0
37662,Fresno europeo,29/02/2012 07:41,Alto (> 8 mts),115,Grande,-68.8523116513,-32.8724948141,6,Residencial Norte,2694682.37982,1
40650,Morera,13/04/2011 09:55,Alto (> 8 mts),195,Grande,-68.84342543,-32.8851159145,1,Parque Central,1655357.93265,0
30687,Morera,03/02/2011 10:03,Alto (> 8 mts),180,Grande,-68.8553609313,-32.8667500789,6,Residencial Norte,2694682.37982,0
10518,Morera,17/03/2011 11:43,Muy bajo (1 - 2 mts),5,Chico,-68.8588464683,-32.8749145365,7,Residencial Parque,1786336.08966,0
2155,Fresno europeo,07/11/2011 09:31,Medio (4 - 8 mts),140,Grande,-68.8381363889,-32.8943173329,2,Barrio Civico,2366816.36021,0
12244,Fresno europeo,14/01/2011 12:18,Bajo (2 - 4 mts),12,Chico,-68.8459860891,-32.8674581005,4,Cuarta Oeste,1173332.70145,0
30370,Platano,03/03/2011 13:11,Alto (> 8 mts),194,Grande,-68.8394280269,-32.8904140562,3,Parque O'Higgins,1531146.02653,0
24417,Morera,21/01/2011 09:02,Alto (> 8 mts),180,Grande,-68.8455800314,-32.9036345136,2,Barrio Civico,2366816.36021,0
43069,Morera,03/10/2011 09:50,Medio (4 - 8 mts),180,Grande,-68.8320877741,-32.8788415674,4,Cuarta Este Área Fundacional,1822015.85685,0
47368,Fresno europeo,21/09/2011 12:09,Medio (4 - 8 mts),196,Grande,-68.828490231200007,-32.8742447234,4,Cuarta Este Área Fundacional,1822015.85685,0
9775,Conifera,18/01/2011 09:24,Medio (4 - 8 mts),40,Mediano,-68.846638223,-32.8634904359,4,Cuarta Oeste,1173332.70145,0
13490,Morera,31/01/2011 12:50,Alto (> 8 mts),140,Grande,-68.85202584,-32.8634822644,6,Residencial Norte,2694682.37982,0
11435,Acer,24/01/2011 10:30,Muy bajo (1 - 2 mts),2,Chico,-68.851364827,-32.9013838066,2,Barrio Civico,2366816.36021,0
36290,Morera,04/04/2011 10:07,Medio (4 - 8 mts),120,Grande,-68.854285662,-32.8771070103,6,Residencial Norte,2694682.37982,0
30159,Platano,31/03/2011 15:02,Alto (> 8 mts),108,Grande,-68.8400234372,-32.8875161251,3,Parque O'Higgins,1531146.02653,0
10931,Morera,29/03/2011 12:49,Medio (4 - 8 mts),26,Mediano,-68.8513623892,-32.8792206746,6,Residencial Norte,2694682.37982,0
38660,Paraiso,16/12/2010 11:21,Alto (> 8 mts),230,Grande,-68.8516719824,-32.8705820126,6,Residencial Norte,2694682.37982,0
28582,Morera,22/02/2011 09:48,Alto (> 8 mts),136,Grande,-68.8488117739,-32.8901381402,5,Residencial Sur,2423808.92355,0
31704,Alamo criollo,18/05/2011 10:28,Medio (4 - 8 mts),100,Grande,-68.8617781634,-32.8901256287,5,Residencial Sur,2423808.92355,0
12157,Paraiso,19/01/2011 13:14,Alto (> 8 mts),175,Grande,-68.8467500712,-32.8680901773,6,Residencial Norte,2694682.37982,0
41383,Morera,19/04/2011 10:07,Alto (> 8 mts),162,Grande,-68.8413289399,-32.8824626574,1,Parque Central,1655357.93265,0
17369,Morera,03/08/2011 09:53,Alto (> 8 mts),200,Grande,-68.834700952,-32.864814486,4,Cuarta Oeste,1173332.70145,0
34153,Morera,10/03/2011 13:39,Alto (> 8 mts),180,Grande,-68.8564507264,-32.8727772397,6,Residencial Norte,2694682.37982,0
32761,Fresno americano,17/05/2011 09:18,Bajo (2 - 4 mts),60,Mediano,-68.8524737235,-32.886034829,5,Residencial Sur,2423808.92355,0
18103,Morera,28/07/2011 10:33,Alto (> 8 mts),180,Grande,-68.8406033196,-32.869335061,4,Cuarta Oeste,1173332.70145,1
2127,Morera,11/11/2011 13:12,Bajo (2 - 4 mts),60,Mediano,-68.8313091418,-32.8875849583,3,Parque O'Higgins,1531146.02653,0
26852,Morera,07/11/2011 09:18,Alto (> 8 mts),65,Grande,-68.8341722986,-32.892828293,3,Parque O'Higgins,1531146.02653,0
34634,Morera,31/03/2011 11:55,Alto (> 8 mts),132,Grande,-68.8489764025,-32.8766833458,6,Residencial Norte,2694682.37982,0
12362,Morera,13/01/2011 12:04,Medio (4 - 8 mts),70,Grande,-68.847519324,-32.8671197421,6,Residencial Norte,2694682.37982,1
3601,Ailanthus,02/09/2011 14:35,Alto (> 8 mts),40,Mediano,-68.8274524788,-32.8692077382,4,Cuarta Este Área Fundacional,1822015.85685,0
13827,Olmo bola,25/01/2011 10:08,Bajo (2 - 4 mts),60,Mediano,-68.8491552616,-32.8634427189,6,Residencial Norte,2694682.37982,0
43250,Platano,04/10/2011 08:30,Alto (> 8 mts),170,Grande,-68.8337938225,-32.8793383344,1,Parque Central,1655357.93265,0
30009,Fresno americano,28/04/2011 12:29,Alto (> 8 mts),190,Grande,-68.8416781842,-32.8867822961,3,Parque O'Higgins,1531146.02653,0
26886,Morera,28/10/2011 17:32,Medio (4 - 8 mts),100,Grande,-68.8384386946,-32.8872962653,3,Parque O'Higgins,1531146.02653,0
4233,Morera,01/07/2011 12:27,Bajo (2 - 4 mts),32,Mediano,-68.8350725808,-32.8716673236,4,Cuarta Oeste,1173332.70145,0
48386,Paraiso,01/09/2011 12:03,Medio (4 - 8 mts),180,Grande,-68.8296374705,-32.8698194801,4,Cuarta Este Área Fundacional,1822015.85685,0
9311,Morera,16/02/2011 12:57,Medio (4 - 8 mts),64,Grande,-68.8462572623,-32.8661071955,4,Cuarta Oeste,1173332.70145,0
43712,Platano,11/10/2011 09:14,Alto (> 8 mts),185,Grande,-68.832365349,-32.8836565128,3,Parque O'Higgins,1531146.02653,0
29827,Morera,04/03/2011 12:21,Alto (> 8 mts),180,Grande,-68.8423773556,-32.8913151211,2,Barrio Civico,2366816.36021,0
29332,Ailanthus,25/04/2011 09:33,Alto (> 8 mts),56,Mediano,-68.8434516342,-32.8865944032,1,Parque Central,1655357.93265,1
46320,Morera,28/09/2011 07:57,Alto (> 8 mts),145,Grande,-68.8247415576,-32.8738233057,4,Cuarta Este Área Fundacional,1822015.85685,0
1501,Paraiso sombrilla,24/11/2011 11:19,Medio (4 - 8 mts),130,Grande,-68.8719539137,-32.876287033,7,Residencial Parque,1786336.08966,0
38635,Tilo,16/12/2010 10:17,Medio (4 - 8 mts),50,Mediano,-68.8512183014,-32.8714764055,6,Residencial Norte,2694682.37982,0
7432,Fresno europeo,27/06/2011 14:46,Bajo (2 - 4 mts),24,Mediano,-68.8596526835,-32.9001216771,5,Residencial Sur,2423808.92355,0
437,Paraiso sombrilla,06/03/2012 11:19,Bajo (2 - 4 mts),80,Grande,-68.8176214761,-32.8680311954,4,Cuarta Este Área Fundacional,1822015.85685,0
29751,Platano,15/03/2011 10:02,Alto (> 8 mts),146,Grande,-68.8401244836,-32.8930218,2,Barrio Civico,2366816.36021,0
48013,Olmo comun,29/08/2011 08:47,Medio (4 - 8 mts),128,Grande,-68.8270282116,-32.8689298398,4,Cuarta Este Área Fundacional,1822015.85685,1
19810,Morera,04/08/2011 11:15,Alto (> 8 mts),180,Grande,-68.8347514766,-32.8637360542,4,Cuarta Oeste,1173332.70145,0
22549,Morera,17/06/2011 09:25,Alto (> 8 mts),148,Grande,-68.8622047509,-32.8993986269,5,Residencial Sur,2423808.92355,0
38040,Paraiso,06/12/2010 13:10,Alto (> 8 mts),160,Grande,-68.846995144,-32.8717838386,6,Residencial Norte,2694682.37982,0
24404,Fresno americano,21/01/2011 09:57,Alto (> 8 mts),88,Grande,-68.8447933049,-32.9028431472,2,Barrio Civico,2366816.36021,0
14498,Paraiso,30/11/2011 17:51,Bajo (2 - 4 mts),16,Chico,-68.8791533858,-32.8664044066,8,Aeroparque,2203364.73622,0
16186,Fresno americano,15/07/2011 12:07,Medio (4 - 8 mts),132,Grande,-68.843517444,-32.8695008711,4,Cuarta Oeste,1173332.70145,0
41303,Morera,20/04/2011 11:35,Alto (> 8 mts),128,Grande,-68.8410712708,-32.8820346466,1,Parque Central,1655357.93265,1
44307,Fresno europeo,12/10/2011 18:09,Bajo (2 - 4 mts),30,Mediano,-68.8363575849,-32.8810128862,1,Parque Central,1655357.93265,0
4604,Paraiso,29/07/2011 14:04,Alto (> 8 mts),90,Grande,-68.8372373456,-32.8672163487,4,Cuarta Oeste,1173332.70145,0
37875,Olmo bola,24/11/2010 10:21,Medio (4 - 8 mts),50,Mediano,-68.8502129144,-32.8737816492,6,Residencial Norte,2694682.37982,0
283,Morera,07/03/2012 08:42,Alto (> 8 mts),180,Grande,-68.8217530143,-32.8677780855,4,Cuarta Este Área Fundacional,1822015.85685,1
14476,Acacia SP,30/11/2011 18:50,Bajo (2 - 4 mts),22,Mediano,-68.8786484833,-32.8668600856,8,Aeroparque,2203364.73622,0
3180,Morera,21/09/2011 11:22,Bajo (2 - 4 mts),12,Chico,-68.8307400257,-32.8749359928,4,Cuarta Este Área Fundacional,1822015.85685,0
18456,Paraiso,07/07/2011 11:22,Alto (> 8 mts),170,Grande,-68.838733736,-32.8731478229,4,Cuarta Oeste,1173332.70145,0
6670,Fresno europeo,10/05/2011 12:39,Alto (> 8 mts),93,Grande,-68.8532277087,-32.8940784895,5,Residencial Sur,2423808.92355,0
2890,Morera,08/09/2011 12:35,Muy bajo (1 - 2 mts),16,Chico,-68.831074897,-32.8718278015,4,Cuarta Este Área Fundacional,1822015.85685,0
10349,Paraiso,30/11/2010 10:19,Alto (> 8 mts),170,Grande,-68.855841084,-32.8720650991,6,Residencial Norte,2694682.37982,0
29841,Morera,03/03/2011 19:44,Medio (4 - 8 mts),54,Mediano,-68.8425052073,-32.8933869681,2,Barrio Civico,2366816.36021,0
45563,Fresno europeo,05/09/2011 13:58,Alto (> 8 mts),151,Grande,-68.8208027962,-32.8712401438,4,Cuarta Este Área Fundacional,1822015.85685,0
47572,Morera,19/09/2011 08:19,Alto (> 8 mts),180,Grande,-68.826694004,-32.8720547389,4,Cuarta Este Área Fundacional,1822015.85685,1
13069,Morera,17/02/2011 11:33,Alto (> 8 mts),190,Grande,-68.8455932239,-32.8646100092,4,Cuarta Oeste,1173332.70145,0
4564,Caducifolio,08/08/2011 13:51,Medio (4 - 8 mts),150,Grande,-68.8383826819,-32.8643537079,4,Cuarta Oeste,1173332.70145,0
5079,Caducifolio,10/08/2011 10:08,Bajo (2 - 4 mts),30,Mediano,-68.8390756752,-32.8629978213,4,Cuarta Oeste,1173332.70145,0
20654,Morera,03/06/2011 13:39,Alto (> 8 mts),125,Grande,-68.8607803597,-32.8966996415,5,Residencial Sur,2423808.92355,1
44854,Morera,19/08/2011 13:34,Alto (> 8 mts),130,Grande,-68.8244716797,-32.8665393134,4,Cuarta Este Área Fundacional,1822015.85685,0
43402,Fresno americano,27/10/2011 15:55,Alto (> 8 mts),120,Grande,-68.8316899745,-32.8812544133,3,Parque O'Higgins,1531146.02653,0
13590,Morera,28/02/2011 12:54,Alto (> 8 mts),73,Grande,-68.851858347,-32.8652871431,6,Residencial Norte,2694682.37982,0
38882,Fresno europeo,09/12/2010 09:44,Bajo (2 - 4 mts),35,Mediano,-68.8487061765,-32.8717675251,6,Residencial Norte,2694682.37982,0
2840,Morera,09/11/2011 11:39,Alto (> 8 mts),148,Grande,-68.8330403878,-32.8934338774,3,Parque O'Higgins,1531146.02653,0
48079,Morera,29/09/2011 13:38,Muy bajo (1 - 2 mts),7,Chico,-68.8271936737,-32.8672005754,4,Cuarta Este Área Fundacional,1822015.85685,0
27389,Platano,21/10/2011 13:51,Alto (> 8 mts),210,Grande,-68.8354740035,-32.8881197105,3,Parque O'Higgins,1531146.02653,0
33921,Morera,24/05/2011 10:27,Medio (4 - 8 mts),110,Grande,-68.851533328,-32.8845986728,5,Residencial Sur,2423808.92355,0
22312,Morera,09/06/2011 10:37,Alto (> 8 mts),155,Grande,-68.8578017927,-32.8981105916,5,Residencial Sur,2423808.92355,0
24145,Morera,25/01/2011 11:54,Medio (4 - 8 mts),51,Mediano,-68.8459255409,-32.9021192319,2,Barrio Civico,2366816.36021,0
6421,Morera,11/05/2011 09:53,Medio (4 - 8 mts),76,Grande,-68.8573458225,-32.8872182085,5,Residencial Sur,2423808.92355,0
22977,Fresno europeo,02/06/2011 11:16,Alto (> 8 mts),56,Mediano,-68.856966932,-32.8999729827,5,Residencial Sur,2423808.92355,0
716,Arabia,17/12/2011 09:10,Bajo (2 - 4 mts),36,Mediano,-68.8813399494,-32.8731110278,8,Aeroparque,2203364.73622,0
45728,Morera,24/08/2011 11:35,Medio (4 - 8 mts),200,Grande,-68.8217143698,-32.8687302944,4,Cuarta Este Área Fundacional,1822015.85685,0
27037,Platano,28/10/2011 10:39,Alto (> 8 mts),190,Grande,-68.8394193196,-32.8917454824,3,Parque O'Higgins,1531146.02653,0
18906,Morera,02/08/2011 10:04,Alto (> 8 mts),220,Grande,-68.8411374214,-32.8706110067,4,Cuarta Oeste,1173332.70145,0
44059,Morera,14/10/2011 11:55,Alto (> 8 mts),200,Grande,-68.8299225983,-32.8857200878,3,Parque O'Higgins,1531146.02653,0
47374,Morera,21/09/2011 11:58,Medio (4 - 8 mts),230,Grande,-68.8290341791,-32.8742126464,4,Cuarta Este Área Fundacional,1822015.85685,1
7083,Fresno europeo,02/06/2011 13:30,Medio (4 - 8 mts),65,Grande,-68.8603097277,-32.896958423,5,Residencial Sur,2423808.92355,0
5585,Caducifolio,15/04/2011 11:07,Alto (> 8 mts),48,Mediano,-68.8387945962,-32.8810800576,1,Parque Central,1655357.93265,0
21306,Fresno americano,14/06/2011 15:18,Bajo (2 - 4 mts),40,Mediano,-68.853748357,-32.8977977185,5,Residencial Sur,2423808.92355,0
36909,Morera,07/04/2011 16:43,Alto (> 8 mts),110,Grande,-68.8590248251,-32.878892141,7,Residencial Parque,1786336.08966,0
47424,Morera,22/09/2011 09:40,Alto (> 8 mts),155,Grande,-68.8277018622,-32.874687183,4,Cuarta Este Área Fundacional,1822015.85685,0
41207,Platano,18/04/2011 09:34,Alto (> 8 mts),205,Grande,-68.8371409945,-32.881561082,1,Parque Central,1655357.93265,0
16728,Paraiso,10/08/2011 13:21,Alto (> 8 mts),150,Grande,-68.8396129959,-32.8640242555,4,Cuarta Oeste,1173332.70145,0
20872,Morera,26/05/2011 10:50,Alto (> 8 mts),148,Grande,-68.8605048855,-32.8956354293,5,Residencial Sur,2423808.92355,1
8136,Jacaranda,23/02/2011 09:53,Alto (> 8 mts),151,Grande,-68.848030237,-32.8902822733,2,Barrio Civico,2366816.36021,0
6374,Fresno europeo,06/06/2011 11:11,Medio (4 - 8 mts),30,Mediano,-68.8589340763,-32.8880797492,5,Residencial Sur,2423808.92355,0
3195,Olmo comun,23/09/2011 08:44,Medio (4 - 8 mts),107,Grande,-68.8278193547,-32.8742998745,4,Cuarta Este Área Fundacional,1822015.85685,0
4800,Fresno europeo,28/07/2011 10:14,Medio (4 - 8 mts),45,Mediano,-68.839565367,-32.8668529577,4,Cuarta Oeste,1173332.70145,0
8387,Morera,07/02/2011 15:21,Bajo (2 - 4 mts),56,Mediano,-68.8395004642,-32.9025591062,2,Barrio Civico,2366816.36021,0
38436,Paraiso,03/11/2010 10:41,Alto (> 8 mts),180,Grande,-68.850955079,-32.8696978443,6,Residencial Norte,2694682.37982,0
2131,Fresno europeo,09/11/2011 09:08,Medio (4 - 8 mts),125,Grande,-68.8336873131,-32.8926746744,3,Parque O'Higgins,1531146.02653,0
9090,Fresno europeo,17/02/2011 11:20,Alto (> 8 mts),50,Mediano,-68.8547234323,-32.8663752829,6,Residencial Norte,2694682.37982,0
2587,Fresno europeo,26/10/2011 09:12,Muy bajo (1 - 2 mts),4,Chico,-68.8359251209,-32.8886881543,3,Parque O'Higgins,1531146.02653,0
8917,Morera,26/01/2011 09:14,Muy bajo (1 - 2 mts),5,Chico,-68.849109527,-32.868666911,6,Residencial Norte,2694682.37982,0
28588,Morera,22/02/2011 09:30,Alto (> 8 mts),210,Grande,-68.8492455113,-32.8900613131,5,Residencial Sur,2423808.92355,0
3410,Paraiso,19/08/2011 09:34,Bajo (2 - 4 mts),90,Grande,-68.8333699046,-32.8681608949,4,Cuarta Oeste,1173332.70145,0
13300,Acer,23/02/2011 09:22,Medio (4 - 8 mts),188,Grande,-68.8483246353,-32.865965786,6,Residencial Norte,2694682.37982,0
7726,Morera,19/05/2011 09:50,Medio (4 - 8 mts),170,Grande,-68.8508740335,-32.8873024674,5,Residencial Sur,2423808.92355,0
22442,Fresno europeo,28/06/2011 09:30,Alto (> 8 mts),145,Grande,-68.8617642049,-32.8981404626,5,Residencial Sur,2423808.92355,1
28017,Fresno europeo,04/11/2011 08:36,Medio (4 - 8 mts),75,Grande,-68.8352802313,-32.8938317659,3,Parque O'Higgins,1531146.02653,0
26122,Morera,11/11/2011 12:16,Medio (4 - 8 mts),120,Grande,-68.8309832568,-32.8862283667,3,Parque O'Higgins,1531146.02653,0
10915,Fresno americano,21/03/2011 09:21,Bajo (2 - 4 mts),74,Grande,-68.8532102861,-32.8790718801,6,Residencial Norte,2694682.37982,0
11808,Paraiso,02/03/2011 12:11,Alto (> 8 mts),160,Grande,-68.8504971463,-32.8649759214,6,Residencial Norte,2694682.37982,0
39647,Morera,22/10/2010 10:40,Alto (> 8 mts),140,Grande,-68.846349408,-32.8692024879,6,Residencial Norte,2694682.37982,0
7460,Paraiso,17/06/2011 09:17,Medio (4 - 8 mts),45,Mediano,-68.8623284195,-32.8995386189,5,Residencial Sur,2423808.92355,0
16533,Fresno europeo,19/07/2011 10:53,Medio (4 - 8 mts),10,Chico,-68.8413007561,-32.8648253458,4,Cuarta Oeste,1173332.70145,0
43291,Fresno europeo,07/10/2011 11:48,Alto (> 8 mts),100,Grande,-68.8328290312,-32.8799396779,3,Parque O'Higgins,1531146.02653,1
41035,Morera,12/04/2011 10:17,Alto (> 8 mts),138,Grande,-68.8400119087,-32.8808467829,1,Parque Central,1655357.93265,1
10136,Morera,28/12/2010 13:21,Muy bajo (1 - 2 mts),20,Chico,-68.8556783708,-32.8712426122,6,Residencial Norte,2694682.37982,0
38463,Fresno europeo,03/11/2010 12:12,Medio (4 - 8 mts),36,Mediano,-68.8515214884,-32.8695220725,6,Residencial Norte,2694682.37982,0
32530,Fresno europeo,23/06/2011 13:13,Medio (4 - 8 mts),109,Grande,-68.85021678,-32.8899786283,5,Residencial Sur,2423808.92355,0
5083,Morera,15/08/2011 10:38,Alto (> 8 mts),105,Grande,-68.8382026612,-32.8627410043,4,Cuarta Oeste,1173332.70145,0
8045,Morera,09/03/2011 09:04,Muy bajo (1 - 2 mts),5,Chico,-68.8418668255,-32.8895352536,3,Parque O'Higgins,1531146.02653,0
27113,Fresno europeo,27/10/2011 08:54,Alto (> 8 mts),120,Grande,-68.8382703437,-32.8886077386,3,Parque O'Higgins,1531146.02653,0
20997,Caducifolio,22/06/2011 09:40,Muy bajo (1 - 2 mts),12,Chico,-68.8627953326,-32.9015172567,5,Residencial Sur,2423808.92355,0
20984,Olmo comun,22/06/2011 11:49,Alto (> 8 mts),100,Grande,-68.8644736863,-32.9010607346,5,Residencial Sur,2423808.92355,0
46518,Morera,16/08/2011 14:06,Alto (> 8 mts),160,Grande,-68.8317009824,-32.8668636895,4,Cuarta Oeste,1173332.70145,0
40823,Fresno europeo,26/04/2011 17:24,Alto (> 8 mts),98,Grande,-68.8391365463,-32.8841478656,1,Parque Central,1655357.93265,1
17361,Morera,04/08/2011 07:58,Alto (> 8 mts),127,Grande,-68.8352581251,-32.8648441301,4,Cuarta Oeste,1173332.70145,0
11311,Liquidambar,19/01/2011 15:45,Medio (4 - 8 mts),41,Mediano,-68.8472394525,-32.9016022164,2,Barrio Civico,2366816.36021,0
36058,Acer,18/03/2011 12:07,Medio (4 - 8 mts),45,Mediano,-68.8574234416,-32.8757464809,6,Residencial Norte,2694682.37982,0
8654,Morera,04/02/2011 09:09,Alto (> 8 mts),80,Grande,-68.8414565108,-32.9024996548,2,Barrio Civico,2366816.36021,0
37834,Morera,24/11/2010 12:02,Alto (> 8 mts),210,Grande,-68.8531977732,-32.8730585125,6,Residencial Norte,2694682.37982,0
28531,Perenne,21/02/2011 10:27,Medio (4 - 8 mts),93,Grande,-68.8484767931,-32.8892755129,5,Residencial Sur,2423808.92355,0
46279,Morera,21/09/2011 09:32,Alto (> 8 mts),160,Grande,-68.8231333689,-32.87438433,4,Cuarta Este Área Fundacional,1822015.85685,0
22599,Ligustro,23/06/2011 11:36,Medio (4 - 8 mts),32,Mediano,-68.8616591204,-32.900480657,5,Residencial Sur,2423808.92355,0
446,Morera,06/03/2012 10:53,Medio (4 - 8 mts),90,Grande,-68.8183689953,-32.8679020945,4,Cuarta Este Área Fundacional,1822015.85685,0
47103,Platano,23/09/2011 10:22,Alto (> 8 mts),320,Grande,-68.8347932241,-32.8735522301,4,Cuarta Este Área Fundacional,1822015.85685,0
33030,Morera,19/05/2011 10:22,Alto (> 8 mts),170,Grande,-68.8516612747,-32.887288303,5,Residencial Sur,2423808.92355,0
12320,Paraiso,12/01/2011 13:47,Alto (> 8 mts),200,Grande,-68.8467247744,-32.8669963183,6,Residencial Norte,2694682.37982,0
27791,Fresno europeo,03/11/2011 10:04,Alto (> 8 mts),62,Grande,-68.8347891269,-32.8953124065,3,Parque O'Higgins,1531146.02653,0
43654,Olmo bola,14/10/2011 16:54,Medio (4 - 8 mts),150,Grande,-68.8345025413,-32.8811492105,3,Parque O'Higgins,1531146.02653,0
25978,Morera,31/01/2011 12:37,Alto (> 8 mts),135,Grande,-68.8388697962,-32.9031153679,2,Barrio Civico,2366816.36021,0
21665,Paraiso,08/06/2011 09:06,Alto (> 8 mts),170,Grande,-68.8553620215,-32.8963774489,5,Residencial Sur,2423808.92355,0
33116,Morera,27/06/2011 11:49,Alto (> 8 mts),113,Grande,-68.8534798062,-32.8903693629,5,Residencial Sur,2423808.92355,1
46969,Alamo criollo,09/09/2011 08:36,Alto (> 8 mts),121,Grande,-68.830547732,-32.8711400203,4,Cuarta Este Área Fundacional,1822015.85685,0
93,Morera,29/02/2012 10:46,Medio (4 - 8 mts),140,Grande,-68.8559831011,-32.9019032972,5,Residencial Sur,2423808.92355,0
7199,Platano,15/06/2011 11:17,Alto (> 8 mts),145,Grande,-68.8609728825,-32.8985863207,5,Residencial Sur,2423808.92355,0
33842,Morera,16/05/2011 13:18,Alto (> 8 mts),240,Grande,-68.853383037,-32.8861161489,5,Residencial Sur,2423808.92355,1
37268,Fresno europeo,14/03/2011 13:20,Bajo (2 - 4 mts),25,Mediano,-68.858062666,-32.8729887455,6,Residencial Norte,2694682.37982,0
34780,Morera,30/03/2011 09:46,Alto (> 8 mts),180,Grande,-68.8511208516,-32.8791439823,6,Residencial Norte,2694682.37982,0
36962,Morera,08/04/2011 10:18,Alto (> 8 mts),120,Grande,-68.8575983169,-32.8780485237,7,Residencial Parque,1786336.08966,1
4064,Platano,04/10/2011 19:43,Alto (> 8 mts),160,Grande,-68.828536471,-32.8790788468,4,Cuarta Este Área Fundacional,1822015.85685,0
30190,Morera,09/03/2011 10:30,Alto (> 8 mts),150,Grande,-68.8430539382,-32.8896146209,2,Barrio Civico,2366816.36021,0
21283,Caducifolio,13/06/2011 12:18,Medio (4 - 8 mts),38,Mediano,-68.8521318415,-32.8970013585,5,Residencial Sur,2423808.92355,0
21857,Fresno europeo,07/06/2011 09:41,Alto (> 8 mts),100,Grande,-68.8578999198,-32.8958290649,5,Residencial Sur,2423808.92355,0
984,Morera,16/01/2012 09:31,Bajo (2 - 4 mts),18,Chico,-68.8351320438,-32.8687004799,4,Cuarta Oeste,1173332.70145,0
21361,Platano,09/05/2011 08:53,Alto (> 8 mts),185,Grande,-68.8533446848,-32.8926939437,5,Residencial Sur,2423808.92355,0
44644,Olmo comun,25/08/2011 12:48,Medio (4 - 8 mts),100,Grande,-68.8232016859,-32.8665522047,4,Cuarta Este Área Fundacional,1822015.85685,0
22204,Fresno europeo,18/05/2011 10:04,Bajo (2 - 4 mts),98,Grande,-68.8568947001,-32.8990951045,5,Residencial Sur,2423808.92355,0
11941,Morera,12/05/2010 11:12,Medio (4 - 8 mts),111,Grande,-68.851686583,-32.8676195283,6,Residencial Norte,2694682.37982,0
35261,Fresno americano,24/06/2011 10:28,Medio (4 - 8 mts),150,Grande,-68.851622882,-32.8828671687,1,Parque Central,1655357.93265,0
47999,Morera,29/08/2011 09:13,Alto (> 8 mts),125,Grande,-68.8257401612,-32.8692048723,4,Cuarta Este Área Fundacional,1822015.85685,1
4177,Fresno europeo,07/07/2011 10:02,Medio (4 - 8 mts),35,Mediano,-68.8364486558,-32.8739486656,4,Cuarta Oeste,1173332.70145,0
10802,Fresno europeo,01/04/2011 12:11,Muy bajo (1 - 2 mts),15,Chico,-68.8580668558,-32.8773380294,7,Residencial Parque,1786336.08966,0
27664,Paraiso,28/10/2011 11:39,Medio (4 - 8 mts),80,Grande,-68.8366482937,-32.8950875697,2,Barrio Civico,2366816.36021,0
27183,Fresno americano,26/10/2011 12:44,Alto (> 8 mts),180,Grande,-68.8363060936,-32.8909680654,3,Parque O'Higgins,1531146.02653,0
28736,Platano,11/03/2011 13:31,Alto (> 8 mts),194,Grande,-68.8479455926,-32.8868863522,1,Parque Central,1655357.93265,0
44274,Platano,13/10/2011 10:31,Alto (> 8 mts),120,Grande,-68.835284577,-32.8838136034,3,Parque O'Higgins,1531146.02653,0
35951,Morera,23/03/2011 10:05,Alto (> 8 mts),144,Grande,-68.854336599,-32.8753505974,6,Residencial Norte,2694682.37982,0
24928,Fresno europeo,09/02/2011 11:13,Medio (4 - 8 mts),100,Grande,-68.8378525211,-32.8975138613,2,Barrio Civico,2366816.36021,0
1182,Conifera,29/11/2011 10:01,Medio (4 - 8 mts),28,Mediano,-68.8761842265,-32.8651062239,8,Aeroparque,2203364.73622,0
20433,Morera,17/05/2011 10:54,Alto (> 8 mts),133,Grande,-68.8621456617,-32.8931769845,5,Residencial Sur,2423808.92355,0
32617,Platano,22/06/2011 11:14,Alto (> 8 mts),185,Grande,-68.8524109532,-32.8894748903,5,Residencial Sur,2423808.92355,0
39901,Morera,02/05/2011 11:54,Medio (4 - 8 mts),180,Grande,-68.8433654088,-32.8744966136,1,Parque Central,1655357.93265,0
11683,Paraiso,27/01/2011 10:17,Alto (> 8 mts),145,Grande,-68.8499457876,-32.8678052014,6,Residencial Norte,2694682.37982,0
39266,Paraiso,29/12/2010 10:09,Alto (> 8 mts),180,Grande,-68.8555814609,-32.8713803027,6,Residencial Norte,2694682.37982,0
42765,Morera,30/09/2011 15:38,Medio (4 - 8 mts),130,Grande,-68.8308314101,-32.8787401472,4,Cuarta Este Área Fundacional,1822015.85685,1
42246,Morera,28/04/2011 13:55,Alto (> 8 mts),110,Grande,-68.8389444774,-32.8744661471,1,Parque Central,1655357.93265,0
27024,Paraiso,28/10/2011 10:26,Medio (4 - 8 mts),128,Grande,-68.8383471478,-32.8914791904,3,Parque O'Higgins,1531146.02653,0
42065,Fresno europeo,12/04/2011 12:24,Medio (4 - 8 mts),56,Mediano,-68.8421556301,-32.8803570787,1,Parque Central,1655357.93265,0
41527,Morera,04/05/2011 09:35,Bajo (2 - 4 mts),74,Grande,-68.8388321884,-32.8779675017,1,Parque Central,1655357.93265,0
43516,Morera,20/10/2011 15:38,Bajo (2 - 4 mts),40,Mediano,-68.8307269432,-32.8814168611,3,Parque O'Higgins,1531146.02653,0
44624,Morera,25/08/2011 13:31,Alto (> 8 mts),128,Grande,-68.8240441893,-32.8671369872,4,Cuarta Este Área Fundacional,1822015.85685,1
23302,Paraiso,18/01/2012 17:03,Medio (4 - 8 mts),90,Grande,-68.8521877257,-32.9006819994,2,Barrio Civico,2366816.36021,0
8952,Morera,21/01/2011 13:47,Medio (4 - 8 mts),110,Grande,-68.8476242954,-32.8671065682,6,Residencial Norte,2694682.37982,0
44820,Morera,26/08/2011 10:20,Alto (> 8 mts),120,Grande,-68.8235757895,-32.8695599014,4,Cuarta Este Área Fundacional,1822015.85685,1
41173,Platano,18/04/2011 13:53,Alto (> 8 mts),220,Grande,-68.8369348371,-32.8807779747,1,Parque Central,1655357.93265,0
14620,Acer,13/12/2011 11:03,Medio (4 - 8 mts),90,Grande,-68.8798092892,-32.8664277359,8,Aeroparque,2203364.73622,0
41024,Platano,12/04/2011 09:20,Alto (> 8 mts),186,Grande,-68.8407058798,-32.8806486173,1,Parque Central,1655357.93265,0
1671,Morera,23/11/2011 08:09,Medio (4 - 8 mts),66,Grande,-68.8720944718,-32.8788866626,7,Residencial Parque,1786336.08966,0
18860,Morera,27/07/2011 09:20,Alto (> 8 mts),170,Grande,-68.840240989,-32.8699710111,4,Cuarta Oeste,1173332.70145,0
33563,Fresno americano,30/05/2011 09:57,Medio (4 - 8 mts),50,Mediano,-68.854046005,-32.8886843123,5,Residencial Sur,2423808.92355,0
22572,Fresno europeo,16/06/2011 10:08,Alto (> 8 mts),108,Grande,-68.8612820354,-32.9002568139,5,Residencial Sur,2423808.92355,0
6292,Morera,30/06/2011 09:19,Alto (> 8 mts),83,Grande,-68.861591641,-32.8888856826,5,Residencial Sur,2423808.92355,0
37919,Fresno europeo,19/11/2010 10:11,Alto (> 8 mts),89,Grande,-68.848964609,-32.8733036029,6,Residencial Norte,2694682.37982,0
29736,Platano,15/03/2011 09:38,Alto (> 8 mts),220,Grande,-68.8411340912,-32.8926587791,2,Barrio Civico,2366816.36021,0
40044,Morera,18/04/2011 13:01,Alto (> 8 mts),120,Grande,-68.8431266074,-32.8790627477,1,Parque Central,1655357.93265,0
44938,Morera,23/08/2011 10:09,Medio (4 - 8 mts),122,Grande,-68.8246309962,-32.868650674,4,Cuarta Este Área Fundacional,1822015.85685,0
42470,Morera,30/09/2011 15:10,Alto (> 8 mts),125,Grande,-68.8321114356,-32.8764382264,4,Cuarta Este Área Fundacional,1822015.85685,0
38111,Fresno europeo,03/12/2010 10:33,Medio (4 - 8 mts),90,Grande,-68.8468716466,-32.8728356561,6,Residencial Norte,2694682.37982,0
9568,Fresno europeo,10/02/2011 12:34,Medio (4 - 8 mts),104,Grande,-68.8551107217,-32.8644563618,6,Residencial Norte,2694682.37982,0
43283,Morera,21/10/2011 17:22,Medio (4 - 8 mts),100,Grande,-68.8338314508,-32.8800182608,1,Parque Central,1655357.93265,1
35859,Morera,29/03/2011 10:30,Alto (> 8 mts),149,Grande,-68.8525207849,-32.8759450302,6,Residencial Norte,2694682.37982,1
47520,Morera,29/08/2011 13:38,Medio (4 - 8 mts),52,Mediano,-68.8261209649,-32.8711219529,4,Cuarta Este Área Fundacional,1822015.85685,0
38711,Paraiso,15/12/2010 12:51,Alto (> 8 mts),185,Grande,-68.8505556936,-32.8704562619,6,Residencial Norte,2694682.37982,0
10853,Fresno europeo,17/03/2011 09:57,Bajo (2 - 4 mts),40,Mediano,-68.8530431811,-32.8784682734,6,Residencial Norte,2694682.37982,0
28486,Morera,25/02/2011 11:05,Alto (> 8 mts),165,Grande,-68.8472048267,-32.889385591999996,2,Barrio Civico,2366816.36021,0
32489,Olmo comun,27/05/2011 10:53,Alto (> 8 mts),153,Grande,-68.8528997924,-32.8892127132,5,Residencial Sur,2423808.92355,0
39686,Morera,30/08/2010 11:33,Medio (4 - 8 mts),50,Mediano,-68.8462202022,-32.8692798749,6,Residencial Norte,2694682.37982,0
5645,Platano,02/05/2011 13:12,Bajo (2 - 4 mts),22,Mediano,-68.8393357909,-32.8766143779,1,Parque Central,1655357.93265,0
32290,Acacia SP,28/06/2011 10:09,Medio (4 - 8 mts),120,Grande,-68.8509060455,-32.8908388073,5,Residencial Sur,2423808.92355,0
28484,Morera,25/02/2011 11:12,Alto (> 8 mts),108,Grande,-68.8472450181,-32.8895680534,2,Barrio Civico,2366816.36021,0
18130,Morera,28/07/2011 09:16,Alto (> 8 mts),185,Grande,-68.8417536845,-32.8692643435,4,Cuarta Oeste,1173332.70145,1
31419,Morera,14/07/2011 10:23,Medio (4 - 8 mts),95,Grande,-68.8503448904,-32.8850935479,1,Parque Central,1655357.93265,1
47166,Olmo comun,21/09/2011 10:26,Medio (4 - 8 mts),145,Grande,-68.8338778548,-32.8738642941,4,Cuarta Este Área Fundacional,1822015.85685,0
26019,Morera,09/11/2011 17:12,Medio (4 - 8 mts),124,Grande,-68.8325742785,-32.8864102761,3,Parque O'Higgins,1531146.02653,1
20520,Morera,03/06/2011 10:01,Alto (> 8 mts),140,Grande,-68.859023522,-32.8980719399,5,Residencial Sur,2423808.92355,0
9478,Morera,01/02/2011 13:03,Alto (> 8 mts),220,Grande,-68.8513681082,-32.8637834599,6,Residencial Norte,2694682.37982,1
34116,Morera,09/03/2011 13:40,Alto (> 8 mts),180,Grande,-68.8554759529,-32.873208274,6,Residencial Norte,2694682.37982,0
1502,Paraiso sombrilla,24/11/2011 11:17,Bajo (2 - 4 mts),60,Mediano,-68.871939886,-32.8762517814,7,Residencial Parque,1786336.08966,0
27545,Fresno europeo,27/10/2011 09:05,Alto (> 8 mts),150,Grande,-68.8357661662,-32.8919911079,3,Parque O'Higgins,1531146.02653,0
43708,Platano,11/10/2011 09:25,Alto (> 8 mts),230,Grande,-68.8318900611,-32.8836670703,3,Parque O'Higgins,1531146.02653,0
9285,Acer,23/02/2011 09:28,Bajo (2 - 4 mts),24,Mediano,-68.8483462695,-32.8658600713,6,Residencial Norte,2694682.37982,0
41696,Morera,27/04/2011 14:04,Medio (4 - 8 mts),53,Mediano,-68.8385978282,-32.8776246463,1,Parque Central,1655357.93265,0
30170,Tilo,31/03/2011 16:08,Alto (> 8 mts),58,Mediano,-68.8411939936,-32.8875165016,3,Parque O'Higgins,1531146.02653,0
37100,Morera,06/04/2011 13:32,Alto (> 8 mts),148,Grande,-68.8588750459,-32.8765834256,7,Residencial Parque,1786336.08966,0
48221,Fresno europeo,02/09/2011 14:06,Alto (> 8 mts),120,Grande,-68.8303185983,-32.8708280842,4,Cuarta Este Área Fundacional,1822015.85685,1
25713,Morera,04/02/2011 08:59,Alto (> 8 mts),138,Grande,-68.841395365,-32.9023129058,2,Barrio Civico,2366816.36021,0
20231,Morera,26/05/2011 12:29,Alto (> 8 mts),122,Grande,-68.8601371261,-32.893654454,5,Residencial Sur,2423808.92355,1
29424,Fresno europeo,09/03/2011 17:52,Bajo (2 - 4 mts),6,Chico,-68.8463457775,-32.8917566662,2,Barrio Civico,2366816.36021,0
31830,Morera,03/01/2012 09:05,Medio (4 - 8 mts),60,Mediano,-68.8590220544,-32.8901737844,5,Residencial Sur,2423808.92355,1
17350,Morera,05/08/2011 07:37,Alto (> 8 mts),210,Grande,-68.8355104297,-32.8655270894,4,Cuarta Oeste,1173332.70145,0
21501,Platano,11/05/2011 11:00,Alto (> 8 mts),140,Grande,-68.8534235672,-32.8945375456,5,Residencial Sur,2423808.92355,1
4631,Paraiso,04/08/2011 11:08,Alto (> 8 mts),127,Grande,-68.8344300841,-32.8637239956,4,Cuarta Oeste,1173332.70145,1
29031,Platano,20/04/2011 10:21,Alto (> 8 mts),170,Grande,-68.8447789009,-32.8873222388,1,Parque Central,1655357.93265,0
12711,Fresno europeo,20/01/2011 08:43,Alto (> 8 mts),130,Grande,-68.8471112532,-32.8632113712,4,Cuarta Oeste,1173332.70145,0
27752,Morera,31/10/2011 09:15,Medio (4 - 8 mts),100,Grande,-68.8350146891,-32.8958941089,2,Barrio Civico,2366816.36021,0
17698,Catalpa,15/07/2011 10:25,Medio (4 - 8 mts),150,Grande,-68.8422065699,-32.8704233648,4,Cuarta Oeste,1173332.70145,0
32843,Fresno europeo,13/06/2011 09:41,Medio (4 - 8 mts),100,Grande,-68.849729989,-32.8864166751,5,Residencial Sur,2423808.92355,0
6957,Fresno europeo,06/06/2011 10:52,Alto (> 8 mts),128,Grande,-68.8593628339,-32.8963469747,5,Residencial Sur,2423808.92355,0
16022,Morera,10/08/2011 14:31,Alto (> 8 mts),210,Grande,-68.8436280823,-32.8706969646,4,Cuarta Oeste,1173332.70145,1
10782,Paraiso,31/03/2011 10:11,Alto (> 8 mts),170,Grande,-68.8499526182,-32.8777265437,6,Residencial Norte,2694682.37982,0
35352,Fresno europeo,22/06/2011 13:17,Medio (4 - 8 mts),110,Grande,-68.8530566945,-32.8837650538,5,Residencial Sur,2423808.92355,0
4426,Fresno americano,12/08/2011 10:54,Medio (4 - 8 mts),105,Grande,-68.8336799103,-32.8684671469,4,Cuarta Oeste,1173332.70145,0
31818,Perenne,03/01/2012 09:38,Bajo (2 - 4 mts),40,Mediano,-68.8590941295,-32.8893217371,5,Residencial Sur,2423808.92355,0
24503,Olmo comun,10/01/2011 12:09,Alto (> 8 mts),154,Grande,-68.8471865594,-32.9027643155,2,Barrio Civico,2366816.36021,0
3198,Fresno europeo,26/09/2011 09:15,Medio (4 - 8 mts),40,Mediano,-68.8266699791,-32.874367401,4,Cuarta Este Área Fundacional,1822015.85685,0
11188,Paraiso sombrilla,27/01/2011 08:16,Medio (4 - 8 mts),90,Grande,-68.8445789981,-32.9018653483,2,Barrio Civico,2366816.36021,0
36567,Fresno europeo,09/06/2011 10:20,Bajo (2 - 4 mts),60,Mediano,-68.858602566,-32.8831680339,7,Residencial Parque,1786336.08966,0
4026,Morera,21/09/2011 12:17,Alto (> 8 mts),145,Grande,-68.8305265108,-32.8740233378,4,Cuarta Este Área Fundacional,1822015.85685,1
9740,Catalpa,19/01/2011 13:27,Medio (4 - 8 mts),60,Mediano,-68.8485827877,-32.8629740816,6,Residencial Norte,2694682.37982,0
33966,Morera,24/05/2011 10:39,Medio (4 - 8 mts),80,Grande,-68.8514820549,-32.884969478,5,Residencial Sur,2423808.92355,0
9316,Morera,16/02/2011 13:25,Medio (4 - 8 mts),88,Grande,-68.8463758419,-32.8656091294,4,Cuarta Oeste,1173332.70145,0
47616,Morera,08/09/2011 10:54,Alto (> 8 mts),190,Grande,-68.8297060211,-32.8709995655,4,Cuarta Este Área Fundacional,1822015.85685,0
45152,Morera,01/09/2011 09:41,Medio (4 - 8 mts),30,Mediano,-68.82446709,-32.87103813,4,Cuarta Este Área Fundacional,1822015.85685,0
12131,Paraiso,20/01/2011 12:54,Alto (> 8 mts),160,Grande,-68.8480504347,-32.8677040329,6,Residencial Norte,2694682.37982,0
8680,Morera,02/02/2011 12:47,Alto (> 8 mts),135,Grande,-68.8404592678,-32.9028113628,2,Barrio Civico,2366816.36021,0
638,Fresno europeo,08/03/2012 11:30,Muy bajo (1 - 2 mts),8,Chico,-68.817932873,-32.8687117022,4,Cuarta Este Área Fundacional,1822015.85685,0
15829,Paraiso sombrilla,24/11/2011 11:16,Bajo (2 - 4 mts),50,Mediano,-68.8719299374,-32.8762207484,7,Residencial Parque,1786336.08966,0
32234,Morera,09/05/2011 11:31,Medio (4 - 8 mts),120,Grande,-68.8608061186,-32.8849433236,5,Residencial Sur,2423808.92355,0
30028,Platano,03/05/2011 10:00,Alto (> 8 mts),174,Grande,-68.8407234897,-32.8859650526,3,Parque O'Higgins,1531146.02653,0
46672,Morera,02/09/2011 10:42,Medio (4 - 8 mts),90,Grande,-68.8310837911,-32.8707498609,4,Cuarta Este Área Fundacional,1822015.85685,0
43710,Platano,11/10/2011 09:17,Alto (> 8 mts),170,Grande,-68.8321837917,-32.8836597841,3,Parque O'Higgins,1531146.02653,0
36982,Platano,07/04/2011 16:35,Alto (> 8 mts),180,Grande,-68.857152896,-32.8790694541,7,Residencial Parque,1786336.08966,0
7440,Morera,17/06/2011 09:49,Bajo (2 - 4 mts),33,Mediano,-68.8610703345,-32.8994851376,5,Residencial Sur,2423808.92355,0
42501,Fresno europeo,30/09/2011 08:50,Medio (4 - 8 mts),70,Grande,-68.8314741367,-32.8753686824,4,Cuarta Este Área Fundacional,1822015.85685,0
42937,Fresno europeo,29/09/2011 10:16,Muy bajo (1 - 2 mts),8,Chico,-68.8346710952,-32.8775204261,1,Parque Central,1655357.93265,0
29711,Platano,02/03/2011 18:00,Alto (> 8 mts),192,Grande,-68.8427933462,-32.8936871619,2,Barrio Civico,2366816.36021,0
10851,Morera,17/03/2011 10:11,Muy bajo (1 - 2 mts),8,Chico,-68.8529781398,-32.8781960632,6,Residencial Norte,2694682.37982,0
41535,Morera,06/05/2011 10:28,Medio (4 - 8 mts),42,Mediano,-68.8390631018,-32.8787149843,1,Parque Central,1655357.93265,0
6099,Acacia SP,05/05/2011 10:24,Medio (4 - 8 mts),54,Mediano,-68.8398982847,-32.8870326256,3,Parque O'Higgins,1531146.02653,0
39099,Morera,23/12/2010 10:50,Alto (> 8 mts),230,Grande,-68.8539934035,-32.8712291846,6,Residencial Norte,2694682.37982,0
34286,Paraiso sombrilla,04/03/2011 12:35,Bajo (2 - 4 mts),60,Mediano,-68.8520215571,-32.8740134633,6,Residencial Norte,2694682.37982,0
9179,Fresno americano,02/03/2011 09:59,Medio (4 - 8 mts),57,Mediano,-68.8511157122,-32.865109257,6,Residencial Norte,2694682.37982,0
38087,Paraiso,03/12/2010 14:11,Alto (> 8 mts),180,Grande,-68.8472374019,-32.8727309234,6,Residencial Norte,2694682.37982,0
24770,Platano,15/02/2011 12:15,Alto (> 8 mts),254,Grande,-68.8405912462,-32.8956600499,2,Barrio Civico,2366816.36021,0
24678,Prunas,20/01/2011 11:33,Bajo (2 - 4 mts),57,Mediano,-68.8433892301,-32.8964596881,2,Barrio Civico,2366816.36021,0
42520,Jacaranda,28/09/2011 11:45,Medio (4 - 8 mts),101,Grande,-68.8295125253,-32.87659086,4,Cuarta Este Área Fundacional,1822015.85685,1
35554,Aguaribay,16/06/2011 09:47,Medio (4 - 8 mts),130,Grande,-68.8567157274,-32.8835823811,5,Residencial Sur,2423808.92355,0
6382,Acacia SP,23/05/2011 10:05,Alto (> 8 mts),95,Grande,-68.8510682472,-32.8882041203,5,Residencial Sur,2423808.92355,0
4913,Morera,20/07/2011 10:19,Medio (4 - 8 mts),60,Mediano,-68.8429656707,-32.8658535567,4,Cuarta Oeste,1173332.70145,0
24706,Fresno europeo,14/02/2011 15:05,Bajo (2 - 4 mts),38,Mediano,-68.8347653021,-32.8979221384,2,Barrio Civico,2366816.36021,0
37272,Morera,15/03/2011 09:39,Alto (> 8 mts),104,Grande,-68.8576376693,-32.8730834815,6,Residencial Norte,2694682.37982,0
7843,Fresno europeo,10/06/2011 11:18,Muy bajo (1 - 2 mts),12,Chico,-68.8493296509,-32.8854934197,1,Parque Central,1655357.93265,0
3467,Morera,19/08/2011 13:25,Alto (> 8 mts),100,Grande,-68.8248907819,-32.8665322905,4,Cuarta Este Área Fundacional,1822015.85685,0
26293,Morera,21/10/2011 10:07,Alto (> 8 mts),130,Grande,-68.8309919143,-32.8901121443,3,Parque O'Higgins,1531146.02653,1
14763,Fresno europeo,05/12/2011 11:01,Muy bajo (1 - 2 mts),8,Chico,-68.8783803995,-32.8693489441,8,Aeroparque,2203364.73622,0
5473,Morera,12/04/2011 10:37,Bajo (2 - 4 mts),50,Mediano,-68.8430329913,-32.879524454,1,Parque Central,1655357.93265,0
14326,Paraiso sombrilla,01/12/2011 12:34,Bajo (2 - 4 mts),42,Mediano,-68.8783247397,-32.8670694766,8,Aeroparque,2203364.73622,0
25024,Fresno europeo,15/02/2011 09:00,Alto (> 8 mts),85,Grande,-68.8354353611,-32.8969985903,2,Barrio Civico,2366816.36021,0
41212,Platano,18/04/2011 09:50,Alto (> 8 mts),204,Grande,-68.8372620336,-32.8820487848,1,Parque Central,1655357.93265,0
33784,Platano,13/05/2011 11:05,Medio (4 - 8 mts),150,Grande,-68.8554967956,-32.8854814805,5,Residencial Sur,2423808.92355,0
40041,Fresno europeo,18/04/2011 13:18,Muy bajo (1 - 2 mts),12,Chico,-68.8430513566,-32.8787717671,1,Parque Central,1655357.93265,0
45951,Morera,24/08/2011 13:50,Alto (> 8 mts),105,Grande,-68.8190205655,-32.8697523287,4,Cuarta Este Área Fundacional,1822015.85685,0
24353,Catalpa,26/01/2011 10:31,Medio (4 - 8 mts),91,Grande,-68.8446741934,-32.9027332357,2,Barrio Civico,2366816.36021,0
1020,Aguaribay,14/12/2011 11:10,Medio (4 - 8 mts),100,Grande,-68.8812516947,-32.8651691074,8,Aeroparque,2203364.73622,0
35134,Fresno americano,28/03/2011 10:03,Medio (4 - 8 mts),83,Grande,-68.8531553633,-32.8800019419,6,Residencial Norte,2694682.37982,0
14444,Morera,02/12/2011 08:49,Medio (4 - 8 mts),72,Grande,-68.877920668,-32.8676259817,8,Aeroparque,2203364.73622,0
5952,Morera,02/05/2011 11:07,Alto (> 8 mts),160,Grande,-68.8447499088,-32.8751571865,1,Parque Central,1655357.93265,0
42120,Acer,04/05/2011 10:37,Medio (4 - 8 mts),60,Mediano,-68.8421242169,-32.8775488024,1,Parque Central,1655357.93265,0
35267,Ailanthus,24/06/2011 10:13,Medio (4 - 8 mts),110,Grande,-68.8520348686,-32.8827101392,1,Parque Central,1655357.93265,0
30890,Morera,18/02/2011 11:58,Medio (4 - 8 mts),75,Grande,-68.8548120986,-32.8654531707,6,Residencial Norte,2694682.37982,0
29780,Morera,09/03/2011 10:00,Alto (> 8 mts),210,Grande,-68.8429073249,-32.8912179346,2,Barrio Civico,2366816.36021,0
21850,Morera,07/06/2011 11:21,Alto (> 8 mts),104,Grande,-68.8575793809,-32.8961001092,5,Residencial Sur,2423808.92355,0
34612,Fresno europeo,17/01/2012 11:52,Medio (4 - 8 mts),80,Grande,-68.8473064962,-32.8748730764,6,Residencial Norte,2694682.37982,0
10921,Fresno americano,29/03/2011 10:30,Muy bajo (1 - 2 mts),8,Chico,-68.8516175857,-32.8801525285,1,Parque Central,1655357.93265,0
32370,Morera,13/07/2011 11:11,Alto (> 8 mts),184,Grande,-68.8524064769,-32.8916699973,5,Residencial Sur,2423808.92355,0
30592,Fresno americano,11/02/2011 09:07,Medio (4 - 8 mts),50,Mediano,-68.8576292302,-32.865314690700004,6,Residencial Norte,2694682.37982,0
20008,Morera,11/08/2011 10:04,Medio (4 - 8 mts),60,Mediano,-68.8336023319,-32.8666249971,4,Cuarta Oeste,1173332.70145,1
27978,Morera,31/10/2011 09:29,Medio (4 - 8 mts),50,Mediano,-68.8368126059,-32.8930608437,3,Parque O'Higgins,1531146.02653,0
17556,Morera,28/07/2011 10:11,Alto (> 8 mts),200,Grande,-68.8405563009,-32.8670694032,4,Cuarta Oeste,1173332.70145,0
7353,Fresno americano,23/06/2011 09:53,Medio (4 - 8 mts),42,Mediano,-68.8624790906,-32.901521095,5,Residencial Sur,2423808.92355,1
14410,Morera,02/12/2011 10:00,Medio (4 - 8 mts),100,Grande,-68.8787087704,-32.8675172383,8,Aeroparque,2203364.73622,0
46045,Fresno europeo,19/09/2011 13:33,Medio (4 - 8 mts),180,Grande,-68.8210388945,-32.8728560464,4,Cuarta Este Área Fundacional,1822015.85685,0
31852,Morera,30/06/2011 09:24,Alto (> 8 mts),148,Grande,-68.8616485952,-32.8891777937,5,Residencial Sur,2423808.92355,0
13491,Morera,31/01/2011 12:48,Alto (> 8 mts),140,Grande,-68.8520296361,-32.8634410614,6,Residencial Norte,2694682.37982,0
27681,Fresno americano,28/10/2011 11:04,Alto (> 8 mts),60,Mediano,-68.8369056608,-32.8949088452,2,Barrio Civico,2366816.36021,1
46431,Morera,16/08/2011 13:09,Alto (> 8 mts),150,Grande,-68.8320908545,-32.866778712,4,Cuarta Oeste,1173332.70145,0
47699,Morera,09/09/2011 13:51,Alto (> 8 mts),205,Grande,-68.8304982751,-32.8724238752,4,Cuarta Este Área Fundacional,1822015.85685,0
38110,Acer,03/12/2010 10:32,Alto (> 8 mts),110,Grande,-68.8469310569,-32.8728272908,6,Residencial Norte,2694682.37982,0
36751,Morera,21/03/2011 16:24,Alto (> 8 mts),104,Grande,-68.8573810961,-32.880570132,7,Residencial Parque,1786336.08966,1
46361,Morera,19/09/2011 13:43,Alto (> 8 mts),115,Grande,-68.8249874787,-32.8742865794,4,Cuarta Este Área Fundacional,1822015.85685,0
39663,Morera,22/10/2010 09:29,Alto (> 8 mts),190,Grande,-68.8471657629,-32.8686825789,6,Residencial Norte,2694682.37982,0
3265,Fresno europeo,04/10/2011 09:43,Alto (> 8 mts),135,Grande,-68.8342443565,-32.8788035386,1,Parque Central,1655357.93265,1
7941,Fresno americano,01/03/2011 12:07,Alto (> 8 mts),100,Grande,-68.8478024957,-32.8878717248,5,Residencial Sur,2423808.92355,0
24685,Morera,14/01/2011 13:20,Alto (> 8 mts),140,Grande,-68.8426716189,-32.8964681649,2,Barrio Civico,2366816.36021,1
10698,Paraiso sombrilla,29/03/2011 12:08,Medio (4 - 8 mts),134,Grande,-68.8494484263,-32.8751720126,6,Residencial Norte,2694682.37982,1
38279,Morera,02/12/2010 11:59,Alto (> 8 mts),180,Grande,-68.8455936013,-32.8717350651,6,Residencial Norte,2694682.37982,0
3445,Fresno europeo,17/08/2011 10:16,Medio (4 - 8 mts),176,Grande,-68.8289074903,-32.8671812335,4,Cuarta Este Área Fundacional,1822015.85685,0
40179,Platano,14/04/2011 12:48,Alto (> 8 mts),180,Grande,-68.846125256,-32.8826956288,1,Parque Central,1655357.93265,0
26533,Morera,21/10/2011 13:47,Medio (4 - 8 mts),110,Grande,-68.831288763,-32.8901918939,3,Parque O'Higgins,1531146.02653,0
20711,Acacia SP,31/05/2011 11:18,Alto (> 8 mts),128,Grande,-68.8620109316,-32.8972864733,5,Residencial Sur,2423808.92355,0
22634,Caducifolio,22/06/2011 09:31,Muy bajo (1 - 2 mts),7,Chico,-68.8612835652,-32.9014832369,5,Residencial Sur,2423808.92355,0
42203,Morera,04/05/2011 10:34,Medio (4 - 8 mts),120,Grande,-68.8412324637,-32.8730992621,4,Cuarta Oeste,1173332.70145,0
36151,Perenne,04/04/2011 13:31,Medio (4 - 8 mts),75,Grande,-68.8513396702,-32.8770130669,6,Residencial Norte,2694682.37982,0
6503,Tilo,09/06/2011 10:07,Medio (4 - 8 mts),70,Grande,-68.8612547632,-32.8872806986,5,Residencial Sur,2423808.92355,0
39944,Morera,28/04/2011 10:13,Medio (4 - 8 mts),180,Grande,-68.8449296949,-32.8763371935,1,Parque Central,1655357.93265,0
20771,Morera,31/05/2011 11:25,Alto (> 8 mts),118,Grande,-68.8613459279,-32.8957286438,5,Residencial Sur,2423808.92355,1
11048,Conifera,04/04/2011 10:16,Muy bajo (1 - 2 mts),22,Mediano,-68.8567668413,-32.8804795611,7,Residencial Parque,1786336.08966,0
9418,Liquidambar,14/02/2011 11:20,Bajo (2 - 4 mts),30,Mediano,-68.8564453367,-32.8655699026,6,Residencial Norte,2694682.37982,0
3073,Morera,08/09/2011 15:36,Bajo (2 - 4 mts),68,Grande,-68.8280659328,-32.871158847,4,Cuarta Este Área Fundacional,1822015.85685,1
47586,Morera,16/09/2011 08:50,Alto (> 8 mts),113,Grande,-68.8259854098,-32.8715949824,4,Cuarta Este Área Fundacional,1822015.85685,0
43889,Platano,11/10/2011 09:40,Alto (> 8 mts),280,Grande,-68.8331964698,-32.8837339216,3,Parque O'Higgins,1531146.02653,0
7478,Morera,16/06/2011 09:55,Alto (> 8 mts),150,Grande,-68.8612367483,-32.8997721303,5,Residencial Sur,2423808.92355,1
11739,Fresno europeo,02/06/2010 10:51,Medio (4 - 8 mts),50,Mediano,-68.8508139662,-32.867678374,6,Residencial Norte,2694682.37982,0
44423,Fresno europeo,18/10/2011 10:39,Medio (4 - 8 mts),100,Grande,-68.8367374703,-32.8840148726,3,Parque O'Higgins,1531146.02653,0
16006,Morera,11/08/2011 08:54,Medio (4 - 8 mts),78,Grande,-68.84373436,-32.8720957613,4,Cuarta Oeste,1173332.70145,0
17810,Paraiso,21/07/2011 12:47,Alto (> 8 mts),91,Grande,-68.8431817826,-32.869392151,4,Cuarta Oeste,1173332.70145,0
24042,Morera,21/01/2011 13:04,Alto (> 8 mts),166,Grande,-68.8464186856,-32.9015814396,2,Barrio Civico,2366816.36021,0
22033,Morera,16/05/2011 10:12,Alto (> 8 mts),140,Grande,-68.8570933883,-32.8931099077,5,Residencial Sur,2423808.92355,0
21796,Morera,13/05/2011 10:51,Medio (4 - 8 mts),65,Grande,-68.8569425684,-32.8933439415,5,Residencial Sur,2423808.92355,1
28075,Morera,21/02/2011 18:12,Medio (4 - 8 mts),108,Grande,-68.8501871357,-32.8919637099,5,Residencial Sur,2423808.92355,0
23662,Fresno americano,20/01/2011 19:20,Medio (4 - 8 mts),68,Grande,-68.8484882958,-32.900787592,2,Barrio Civico,2366816.36021,0
15116,Morera,18/11/2011 09:02,Medio (4 - 8 mts),80,Grande,-68.8590479661,-32.8690497458,6,Residencial Norte,2694682.37982,0
3379,Caducifolio,28/09/2011 12:01,Muy bajo (1 - 2 mts),8,Chico,-68.8294020701,-32.8758676055,4,Cuarta Este Área Fundacional,1822015.85685,0
37152,Fresno europeo,07/04/2011 11:12,Muy bajo (1 - 2 mts),15,Chico,-68.8584450379,-32.8788184877,7,Residencial Parque,1786336.08966,0
37444,Alamo blanco,05/01/2011 13:08,Alto (> 8 mts),197,Grande,-68.8578719177,-32.8711910013,6,Residencial Norte,2694682.37982,0
2119,Fresno europeo,19/10/2011 09:54,Bajo (2 - 4 mts),36,Mediano,-68.8302332979,-32.8885828526,3,Parque O'Higgins,1531146.02653,0
23206,Morera,24/01/2011 09:34,Medio (4 - 8 mts),110,Grande,-68.8511341517,-32.9018197355,2,Barrio Civico,2366816.36021,0
8273,Fresno americano,14/03/2011 17:13,Bajo (2 - 4 mts),32,Mediano,-68.8465944813,-32.8920950309,2,Barrio Civico,2366816.36021,0
42991,Platano,05/10/2011 12:28,Alto (> 8 mts),220,Grande,-68.8335981982,-32.8777174615,4,Cuarta Este Área Fundacional,1822015.85685,0
24040,Morera,21/01/2011 13:10,Alto (> 8 mts),123,Grande,-68.8463911183,-32.9016378515,2,Barrio Civico,2366816.36021,0
3651,Morera,24/08/2011 11:41,Bajo (2 - 4 mts),46,Mediano,-68.8216520538,-32.8688901282,4,Cuarta Este Área Fundacional,1822015.85685,0
36550,Platano,04/04/2011 11:39,Alto (> 8 mts),38,Mediano,-68.8553735226,-32.87945149,6,Residencial Norte,2694682.37982,0
15758,Fresno americano,22/11/2011 09:14,Medio (4 - 8 mts),52,Mediano,-68.8727440241,-32.8785993738,7,Residencial Parque,1786336.08966,0
22502,Morera,27/06/2011 14:29,Alto (> 8 mts),140,Grande,-68.8590011343,-32.9003965629,5,Residencial Sur,2423808.92355,1
13549,Morera,28/01/2011 12:23,Medio (4 - 8 mts),130,Grande,-68.8508327732,-32.8646852115,6,Residencial Norte,2694682.37982,0
20475,Fresno europeo,02/06/2011 13:03,Medio (4 - 8 mts),64,Grande,-68.85963696,-32.8969629193,5,Residencial Sur,2423808.92355,0
15166,Paraiso,21/11/2011 12:30,Medio (4 - 8 mts),80,Grande,-68.8594963674,-32.8693363778,6,Residencial Norte,2694682.37982,0
43173,Morera,07/10/2011 13:58,Alto (> 8 mts),190,Grande,-68.830142505,-32.8802441389,4,Cuarta Este Área Fundacional,1822015.85685,1
11535,Morera,23/02/2011 08:56,Medio (4 - 8 mts),100,Grande,-68.8528157329,-32.8658309097,6,Residencial Norte,2694682.37982,0
235,Platano,06/03/2012 09:31,Alto (> 8 mts),170,Grande,-68.8381639122,-32.8704812818,4,Cuarta Oeste,1173332.70145,0
19078,Morera,27/07/2011 10:41,Alto (> 8 mts),150,Grande,-68.8430380557,-32.8727367154,4,Cuarta Oeste,1173332.70145,0
30584,Fresno europeo,09/02/2011 12:00,Medio (4 - 8 mts),49,Mediano,-68.8576082571,-32.8658747909,6,Residencial Norte,2694682.37982,0
31015,Paraiso,10/02/2011 10:11,Bajo (2 - 4 mts),20,Chico,-68.8556669533,-32.8641348777,6,Residencial Norte,2694682.37982,0
30517,Fresno europeo,04/04/2011 16:11,Alto (> 8 mts),38,Mediano,-68.8391588936,-32.8873864151,3,Parque O'Higgins,1531146.02653,0
26905,Morera,28/10/2011 16:42,Medio (4 - 8 mts),86,Grande,-68.836880403,-32.886909349,3,Parque O'Higgins,1531146.02653,0
43014,Fresno europeo,05/10/2011 11:13,Alto (> 8 mts),122,Grande,-68.8325384572,-32.8788129567,4,Cuarta Este Área Fundacional,1822015.85685,1
47819,Morera,23/09/2011 14:31,Alto (> 8 mts),160,Grande,-68.8261664304,-32.8735582123,4,Cuarta Este Área Fundacional,1822015.85685,1
8760,Fresno europeo,16/02/2011 13:44,Medio (4 - 8 mts),45,Mediano,-68.8395080053,-32.8964880176,2,Barrio Civico,2366816.36021,0
20561,Morera,03/06/2011 12:33,Bajo (2 - 4 mts),16,Chico,-68.8582214283,-32.897497648,5,Residencial Sur,2423808.92355,0
36824,Platano,07/04/2011 11:56,Alto (> 8 mts),180,Grande,-68.8583732756,-32.880387314,7,Residencial Parque,1786336.08966,1
15977,Tilo,10/08/2011 11:05,Medio (4 - 8 mts),62,Grande,-68.8438955992,-32.8717277522,4,Cuarta Oeste,1173332.70145,0
16493,Morera,04/08/2011 13:49,Alto (> 8 mts),164,Grande,-68.8418808846,-32.8655515481,4,Cuarta Oeste,1173332.70145,0
28149,Tipa,23/02/2011 16:18,Alto (> 8 mts),182,Grande,-68.8488995339,-32.892197522,2,Barrio Civico,2366816.36021,0
45413,Ligustro,09/09/2011 16:04,Medio (4 - 8 mts),50,Mediano,-68.8250738659,-32.8722134019,4,Cuarta Este Área Fundacional,1822015.85685,0
26707,Morera,09/11/2011 10:17,Alto (> 8 mts),140,Grande,-68.8328806577,-32.8931409382,3,Parque O'Higgins,1531146.02653,0
19275,Fresno americano,02/08/2011 10:34,Medio (4 - 8 mts),93,Grande,-68.8367333141,-32.8699600839,4,Cuarta Oeste,1173332.70145,0
34979,Morera,04/04/2011 10:09,Alto (> 8 mts),125,Grande,-68.8555953838,-32.8807298838,6,Residencial Norte,2694682.37982,0
29096,Morera,27/04/2011 11:45,Alto (> 8 mts),185,Grande,-68.8436605684,-32.8859502739,1,Parque Central,1655357.93265,0
27967,Morera,31/10/2011 09:50,Medio (4 - 8 mts),70,Grande,-68.8359729972,-32.8933298792,3,Parque O'Higgins,1531146.02653,0
20530,Morera,03/06/2011 09:27,Alto (> 8 mts),140,Grande,-68.8594112574,-32.8977629334,5,Residencial Sur,2423808.92355,0
31499,Olmo comun,19/05/2011 10:39,Alto (> 8 mts),190,Grande,-68.8586705246,-32.8905108611,5,Residencial Sur,2423808.92355,0
17131,Morera,15/08/2011 13:43,Alto (> 8 mts),110,Grande,-68.8365223545,-32.8624860206,4,Cuarta Oeste,1173332.70145,1
15904,Paraiso,24/11/2011 12:38,Muy bajo (1 - 2 mts),8,Chico,-68.8739465968,-32.8787325995,7,Residencial Parque,1786336.08966,0
32861,Fresno europeo,10/06/2011 11:11,Muy bajo (1 - 2 mts),5,Chico,-68.8494296207,-32.8854759661,1,Parque Central,1655357.93265,0
598,Alamo blanco,08/03/2012 09:24,Medio (4 - 8 mts),160,Grande,-68.8198247698,-32.8679699476,4,Cuarta Este Área Fundacional,1822015.85685,0
41130,Platano,27/04/2011 10:03,Alto (> 8 mts),162,Grande,-68.8399340297,-32.8836136838,1,Parque Central,1655357.93265,0
41643,Olmo comun,03/05/2011 11:43,Medio (4 - 8 mts),132,Grande,-68.837315984400007,-32.8777868233,1,Parque Central,1655357.93265,0
25564,Morera,08/02/2011 15:54,Medio (4 - 8 mts),98,Grande,-68.8386875377,-32.901244391,2,Barrio Civico,2366816.36021,0
40950,Platano,18/04/2011 15:33,Alto (> 8 mts),136,Grande,-68.8407233892,-32.8851251263,1,Parque Central,1655357.93265,0
46425,Morera,17/08/2011 12:38,Alto (> 8 mts),128,Grande,-68.8323275228,-32.8671623389,4,Cuarta Oeste,1173332.70145,0
9752,Jacaranda,19/01/2011 10:13,Alto (> 8 mts),72,Grande,-68.8466617009,-32.8643400294,4,Cuarta Oeste,1173332.70145,0
12097,Morera,05/05/2010 12:25,Alto (> 8 mts),140,Grande,-68.8534544935,-32.8684098995,6,Residencial Norte,2694682.37982,0
2026,Fresno americano,02/11/2011 08:39,Bajo (2 - 4 mts),20,Chico,-68.8329405759,-32.8943640752,3,Parque O'Higgins,1531146.02653,0
21944,Morera,02/06/2011 13:20,Alto (> 8 mts),93,Grande,-68.858060817,-32.8941266529,5,Residencial Sur,2423808.92355,0
34618,Jacaranda,17/01/2012 11:38,Bajo (2 - 4 mts),36,Mediano,-68.8471364243,-32.8745485871,6,Residencial Norte,2694682.37982,0
28714,Morera,01/03/2011 11:29,Alto (> 8 mts),170,Grande,-68.8475122047,-32.8911605918,2,Barrio Civico,2366816.36021,1
39096,Fresno europeo,23/12/2010 11:03,Alto (> 8 mts),95,Grande,-68.8540251698,-32.8714054128,6,Residencial Norte,2694682.37982,0
25381,Olmo comun,10/02/2011 08:36,Alto (> 8 mts),138,Grande,-68.8377186686,-32.8995981843,2,Barrio Civico,2366816.36021,0
46225,Palo borracho,30/09/2011 12:30,Muy bajo (1 - 2 mts),20,Chico,-68.8260461579,-32.8744111373,4,Cuarta Este Área Fundacional,1822015.85685,0
25247,Morera,08/02/2011 11:18,Alto (> 8 mts),98,Grande,-68.8394713341,-32.8987624078,2,Barrio Civico,2366816.36021,0
27173,Acacia SP,27/10/2011 09:35,Medio (4 - 8 mts),100,Grande,-68.8386827772,-32.8907211148,3,Parque O'Higgins,1531146.02653,0
5449,Acacia visco,14/04/2011 12:30,Bajo (2 - 4 mts),68,Grande,-68.84455408,-32.8793639092,1,Parque Central,1655357.93265,0
21586,Morera,12/05/2011 10:32,Medio (4 - 8 mts),65,Grande,-68.8542897772,-32.8936347036,5,Residencial Sur,2423808.92355,1
13828,Paraiso sombrilla,25/01/2011 10:03,Muy bajo (1 - 2 mts),6,Chico,-68.8491557852,-32.8634073217,6,Residencial Norte,2694682.37982,0
25235,Morera,09/02/2011 09:11,Alto (> 8 mts),170,Grande,-68.8386249368,-32.8974532444,2,Barrio Civico,2366816.36021,0
23432,Morera,27/01/2011 15:21,Alto (> 8 mts),122,Grande,-68.8498019767,-32.9032134703,2,Barrio Civico,2366816.36021,0
41875,Conifera,04/05/2011 11:35,Alto (> 8 mts),75,Grande,-68.841342652,-32.8777653055,1,Parque Central,1655357.93265,0
39863,Morera,05/05/2011 10:07,Alto (> 8 mts),150,Grande,-68.8446222256,-32.8751982435,1,Parque Central,1655357.93265,0
32499,Paraiso,27/05/2011 12:29,Medio (4 - 8 mts),60,Mediano,-68.8526816864,-32.8884259107,5,Residencial Sur,2423808.92355,0
45278,Fresno europeo,16/09/2011 10:03,Alto (> 8 mts),175,Grande,-68.8242517544,-32.8712708524,4,Cuarta Este Área Fundacional,1822015.85685,0
1429,Tilo,22/11/2011 17:23,Bajo (2 - 4 mts),28,Mediano,-68.8712028305,-32.8784225792,7,Residencial Parque,1786336.08966,0
32021,Morera,03/06/2011 09:45,Alto (> 8 mts),148,Grande,-68.8572177191,-32.8876919647,5,Residencial Sur,2423808.92355,1
38666,Paraiso,16/12/2010 11:42,Alto (> 8 mts),195,Grande,-68.8517255679,-32.870997778,6,Residencial Norte,2694682.37982,0
45770,Caducifolio,24/08/2011 09:55,Muy bajo (1 - 2 mts),2,Chico,-68.8210956947,-32.8695798232,4,Cuarta Este Área Fundacional,1822015.85685,0
28338,Morera,11/03/2011 10:22,Alto (> 8 mts),186,Grande,-68.8473971776,-32.8890811308,2,Barrio Civico,2366816.36021,0
24929,Fresno europeo,09/02/2011 11:08,Medio (4 - 8 mts),91,Grande,-68.837737008,-32.8975341329,2,Barrio Civico,2366816.36021,0
14311,Aguaribay,06/12/2011 09:34,Bajo (2 - 4 mts),25,Mediano,-68.8769661067,-32.8676157194,8,Aeroparque,2203364.73622,0
13674,Morera,28/02/2011 11:32,Alto (> 8 mts),110,Grande,-68.8526756039,-32.8649876633,6,Residencial Norte,2694682.37982,0
19342,Morera,19/07/2011 10:55,Alto (> 8 mts),160,Grande,-68.8363991235,-32.870533646,4,Cuarta Oeste,1173332.70145,0
10499,Morera,10/03/2011 08:56,Bajo (2 - 4 mts),26,Mediano,-68.8510033206,-32.8740110012,6,Residencial Norte,2694682.37982,0
29216,Platano,03/03/2011 09:52,Alto (> 8 mts),250,Grande,-68.845467509,-32.8878454805,1,Parque Central,1655357.93265,0
33953,Fresno europeo,24/05/2011 11:16,Medio (4 - 8 mts),100,Grande,-68.8528333878,-32.8850328414,5,Residencial Sur,2423808.92355,0
12125,Fresno europeo,20/01/2011 11:24,Alto (> 8 mts),55,Mediano,-68.8475856639,-32.8677433017,6,Residencial Norte,2694682.37982,0
17326,Morera,08/08/2011 10:22,Medio (4 - 8 mts),91,Grande,-68.8343128331,-32.8655053336,4,Cuarta Oeste,1173332.70145,1
36337,Morera,18/03/2011 10:08,Alto (> 8 mts),120,Grande,-68.8523134967,-32.8789185537,6,Residencial Norte,2694682.37982,0
36683,Morera,07/06/2011 09:48,Medio (4 - 8 mts),130,Grande,-68.8588683533,-32.8834957703,5,Residencial Sur,2423808.92355,0
23879,Paraiso,28/02/2012 13:15,Medio (4 - 8 mts),125,Grande,-68.8524031746,-32.9005547378,2,Barrio Civico,2366816.36021,0
25819,Morera,01/02/2011 13:20,Medio (4 - 8 mts),69,Grande,-68.8405955511,-32.9029826809,2,Barrio Civico,2366816.36021,0
2701,Fresno europeo,11/10/2011 12:12,Medio (4 - 8 mts),80,Grande,-68.829764474,-32.8829044987,3,Parque O'Higgins,1531146.02653,0
42250,Fresno europeo,28/04/2011 13:41,Medio (4 - 8 mts),35,Mediano,-68.8384627811,-32.8747889355,1,Parque Central,1655357.93265,0
28503,Morera,25/02/2011 09:14,Alto (> 8 mts),175,Grande,-68.8483986569,-32.8895867715,5,Residencial Sur,2423808.92355,1
33157,Morera,09/06/2011 09:01,Alto (> 8 mts),110,Grande,-68.8529037936,-32.8917707458,5,Residencial Sur,2423808.92355,1
10428,Fresno europeo,10/03/2011 12:16,Muy bajo (1 - 2 mts),7,Chico,-68.856879662,-32.8733744895,6,Residencial Norte,2694682.37982,0
33941,Fresno americano,24/05/2011 11:57,Bajo (2 - 4 mts),80,Grande,-68.8527543447,-32.8842024699,5,Residencial Sur,2423808.92355,0
37961,Acer,26/08/2010 08:50,Bajo (2 - 4 mts),110,Grande,-68.8476140222,-32.8742214222,6,Residencial Norte,2694682.37982,0
40164,Fresno europeo,14/04/2011 10:01,Bajo (2 - 4 mts),50,Mediano,-68.844612295,-32.8801552902,1,Parque Central,1655357.93265,0
19147,Morera,20/07/2011 10:19,Medio (4 - 8 mts),54,Mediano,-68.8398705813,-32.872284218,4,Cuarta Oeste,1173332.70145,0
3548,Acacia SP,05/09/2011 11:16,Medio (4 - 8 mts),50,Mediano,-68.8325745035,-32.8684268075,4,Cuarta Oeste,1173332.70145,0
31896,Morera,01/06/2011 13:44,Medio (4 - 8 mts),100,Grande,-68.8587019573,-32.8841272326,5,Residencial Sur,2423808.92355,0
33468,Fresno europeo,15/06/2011 10:05,Medio (4 - 8 mts),70,Grande,-68.8569859704,-32.8895932203,5,Residencial Sur,2423808.92355,0
46005,Morera,27/09/2011 10:08,Bajo (2 - 4 mts),36,Mediano,-68.8217544317,-32.8735762588,4,Cuarta Este Área Fundacional,1822015.85685,0
13052,Olmo comun,16/02/2011 12:06,Alto (> 8 mts),140,Grande,-68.8450440761,-32.8643940325,4,Cuarta Oeste,1173332.70145,0
34740,Platano,31/03/2011 12:27,Alto (> 8 mts),280,Grande,-68.8502048181,-32.878214636,6,Residencial Norte,2694682.37982,0
43767,Morera,14/10/2011 19:09,Bajo (2 - 4 mts),18,Chico,-68.8337501786,-32.8823961868,3,Parque O'Higgins,1531146.02653,0
29981,Morera,28/04/2011 10:01,Alto (> 8 mts),180,Grande,-68.842063186,-32.885844933,1,Parque Central,1655357.93265,0
26714,Morera,09/11/2011 10:04,Alto (> 8 mts),195,Grande,-68.8328947868,-32.8936339313,3,Parque O'Higgins,1531146.02653,1
6906,Fresno europeo,27/05/2011 10:34,Muy bajo (1 - 2 mts),12,Chico,-68.8617940757,-32.8948139361,5,Residencial Sur,2423808.92355,0
22351,Fresno europeo,17/06/2011 10:16,Alto (> 8 mts),100,Grande,-68.8587099657,-32.8993276409,5,Residencial Sur,2423808.92355,0
9841,Olmo comun,11/01/2011 10:02,Bajo (2 - 4 mts),77,Grande,-68.8447870816,-32.8633136876,4,Cuarta Oeste,1173332.70145,0
35708,Morera,17/03/2011 12:18,Medio (4 - 8 mts),140,Grande,-68.8557302944,-32.8749658367,6,Residencial Norte,2694682.37982,0
40682,Morera,19/04/2011 12:09,Alto (> 8 mts),180,Grande,-68.842796478,-32.8836973063,1,Parque Central,1655357.93265,0
35574,Morera,09/03/2011 09:51,Medio (4 - 8 mts),130,Grande,-68.8555751051,-32.8736700136,6,Residencial Norte,2694682.37982,0
17557,Morera,28/07/2011 10:10,Alto (> 8 mts),207,Grande,-68.8406306715,-32.8670658912,4,Cuarta Oeste,1173332.70145,0
42010,Fresno europeo,20/04/2011 13:36,Alto (> 8 mts),128,Grande,-68.8375576294,-32.878702987,1,Parque Central,1655357.93265,0
13951,Fresno americano,29/11/2011 12:59,Bajo (2 - 4 mts),40,Mediano,-68.8762749895,-32.865014017,8,Aeroparque,2203364.73622,0
32598,Paraiso,23/06/2011 10:33,Alto (> 8 mts),156,Grande,-68.8514278621,-32.8903555807,5,Residencial Sur,2423808.92355,1
32177,Jacaranda,11/05/2011 09:33,Bajo (2 - 4 mts),44,Mediano,-68.8579695762,-32.8859338898,5,Residencial Sur,2423808.92355,1
24601,Catalpa,07/02/2011 10:40,Alto (> 8 mts),225,Grande,-68.8435637058,-32.9030604585,2,Barrio Civico,2366816.36021,0
17389,Morera,22/07/2011 10:10,Alto (> 8 mts),156,Grande,-68.8398402622,-32.8662187232,4,Cuarta Oeste,1173332.70145,0
24512,Morera,10/01/2011 10:33,Alto (> 8 mts),141,Grande,-68.8471743825,-32.903477594,2,Barrio Civico,2366816.36021,0
29008,Morera,20/04/2011 11:50,Alto (> 8 mts),75,Grande,-68.8451272155,-32.8865697578,1,Parque Central,1655357.93265,1
25215,Morera,09/02/2011 19:28,Medio (4 - 8 mts),68,Grande,-68.8368058396,-32.8978067419,2,Barrio Civico,2366816.36021,1
24072,Tilo,20/01/2011 13:03,Medio (4 - 8 mts),68,Grande,-68.8464026629,-32.9013897207,2,Barrio Civico,2366816.36021,0
7103,Paraiso sombrilla,01/06/2011 11:31,Medio (4 - 8 mts),40,Mediano,-68.861762799,-32.8969483051,5,Residencial Sur,2423808.92355,1
9050,Fresno europeo,14/02/2011 13:48,Muy bajo (1 - 2 mts),6,Chico,-68.854931076,-32.8663044423,6,Residencial Norte,2694682.37982,0
28351,Fresno americano,11/03/2011 09:07,Alto (> 8 mts),180,Grande,-68.8471174301,-32.8881296333,2,Barrio Civico,2366816.36021,0
45040,Morera,01/09/2011 08:13,Alto (> 8 mts),175,Grande,-68.8219630012,-32.8702653561,4,Cuarta Este Área Fundacional,1822015.85685,0
16719,Paraiso,21/07/2011 10:47,Medio (4 - 8 mts),160,Grande,-68.8404978888,-32.8625311721,4,Cuarta Oeste,1173332.70145,0
986,Fresno europeo,16/01/2012 09:28,Muy bajo (1 - 2 mts),5,Chico,-68.8350896828,-32.8685309984,4,Cuarta Oeste,1173332.70145,0
11742,Morera,02/06/2010 11:00,Medio (4 - 8 mts),131,Grande,-68.8504357264,-32.8676557867,6,Residencial Norte,2694682.37982,0
13737,Olmo bola,27/01/2011 09:28,Medio (4 - 8 mts),120,Grande,-68.8499547971,-32.8631625317,6,Residencial Norte,2694682.37982,0
42980,Platano,06/10/2011 17:58,Alto (> 8 mts),152,Grande,-68.8337238855,-32.8780490009,4,Cuarta Este Área Fundacional,1822015.85685,1
32690,Morera,18/05/2011 11:44,Muy bajo (1 - 2 mts),4,Chico,-68.8511659712,-32.8872539904,5,Residencial Sur,2423808.92355,0
21698,Fresno europeo,09/06/2011 11:57,Alto (> 8 mts),92,Grande,-68.8573660533,-32.89569672,5,Residencial Sur,2423808.92355,0
44188,Fresno europeo,17/10/2011 10:18,Bajo (2 - 4 mts),18,Chico,-68.834002777,-32.8824927933,3,Parque O'Higgins,1531146.02653,0
1930,Acacia SP,18/11/2011 12:25,Bajo (2 - 4 mts),10,Chico,-68.8594142895,-32.8712670411,6,Residencial Norte,2694682.37982,0
20332,Alamo criollo,13/05/2011 11:13,Alto (> 8 mts),80,Grande,-68.8621426409,-32.8916770174,5,Residencial Sur,2423808.92355,0
7090,Fresno europeo,02/06/2011 13:02,Medio (4 - 8 mts),71,Grande,-68.859550316,-32.8969627309,5,Residencial Sur,2423808.92355,0
42686,Fresno europeo,23/09/2011 11:33,Alto (> 8 mts),155,Grande,-68.829865096,-32.8777816895,4,Cuarta Este Área Fundacional,1822015.85685,0
36916,Fresno europeo,07/04/2011 16:26,Medio (4 - 8 mts),75,Grande,-68.8585232801,-32.8790910806,7,Residencial Parque,1786336.08966,0
36779,Morera,21/03/2011 17:13,Alto (> 8 mts),58,Mediano,-68.8579412801,-32.8812300875,7,Residencial Parque,1786336.08966,0
44042,Morera,18/10/2011 12:40,Alto (> 8 mts),112,Grande,-68.8325488439,-32.8855641224,3,Parque O'Higgins,1531146.02653,1
32435,Fresno europeo,26/05/2011 13:07,Alto (> 8 mts),70,Grande,-68.8526073657,-32.889292496,5,Residencial Sur,2423808.92355,0
13505,Fresno europeo,01/02/2011 13:23,Medio (4 - 8 mts),104,Grande,-68.8513799626,-32.8635360018,6,Residencial Norte,2694682.37982,0
13922,Caducifolio,30/11/2011 12:09,Medio (4 - 8 mts),30,Mediano,-68.8756147709,-32.8659683364,8,Aeroparque,2203364.73622,0
40839,Platano,08/04/2011 09:59,Alto (> 8 mts),98,Grande,-68.8405526879,-32.8850848736,1,Parque Central,1655357.93265,0
41717,Morera,28/04/2011 09:16,Medio (4 - 8 mts),35,Mediano,-68.837989732,-32.8784291623,1,Parque Central,1655357.93265,0
1857,Acacia SP,17/11/2011 12:23,Muy bajo (1 - 2 mts),4,Chico,-68.8592509876,-32.8711191455,6,Residencial Norte,2694682.37982,0
32228,Morera,09/05/2011 12:52,Medio (4 - 8 mts),120,Grande,-68.8608911942,-32.8853475569,5,Residencial Sur,2423808.92355,0
4959,Fresno americano,15/07/2011 11:45,Bajo (2 - 4 mts),27,Mediano,-68.8435949699,-32.8699634544,4,Cuarta Oeste,1173332.70145,0
31113,Fresno europeo,08/02/2011 09:31,Medio (4 - 8 mts),84,Grande,-68.8546704335,-32.8644661593,6,Residencial Norte,2694682.37982,0
34813,Morera,30/03/2011 13:41,Alto (> 8 mts),145,Grande,-68.8518194361,-32.875818847,6,Residencial Norte,2694682.37982,0
14929,Paraiso sombrilla,20/12/2011 10:16,Bajo (2 - 4 mts),42,Mediano,-68.8801663816,-32.8732413211,8,Aeroparque,2203364.73622,0
32399,Acacia SP,23/05/2011 14:02,Alto (> 8 mts),110,Grande,-68.8502848876,-32.8893179033,5,Residencial Sur,2423808.92355,0
47406,Morera,23/09/2011 14:54,Alto (> 8 mts),185,Grande,-68.8263575907,-32.8752573584,4,Cuarta Este Área Fundacional,1822015.85685,0
39261,Morera,30/12/2010 09:51,Alto (> 8 mts),80,Grande,-68.8550985743,-32.8716123373,6,Residencial Norte,2694682.37982,0
43671,Morera,13/10/2011 17:24,Medio (4 - 8 mts),130,Grande,-68.835179325,-32.8819604869,3,Parque O'Higgins,1531146.02653,1
2411,Fresno americano,20/10/2011 10:42,Medio (4 - 8 mts),76,Grande,-68.831463563,-32.8878121691,3,Parque O'Higgins,1531146.02653,0
13682,Morera,23/02/2011 12:08,Alto (> 8 mts),160,Grande,-68.8526959765,-32.8653412997,6,Residencial Norte,2694682.37982,0
19585,Morera,11/07/2011 10:28,Alto (> 8 mts),170,Grande,-68.8360249361,-32.8722661417,4,Cuarta Oeste,1173332.70145,0
8728,Morera,14/02/2011 12:33,Alto (> 8 mts),80,Grande,-68.8367876557,-32.9004536682,2,Barrio Civico,2366816.36021,0
32789,Acacia SP,14/07/2011 10:12,Alto (> 8 mts),175,Grande,-68.8512987782,-32.8853534714,5,Residencial Sur,2423808.92355,1
21178,Platano,06/05/2011 09:53,Alto (> 8 mts),190,Grande,-68.8513617909,-32.8930635962,5,Residencial Sur,2423808.92355,0
46861,Paraiso,15/09/2011 13:05,Alto (> 8 mts),130,Grande,-68.8334857356,-32.8725988488,4,Cuarta Este Área Fundacional,1822015.85685,0
32261,Acacia SP,29/06/2011 09:59,Alto (> 8 mts),115,Grande,-68.851294377,-32.8912079488,5,Residencial Sur,2423808.92355,0
31263,Morera,04/02/2011 09:12,Alto (> 8 mts),160,Grande,-68.8535100243,-32.8637312515,6,Residencial Norte,2694682.37982,0
40969,Platano,14/04/2011 15:38,Alto (> 8 mts),176,Grande,-68.8419064083,-32.8855460846,1,Parque Central,1655357.93265,0
19405,Morera,05/07/2011 09:24,Alto (> 8 mts),137,Grande,-68.8360804907,-32.8734319244,4,Cuarta Oeste,1173332.70145,0
4982,Fresno europeo,28/06/2011 13:13,Alto (> 8 mts),108,Grande,-68.8336392689,-32.8635635025,4,Cuarta Oeste,1173332.70145,0
37498,Morera,16/11/2010 09:09,Alto (> 8 mts),190,Grande,-68.8567958109,-32.8692317288,6,Residencial Norte,2694682.37982,1
9806,Fresno europeo,12/01/2011 13:33,Alto (> 8 mts),70,Grande,-68.8441313603,-32.8642199617,4,Cuarta Oeste,1173332.70145,0
19026,Olmo bola,12/07/2011 10:24,Alto (> 8 mts),108,Grande,-68.8398050497,-32.871657076300004,4,Cuarta Oeste,1173332.70145,0
3694,Paraiso,24/08/2011 11:30,Medio (4 - 8 mts),60,Mediano,-68.8188190646,-32.8688227168,4,Cuarta Este Área Fundacional,1822015.85685,0
47440,Fresno europeo,20/09/2011 11:56,Alto (> 8 mts),150,Grande,-68.8304383961,-32.8741299789,4,Cuarta Este Área Fundacional,1822015.85685,0
36749,Eucalyptus,21/03/2011 16:47,Alto (> 8 mts),198,Grande,-68.8575462484,-32.8805381298,7,Residencial Parque,1786336.08966,0
35408,Morera,17/06/2011 16:50,Medio (4 - 8 mts),110,Grande,-68.8559789211,-32.883527481,5,Residencial Sur,2423808.92355,0
25482,Platano,08/02/2011 09:44,Alto (> 8 mts),222,Grande,-68.8416913832,-32.8998518732,2,Barrio Civico,2366816.36021,0
24813,Morera,18/02/2011 09:21,Alto (> 8 mts),160,Grande,-68.8400556574,-32.8970362474,2,Barrio Civico,2366816.36021,0
37798,Paraiso,10/12/2010 10:46,Alto (> 8 mts),170,Grande,-68.8495612487,-32.8720537623,6,Residencial Norte,2694682.37982,0
37732,Morera,14/01/2012 09:10,Medio (4 - 8 mts),140,Grande,-68.8507870921,-32.8726646856,6,Residencial Norte,2694682.37982,0
23095,Morera,17/01/2011 15:12,Alto (> 8 mts),184,Grande,-68.8478194287,-32.9013790999,2,Barrio Civico,2366816.36021,0
45929,Morera,25/08/2011 13:17,Medio (4 - 8 mts),163,Grande,-68.8194499908,-32.8695092123,4,Cuarta Este Área Fundacional,1822015.85685,0
14174,Morera,30/11/2011 10:09,Medio (4 - 8 mts),22,Mediano,-68.8765870744,-32.8665954349,8,Aeroparque,2203364.73622,0
23787,Fresno europeo,27/01/2011 19:13,Medio (4 - 8 mts),48,Mediano,-68.8502218402,-32.9002116567,2,Barrio Civico,2366816.36021,0
21499,Fresno europeo,11/05/2011 11:03,Muy bajo (1 - 2 mts),8,Chico,-68.8534357652,-32.8946589275,5,Residencial Sur,2423808.92355,0
48330,Caducifolio,19/08/2011 09:42,Medio (4 - 8 mts),110,Grande,-68.8273501441,-32.8676060562,4,Cuarta Este Área Fundacional,1822015.85685,0
32075,Morera,08/06/2011 09:25,Alto (> 8 mts),180,Grande,-68.8594960584,-32.8870300881,5,Residencial Sur,2423808.92355,0
27959,Morera,03/11/2011 10:10,Alto (> 8 mts),158,Grande,-68.8361206509,-32.8939375419,3,Parque O'Higgins,1531146.02653,0
18009,Morera,29/07/2011 17:24,Alto (> 8 mts),160,Grande,-68.8408757919,-32.8677741237,4,Cuarta Oeste,1173332.70145,0
37896,Fresno europeo,24/11/2010 09:42,Medio (4 - 8 mts),60,Mediano,-68.8508605349,-32.8734732321,6,Residencial Norte,2694682.37982,0
16969,Morera,15/08/2011 12:32,Medio (4 - 8 mts),78,Grande,-68.838270964,-32.8660982279,4,Cuarta Oeste,1173332.70145,0
38833,Prunas,14/12/2010 11:34,Muy bajo (1 - 2 mts),10,Chico,-68.8494357414,-32.8710168432,6,Residencial Norte,2694682.37982,0
10331,Morera,01/12/2010 09:56,Alto (> 8 mts),70,Grande,-68.8562837482,-32.8719813289,6,Residencial Norte,2694682.37982,0
15321,Acacia SP,16/11/2011 12:30,Alto (> 8 mts),95,Grande,-68.860208398,-32.8708600973,7,Residencial Parque,1786336.08966,0
22832,Morera,29/06/2011 14:32,Alto (> 8 mts),105,Grande,-68.8583889528,-32.901448341,5,Residencial Sur,2423808.92355,0
14247,Paraiso sombrilla,30/11/2011 14:28,Bajo (2 - 4 mts),60,Mediano,-68.8776350949,-32.8670185813,8,Aeroparque,2203364.73622,0
14482,Prunas,30/11/2011 18:28,Muy bajo (1 - 2 mts),4,Chico,-68.8789256725,-32.8669584748,8,Aeroparque,2203364.73622,0
46102,Paraiso,05/10/2011 11:41,Medio (4 - 8 mts),132,Grande,-68.8250874797,-32.8750072111,4,Cuarta Este Área Fundacional,1822015.85685,0
5869,Morera,05/05/2011 09:02,Alto (> 8 mts),138,Grande,-68.8434650717,-32.8862328911,1,Parque Central,1655357.93265,1
22993,Morera,19/05/2011 17:06,Medio (4 - 8 mts),66,Grande,-68.8559337859,-32.900433462,5,Residencial Sur,2423808.92355,0
16695,Paraiso,20/07/2011 14:06,Alto (> 8 mts),197,Grande,-68.8408633853,-32.8638925816,4,Cuarta Oeste,1173332.70145,0
8003,Fresno americano,17/02/2011 12:37,Alto (> 8 mts),155,Grande,-68.8397515783,-32.8893674108,3,Parque O'Higgins,1531146.02653,0
46267,Morera,30/09/2011 15:08,Bajo (2 - 4 mts),15,Chico,-68.8231703977,-32.8735007318,4,Cuarta Este Área Fundacional,1822015.85685,0
15232,Paraiso,16/11/2011 12:31,Bajo (2 - 4 mts),28,Mediano,-68.8602106993,-32.8687560998,6,Residencial Norte,2694682.37982,0
9102,Morera,16/02/2011 13:31,Alto (> 8 mts),40,Mediano,-68.8540559993,-32.8654339685,6,Residencial Norte,2694682.37982,0
8278,Tipa,22/02/2011 09:30,Alto (> 8 mts),122,Grande,-68.8478463431,-32.8918932028,2,Barrio Civico,2366816.36021,0
21070,Morera,23/06/2011 10:37,Muy bajo (1 - 2 mts),15,Chico,-68.8630430367,-32.9000279359,5,Residencial Sur,2423808.92355,0
46026,Morera,20/09/2011 09:21,Alto (> 8 mts),240,Grande,-68.8216670292,-32.8734678408,4,Cuarta Este Área Fundacional,1822015.85685,0
43357,Fresno europeo,25/10/2011 18:06,Medio (4 - 8 mts),100,Grande,-68.8330949423,-32.8800308957,3,Parque O'Higgins,1531146.02653,0
6914,Fresno americano,27/05/2011 12:34,Muy bajo (1 - 2 mts),10,Chico,-68.8627130433,-32.8945066602,5,Residencial Sur,2423808.92355,0
12447,Morera,25/01/2011 09:15,Alto (> 8 mts),90,Grande,-68.8485830297,-32.8675485006,6,Residencial Norte,2694682.37982,0
6224,Platano,11/04/2011 15:32,Medio (4 - 8 mts),24,Mediano,-68.839172090899993,-32.8862529035,3,Parque O'Higgins,1531146.02653,0
895,Fresno europeo,17/01/2012 08:27,Alto (> 8 mts),80,Grande,-68.8471857285,-32.8735261418,6,Residencial Norte,2694682.37982,0
30435,Platano,21/02/2011 10:09,Alto (> 8 mts),220,Grande,-68.841747168,-32.888014906,3,Parque O'Higgins,1531146.02653,0
32513,Morera,27/05/2011 09:51,Alto (> 8 mts),95,Grande,-68.8536807727,-32.88811189,5,Residencial Sur,2423808.92355,1
32289,Acacia SP,28/06/2011 10:08,Medio (4 - 8 mts),175,Grande,-68.8509658567,-32.8908290673,5,Residencial Sur,2423808.92355,1
10302,Fresno europeo,02/12/2010 11:34,Alto (> 8 mts),80,Grande,-68.8457172416,-32.8722212642,6,Residencial Norte,2694682.37982,0
35315,Morera,23/06/2011 13:10,Medio (4 - 8 mts),110,Grande,-68.8533418791,-32.8824599828,1,Parque Central,1655357.93265,1
11408,Fresno europeo,28/01/2011 13:59,Medio (4 - 8 mts),48,Mediano,-68.8513539056,-32.9002933761,2,Barrio Civico,2366816.36021,0
37638,Catalpa,29/02/2012 09:44,Medio (4 - 8 mts),60,Mediano,-68.8523390274,-32.8719477723,6,Residencial Norte,2694682.37982,0
34821,Morera,29/03/2011 12:22,Alto (> 8 mts),140,Grande,-68.8523791643,-32.8759024836,6,Residencial Norte,2694682.37982,0
8065,Fresno europeo,04/03/2011 13:50,Muy bajo (1 - 2 mts),8,Chico,-68.8405721377,-32.8893429769,3,Parque O'Higgins,1531146.02653,0
10716,Fresno europeo,30/03/2011 12:57,Medio (4 - 8 mts),46,Mediano,-68.848614914,-32.8753355792,6,Residencial Norte,2694682.37982,0
13470,Morera,03/02/2011 09:22,Medio (4 - 8 mts),80,Grande,-68.8523096919,-32.863371501,6,Residencial Norte,2694682.37982,1
21908,Fresno europeo,03/06/2011 09:29,Alto (> 8 mts),86,Grande,-68.8571590435,-32.8968852729,5,Residencial Sur,2423808.92355,0
43745,Caducifolio,17/10/2011 16:15,Bajo (2 - 4 mts),14,Chico,-68.8327758847,-32.8812675018,3,Parque O'Higgins,1531146.02653,0
21777,Morera,23/05/2011 08:43,Alto (> 8 mts),160,Grande,-68.8557002466,-32.8949755534,5,Residencial Sur,2423808.92355,0
10707,Fresno europeo,30/03/2011 10:21,Medio (4 - 8 mts),50,Mediano,-68.8492897786,-32.8761691813,6,Residencial Norte,2694682.37982,0
14500,Morera,30/11/2011 17:44,Bajo (2 - 4 mts),36,Mediano,-68.879127103,-32.8663059837,8,Aeroparque,2203364.73622,0
25555,Fresno europeo,08/02/2011 16:20,Bajo (2 - 4 mts),44,Mediano,-68.8390269914,-32.9007481705,2,Barrio Civico,2366816.36021,1
10730,Morera,06/04/2011 11:56,Alto (> 8 mts),98,Grande,-68.858096655,-32.8767258583,7,Residencial Parque,1786336.08966,0
24074,Fresno europeo,11/01/2011 12:09,Alto (> 8 mts),155,Grande,-68.846959103,-32.900650386,2,Barrio Civico,2366816.36021,0
23323,Olmo comun,28/01/2011 14:02,Alto (> 8 mts),142,Grande,-68.850219357,-32.9019669241,2,Barrio Civico,2366816.36021,0
2230,Morera,04/11/2011 08:23,Medio (4 - 8 mts),75,Grande,-68.8327770427,-32.8908131392,3,Parque O'Higgins,1531146.02653,0
712,Eucalyptus,17/12/2011 08:56,Bajo (2 - 4 mts),30,Mediano,-68.8812389634,-32.8732133221,8,Aeroparque,2203364.73622,0
1270,Palo borracho,05/12/2011 11:24,Bajo (2 - 4 mts),90,Grande,-68.8788154966,-32.8685753738,8,Aeroparque,2203364.73622,0
28794,Morera,18/04/2011 10:36,Alto (> 8 mts),125,Grande,-68.8476827459,-32.885804468,1,Parque Central,1655357.93265,1
25552,Fresno europeo,15/02/2011 19:21,Alto (> 8 mts),92,Grande,-68.8388049967,-32.9007184064,2,Barrio Civico,2366816.36021,0
25244,Morera,09/02/2011 08:38,Alto (> 8 mts),96,Grande,-68.8391613769,-32.8982886167,2,Barrio Civico,2366816.36021,0
44681,Morera,19/08/2011 10:17,Medio (4 - 8 mts),61,Grande,-68.8240518872,-32.8673054021,4,Cuarta Este Área Fundacional,1822015.85685,0
43086,Fresno americano,03/10/2011 09:19,Medio (4 - 8 mts),55,Mediano,-68.8309166504,-32.8780260315,4,Cuarta Este Área Fundacional,1822015.85685,0
20319,Morera,16/05/2011 09:19,Alto (> 8 mts),140,Grande,-68.8620427743,-32.8926028543,5,Residencial Sur,2423808.92355,1
20695,Paraiso,31/05/2011 11:55,Alto (> 8 mts),155,Grande,-68.8616538715,-32.8980225798,5,Residencial Sur,2423808.92355,0
6912,Morera,27/05/2011 12:49,Medio (4 - 8 mts),70,Grande,-68.8627346853,-32.8945994274,5,Residencial Sur,2423808.92355,0
3310,Morera,29/09/2011 10:55,Medio (4 - 8 mts),53,Mediano,-68.8291954979,-32.8766056508,4,Cuarta Este Área Fundacional,1822015.85685,0
41402,Fresno americano,15/04/2011 11:01,Alto (> 8 mts),92,Grande,-68.8423565463,-32.8819779219,1,Parque Central,1655357.93265,0
27396,Fresno europeo,19/10/2011 12:51,Alto (> 8 mts),148,Grande,-68.8349891338,-32.8876054888,3,Parque O'Higgins,1531146.02653,1
20793,Morera,31/05/2011 10:03,Bajo (2 - 4 mts),18,Chico,-68.8628836788,-32.8967959939,5,Residencial Sur,2423808.92355,0
27485,Paraiso,27/10/2011 10:24,Medio (4 - 8 mts),145,Grande,-68.8379186834,-32.8929224173,3,Parque O'Higgins,1531146.02653,0
40587,Morera,15/04/2011 11:50,Alto (> 8 mts),140,Grande,-68.8462089657,-32.8837710677,1,Parque Central,1655357.93265,1
3931,Fresno europeo,31/08/2011 11:55,Alto (> 8 mts),123,Grande,-68.8218768896,-32.8706435717,4,Cuarta Este Área Fundacional,1822015.85685,0
47566,Morera,19/09/2011 08:38,Medio (4 - 8 mts),53,Mediano,-68.8274067645,-32.8720224519,4,Cuarta Este Área Fundacional,1822015.85685,0
871,Aguaribay,14/12/2011 11:28,Medio (4 - 8 mts),115,Grande,-68.8803152592,-32.8658639435,8,Aeroparque,2203364.73622,0
42634,Morera,26/09/2011 09:07,Alto (> 8 mts),95,Grande,-68.828618162,-32.8755081712,4,Cuarta Este Área Fundacional,1822015.85685,0
31503,Platano,19/05/2011 10:25,Alto (> 8 mts),190,Grande,-68.8581909927,-32.8906002476,5,Residencial Sur,2423808.92355,0
2004,Morera,14/11/2011 13:46,Alto (> 8 mts),80,Grande,-68.8326612526,-32.894823261,3,Parque O'Higgins,1531146.02653,0
42751,Prunas,26/09/2011 10:05,Bajo (2 - 4 mts),36,Mediano,-68.8269821952,-32.8771638623,4,Cuarta Este Área Fundacional,1822015.85685,0
33333,Morera,23/05/2011 10:13,Alto (> 8 mts),105,Grande,-68.8570035477,-32.8912205811,5,Residencial Sur,2423808.92355,1
10761,Morera,04/04/2011 10:12,Muy bajo (1 - 2 mts),7,Chico,-68.8542478233,-32.8769408373,6,Residencial Norte,2694682.37982,0
21186,Platano,06/05/2011 09:24,Alto (> 8 mts),200,Grande,-68.852278443,-32.8928916775,5,Residencial Sur,2423808.92355,0
16680,Morera,19/07/2011 10:37,Alto (> 8 mts),52,Mediano,-68.8415933792,-32.8640149258,4,Cuarta Oeste,1173332.70145,0
18749,Morera,12/07/2011 10:02,Alto (> 8 mts),190,Grande,-68.8370188893,-32.8732479426,4,Cuarta Oeste,1173332.70145,0
40057,Fresno europeo,19/04/2011 12:26,Medio (4 - 8 mts),110,Grande,-68.844945427,-32.8791467091,1,Parque Central,1655357.93265,0
46818,Paraiso,07/09/2011 10:19,Alto (> 8 mts),200,Grande,-68.8333540921,-32.8725998457,4,Cuarta Este Área Fundacional,1822015.85685,0
44328,Morera,12/10/2011 16:24,Alto (> 8 mts),90,Grande,-68.8359135154,-32.8822865124,3,Parque O'Higgins,1531146.02653,0
33338,Olmo comun,23/05/2011 09:22,Alto (> 8 mts),83,Grande,-68.8579310079,-32.8913514746,5,Residencial Sur,2423808.92355,1
4325,Morera,13/07/2011 09:43,Alto (> 8 mts),126,Grande,-68.8353606178,-32.8702489261,4,Cuarta Oeste,1173332.70145,0
36794,Morera,07/04/2011 16:08,Alto (> 8 mts),160,Grande,-68.8598484286,-32.8802516713,7,Residencial Parque,1786336.08966,0
39286,Morera,30/12/2010 08:47,Alto (> 8 mts),70,Grande,-68.8554678348,-32.8720172645,6,Residencial Norte,2694682.37982,0
11475,Fresno americano,06/01/2011 11:50,Medio (4 - 8 mts),75,Grande,-68.8437826165,-32.8627731523,4,Cuarta Oeste,1173332.70145,0
45985,Morera,24/08/2011 11:31,Alto (> 8 mts),168,Grande,-68.8187677315,-32.8688229283,4,Cuarta Este Área Fundacional,1822015.85685,0
38221,Morera,24/08/2010 09:55,Alto (> 8 mts),185,Grande,-68.8463146964,-32.873963481,6,Residencial Norte,2694682.37982,0
29654,Morera,04/03/2011 11:24,Alto (> 8 mts),188,Grande,-68.8411759704,-32.8937513735,2,Barrio Civico,2366816.36021,1
38980,Morera,28/12/2010 13:29,Alto (> 8 mts),100,Grande,-68.8553987906,-32.8712932035,6,Residencial Norte,2694682.37982,0
45,Fresno americano,01/03/2012 12:39,Medio (4 - 8 mts),70,Grande,-68.8555550606,-32.8968475873,5,Residencial Sur,2423808.92355,0
21923,Fresno europeo,06/06/2011 10:43,Alto (> 8 mts),140,Grande,-68.8582535581,-32.8957118857,5,Residencial Sur,2423808.92355,0
31361,Morera,28/02/2011 12:36,Alto (> 8 mts),160,Grande,-68.8494803419,-32.8657503764,6,Residencial Norte,2694682.37982,0
22183,Morera,18/05/2011 09:15,Bajo (2 - 4 mts),14,Chico,-68.8558444837,-32.898299975,5,Residencial Sur,2423808.92355,0
18007,Morera,29/07/2011 17:28,Alto (> 8 mts),140,Grande,-68.8406826984,-32.867786682,4,Cuarta Oeste,1173332.70145,0
11,Morera,02/03/2012 13:09,Medio (4 - 8 mts),110,Grande,-68.8570150632,-32.8958572818,5,Residencial Sur,2423808.92355,0
45889,Morera,25/08/2011 11:59,Alto (> 8 mts),170,Grande,-68.8203757944,-32.8700882487,4,Cuarta Este Área Fundacional,1822015.85685,0
1619,Paraiso,24/11/2011 10:01,Medio (4 - 8 mts),100,Grande,-68.8714290262,-32.8786477141,7,Residencial Parque,1786336.08966,0
7161,Platano,18/05/2011 11:06,Alto (> 8 mts),128,Grande,-68.8539998278,-32.8985844163,5,Residencial Sur,2423808.92355,0
27734,Fresno europeo,31/10/2011 09:43,Medio (4 - 8 mts),56,Mediano,-68.8359134646,-32.8952662109,2,Barrio Civico,2366816.36021,0
45899,Morera,25/08/2011 13:06,Bajo (2 - 4 mts),30,Mediano,-68.8191039208,-32.8692599845,4,Cuarta Este Área Fundacional,1822015.85685,0
25467,Morera,08/02/2011 13:12,Alto (> 8 mts),200,Grande,-68.8405553832,-32.9003457281,2,Barrio Civico,2366816.36021,1
11336,Tilo,20/01/2011 19:38,Medio (4 - 8 mts),58,Mediano,-68.8484695562,-32.9003685323,2,Barrio Civico,2366816.36021,0
1455,Fresno americano,25/11/2011 10:27,Muy bajo (1 - 2 mts),30,Mediano,-68.8712524125,-32.8759849867,7,Residencial Parque,1786336.08966,0
29344,Platano,25/04/2011 08:59,Alto (> 8 mts),180,Grande,-68.8436199195,-32.8875301282,1,Parque Central,1655357.93265,0
32985,Acacia SP,23/05/2011 09:58,Alto (> 8 mts),72,Grande,-68.8510523469,-32.8880336383,5,Residencial Sur,2423808.92355,0
6146,Morera,15/04/2011 11:14,Alto (> 8 mts),168,Grande,-68.8416088223,-32.8818950323,1,Parque Central,1655357.93265,0
11259,Olmo comun,12/01/2011 14:58,Bajo (2 - 4 mts),15,Chico,-68.8465867409,-32.8998155111,2,Barrio Civico,2366816.36021,0
33533,Fresno europeo,31/05/2011 13:04,Alto (> 8 mts),56,Mediano,-68.8556991153,-32.8885367301,5,Residencial Sur,2423808.92355,0
23565,Morera,01/02/2011 15:57,Alto (> 8 mts),138,Grande,-68.8518000892,-32.9030074642,2,Barrio Civico,2366816.36021,0
5418,Morera,19/04/2011 11:41,Alto (> 8 mts),150,Grande,-68.8441679179,-32.8792501436,1,Parque Central,1655357.93265,0
47181,Morera,20/09/2011 11:04,Medio (4 - 8 mts),265,Grande,-68.8335970262,-32.8749131036,4,Cuarta Este Área Fundacional,1822015.85685,1
17032,Tilo,09/08/2011 10:18,Alto (> 8 mts),74,Grande,-68.8382758385,-32.8634914212,4,Cuarta Oeste,1173332.70145,0
43728,Fresno americano,17/10/2011 17:13,Medio (4 - 8 mts),106,Grande,-68.8325377828,-32.8824107096,3,Parque O'Higgins,1531146.02653,0
22860,Platano,10/05/2011 10:30,Alto (> 8 mts),92,Grande,-68.8569171739,-32.9015995632,5,Residencial Sur,2423808.92355,0
41956,Morera,19/04/2011 11:14,Medio (4 - 8 mts),85,Grande,-68.8389299846,-32.87884227,1,Parque Central,1655357.93265,0
10653,Fresno europeo,18/03/2011 12:59,Bajo (2 - 4 mts),60,Mediano,-68.8546066007,-32.8743458402,6,Residencial Norte,2694682.37982,0
44811,Fresno europeo,26/08/2011 10:34,Medio (4 - 8 mts),85,Grande,-68.8230642467,-32.8699129992,4,Cuarta Este Área Fundacional,1822015.85685,0
39522,Olmo bola,10/11/2010 11:17,Alto (> 8 mts),160,Grande,-68.8545996802,-32.8700616292,6,Residencial Norte,2694682.37982,0
26307,Platano,21/10/2011 08:52,Alto (> 8 mts),160,Grande,-68.8315288024,-32.8891175818,3,Parque O'Higgins,1531146.02653,0
14275,Jacaranda,07/12/2011 10:05,Bajo (2 - 4 mts),30,Mediano,-68.878019989,-32.8684757821,8,Aeroparque,2203364.73622,0
40003,Morera,20/04/2011 12:41,Medio (4 - 8 mts),150,Grande,-68.8441879825,-32.8779989043,1,Parque Central,1655357.93265,0
6402,Morera,17/05/2011 11:45,Alto (> 8 mts),145,Grande,-68.8550875066,-32.8866387816,5,Residencial Sur,2423808.92355,0
12471,Morera,25/01/2011 10:27,Medio (4 - 8 mts),55,Mediano,-68.8492792342,-32.8663896083,6,Residencial Norte,2694682.37982,0
25574,Morera,07/02/2011 17:36,Medio (4 - 8 mts),88,Grande,-68.8385515966,-32.9013521478,2,Barrio Civico,2366816.36021,0
40234,Fresno europeo,14/04/2011 12:08,Medio (4 - 8 mts),80,Grande,-68.8451413674,-32.8815881232,1,Parque Central,1655357.93265,0
41687,Morera,27/04/2011 13:44,Medio (4 - 8 mts),50,Mediano,-68.8384109019,-32.8769353309,1,Parque Central,1655357.93265,0
21440,Prunas,10/05/2011 10:25,Medio (4 - 8 mts),64,Grande,-68.8557637109,-32.8932577012,5,Residencial Sur,2423808.92355,0
27523,Fresno europeo,26/10/2011 09:42,Muy bajo (1 - 2 mts),10,Chico,-68.837065303,-32.8915495458,3,Parque O'Higgins,1531146.02653,0
1239,Fresno americano,29/11/2011 13:15,Bajo (2 - 4 mts),40,Mediano,-68.8763779455,-32.8654005648,8,Aeroparque,2203364.73622,0
37233,Paraiso,11/03/2011 13:43,Alto (> 8 mts),180,Grande,-68.857453828,-32.8727839096,6,Residencial Norte,2694682.37982,1
19404,Morera,05/07/2011 09:25,Alto (> 8 mts),130,Grande,-68.8360035241,-32.8734495869,4,Cuarta Oeste,1173332.70145,0
13127,Morera,17/02/2011 12:31,Alto (> 8 mts),150,Grande,-68.8455429101,-32.8650554179,4,Cuarta Oeste,1173332.70145,0
23036,Morera,10/06/2011 18:53,Alto (> 8 mts),104,Grande,-68.8619514757,-32.9016462903,5,Residencial Sur,2423808.92355,0
39174,Fresno europeo,25/11/2010 11:57,Medio (4 - 8 mts),70,Grande,-68.8541496732,-32.8723706414,6,Residencial Norte,2694682.37982,0
7007,Fresno europeo,10/06/2011 11:14,Medio (4 - 8 mts),87,Grande,-68.8545939007,-32.8973361094,5,Residencial Sur,2423808.92355,1
4396,Fresno europeo,22/07/2011 09:24,Medio (4 - 8 mts),72,Grande,-68.8404889123,-32.869464394,4,Cuarta Oeste,1173332.70145,0
44735,Morera,25/08/2011 09:04,Medio (4 - 8 mts),70,Grande,-68.824191322,-32.868495391,4,Cuarta Este Área Fundacional,1822015.85685,0
26437,Fresno europeo,09/11/2011 09:46,Medio (4 - 8 mts),115,Grande,-68.8343917421,-32.8913261312,3,Parque O'Higgins,1531146.02653,0
15935,Fresno americano,25/11/2011 09:41,Muy bajo (1 - 2 mts),15,Chico,-68.8731916694,-32.8770043228,7,Residencial Parque,1786336.08966,0
26357,Morera,21/10/2011 09:56,Bajo (2 - 4 mts),25,Mediano,-68.8341458975,-32.8877141219,3,Parque O'Higgins,1531146.02653,0
24616,Morera,07/02/2011 09:00,Alto (> 8 mts),125,Grande,-68.8433749827,-32.9038708826,2,Barrio Civico,2366816.36021,1
29328,Fresno americano,25/04/2011 09:50,Medio (4 - 8 mts),110,Grande,-68.843137494,-32.8866530289,1,Parque Central,1655357.93265,0
29861,Platano,14/03/2011 08:59,Alto (> 8 mts),180,Grande,-68.8421648134,-32.8923355549,2,Barrio Civico,2366816.36021,0
20345,Morera,13/05/2011 10:37,Alto (> 8 mts),115,Grande,-68.8604176401,-32.892043535,5,Residencial Sur,2423808.92355,1
7635,Morera,22/06/2011 12:58,Medio (4 - 8 mts),50,Mediano,-68.8545129058,-32.8834866337,5,Residencial Sur,2423808.92355,0
38439,Fresno europeo,03/11/2010 10:29,Alto (> 8 mts),86,Grande,-68.8509209588,-32.8694777009,6,Residencial Norte,2694682.37982,0
23294,Fresno europeo,18/01/2012 17:21,Bajo (2 - 4 mts),20,Chico,-68.8517225059,-32.9008185434,2,Barrio Civico,2366816.36021,0
20102,Olmo comun,10/08/2011 10:46,Medio (4 - 8 mts),120,Grande,-68.8330370369,-32.8657085233,4,Cuarta Oeste,1173332.70145,0
27091,Platano,27/10/2011 09:38,Alto (> 8 mts),300,Grande,-68.8375267124,-32.8896169912,3,Parque O'Higgins,1531146.02653,0
28154,Tipa,23/02/2011 16:25,Alto (> 8 mts),154,Grande,-68.8483326856,-32.8923097591,2,Barrio Civico,2366816.36021,0
40555,Morera,18/04/2011 09:27,Alto (> 8 mts),130,Grande,-68.8470552047,-32.8844094217,1,Parque Central,1655357.93265,0
30089,Morera,26/04/2011 10:52,Alto (> 8 mts),175,Grande,-68.8424882066,-32.8874609458,3,Parque O'Higgins,1531146.02653,1
26510,Acer,04/11/2011 09:34,Bajo (2 - 4 mts),30,Mediano,-68.830903989,-32.891839846,3,Parque O'Higgins,1531146.02653,0
31832,Olmo comun,03/01/2012 09:01,Medio (4 - 8 mts),70,Grande,-68.8590266743,-32.8902704014,5,Residencial Sur,2423808.92355,0
10093,Morera,19/10/2010 11:04,Alto (> 8 mts),142,Grande,-68.8463240974,-32.8697113092,6,Residencial Norte,2694682.37982,0
10131,Morera,30/12/2010 09:42,Alto (> 8 mts),80,Grande,-68.8551118863,-32.8716534249,6,Residencial Norte,2694682.37982,0
22592,Fresno americano,23/06/2011 12:14,Alto (> 8 mts),108,Grande,-68.8613298076,-32.9006951939,5,Residencial Sur,2423808.92355,0
3768,Fresno americano,24/08/2011 14:20,Bajo (2 - 4 mts),33,Mediano,-68.8189028192,-32.8696479053,4,Cuarta Este Área Fundacional,1822015.85685,0
41474,Platano,07/04/2011 11:39,Alto (> 8 mts),160,Grande,-68.8434297854,-32.8806941099,1,Parque Central,1655357.93265,0
20394,Morera,24/05/2011 09:19,Alto (> 8 mts),160,Grande,-68.8625305706,-32.8936315902,5,Residencial Sur,2423808.92355,1
37500,Morera,16/11/2010 09:21,Alto (> 8 mts),160,Grande,-68.8566243643,-32.869222749,6,Residencial Norte,2694682.37982,0
15046,Acacia SP,21/12/2011 17:59,Bajo (2 - 4 mts),40,Mediano,-68.8813738725,-32.8718123808,8,Aeroparque,2203364.73622,0
10183,Morera,17/12/2010 11:17,Bajo (2 - 4 mts),12,Chico,-68.8523715563,-32.8705078814,6,Residencial Norte,2694682.37982,0
37078,Olmo bola,06/04/2011 09:52,Medio (4 - 8 mts),140,Grande,-68.8578638353,-32.8757876485,6,Residencial Norte,2694682.37982,0
4331,Perenne,12/07/2011 20:40,Bajo (2 - 4 mts),40,Mediano,-68.8364613481,-32.8704289721,4,Cuarta Oeste,1173332.70145,0
23733,Paraiso,25/01/2011 11:58,Alto (> 8 mts),93,Grande,-68.8496378499,-32.9013508543,2,Barrio Civico,2366816.36021,0
44126,Platano,04/10/2011 09:55,Alto (> 8 mts),180,Grande,-68.8351428163,-32.8796884437,1,Parque Central,1655357.93265,0
32762,Fresno europeo,17/05/2011 09:14,Bajo (2 - 4 mts),70,Grande,-68.8525978326,-32.8860135151,5,Residencial Sur,2423808.92355,0
4120,Perenne,28/09/2011 11:03,Muy bajo (1 - 2 mts),40,Mediano,-68.8249086501,-32.8751162281,4,Cuarta Este Área Fundacional,1822015.85685,0
31480,Olmo comun,19/05/2011 11:18,Medio (4 - 8 mts),95,Grande,-68.8584675969,-32.8913689519,5,Residencial Sur,2423808.92355,0
3423,Morera,17/08/2011 13:29,Medio (4 - 8 mts),93,Grande,-68.8304132897,-32.8684138461,4,Cuarta Este Área Fundacional,1822015.85685,0
5054,Paraiso sombrilla,09/08/2011 10:35,Medio (4 - 8 mts),150,Grande,-68.8383044213,-32.8640604017,4,Cuarta Oeste,1173332.70145,0
11219,Morera,13/01/2011 10:30,Alto (> 8 mts),161,Grande,-68.8460616443,-32.9004878872,2,Barrio Civico,2366816.36021,0
39112,Fresno europeo,16/01/2012 13:10,Medio (4 - 8 mts),120,Grande,-68.8530365741,-32.8723857495,6,Residencial Norte,2694682.37982,0
47455,Morera,20/09/2011 10:17,Alto (> 8 mts),152,Grande,-68.8306450096,-32.8750510682,4,Cuarta Este Área Fundacional,1822015.85685,0
7783,Morera,13/05/2011 08:20,Muy bajo (1 - 2 mts),4,Chico,-68.8562181372,-32.8863269965,5,Residencial Sur,2423808.92355,0
351,Morera,07/03/2012 09:28,Medio (4 - 8 mts),150,Grande,-68.821275343600007,-32.8671879718,4,Cuarta Este Área Fundacional,1822015.85685,0
14571,Aguaribay,14/12/2011 11:00,Alto (> 8 mts),185,Grande,-68.8787932727,-32.8673930846,8,Aeroparque,2203364.73622,0
11454,Acer,06/01/2011 15:26,Medio (4 - 8 mts),80,Grande,-68.8438048349,-32.8635906129,4,Cuarta Oeste,1173332.70145,0
9762,Morera,18/01/2011 13:34,Muy bajo (1 - 2 mts),6,Chico,-68.8465507307,-32.8639496658,4,Cuarta Oeste,1173332.70145,0
46691,Fresno europeo,05/09/2011 10:42,Medio (4 - 8 mts),90,Grande,-68.8326646455,-32.8701171929,4,Cuarta Este Área Fundacional,1822015.85685,0
42090,Paraiso sombrilla,12/04/2011 10:12,Medio (4 - 8 mts),120,Grande,-68.8432701455,-32.8801411722,1,Parque Central,1655357.93265,0
44569,Platano,20/10/2011 08:57,Alto (> 8 mts),300,Grande,-68.8341234714,-32.8848532528,3,Parque O'Higgins,1531146.02653,0
8262,Morera,09/03/2011 18:52,Alto (> 8 mts),122,Grande,-68.8454028035,-32.8925556017,2,Barrio Civico,2366816.36021,1
9708,Morera,24/01/2011 10:12,Alto (> 8 mts),140,Grande,-68.8485933617,-32.8638650832,6,Residencial Norte,2694682.37982,1
35738,Morera,04/03/2011 09:41,Alto (> 8 mts),156,Grande,-68.855102787,-32.8740149063,6,Residencial Norte,2694682.37982,0
32181,Paraiso,11/05/2011 09:20,Medio (4 - 8 mts),130,Grande,-68.8583722456,-32.8859228624,5,Residencial Sur,2423808.92355,1
6372,Platano,06/06/2011 12:57,Alto (> 8 mts),170,Grande,-68.8576724217,-32.888362276,5,Residencial Sur,2423808.92355,0
44616,Morera,26/08/2011 07:56,Alto (> 8 mts),122,Grande,-68.8229734438,-32.8672150061,4,Cuarta Este Área Fundacional,1822015.85685,1
10654,Fresno europeo,18/03/2011 12:57,Medio (4 - 8 mts),90,Grande,-68.8546090872,-32.8743733637,6,Residencial Norte,2694682.37982,0
35667,Morera,18/03/2011 10:08,Medio (4 - 8 mts),100,Grande,-68.8557220376,-32.8747198451,6,Residencial Norte,2694682.37982,0
14967,Acacia SP,21/12/2011 17:26,Bajo (2 - 4 mts),40,Mediano,-68.8807765561,-32.8719637953,8,Aeroparque,2203364.73622,0
30899,Perenne,17/02/2011 11:20,Medio (4 - 8 mts),55,Mediano,-68.8547222641,-32.8664135134,6,Residencial Norte,2694682.37982,0
39709,Morera,30/08/2010 10:53,Medio (4 - 8 mts),100,Grande,-68.8450576573,-32.8696899756,4,Cuarta Oeste,1173332.70145,0
10525,Platano,17/03/2011 10:16,Alto (> 8 mts),150,Grande,-68.8585600447,-32.8755251665,7,Residencial Parque,1786336.08966,0
41079,Platano,28/04/2011 11:58,Alto (> 8 mts),150,Grande,-68.8384175616,-32.8838958914,1,Parque Central,1655357.93265,0
26234,Fresno americano,19/10/2011 09:51,Bajo (2 - 4 mts),20,Chico,-68.8302563563,-32.888741569,3,Parque O'Higgins,1531146.02653,0
3667,Fresno europeo,26/08/2011 10:40,Medio (4 - 8 mts),222,Grande,-68.8209744566,-32.8687527106,4,Cuarta Este Área Fundacional,1822015.85685,0
19316,Morera,12/07/2011 20:37,Alto (> 8 mts),110,Grande,-68.8364995866,-32.8704288021,4,Cuarta Oeste,1173332.70145,0
25093,Morera,15/02/2011 19:37,Alto (> 8 mts),128,Grande,-68.8360735663,-32.8978147964,2,Barrio Civico,2366816.36021,0
47564,Morera,19/09/2011 08:40,Medio (4 - 8 mts),100,Grande,-68.8275158394,-32.8719776979,4,Cuarta Este Área Fundacional,1822015.85685,1
28094,Platano,21/02/2011 18:48,Alto (> 8 mts),92,Grande,-68.8490792034,-32.8911819638,5,Residencial Sur,2423808.92355,0
43935,Platano,12/10/2011 14:31,Alto (> 8 mts),300,Grande,-68.8324058157,-32.8837756806,3,Parque O'Higgins,1531146.02653,0
37488,Morera,15/11/2010 12:09,Alto (> 8 mts),200,Grande,-68.8569619853,-32.8699696044,6,Residencial Norte,2694682.37982,0
26779,Fresno americano,01/11/2011 10:12,Medio (4 - 8 mts),40,Mediano,-68.8330545429,-32.8944531305,3,Parque O'Higgins,1531146.02653,0
15999,Morera,11/08/2011 09:27,Alto (> 8 mts),120,Grande,-68.8439934167,-32.8726193071,6,Residencial Norte,2694682.37982,0
6966,Caducifolio,31/05/2011 11:13,Bajo (2 - 4 mts),50,Mediano,-68.8609976496,-32.8957484649,5,Residencial Sur,2423808.92355,0
6194,Platano,31/03/2011 14:58,Alto (> 8 mts),98,Grande,-68.839973889,-32.8873425924,3,Parque O'Higgins,1531146.02653,0
40915,Platano,11/04/2011 16:20,Medio (4 - 8 mts),42,Mediano,-68.8387353035,-32.8861499665,3,Parque O'Higgins,1531146.02653,0
32108,Morera,09/05/2011 12:21,Alto (> 8 mts),190,Grande,-68.8592993766,-32.8868539468,5,Residencial Sur,2423808.92355,0
18648,Platano,04/07/2011 13:32,Alto (> 8 mts),280,Grande,-68.8368123581,-32.8758642981,1,Parque Central,1655357.93265,0
24924,Morera,10/02/2011 08:51,Alto (> 8 mts),126,Grande,-68.8383930765,-32.8973541197,2,Barrio Civico,2366816.36021,0
260,Fresno europeo,07/03/2012 11:38,Medio (4 - 8 mts),130,Grande,-68.8220845592,-32.8668629328,4,Cuarta Este Área Fundacional,1822015.85685,0
26539,Platano,21/10/2011 13:36,Alto (> 8 mts),193,Grande,-68.831501871,-32.8907000552,3,Parque O'Higgins,1531146.02653,0
3664,Paraiso,26/08/2011 10:56,Bajo (2 - 4 mts),50,Mediano,-68.8203942109,-32.8690632176,4,Cuarta Este Área Fundacional,1822015.85685,0
8194,Morera,15/03/2011 09:10,Bajo (2 - 4 mts),25,Mediano,-68.8399816376,-32.8917550406,2,Barrio Civico,2366816.36021,0
38822,Braquiquito,13/12/2010 13:42,Muy bajo (1 - 2 mts),5,Chico,-68.8498581887,-32.8715464651,6,Residencial Norte,2694682.37982,0
47542,Morera,19/09/2011 09:18,Alto (> 8 mts),128,Grande,-68.8266340539,-32.8712301686,4,Cuarta Este Área Fundacional,1822015.85685,0
5510,Morera,26/04/2011 13:54,Medio (4 - 8 mts),52,Mediano,-68.837357801,-32.8762479406,1,Parque Central,1655357.93265,0
40074,Morera,20/04/2011 09:35,Medio (4 - 8 mts),170,Grande,-68.8449257969,-32.8782077516,1,Parque Central,1655357.93265,0
19398,Perenne,05/07/2011 09:49,Bajo (2 - 4 mts),100,Grande,-68.8353995943,-32.8735635792,4,Cuarta Oeste,1173332.70145,0
42413,Morera,28/09/2011 11:25,Alto (> 8 mts),130,Grande,-68.8331276583,-32.8752849841,4,Cuarta Este Área Fundacional,1822015.85685,1
14397,Fresno americano,02/12/2011 10:16,Muy bajo (1 - 2 mts),15,Chico,-68.8785457375,-32.8671417197,8,Aeroparque,2203364.73622,0
32004,Morera,03/06/2011 11:24,Alto (> 8 mts),175,Grande,-68.8585480631,-32.8872053003,5,Residencial Sur,2423808.92355,0
22198,Fresno europeo,18/05/2011 09:56,Medio (4 - 8 mts),48,Mediano,-68.8568589128,-32.8986183398,5,Residencial Sur,2423808.92355,0
31935,Morera,03/06/2011 09:17,Medio (4 - 8 mts),110,Grande,-68.8592564715,-32.8846550315,5,Residencial Sur,2423808.92355,0
33882,Morera,14/07/2011 09:58,Alto (> 8 mts),220,Grande,-68.8533683542,-32.8851811877,5,Residencial Sur,2423808.92355,0
15986,Morera,10/08/2011 10:55,Alto (> 8 mts),160,Grande,-68.8439178558,-32.8720146179,4,Cuarta Oeste,1173332.70145,1
29038,Morera,20/04/2011 10:02,Alto (> 8 mts),135,Grande,-68.8440247777,-32.8873514171,1,Parque Central,1655357.93265,0
36761,Platano,21/03/2011 15:47,Alto (> 8 mts),98,Grande,-68.8567111233,-32.8811373428,7,Residencial Parque,1786336.08966,0
46296,Morera,19/09/2011 12:43,Alto (> 8 mts),180,Grande,-68.8223172983,-32.8737011326,4,Cuarta Este Área Fundacional,1822015.85685,0
35706,Morera,17/03/2011 12:23,Alto (> 8 mts),160,Grande,-68.8556283247,-32.8749844743,6,Residencial Norte,2694682.37982,0
37051,Morera,05/04/2011 12:20,Medio (4 - 8 mts),120,Grande,-68.8562604175,-32.8760813013,6,Residencial Norte,2694682.37982,1
8015,Fresno europeo,17/02/2011 10:07,Medio (4 - 8 mts),40,Mediano,-68.840113771,-32.8883926787,3,Parque O'Higgins,1531146.02653,0
38539,Fresno europeo,21/12/2010 13:22,Medio (4 - 8 mts),85,Grande,-68.8532415816,-32.8712451007,6,Residencial Norte,2694682.37982,0
16569,Morera,27/07/2011 09:09,Medio (4 - 8 mts),200,Grande,-68.8414888316,-32.8660569029,4,Cuarta Oeste,1173332.70145,1
22377,Morera,16/06/2011 11:28,Alto (> 8 mts),140,Grande,-68.8589788303,-32.8981810744,5,Residencial Sur,2423808.92355,0
4764,Fresno europeo,02/08/2011 10:13,Medio (4 - 8 mts),52,Mediano,-68.835921085,-32.8666821055,4,Cuarta Oeste,1173332.70145,0
21252,Fresno europeo,14/06/2011 13:08,Bajo (2 - 4 mts),52,Mediano,-68.8536609145,-32.8971555223,5,Residencial Sur,2423808.92355,0
38314,Paraiso,09/11/2010 11:08,Alto (> 8 mts),180,Grande,-68.8532425267,-32.8702802644,6,Residencial Norte,2694682.37982,0
9437,Morera,11/02/2011 12:03,Bajo (2 - 4 mts),22,Mediano,-68.856518543,-32.8645657982,6,Residencial Norte,2694682.37982,0
33227,Platano,09/05/2011 12:04,Alto (> 8 mts),200,Grande,-68.8552344906,-32.8921817822,5,Residencial Sur,2423808.92355,0
41934,Paraiso,19/04/2011 13:09,Alto (> 8 mts),200,Grande,-68.8377159892,-32.8787646881,1,Parque Central,1655357.93265,0
21357,Paraiso,09/05/2011 09:00,Alto (> 8 mts),175,Grande,-68.8531850396,-32.8929674215,5,Residencial Sur,2423808.92355,0
42441,Morera,26/09/2011 10:22,Alto (> 8 mts),135,Grande,-68.8324848588,-32.8764256155,4,Cuarta Este Área Fundacional,1822015.85685,1
25806,Paraiso,02/02/2011 08:42,Alto (> 8 mts),104,Grande,-68.8405079294,-32.9035789304,2,Barrio Civico,2366816.36021,0
43835,Morera,07/10/2011 10:01,Medio (4 - 8 mts),108,Grande,-68.8311198367,-32.8849268263,3,Parque O'Higgins,1531146.02653,0
3025,Morera,15/09/2011 13:04,Medio (4 - 8 mts),90,Grande,-68.8290567775,-32.8730267193,4,Cuarta Este Área Fundacional,1822015.85685,0
15193,Paraiso,16/11/2011 13:19,Bajo (2 - 4 mts),70,Grande,-68.8600632423,-32.868660908,6,Residencial Norte,2694682.37982,0
47203,Paraiso,20/09/2011 10:18,Medio (4 - 8 mts),120,Grande,-68.8349486653,-32.8740874101,4,Cuarta Este Área Fundacional,1822015.85685,0
28299,Platano,10/03/2011 14:50,Alto (> 8 mts),172,Grande,-68.8494530243,-32.8930054404,2,Barrio Civico,2366816.36021,1
20275,Fresno americano,16/05/2011 11:47,Medio (4 - 8 mts),80,Grande,-68.8590198706,-32.8935622187,5,Residencial Sur,2423808.92355,0
48366,Morera,17/08/2011 10:36,Alto (> 8 mts),208,Grande,-68.8288276065,-32.8666622089,4,Cuarta Este Área Fundacional,1822015.85685,0
37838,Morera,24/11/2010 11:56,Alto (> 8 mts),160,Grande,-68.8530865518,-32.8727920215,6,Residencial Norte,2694682.37982,1
21372,Fresno europeo,09/05/2011 11:55,Bajo (2 - 4 mts),58,Mediano,-68.8547123796,-32.8934446671,5,Residencial Sur,2423808.92355,0
6049,Fresno europeo,14/04/2011 12:50,Bajo (2 - 4 mts),22,Mediano,-68.8462186554,-32.8813527454,1,Parque Central,1655357.93265,0
45160,Fresno europeo,31/08/2011 14:16,Alto (> 8 mts),160,Grande,-68.8236868521,-32.8711556956,4,Cuarta Este Área Fundacional,1822015.85685,0
19787,Fresno americano,10/08/2011 11:51,Alto (> 8 mts),140,Grande,-68.8340314753,-32.8697828919,4,Cuarta Oeste,1173332.70145,0
42659,Morera,26/09/2011 11:50,Alto (> 8 mts),220,Grande,-68.8294593417,-32.8769870591,4,Cuarta Este Área Fundacional,1822015.85685,0
18401,Caducifolio,09/08/2011 10:02,Medio (4 - 8 mts),77,Grande,-68.840102604,-32.8735164794,4,Cuarta Oeste,1173332.70145,0
19496,Paraiso,18/07/2011 09:53,Alto (> 8 mts),185,Grande,-68.8385790635,-32.872058828,4,Cuarta Oeste,1173332.70145,0
13148,Jacaranda,18/02/2011 13:14,Bajo (2 - 4 mts),40,Mediano,-68.8468165873,-32.8645049796,4,Cuarta Oeste,1173332.70145,0
39046,Fresno europeo,23/12/2010 13:23,Alto (> 8 mts),90,Grande,-68.8540344144,-32.8707846971,6,Residencial Norte,2694682.37982,0
37843,Morera,24/11/2010 12:14,Alto (> 8 mts),170,Grande,-68.8529043616,-32.8726022712,6,Residencial Norte,2694682.37982,0
44190,Acacia SP,17/10/2011 10:07,Alto (> 8 mts),150,Grande,-68.8341384758,-32.8824888336,3,Parque O'Higgins,1531146.02653,0
38450,Morera,03/11/2010 12:55,Alto (> 8 mts),190,Grande,-68.8511312095,-32.8689238987,6,Residencial Norte,2694682.37982,1
30958,Fresno europeo,10/02/2011 13:43,Medio (4 - 8 mts),90,Grande,-68.855164514,-32.8639012854,6,Residencial Norte,2694682.37982,0
24355,Perenne,26/01/2011 10:26,Bajo (2 - 4 mts),5,Chico,-68.8447792142,-32.9027142521,2,Barrio Civico,2366816.36021,0
480,Fresno europeo,07/03/2012 10:44,Bajo (2 - 4 mts),45,Mediano,-68.8227131523,-32.8683163096,4,Cuarta Este Área Fundacional,1822015.85685,0
19572,Morera,26/07/2011 09:10,Bajo (2 - 4 mts),52,Mediano,-68.8383894894,-32.8723053769,4,Cuarta Oeste,1173332.70145,0
7634,Olmo comun,17/06/2011 15:33,Bajo (2 - 4 mts),44,Mediano,-68.854870335,-32.8836814142,5,Residencial Sur,2423808.92355,0
36495,Morera,06/04/2011 11:55,Alto (> 8 mts),126,Grande,-68.8549248374,-32.8789585963,6,Residencial Norte,2694682.37982,0
35672,Fresno europeo,18/03/2011 09:52,Bajo (2 - 4 mts),20,Chico,-68.8555854751,-32.8741940901,6,Residencial Norte,2694682.37982,0
13812,Fresno europeo,27/01/2011 09:17,Bajo (2 - 4 mts),18,Chico,-68.8493152492,-32.863104233,6,Residencial Norte,2694682.37982,0
25811,Paraiso,01/02/2011 13:45,Alto (> 8 mts),108,Grande,-68.8401288565,-32.903492233,2,Barrio Civico,2366816.36021,0
11594,Paraiso,28/01/2011 10:11,Alto (> 8 mts),270,Grande,-68.8525645444,-32.866808303,6,Residencial Norte,2694682.37982,0
22161,Morera,18/05/2011 11:04,Alto (> 8 mts),112,Grande,-68.8540139856,-32.8986938584,5,Residencial Sur,2423808.92355,0
1100,Paraiso sombrilla,13/12/2011 17:38,Bajo (2 - 4 mts),42,Mediano,-68.8798847859,-32.8676488979,8,Aeroparque,2203364.73622,0
32569,Platano,17/06/2011 11:05,Alto (> 8 mts),179,Grande,-68.8535028585,-32.8902507129,5,Residencial Sur,2423808.92355,0
33557,Platano,30/05/2011 10:05,Alto (> 8 mts),185,Grande,-68.8539013431,-32.8881378082,5,Residencial Sur,2423808.92355,0
48056,Morera,27/09/2011 11:30,Alto (> 8 mts),47,Mediano,-68.8262820051,-32.8665255738,4,Cuarta Este Área Fundacional,1822015.85685,0
33286,Fresno europeo,27/06/2011 09:29,Medio (4 - 8 mts),98,Grande,-68.8562036982,-32.8899647797,5,Residencial Sur,2423808.92355,0
33897,Fresno americano,14/07/2011 09:03,Alto (> 8 mts),118,Grande,-68.854882656,-32.8854206725,5,Residencial Sur,2423808.92355,0
23728,Paraiso,25/01/2011 12:15,Alto (> 8 mts),75,Grande,-68.8499269145,-32.9013421387,2,Barrio Civico,2366816.36021,0
3147,Paraiso,07/09/2011 10:21,Muy bajo (1 - 2 mts),8,Chico,-68.8333552662,-32.872484572,4,Cuarta Este Área Fundacional,1822015.85685,0
8364,Conifera,04/03/2011 13:40,Alto (> 8 mts),48,Mediano,-68.8404658916,-32.9005590466,2,Barrio Civico,2366816.36021,0
4992,Fresno europeo,28/06/2011 09:07,Alto (> 8 mts),156,Grande,-68.8327158794,-32.8623799044,4,Cuarta Oeste,1173332.70145,0
39980,Morera,25/04/2011 10:03,Medio (4 - 8 mts),180,Grande,-68.8452922205,-32.8777126348,1,Parque Central,1655357.93265,0
21331,Fresno americano,15/06/2011 11:24,Medio (4 - 8 mts),68,Grande,-68.8526297957,-32.8989300312,2,Barrio Civico,2366816.36021,0
43498,Morera,14/11/2011 08:02,Medio (4 - 8 mts),100,Grande,-68.8285178542,-32.8843166698,3,Parque O'Higgins,1531146.02653,0
4851,Paraiso,27/07/2011 09:56,Alto (> 8 mts),152,Grande,-68.8393056831,-32.8663388341,4,Cuarta Oeste,1173332.70145,0
27755,Platano,31/10/2011 09:12,Alto (> 8 mts),186,Grande,-68.8348167281,-32.8957894318,2,Barrio Civico,2366816.36021,0
3894,Morera,01/09/2011 11:25,Medio (4 - 8 mts),198,Grande,-68.8195361752,-32.8711102608,4,Cuarta Este Área Fundacional,1822015.85685,0
26768,Morera,11/01/2012 08:42,Alto (> 8 mts),165,Grande,-68.8332301025,-32.8954539357,3,Parque O'Higgins,1531146.02653,0
32901,Fresno europeo,19/05/2011 12:45,Alto (> 8 mts),150,Grande,-68.849353852,-32.8866455229,5,Residencial Sur,2423808.92355,0
2417,Fresno americano,20/10/2011 10:56,Medio (4 - 8 mts),180,Grande,-68.8314965314,-32.8885292162,3,Parque O'Higgins,1531146.02653,0
45044,Fresno europeo,01/09/2011 08:04,Medio (4 - 8 mts),78,Grande,-68.8222589878,-32.8702580224,4,Cuarta Este Área Fundacional,1822015.85685,0
1689,Acer,24/11/2011 12:41,Bajo (2 - 4 mts),25,Mediano,-68.8719340279,-32.877874267,7,Residencial Parque,1786336.08966,0
28455,Morera,28/02/2011 09:02,Alto (> 8 mts),152,Grande,-68.8471193432,-32.8897121019,2,Barrio Civico,2366816.36021,1
18863,Morera,27/07/2011 09:14,Alto (> 8 mts),170,Grande,-68.8400983907,-32.869978776400004,4,Cuarta Oeste,1173332.70145,0
28367,Morera,15/03/2011 12:42,Alto (> 8 mts),176,Grande,-68.8487864263,-32.8888183972,5,Residencial Sur,2423808.92355,0
28549,Morera,21/02/2011 09:16,Alto (> 8 mts),155,Grande,-68.8495553636,-32.8889767501,5,Residencial Sur,2423808.92355,0
9011,Prunas,11/01/2011 13:40,Bajo (2 - 4 mts),30,Mediano,-68.845345458,-32.8670806506,4,Cuarta Oeste,1173332.70145,0
30372,Platano,03/03/2011 13:07,Alto (> 8 mts),220,Grande,-68.8393962638,-32.8902483747,3,Parque O'Higgins,1531146.02653,0
45402,Morera,15/09/2011 16:15,Alto (> 8 mts),142,Grande,-68.8258373878,-32.8713389568,4,Cuarta Este Área Fundacional,1822015.85685,0
27579,Morera,28/10/2011 12:01,Medio (4 - 8 mts),110,Grande,-68.838429008,-32.8920446503,3,Parque O'Higgins,1531146.02653,0
43564,Platano,12/10/2011 07:58,Alto (> 8 mts),165,Grande,-68.8304542771,-32.8837297988,3,Parque O'Higgins,1531146.02653,0
29883,Fresno europeo,11/03/2011 12:27,Bajo (2 - 4 mts),15,Chico,-68.8416555568,-32.8914515494,2,Barrio Civico,2366816.36021,0
443,Morera,06/03/2012 10:59,Medio (4 - 8 mts),90,Grande,-68.8181543076,-32.8679206082,4,Cuarta Este Área Fundacional,1822015.85685,0
15802,Morera,21/11/2011 18:04,Bajo (2 - 4 mts),28,Mediano,-68.8736753127,-32.8793128361,7,Residencial Parque,1786336.08966,0
34917,Fresno europeo,28/03/2011 12:09,Alto (> 8 mts),60,Mediano,-68.8513239199,-32.880345785,1,Parque Central,1655357.93265,0
46505,Ligustro,17/08/2011 09:51,Medio (4 - 8 mts),105,Grande,-68.830337731,-32.8671215154,4,Cuarta Este Área Fundacional,1822015.85685,0
41413,Alamo criollo,18/04/2011 14:22,Medio (4 - 8 mts),132,Grande,-68.8425536232,-32.8827540307,1,Parque Central,1655357.93265,0
34565,Prunas,30/03/2011 13:12,Bajo (2 - 4 mts),120,Grande,-68.8481007742,-32.8754285932,6,Residencial Norte,2694682.37982,0
5426,Morera,18/04/2011 11:39,Medio (4 - 8 mts),60,Mediano,-68.842998008,-32.8791143282,1,Parque Central,1655357.93265,1
35863,Morera,28/03/2011 13:47,Bajo (2 - 4 mts),10,Chico,-68.8525844186,-32.8756816691,6,Residencial Norte,2694682.37982,0
26429,Platano,09/11/2011 09:32,Alto (> 8 mts),245,Grande,-68.8344452378,-32.8919842562,3,Parque O'Higgins,1531146.02653,1
24830,Morera,18/02/2011 09:48,Alto (> 8 mts),210,Grande,-68.8400046707,-32.8973359041,2,Barrio Civico,2366816.36021,0
38413,Paraiso,04/11/2010 10:58,Alto (> 8 mts),280,Grande,-68.8520654305,-32.8702543266,6,Residencial Norte,2694682.37982,0
41836,Acer,25/04/2011 13:16,Medio (4 - 8 mts),80,Grande,-68.8437320439,-32.8774967235,1,Parque Central,1655357.93265,0
17352,Morera,05/08/2011 07:34,Alto (> 8 mts),180,Grande,-68.8354790994,-32.8653868031,4,Cuarta Oeste,1173332.70145,0
47880,Paraiso,21/09/2011 11:38,Medio (4 - 8 mts),108,Grande,-68.8293284727,-32.8734224433,4,Cuarta Este Área Fundacional,1822015.85685,0
24018,Acer,13/01/2011 09:19,Medio (4 - 8 mts),35,Mediano,-68.8446954148,-32.9004123637,2,Barrio Civico,2366816.36021,0
31859,Fresno europeo,29/06/2011 12:58,Alto (> 8 mts),103,Grande,-68.8610172293,-32.8889683006,5,Residencial Sur,2423808.92355,0
17976,Morera,01/08/2011 09:23,Medio (4 - 8 mts),130,Grande,-68.8400384795,-32.867751325,4,Cuarta Oeste,1173332.70145,0
48037,Morera,02/09/2011 11:55,Bajo (2 - 4 mts),66,Grande,-68.826980351,-32.8688161601,4,Cuarta Este Área Fundacional,1822015.85685,0
14288,Jacaranda,06/12/2011 10:26,Medio (4 - 8 mts),80,Grande,-68.8773420069,-32.868716383,8,Aeroparque,2203364.73622,0
22222,Fresno europeo,18/05/2011 08:56,Medio (4 - 8 mts),88,Grande,-68.855719839,-32.8989599435,5,Residencial Sur,2423808.92355,0
33566,Platano,30/05/2011 09:53,Alto (> 8 mts),140,Grande,-68.854105313,-32.8888832947,5,Residencial Sur,2423808.92355,0
43453,Fresno europeo,03/10/2011 10:16,Bajo (2 - 4 mts),40,Mediano,-68.8320188194,-32.8799923955,3,Parque O'Higgins,1531146.02653,0
11186,Morera,27/01/2011 08:59,Alto (> 8 mts),138,Grande,-68.8441884738,-32.90147317,2,Barrio Civico,2366816.36021,0
1991,Morera,09/11/2011 10:02,Alto (> 8 mts),78,Grande,-68.832907374,-32.8937812321,3,Parque O'Higgins,1531146.02653,0
34662,Morera,01/04/2011 13:13,Alto (> 8 mts),157,Grande,-68.8506953978,-32.876434919,6,Residencial Norte,2694682.37982,0
36621,Platano,15/06/2011 09:35,Alto (> 8 mts),180,Grande,-68.8584689613,-32.882510729,7,Residencial Parque,1786336.08966,0
21229,Fresno europeo,11/05/2011 09:36,Bajo (2 - 4 mts),16,Chico,-68.851475688,-32.893469066,5,Residencial Sur,2423808.92355,0
5032,Perenne,21/07/2011 10:53,Medio (4 - 8 mts),45,Mediano,-68.8403621965,-32.8626661433,4,Cuarta Oeste,1173332.70145,0
11338,Fresno americano,20/01/2011 19:23,Medio (4 - 8 mts),48,Mediano,-68.8484896273,-32.9007281515,2,Barrio Civico,2366816.36021,0
35114,Fresno americano,28/03/2011 12:13,Muy bajo (1 - 2 mts),10,Chico,-68.8520285019,-32.880960118,1,Parque Central,1655357.93265,0
13558,Fresno europeo,28/01/2011 10:06,Muy bajo (1 - 2 mts),6,Chico,-68.8505510339,-32.8641080112,6,Residencial Norte,2694682.37982,0
9480,Ailanthus,02/02/2011 12:57,Alto (> 8 mts),44,Mediano,-68.8528277536,-32.8637461619,6,Residencial Norte,2694682.37982,0
21258,Fresno europeo,14/06/2011 10:29,Bajo (2 - 4 mts),46,Mediano,-68.8535696159,-32.8965191824,5,Residencial Sur,2423808.92355,0
15301,Fresno europeo,17/11/2011 14:35,Bajo (2 - 4 mts),51,Mediano,-68.8594691619,-32.8698470293,6,Residencial Norte,2694682.37982,0
2120,Caducifolio,15/11/2011 07:55,Medio (4 - 8 mts),140,Grande,-68.8301380225,-32.8886180669,3,Parque O'Higgins,1531146.02653,0
4787,Jacaranda,03/08/2011 09:55,Alto (> 8 mts),130,Grande,-68.8384611631,-32.8668534591,4,Cuarta Oeste,1173332.70145,0
32371,Platano,06/05/2011 09:42,Alto (> 8 mts),155,Grande,-68.8524738136,-32.8916557056,5,Residencial Sur,2423808.92355,0
8733,Morera,14/02/2011 09:09,Alto (> 8 mts),50,Mediano,-68.8366227613,-32.9008578192,2,Barrio Civico,2366816.36021,0
40503,Fresno europeo,08/04/2011 12:25,Alto (> 8 mts),122,Grande,-68.8428073215,-32.8828099626,1,Parque Central,1655357.93265,0
11870,Morera,02/03/2011 09:37,Alto (> 8 mts),220,Grande,-68.8502500615,-32.8659079264,6,Residencial Norte,2694682.37982,0
5734,Morera,04/05/2011 11:22,Bajo (2 - 4 mts),15,Chico,-68.8398062389,-32.8787546399,1,Parque Central,1655357.93265,0
17537,Ailanthus,27/07/2011 12:04,Medio (4 - 8 mts),75,Grande,-68.8386674553,-32.8666952904,4,Cuarta Oeste,1173332.70145,0
1711,Perenne,23/11/2011 08:13,Bajo (2 - 4 mts),16,Chico,-68.8722960601,-32.8790051699,7,Residencial Parque,1786336.08966,0
23853,Morera,28/01/2011 12:52,Alto (> 8 mts),104,Grande,-68.851004081,-32.9007153241,2,Barrio Civico,2366816.36021,0
15754,Morera,22/11/2011 09:27,Alto (> 8 mts),90,Grande,-68.8728647733,-32.8789156737,7,Residencial Parque,1786336.08966,0
8191,Morera,15/03/2011 09:16,Alto (> 8 mts),170,Grande,-68.8402546782,-32.8917075505,2,Barrio Civico,2366816.36021,0
46999,Alamo blanco,08/09/2011 14:08,Alto (> 8 mts),103,Grande,-68.8319260294,-32.8716300569,4,Cuarta Este Área Fundacional,1822015.85685,0
87,Acer,29/02/2012 10:53,Bajo (2 - 4 mts),50,Mediano,-68.8564294551,-32.9018902112,5,Residencial Sur,2423808.92355,0
35411,Morera,17/06/2011 15:51,Medio (4 - 8 mts),140,Grande,-68.8556890779,-32.8836484444,5,Residencial Sur,2423808.92355,0
44213,Morera,14/10/2011 09:52,Medio (4 - 8 mts),78,Grande,-68.8352545623,-32.8832281852,3,Parque O'Higgins,1531146.02653,0
22246,Fresno europeo,14/06/2011 10:46,Alto (> 8 mts),123,Grande,-68.8556986679,-32.897009923,5,Residencial Sur,2423808.92355,0
6891,Morera,26/05/2011 10:11,Bajo (2 - 4 mts),25,Mediano,-68.8605843219,-32.8947742055,5,Residencial Sur,2423808.92355,0
22231,Fresno europeo,14/06/2011 11:31,Alto (> 8 mts),103,Grande,-68.8556391194,-32.8979854836,5,Residencial Sur,2423808.92355,0
30006,Fresno europeo,28/04/2011 12:33,Muy bajo (1 - 2 mts),8,Chico,-68.8415137593,-32.8868162619,3,Parque O'Higgins,1531146.02653,0
9851,Fresno europeo,07/01/2011 12:04,Medio (4 - 8 mts),39,Mediano,-68.8437988054,-32.8639504729,4,Cuarta Oeste,1173332.70145,0
40021,Catalpa,19/04/2011 09:57,Bajo (2 - 4 mts),40,Mediano,-68.8442489397,-32.8787658703,1,Parque Central,1655357.93265,0
10714,Morera,30/03/2011 13:14,Muy bajo (1 - 2 mts),7,Chico,-68.8480503752,-32.8754377726,6,Residencial Norte,2694682.37982,0
9425,Paraiso sombrilla,14/02/2011 12:32,Alto (> 8 mts),150,Grande,-68.8562814948,-32.8649091541,6,Residencial Norte,2694682.37982,0
48014,Fresno europeo,29/08/2011 08:44,Bajo (2 - 4 mts),45,Mediano,-68.8272316394,-32.8689239281,4,Cuarta Este Área Fundacional,1822015.85685,0
31434,Fresno europeo,14/07/2011 09:22,Alto (> 8 mts),160,Grande,-68.8490112311,-32.8853849048,1,Parque Central,1655357.93265,0
20454,Fresno europeo,17/05/2011 09:54,Alto (> 8 mts),108,Grande,-68.8608291413,-32.8926387494,5,Residencial Sur,2423808.92355,0
1932,Paraiso,15/11/2011 13:11,Bajo (2 - 4 mts),40,Mediano,-68.8604602173,-32.8702537967,7,Residencial Parque,1786336.08966,1
1160,Fresno americano,29/11/2011 12:11,Medio (4 - 8 mts),30,Mediano,-68.8753443846,-32.8649986733,8,Aeroparque,2203364.73622,0
16626,Fresno europeo,26/07/2011 15:00,Alto (> 8 mts),140,Grande,-68.840037544,-32.8654752657,4,Cuarta Oeste,1173332.70145,0
8332,Morera,16/03/2011 18:12,Alto (> 8 mts),98,Grande,-68.8457197435,-32.893747174,2,Barrio Civico,2366816.36021,1
4817,Paraiso,28/07/2011 09:47,Alto (> 8 mts),220,Grande,-68.8410556477,-32.8666525981,4,Cuarta Oeste,1173332.70145,0
29919,Platano,14/03/2011 12:58,Alto (> 8 mts),168,Grande,-68.8401352435,-32.8927197256,2,Barrio Civico,2366816.36021,0
25169,Morera,09/02/2011 18:29,Alto (> 8 mts),142,Grande,-68.8361103531,-32.8988820473,2,Barrio Civico,2366816.36021,1
33517,Platano,16/06/2011 12:05,Alto (> 8 mts),177,Grande,-68.8542792967,-32.8891104624,5,Residencial Sur,2423808.92355,0
28167,Tipa,22/02/2011 09:36,Alto (> 8 mts),286,Grande,-68.8477640461,-32.8915350951,2,Barrio Civico,2366816.36021,0
36449,Acer,21/03/2011 09:26,Medio (4 - 8 mts),110,Grande,-68.8534224248,-32.8793278915,6,Residencial Norte,2694682.37982,0
16224,Fresno americano,20/07/2011 10:46,Bajo (2 - 4 mts),22,Mediano,-68.8434721942,-32.8657074298,4,Cuarta Oeste,1173332.70145,0
48098,Morera,29/09/2011 09:44,Alto (> 8 mts),150,Grande,-68.8261489799,-32.8677715669,4,Cuarta Este Área Fundacional,1822015.85685,0
20131,Jacaranda,16/05/2011 11:11,Alto (> 8 mts),20,Chico,-68.861583572,-32.8914570904,5,Residencial Sur,2423808.92355,0
40370,Platano,11/04/2011 09:48,Alto (> 8 mts),176,Grande,-68.844204933,-32.8828448305,1,Parque Central,1655357.93265,0
43395,Fresno americano,27/10/2011 16:13,Medio (4 - 8 mts),120,Grande,-68.8323050384,-32.8812080467,3,Parque O'Higgins,1531146.02653,0
35024,Aguaribay,23/03/2011 10:09,Alto (> 8 mts),300,Grande,-68.8550713025,-32.8808075879,6,Residencial Norte,2694682.37982,0
36025,Morera,18/03/2011 11:04,Alto (> 8 mts),108,Grande,-68.8559741829,-32.8751357264,6,Residencial Norte,2694682.37982,0
41292,Platano,11/04/2011 10:37,Alto (> 8 mts),155,Grande,-68.8398316306,-32.8817130654,1,Parque Central,1655357.93265,0
15667,Acacia SP,15/11/2011 11:36,Medio (4 - 8 mts),100,Grande,-68.8619500132,-32.8706585198,7,Residencial Parque,1786336.08966,0
16674,Prunas,19/07/2011 10:50,Bajo (2 - 4 mts),58,Mediano,-68.8414980078,-32.8635922382,4,Cuarta Oeste,1173332.70145,0
23457,Liquidambar,25/01/2011 09:15,Muy bajo (1 - 2 mts),10,Chico,-68.8489254673,-32.9017627622,2,Barrio Civico,2366816.36021,0
16264,Morera,21/07/2011 09:18,Alto (> 8 mts),196,Grande,-68.8425020251,-32.8647116596,4,Cuarta Oeste,1173332.70145,0
1381,Acer,23/11/2011 11:18,Medio (4 - 8 mts),50,Mediano,-68.8707139307,-32.8786733371,7,Residencial Parque,1786336.08966,0
47142,Morera,20/09/2011 10:35,Bajo (2 - 4 mts),42,Mediano,-68.8333729021,-32.8728787331,4,Cuarta Este Área Fundacional,1822015.85685,0
42825,Morera,30/09/2011 13:24,Medio (4 - 8 mts),86,Grande,-68.8311325609,-32.8766092836,4,Cuarta Este Área Fundacional,1822015.85685,0
8379,Paraiso,04/02/2011 12:56,Bajo (2 - 4 mts),38,Mediano,-68.8388139979,-32.9024659225,2,Barrio Civico,2366816.36021,0
3172,Morera,19/09/2011 10:14,Alto (> 8 mts),120,Grande,-68.8332000144,-32.875171909,4,Cuarta Este Área Fundacional,1822015.85685,0
10146,Morera,28/12/2010 09:38,Medio (4 - 8 mts),90,Grande,-68.8548335571,-32.8716690522,6,Residencial Norte,2694682.37982,0
39934,Morera,29/04/2011 09:19,Medio (4 - 8 mts),160,Grande,-68.8445867315,-32.8759435393,1,Parque Central,1655357.93265,0
19471,Morera,11/07/2011 12:34,Alto (> 8 mts),145,Grande,-68.8395310077,-32.8709284266,4,Cuarta Oeste,1173332.70145,0
18410,Morera,11/07/2011 11:54,Alto (> 8 mts),148,Grande,-68.8395657668,-32.8737751471,4,Cuarta Oeste,1173332.70145,1
24240,Morera,27/01/2011 09:55,Alto (> 8 mts),180,Grande,-68.8446039977,-32.9008531721,2,Barrio Civico,2366816.36021,0
22826,Fresno europeo,14/06/2011 12:05,Alto (> 8 mts),92,Grande,-68.8576907516,-32.9020617002,5,Residencial Sur,2423808.92355,0
32126,Morera,09/05/2011 13:46,Alto (> 8 mts),180,Grande,-68.8608587207,-32.8865605324,5,Residencial Sur,2423808.92355,0
31982,Platano,06/06/2011 12:55,Alto (> 8 mts),186,Grande,-68.8577636331,-32.8883473594,5,Residencial Sur,2423808.92355,0
28635,Morera,23/02/2011 11:41,Alto (> 8 mts),220,Grande,-68.8475010759,-32.890547969000004,2,Barrio Civico,2366816.36021,0
3982,Morera,23/09/2011 12:08,Muy bajo (1 - 2 mts),8,Chico,-68.8307389656,-32.8768663969,4,Cuarta Este Área Fundacional,1822015.85685,0
48418,Fresno europeo,29/08/2011 10:19,Alto (> 8 mts),130,Grande,-68.8291204835,-32.8687711316,4,Cuarta Este Área Fundacional,1822015.85685,0
37751,Morera,13/01/2012 18:10,Medio (4 - 8 mts),140,Grande,-68.8506083656,-32.8724514921,6,Residencial Norte,2694682.37982,0
43141,Platano,05/10/2011 11:27,Alto (> 8 mts),200,Grande,-68.8299535369,-32.8801519094,4,Cuarta Este Área Fundacional,1822015.85685,0
32625,Paraiso,21/06/2011 13:51,Alto (> 8 mts),182,Grande,-68.852870718,-32.8896717979,5,Residencial Sur,2423808.92355,0
26711,Morera,09/11/2011 10:10,Alto (> 8 mts),65,Grande,-68.832890192,-32.8934376424,3,Parque O'Higgins,1531146.02653,1
5626,Platano,05/05/2011 13:07,Medio (4 - 8 mts),50,Mediano,-68.8393237338,-32.8768568567,1,Parque Central,1655357.93265,0
20294,Acacia SP,17/05/2011 09:42,Bajo (2 - 4 mts),30,Mediano,-68.8603551,-32.8932131393,5,Residencial Sur,2423808.92355,0
16715,Paraiso,21/07/2011 14:16,Alto (> 8 mts),190,Grande,-68.8403181722,-32.8630583598,4,Cuarta Oeste,1173332.70145,0
5157,Morera,11/08/2011 09:39,Medio (4 - 8 mts),57,Mediano,-68.843991097,-32.8724344109,6,Residencial Norte,2694682.37982,0
44517,Platano,18/10/2011 10:06,Alto (> 8 mts),165,Grande,-68.8354893009,-32.8856565177,3,Parque O'Higgins,1531146.02653,0
13134,Paraiso sombrilla,17/02/2011 12:02,Medio (4 - 8 mts),80,Grande,-68.8458630209,-32.8649597723,4,Cuarta Oeste,1173332.70145,0
14130,Perenne,01/12/2011 13:00,Medio (4 - 8 mts),25,Mediano,-68.8769120031,-32.8678407852,8,Aeroparque,2203364.73622,0
32141,Morera,10/05/2011 10:00,Alto (> 8 mts),192,Grande,-68.8603826732,-32.8856688854,5,Residencial Sur,2423808.92355,0
12907,Fresno europeo,12/01/2011 09:40,Muy bajo (1 - 2 mts),16,Chico,-68.8450191204,-32.8638089348,4,Cuarta Oeste,1173332.70145,0
47338,Fresno europeo,22/09/2011 09:18,Alto (> 8 mts),160,Grande,-68.8319067951,-32.8740089697,4,Cuarta Este Área Fundacional,1822015.85685,0
17182,Olmo comun,04/07/2011 10:47,Alto (> 8 mts),150,Grande,-68.8362830945,-32.8632442247,4,Cuarta Oeste,1173332.70145,0
15110,Paraiso,18/11/2011 09:09,Bajo (2 - 4 mts),33,Mediano,-68.8590279275,-32.8687049296,6,Residencial Norte,2694682.37982,1
40772,Morera,19/04/2011 09:15,Alto (> 8 mts),146,Grande,-68.841487178,-32.8836094682,1,Parque Central,1655357.93265,0
41605,Platano,05/05/2011 11:11,Alto (> 8 mts),172,Grande,-68.8359676528,-32.8770880535,1,Parque Central,1655357.93265,0
5459,Morera,13/04/2011 10:07,Medio (4 - 8 mts),160,Grande,-68.8432690002,-32.8795605607,1,Parque Central,1655357.93265,1
16470,Morera,12/08/2011 09:34,Alto (> 8 mts),170,Grande,-68.8414905059,-32.8625930429,4,Cuarta Oeste,1173332.70145,0
15176,Paraiso,18/11/2011 07:56,Bajo (2 - 4 mts),50,Mediano,-68.8600243244,-32.8696761882,6,Residencial Norte,2694682.37982,0
27800,Fresno europeo,03/11/2011 09:49,Medio (4 - 8 mts),60,Mediano,-68.8350315944,-32.8949039848,3,Parque O'Higgins,1531146.02653,0
30272,Platano,04/03/2011 13:06,Alto (> 8 mts),235,Grande,-68.8416911775,-32.8894518612,3,Parque O'Higgins,1531146.02653,0
47661,Morera,08/09/2011 15:26,Bajo (2 - 4 mts),50,Mediano,-68.8288905851,-32.8710883517,4,Cuarta Este Área Fundacional,1822015.85685,0
46506,Fresno europeo,17/08/2011 09:48,Medio (4 - 8 mts),110,Grande,-68.8303304904,-32.8670523456,4,Cuarta Este Área Fundacional,1822015.85685,0
6340,Fresno europeo,30/06/2011 14:36,Bajo (2 - 4 mts),27,Mediano,-68.8543077445,-32.8903671184,5,Residencial Sur,2423808.92355,0
33675,Acacia SP,13/05/2011 10:45,Medio (4 - 8 mts),65,Grande,-68.855571901,-32.8875059493,5,Residencial Sur,2423808.92355,0
23777,Morera,26/01/2011 14:41,Alto (> 8 mts),184,Grande,-68.8503981073,-32.8997210281,2,Barrio Civico,2366816.36021,0
29005,Platano,20/04/2011 11:56,Alto (> 8 mts),150,Grande,-68.8451884732,-32.8868030112,1,Parque Central,1655357.93265,0
35835,Paraiso sombrilla,03/03/2011 12:59,Medio (4 - 8 mts),115,Grande,-68.8544222258,-32.8736941951,6,Residencial Norte,2694682.37982,0
11763,Prunas,25/01/2011 10:48,Bajo (2 - 4 mts),68,Grande,-68.8491160145,-32.8638636921,6,Residencial Norte,2694682.37982,0
7980,Platano,21/02/2011 09:15,Alto (> 8 mts),141,Grande,-68.8413866353,-32.8882847575,3,Parque O'Higgins,1531146.02653,0
26941,Fresno europeo,01/11/2011 17:17,Alto (> 8 mts),122,Grande,-68.83604322,-32.8874666333,3,Parque O'Higgins,1531146.02653,1
25686,Platano,04/02/2011 12:35,Alto (> 8 mts),220,Grande,-68.8426074918,-32.9034169587,2,Barrio Civico,2366816.36021,0
11377,Morera,27/01/2011 15:26,Alto (> 8 mts),96,Grande,-68.8496472042,-32.9032310927,2,Barrio Civico,2366816.36021,1
29893,Morera,11/03/2011 10:12,Alto (> 8 mts),147,Grande,-68.8411864403,-32.8920165332,2,Barrio Civico,2366816.36021,0
27661,Morera,01/11/2011 10:12,Alto (> 8 mts),128,Grande,-68.8364000818,-32.8950134445,2,Barrio Civico,2366816.36021,1
8731,Fresno europeo,14/02/2011 12:23,Medio (4 - 8 mts),46,Mediano,-68.836657556,-32.9003936685,2,Barrio Civico,2366816.36021,0
12041,Morera,05/05/2010 10:42,Medio (4 - 8 mts),140,Grande,-68.8537589184,-32.8667904627,6,Residencial Norte,2694682.37982,0
34579,Morera,17/01/2012 19:47,Medio (4 - 8 mts),90,Grande,-68.8487330281,-32.8741988774,6,Residencial Norte,2694682.37982,1
42038,Morera,08/04/2011 09:55,Alto (> 8 mts),160,Grande,-68.841335469,-32.8797404471,1,Parque Central,1655357.93265,0
39852,Morera,03/05/2011 13:24,Alto (> 8 mts),175,Grande,-68.8441442741,-32.8733267749,6,Residencial Norte,2694682.37982,0
41064,Morera,28/04/2011 11:34,Alto (> 8 mts),88,Grande,-68.8386461917,-32.8828491927,1,Parque Central,1655357.93265,0
9526,Morera,04/02/2011 10:37,Alto (> 8 mts),106,Grande,-68.854105028,-32.8634584003,6,Residencial Norte,2694682.37982,0
39608,Morera,25/10/2010 10:45,Alto (> 8 mts),160,Grande,-68.8483454496,-32.8687535353,6,Residencial Norte,2694682.37982,0
14331,Acer,01/12/2011 12:44,Bajo (2 - 4 mts),22,Mediano,-68.8779954938,-32.8671293432,8,Aeroparque,2203364.73622,0
11058,Morera,31/03/2011 09:29,Alto (> 8 mts),81,Grande,-68.856363619,-32.8803927318,7,Residencial Parque,1786336.08966,1
26715,Morera,10/11/2011 10:07,Alto (> 8 mts),178,Grande,-68.8329101005,-32.8939691156,3,Parque O'Higgins,1531146.02653,0
15783,Fresno americano,23/11/2011 10:24,Bajo (2 - 4 mts),30,Mediano,-68.8728711826,-32.8784928544,7,Residencial Parque,1786336.08966,0
37888,Fresno europeo,23/11/2010 13:39,Medio (4 - 8 mts),90,Grande,-68.8505548545,-32.8730118311,6,Residencial Norte,2694682.37982,0
40836,Platano,08/04/2011 10:09,Alto (> 8 mts),162,Grande,-68.8406687643,-32.8857885308,3,Parque O'Higgins,1531146.02653,0
12991,Morera,15/02/2011 12:11,Muy bajo (1 - 2 mts),6,Chico,-68.8445923698,-32.864666797700004,4,Cuarta Oeste,1173332.70145,0
18601,Morera,06/07/2011 12:14,Alto (> 8 mts),86,Grande,-68.8372438155,-32.8756787877,1,Parque Central,1655357.93265,1
38879,Fresno europeo,09/12/2010 09:28,Alto (> 8 mts),185,Grande,-68.8483748366,-32.8718273571,6,Residencial Norte,2694682.37982,0
12057,Morera,04/02/2010 13:53,Bajo (2 - 4 mts),53,Mediano,-68.852677766,-32.867331038,6,Residencial Norte,2694682.37982,0
36759,Fresno europeo,21/03/2011 15:57,Alto (> 8 mts),78,Grande,-68.8566284688,-32.8808365334,7,Residencial Parque,1786336.08966,0
36522,Paraiso,06/04/2011 10:09,Alto (> 8 mts),132,Grande,-68.8567487135,-32.8784506069,6,Residencial Norte,2694682.37982,0
39170,Fresno europeo,25/11/2010 12:35,Bajo (2 - 4 mts),50,Mediano,-68.8532613805,-32.8725213577,6,Residencial Norte,2694682.37982,0
7903,Morera,15/06/2011 13:27,Muy bajo (1 - 2 mts),5,Chico,-68.8559641195,-32.8887962071,5,Residencial Sur,2423808.92355,0
17189,Morera,04/07/2011 10:07,Medio (4 - 8 mts),43,Mediano,-68.8361994362,-32.862902993,4,Cuarta Oeste,1173332.70145,0
10124,Acer,03/01/2011 10:15,Bajo (2 - 4 mts),25,Mediano,-68.8564046902,-32.8707932681,6,Residencial Norte,2694682.37982,0
34570,Prunas,30/03/2011 12:55,Bajo (2 - 4 mts),50,Mediano,-68.8486801975,-32.8753221968,6,Residencial Norte,2694682.37982,0
38197,Fresno europeo,25/08/2010 11:23,Bajo (2 - 4 mts),8,Chico,-68.846589062,-32.8737421129,6,Residencial Norte,2694682.37982,0
19459,Morera,12/07/2011 12:01,Alto (> 8 mts),150,Grande,-68.8385360562,-32.8706732663,4,Cuarta Oeste,1173332.70145,1
10115,Morera,03/01/2011 12:51,Muy bajo (1 - 2 mts),7,Chico,-68.8571506568,-32.8711603805,6,Residencial Norte,2694682.37982,0
45055,Fresno europeo,01/09/2011 07:41,Alto (> 8 mts),118,Grande,-68.8230041976,-32.8705584414,4,Cuarta Este Área Fundacional,1822015.85685,0
20956,Fresno europeo,27/05/2011 12:18,Medio (4 - 8 mts),80,Grande,-68.861789149,-32.8944667309,5,Residencial Sur,2423808.92355,0
47707,Fresno europeo,15/09/2011 12:53,Medio (4 - 8 mts),120,Grande,-68.8282040619,-32.8730860476,4,Cuarta Este Área Fundacional,1822015.85685,0
5502,Paraiso sombrilla,26/04/2011 09:41,Medio (4 - 8 mts),64,Grande,-68.8374003633,-32.8775489275,1,Parque Central,1655357.93265,0
29705,Morera,02/03/2011 15:00,Bajo (2 - 4 mts),32,Mediano,-68.8424684438,-32.8935191836,2,Barrio Civico,2366816.36021,0
41887,Morera,15/04/2011 11:50,Alto (> 8 mts),190,Grande,-68.841913611,-32.8794419153,1,Parque Central,1655357.93265,0
41734,Morera,26/04/2011 09:49,Alto (> 8 mts),120,Grande,-68.8376106328,-32.8774557627,1,Parque Central,1655357.93265,0
44486,Platano,17/10/2011 10:47,Alto (> 8 mts),210,Grande,-68.8355858747,-32.8846578034,3,Parque O'Higgins,1531146.02653,0
27571,Morera,28/10/2011 11:21,Medio (4 - 8 mts),110,Grande,-68.8383452183,-32.8930447879,2,Barrio Civico,2366816.36021,0
11504,Paraiso,22/02/2011 11:24,Alto (> 8 mts),195,Grande,-68.853200712,-32.8664954118,6,Residencial Norte,2694682.37982,1
21256,Fresno europeo,14/06/2011 12:34,Bajo (2 - 4 mts),55,Mediano,-68.8536073277,-32.8967894633,5,Residencial Sur,2423808.92355,0
26940,Fresno europeo,01/11/2011 17:19,Alto (> 8 mts),200,Grande,-68.8359621014,-32.8874690516,3,Parque O'Higgins,1531146.02653,0
43601,Acacia SP,13/10/2011 12:05,Bajo (2 - 4 mts),100,Grande,-68.8329717857,-32.8825460091,3,Parque O'Higgins,1531146.02653,1
40736,Perenne,15/04/2011 12:20,Alto (> 8 mts),155,Grande,-68.8426899117,-32.8844239346,1,Parque Central,1655357.93265,0
31561,Fresno europeo,18/05/2011 09:26,Alto (> 8 mts),106,Grande,-68.8590144506,-32.8909786863,5,Residencial Sur,2423808.92355,0
26090,Fresno europeo,04/11/2011 16:41,Alto (> 8 mts),160,Grande,-68.8327342719,-32.8869224988,3,Parque O'Higgins,1531146.02653,0
34738,Acacia SP,31/03/2011 12:30,Bajo (2 - 4 mts),32,Mediano,-68.8503236829,-32.8781920556,6,Residencial Norte,2694682.37982,0
8030,Fresno americano,11/03/2011 12:54,Alto (> 8 mts),138,Grande,-68.848005018,-32.8880577394,5,Residencial Sur,2423808.92355,0
45988,Morera,24/08/2011 11:25,Alto (> 8 mts),205,Grande,-68.8189404746,-32.869098554,4,Cuarta Este Área Fundacional,1822015.85685,1
38075,Fresno europeo,06/12/2010 09:16,Medio (4 - 8 mts),156,Grande,-68.8474108684,-32.8721149075,6,Residencial Norte,2694682.37982,0
36365,Ailanthus,17/03/2011 12:41,Muy bajo (1 - 2 mts),4,Chico,-68.8521976301,-32.8779546139,6,Residencial Norte,2694682.37982,0
6159,Morera,14/04/2011 15:37,Alto (> 8 mts),158,Grande,-68.8419645547,-32.8854691328,1,Parque Central,1655357.93265,0
12860,Jacaranda,19/01/2011 10:44,Medio (4 - 8 mts),64,Grande,-68.8469062573,-32.8643466913,4,Cuarta Oeste,1173332.70145,0
38311,Paraiso,09/11/2010 11:13,Alto (> 8 mts),180,Grande,-68.8535265046,-32.8702968277,6,Residencial Norte,2694682.37982,0
46156,Morera,27/09/2011 10:38,Alto (> 8 mts),180,Grande,-68.8245808738,-32.8742616416,4,Cuarta Este Área Fundacional,1822015.85685,1
5469,Morera,12/04/2011 12:20,Medio (4 - 8 mts),100,Grande,-68.8421435518,-32.8802996562,1,Parque Central,1655357.93265,0
29170,Platano,10/03/2011 09:24,Alto (> 8 mts),200,Grande,-68.8458246881,-32.8891343099,2,Barrio Civico,2366816.36021,0
3092,Morera,15/09/2011 10:21,Medio (4 - 8 mts),88,Grande,-68.8298719594,-32.8718940914,4,Cuarta Este Área Fundacional,1822015.85685,0
2193,Morera,03/11/2011 08:59,Medio (4 - 8 mts),129,Grande,-68.8343052282,-32.8902467598,3,Parque O'Higgins,1531146.02653,0
17713,Platano,18/07/2011 09:17,Alto (> 8 mts),130,Grande,-68.8424779505,-32.8675925663,4,Cuarta Oeste,1173332.70145,0
14952,Acacia SP,19/12/2011 09:37,Bajo (2 - 4 mts),40,Mediano,-68.880908714,-32.8724953007,8,Aeroparque,2203364.73622,0
15404,Eucalyptus,15/11/2011 13:02,Alto (> 8 mts),250,Grande,-68.8610591037,-32.8697392674,7,Residencial Parque,1786336.08966,0
2413,Fresno americano,20/10/2011 10:44,Alto (> 8 mts),150,Grande,-68.8314626231,-32.8878519271,3,Parque O'Higgins,1531146.02653,0
18823,Morera,09/08/2011 11:47,Alto (> 8 mts),150,Grande,-68.8354820962,-32.8690347039,4,Cuarta Oeste,1173332.70145,0
21523,Platano,11/05/2011 11:21,Alto (> 8 mts),200,Grande,-68.8541074532,-32.8948840149,5,Residencial Sur,2423808.92355,0
515,Morera,08/03/2012 18:38,Medio (4 - 8 mts),90,Grande,-68.820395667,-32.8686377364,4,Cuarta Este Área Fundacional,1822015.85685,1
15089,Acacia SP,16/11/2011 12:54,Muy bajo (1 - 2 mts),2,Chico,-68.85888161,-32.868795128,6,Residencial Norte,2694682.37982,0
20508,Fresno europeo,01/06/2011 12:02,Medio (4 - 8 mts),83,Grande,-68.8608526413,-32.8974323457,5,Residencial Sur,2423808.92355,0
24294,Fresno europeo,31/01/2011 07:34,Alto (> 8 mts),136,Grande,-68.84358502,-32.9011641991,2,Barrio Civico,2366816.36021,0
41396,Morera,15/04/2011 11:11,Alto (> 8 mts),98,Grande,-68.8419034329,-32.8818644806,1,Parque Central,1655357.93265,0
19655,Morera,13/07/2011 09:53,Alto (> 8 mts),100,Grande,-68.8352779564,-32.8704064984,4,Cuarta Oeste,1173332.70145,1
33267,Platano,29/06/2011 11:43,Alto (> 8 mts),215,Grande,-68.8558330104,-32.8909213183,5,Residencial Sur,2423808.92355,0
18054,Morera,01/08/2011 09:25,Alto (> 8 mts),180,Grande,-68.8413625683,-32.8684796327,4,Cuarta Oeste,1173332.70145,1
11998,Paraiso,12/05/2010 11:13,Alto (> 8 mts),151,Grande,-68.8524316431,-32.8682836798,6,Residencial Norte,2694682.37982,0
38267,Fresno europeo,02/12/2010 09:55,Alto (> 8 mts),150,Grande,-68.8464438497,-32.8721848678,6,Residencial Norte,2694682.37982,0
31502,Platano,19/05/2011 10:27,Alto (> 8 mts),174,Grande,-68.8583118586,-32.8905764825,5,Residencial Sur,2423808.92355,0
4767,Caducifolio,02/08/2011 09:52,Muy bajo (1 - 2 mts),25,Mediano,-68.8358369595,-32.8663243938,4,Cuarta Oeste,1173332.70145,0
12006,Paraiso,10/05/2010 12:43,Alto (> 8 mts),130,Grande,-68.8523759038,-32.8687785543,6,Residencial Norte,2694682.37982,0
42326,Fresno europeo,27/04/2011 12:12,Medio (4 - 8 mts),38,Mediano,-68.838080592,-32.8757089614,1,Parque Central,1655357.93265,0
45661,Fresno europeo,19/09/2011 15:20,Medio (4 - 8 mts),60,Mediano,-68.8207542917,-32.8718326629,4,Cuarta Este Área Fundacional,1822015.85685,0
26857,Platano,07/11/2011 09:10,Alto (> 8 mts),200,Grande,-68.8345258992,-32.8930946791,3,Parque O'Higgins,1531146.02653,1
26541,Platano,21/10/2011 13:34,Alto (> 8 mts),200,Grande,-68.8315090867,-32.8908386134,3,Parque O'Higgins,1531146.02653,0
34449,Morera,10/03/2011 10:21,Alto (> 8 mts),154,Grande,-68.8500084991,-32.8749267358,6,Residencial Norte,2694682.37982,0
31583,Morera,13/06/2011 11:06,Alto (> 8 mts),150,Grande,-68.8596334282,-32.8891042243,5,Residencial Sur,2423808.92355,0
45491,Morera,19/09/2011 08:43,Bajo (2 - 4 mts),35,Mediano,-68.8220287143,-32.8717982877,4,Cuarta Este Área Fundacional,1822015.85685,0
7,Morera,02/03/2012 13:19,Medio (4 - 8 mts),110,Grande,-68.8572981214,-32.8958308493,5,Residencial Sur,2423808.92355,0
4673,Paraiso,16/08/2011 09:35,Bajo (2 - 4 mts),22,Mediano,-68.8366992862,-32.8644369918,4,Cuarta Oeste,1173332.70145,0
20044,Fresno europeo,09/08/2011 10:51,Medio (4 - 8 mts),85,Grande,-68.8332700568,-32.8647508022,4,Cuarta Oeste,1173332.70145,1
21260,Morera,14/06/2011 10:25,Medio (4 - 8 mts),66,Grande,-68.853536605,-32.8963033854,5,Residencial Sur,2423808.92355,0
19515,Morera,26/07/2011 13:41,Medio (4 - 8 mts),42,Mediano,-68.8372817018,-32.8721612026,4,Cuarta Oeste,1173332.70145,0
37255,Paraiso,11/03/2011 11:03,Medio (4 - 8 mts),32,Mediano,-68.8570288652,-32.8734569001,6,Residencial Norte,2694682.37982,0
2311,Platano,03/11/2011 10:13,Alto (> 8 mts),130,Grande,-68.8347735472,-32.8950503916,3,Parque O'Higgins,1531146.02653,0
11666,Paraiso,27/01/2011 09:29,Alto (> 8 mts),180,Grande,-68.8493595316,-32.8686307775,6,Residencial Norte,2694682.37982,0
27102,Fresno europeo,27/10/2011 09:11,Medio (4 - 8 mts),35,Mediano,-68.8370378257,-32.8889783479,3,Parque O'Higgins,1531146.02653,0
40922,Platano,11/04/2011 16:11,Alto (> 8 mts),176,Grande,-68.8394126462,-32.8860247815,3,Parque O'Higgins,1531146.02653,0
26794,Morera,01/11/2011 09:27,Medio (4 - 8 mts),50,Mediano,-68.8345970765,-32.8940714208,3,Parque O'Higgins,1531146.02653,0
25237,Morera,09/02/2011 09:02,Alto (> 8 mts),153,Grande,-68.8387133509,-32.8975927598,2,Barrio Civico,2366816.36021,0
1528,Fresno americano,24/11/2011 10:02,Bajo (2 - 4 mts),27,Mediano,-68.8735712572,-32.8784212004,7,Residencial Parque,1786336.08966,0
44353,Platano,17/10/2011 13:21,Alto (> 8 mts),190,Grande,-68.8365756637,-32.883523615,3,Parque O'Higgins,1531146.02653,0
38616,Morera,08/06/2011 10:47,Bajo (2 - 4 mts),50,Mediano,-68.8525524369,-32.8715488538,6,Residencial Norte,2694682.37982,0
13480,Fresno europeo,02/02/2011 08:55,Medio (4 - 8 mts),80,Grande,-68.8521148031,-32.8639291886,6,Residencial Norte,2694682.37982,0
38306,Paraiso,02/12/2010 09:35,Alto (> 8 mts),98,Grande,-68.8469349341,-32.8720011634,6,Residencial Norte,2694682.37982,0
37739,Morera,13/01/2012 18:54,Medio (4 - 8 mts),140,Grande,-68.8498061613,-32.8724918291,6,Residencial Norte,2694682.37982,0
13159,Fresno europeo,18/02/2011 12:29,Medio (4 - 8 mts),120,Grande,-68.8465902394,-32.8651667945,4,Cuarta Oeste,1173332.70145,0
8528,Morera,08/02/2011 09:51,Alto (> 8 mts),72,Grande,-68.8378296488,-32.8994532897,2,Barrio Civico,2366816.36021,0
7312,Morera,10/05/2011 11:14,Medio (4 - 8 mts),78,Grande,-68.856949192,-32.9005357227,5,Residencial Sur,2423808.92355,1
21945,Paraiso,02/06/2011 13:19,Alto (> 8 mts),106,Grande,-68.8580157261,-32.8940524142,5,Residencial Sur,2423808.92355,0
48053,Morera,27/09/2011 11:35,Alto (> 8 mts),167,Grande,-68.8258870585,-32.8665297803,4,Cuarta Este Área Fundacional,1822015.85685,0
24957,Fresno europeo,16/02/2011 12:03,Alto (> 8 mts),122,Grande,-68.8366927792,-32.8961440061,2,Barrio Civico,2366816.36021,0
33375,Platano,19/05/2011 09:22,Alto (> 8 mts),160,Grande,-68.8575026779,-32.891753762,5,Residencial Sur,2423808.92355,0
19988,Morera,16/08/2011 10:40,Alto (> 8 mts),152,Grande,-68.8347305216,-32.8676665189,4,Cuarta Oeste,1173332.70145,0
22632,Algarrobo,22/06/2011 09:49,Medio (4 - 8 mts),80,Grande,-68.861252676,-32.9012865251,5,Residencial Sur,2423808.92355,1
39296,Paraiso,30/11/2010 10:03,Alto (> 8 mts),160,Grande,-68.8554189136,-32.8721386662,6,Residencial Norte,2694682.37982,0
29298,Morera,22/02/2011 12:26,Medio (4 - 8 mts),22,Mediano,-68.8438627589,-32.887719556,1,Parque Central,1655357.93265,0
34897,Platano,29/03/2011 10:11,Alto (> 8 mts),170,Grande,-68.8518965517,-32.8814132285,1,Parque Central,1655357.93265,0
16466,Morera,16/08/2011 09:29,Medio (4 - 8 mts),70,Grande,-68.8414287421,-32.8628990902,4,Cuarta Oeste,1173332.70145,0
38793,Paraiso sombrilla,14/12/2010 09:44,Bajo (2 - 4 mts),35,Mediano,-68.8498642257,-32.8705625246,6,Residencial Norte,2694682.37982,0
39819,Morera,29/04/2011 10:22,Alto (> 8 mts),180,Grande,-68.8470302425,-32.883512658,1,Parque Central,1655357.93265,0
29376,Morera,03/03/2011 09:35,Alto (> 8 mts),155,Grande,-68.8459895081,-32.8906655646,2,Barrio Civico,2366816.36021,0
38625,Morera,17/12/2010 13:29,Alto (> 8 mts),140,Grande,-68.8521836658,-32.8718814188,6,Residencial Norte,2694682.37982,0
36120,Morera,05/04/2011 10:39,Medio (4 - 8 mts),98,Grande,-68.8550628077,-32.8772969506,6,Residencial Norte,2694682.37982,1
14711,Aguaribay,06/12/2011 08:08,Muy bajo (1 - 2 mts),18,Chico,-68.8773601067,-32.8695019918,8,Aeroparque,2203364.73622,0
6660,Morera,13/05/2011 10:42,Medio (4 - 8 mts),24,Mediano,-68.8604210746,-32.8919613677,5,Residencial Sur,2423808.92355,1
48189,Fresno europeo,02/09/2011 12:28,Bajo (2 - 4 mts),19,Chico,-68.8286181617,-32.8693990156,4,Cuarta Este Área Fundacional,1822015.85685,0
43264,Morera,21/10/2011 19:17,Alto (> 8 mts),116,Grande,-68.8351142815,-32.8808005693,1,Parque Central,1655357.93265,0
41683,Morera,26/04/2011 13:42,Medio (4 - 8 mts),48,Mediano,-68.8372878536,-32.8762604093,1,Parque Central,1655357.93265,0
28243,Morera,28/02/2011 16:55,Alto (> 8 mts),98,Grande,-68.8480753935,-32.8924786907,2,Barrio Civico,2366816.36021,1
2318,Morera,02/11/2011 10:31,Medio (4 - 8 mts),40,Mediano,-68.8362251145,-32.8951472049,2,Barrio Civico,2366816.36021,0
22268,Olmo comun,14/06/2011 11:49,Bajo (2 - 4 mts),24,Mediano,-68.8567991072,-32.8979230039,5,Residencial Sur,2423808.92355,0
28981,Morera,25/04/2011 09:35,Alto (> 8 mts),155,Grande,-68.8462749239,-32.8864816358,1,Parque Central,1655357.93265,0
24378,Morera,21/01/2011 14:01,Alto (> 8 mts),116,Grande,-68.8449915658,-32.9036982391,2,Barrio Civico,2366816.36021,0
41658,Fresno europeo,03/05/2011 12:04,Alto (> 8 mts),98,Grande,-68.8369556027,-32.8764573258,1,Parque Central,1655357.93265,0
21976,Morera,30/05/2011 11:33,Alto (> 8 mts),140,Grande,-68.8582544525,-32.894948966,5,Residencial Sur,2423808.92355,0
42548,Fresno europeo,28/09/2011 11:10,Muy bajo (1 - 2 mts),15,Chico,-68.8302451943,-32.8754411642,4,Cuarta Este Área Fundacional,1822015.85685,0
30707,Acer,04/02/2011 11:09,Bajo (2 - 4 mts),43,Mediano,-68.8556783736,-32.8673658641,6,Residencial Norte,2694682.37982,0
44702,Caducifolio,24/08/2011 12:02,Muy bajo (1 - 2 mts),8,Chico,-68.8228878132,-32.8686024878,4,Cuarta Este Área Fundacional,1822015.85685,0
44855,Morera,19/08/2011 13:32,Alto (> 8 mts),135,Grande,-68.8245154878,-32.866538383,4,Cuarta Este Área Fundacional,1822015.85685,0
21239,Fresno europeo,10/05/2011 12:19,Alto (> 8 mts),85,Grande,-68.8533202679,-32.8947037865,5,Residencial Sur,2423808.92355,0
34325,Fresno europeo,09/03/2011 09:18,Medio (4 - 8 mts),120,Grande,-68.8512873781,-32.8746459424,6,Residencial Norte,2694682.37982,0
9456,Jacaranda,11/02/2011 13:16,Medio (4 - 8 mts),45,Mediano,-68.857146219,-32.8651611323,6,Residencial Norte,2694682.37982,0
11727,Morera,02/06/2010 10:28,Bajo (2 - 4 mts),31,Mediano,-68.8510092131,-32.8666301167,6,Residencial Norte,2694682.37982,0
19016,Morera,12/07/2011 10:01,Medio (4 - 8 mts),85,Grande,-68.8397770903,-32.8708649923,4,Cuarta Oeste,1173332.70145,0
6306,Caducifolio,27/06/2011 11:02,Bajo (2 - 4 mts),45,Mediano,-68.8588999955,-32.8896588186,5,Residencial Sur,2423808.92355,0
40888,Acacia SP,20/04/2011 19:32,Medio (4 - 8 mts),56,Mediano,-68.8390865489,-32.8844655288,1,Parque Central,1655357.93265,0
17450,Fresno europeo,29/07/2011 09:36,Medio (4 - 8 mts),43,Mediano,-68.8349306022,-32.8669555967,4,Cuarta Oeste,1173332.70145,0
39281,Conifera,29/12/2010 11:00,Alto (> 8 mts),95,Grande,-68.855808384,-32.8719550385,6,Residencial Norte,2694682.37982,0
20963,Fresno europeo,27/05/2011 10:31,Medio (4 - 8 mts),90,Grande,-68.8618055446,-32.8949207505,5,Residencial Sur,2423808.92355,0
14563,Aguaribay,15/12/2011 07:45,Alto (> 8 mts),200,Grande,-68.8789045661,-32.8670742339,8,Aeroparque,2203364.73622,0
22294,Morera,09/06/2011 11:20,Medio (4 - 8 mts),112,Grande,-68.8579481234,-32.8969970572,5,Residencial Sur,2423808.92355,0
27680,Acer,28/10/2011 11:06,Medio (4 - 8 mts),98,Grande,-68.8369142379,-32.8948276907,2,Barrio Civico,2366816.36021,1
6219,Platano,04/04/2011 15:38,Alto (> 8 mts),186,Grande,-68.8393197893,-32.8883360979,3,Parque O'Higgins,1531146.02653,0
43839,Morera,07/10/2011 09:52,Medio (4 - 8 mts),86,Grande,-68.8306037374,-32.8849523198,3,Parque O'Higgins,1531146.02653,0
31415,Fresno europeo,23/05/2011 10:00,Bajo (2 - 4 mts),20,Chico,-68.85033365,-32.8845169653,1,Parque Central,1655357.93265,0
7524,Fresno europeo,09/06/2011 14:40,Medio (4 - 8 mts),84,Grande,-68.859384532000007,-32.8813314484,7,Residencial Parque,1786336.08966,0
764,Aguaribay,15/12/2011 07:45,Alto (> 8 mts),200,Grande,-68.8805228966,-32.867239132900004,8,Aeroparque,2203364.73622,0
40218,Platano,14/04/2011 09:42,Alto (> 8 mts),200,Grande,-68.8464982834,-32.8826236046,1,Parque Central,1655357.93265,0
22787,Platano,17/06/2011 19:15,Alto (> 8 mts),172,Grande,-68.858601999,-32.9016905786,5,Residencial Sur,2423808.92355,0
11055,Fresno europeo,31/03/2011 09:45,Medio (4 - 8 mts),15,Chico,-68.8562454724,-32.879960942,6,Residencial Norte,2694682.37982,0
8741,Fresno americano,14/02/2011 08:49,Bajo (2 - 4 mts),47,Mediano,-68.836480657,-32.9006353814,2,Barrio Civico,2366816.36021,0
31063,Fresno europeo,16/02/2011 12:32,Medio (4 - 8 mts),50,Mediano,-68.8551994762,-32.8652994604,6,Residencial Norte,2694682.37982,0
18840,Platano,09/08/2011 10:58,Alto (> 8 mts),260,Grande,-68.8364936046,-32.8695785344,4,Cuarta Oeste,1173332.70145,0
43006,Fresno europeo,05/10/2011 11:39,Alto (> 8 mts),126,Grande,-68.8334523203,-32.8787549357,4,Cuarta Este Área Fundacional,1822015.85685,0
17404,Olmo bola,22/07/2011 09:45,Medio (4 - 8 mts),56,Mediano,-68.8407772366,-32.8661839497,4,Cuarta Oeste,1173332.70145,0
36539,Paraiso,04/04/2011 11:59,Alto (> 8 mts),88,Grande,-68.8564353559,-32.8792540207,6,Residencial Norte,2694682.37982,0
46753,Morera,05/09/2011 11:19,Medio (4 - 8 mts),196,Grande,-68.8331487037,-32.8696434581,4,Cuarta Oeste,1173332.70145,0
32531,Fresno europeo,23/06/2011 13:11,Medio (4 - 8 mts),95,Grande,-68.8502115962,-32.889939532,5,Residencial Sur,2423808.92355,0
46024,Perenne,20/09/2011 09:23,Bajo (2 - 4 mts),36,Mediano,-68.821760004,-32.8734614811,4,Cuarta Este Área Fundacional,1822015.85685,0
37047,Platano,05/04/2011 12:01,Alto (> 8 mts),140,Grande,-68.8567824973,-32.8759943222,6,Residencial Norte,2694682.37982,0
39074,Paraiso,22/12/2010 09:40,Alto (> 8 mts),65,Grande,-68.85335099,-32.8712470081,6,Residencial Norte,2694682.37982,0
42604,Morera,23/09/2011 09:14,Alto (> 8 mts),170,Grande,-68.826462978,-32.8761039458,4,Cuarta Este Área Fundacional,1822015.85685,0
39139,Fresno europeo,15/01/2012 10:45,Bajo (2 - 4 mts),64,Grande,-68.8541044884,-32.8719709578,6,Residencial Norte,2694682.37982,0
29227,Platano,25/02/2011 17:44,Alto (> 8 mts),280,Grande,-68.8456500763,-32.8872976206,1,Parque Central,1655357.93265,0
12757,Paraiso sombrilla,24/01/2011 13:39,Medio (4 - 8 mts),100,Grande,-68.8481224529,-32.8639933971,6,Residencial Norte,2694682.37982,0
38997,Paraiso,27/12/2010 09:08,Alto (> 8 mts),210,Grande,-68.8541032295,-32.8704561098,6,Residencial Norte,2694682.37982,0
38388,Morera,05/11/2010 12:07,Alto (> 8 mts),98,Grande,-68.8529351944,-32.8690710917,6,Residencial Norte,2694682.37982,0
31888,Fresno americano,01/06/2011 13:23,Medio (4 - 8 mts),50,Mediano,-68.8587087174,-32.8847549959,5,Residencial Sur,2423808.92355,0
4864,Perenne,22/07/2011 10:14,Muy bajo (1 - 2 mts),30,Mediano,-68.8427452638,-32.8636454919,4,Cuarta Oeste,1173332.70145,0
18998,Morera,13/07/2011 09:39,Alto (> 8 mts),125,Grande,-68.8409739623,-32.8712578548,4,Cuarta Oeste,1173332.70145,0
42747,Fresno americano,26/09/2011 10:19,Medio (4 - 8 mts),110,Grande,-68.8271997848,-32.8779205032,4,Cuarta Este Área Fundacional,1822015.85685,0
5584,Morera,15/04/2011 13:33,Alto (> 8 mts),145,Grande,-68.8385485265,-32.8819007413,1,Parque Central,1655357.93265,0
34882,Fresno europeo,29/03/2011 11:03,Alto (> 8 mts),135,Grande,-68.8512359644,-32.8806695541,1,Parque Central,1655357.93265,0
14209,Acer,30/11/2011 11:46,Medio (4 - 8 mts),55,Mediano,-68.8767421578,-32.8667581355,8,Aeroparque,2203364.73622,0
44931,Paraiso,23/08/2011 10:21,Alto (> 8 mts),165,Grande,-68.825148975,-32.8686469988,4,Cuarta Este Área Fundacional,1822015.85685,1
16488,Morera,05/08/2011 08:48,Alto (> 8 mts),148,Grande,-68.842056911,-32.8659423847,4,Cuarta Oeste,1173332.70145,0
41042,Platano,30/09/2011 11:33,Alto (> 8 mts),198,Grande,-68.8395459791,-32.8805865121,1,Parque Central,1655357.93265,0
1682,Morera,23/11/2011 07:57,Medio (4 - 8 mts),70,Grande,-68.8723131003,-32.879535641,7,Residencial Parque,1786336.08966,0
11012,Platano,07/04/2011 15:50,Medio (4 - 8 mts),35,Mediano,-68.859813548100007,-32.8811131062,7,Residencial Parque,1786336.08966,0
40857,Fresno americano,08/04/2011 09:43,Medio (4 - 8 mts),168,Grande,-68.8394297294,-32.8850260893,3,Parque O'Higgins,1531146.02653,0
20670,Acer,01/06/2011 11:27,Alto (> 8 mts),140,Grande,-68.8616110954,-32.8969507639,5,Residencial Sur,2423808.92355,0
23386,Fresno europeo,28/01/2011 09:16,Alto (> 8 mts),156,Grande,-68.8493864378,-32.902125162,2,Barrio Civico,2366816.36021,0
36713,Olmo bola,14/06/2011 14:52,Medio (4 - 8 mts),120,Grande,-68.8602577296,-32.8820914821,7,Residencial Parque,1786336.08966,0
44550,Fresno europeo,17/10/2011 11:36,Medio (4 - 8 mts),130,Grande,-68.8366891161,-32.8854992653,3,Parque O'Higgins,1531146.02653,0
12540,Fresno europeo,10/01/2011 13:38,Alto (> 8 mts),190,Grande,-68.8444399871,-32.8626212711,4,Cuarta Oeste,1173332.70145,0
2444,Fresno europeo,27/10/2011 08:28,Muy bajo (1 - 2 mts),4,Chico,-68.8367230554,-32.8910389262,3,Parque O'Higgins,1531146.02653,0
41104,Fresno europeo,27/04/2011 12:56,Alto (> 8 mts),152,Grande,-68.8392110127,-32.8821172445,1,Parque Central,1655357.93265,0
47529,Morera,29/08/2011 12:53,Alto (> 8 mts),152,Grande,-68.8258847457,-32.8706164052,4,Cuarta Este Área Fundacional,1822015.85685,0
20735,Morera,31/05/2011 10:15,Medio (4 - 8 mts),112,Grande,-68.8631891236,-32.8969849802,5,Residencial Sur,2423808.92355,0
34363,Morera,23/03/2011 12:21,Medio (4 - 8 mts),130,Grande,-68.8518566677,-32.8756924024,6,Residencial Norte,2694682.37982,0
7148,Fresno americano,15/06/2011 11:41,Bajo (2 - 4 mts),25,Mediano,-68.8532900515,-32.8993821605,5,Residencial Sur,2423808.92355,0
21392,Fresno europeo,11/05/2011 10:20,Alto (> 8 mts),88,Grande,-68.855044152,-32.8932178863,5,Residencial Sur,2423808.92355,0
38407,Morera,04/11/2010 11:30,Alto (> 8 mts),230,Grande,-68.8523199634,-32.8700061122,6,Residencial Norte,2694682.37982,0
16966,Morera,15/08/2011 12:38,Bajo (2 - 4 mts),18,Chico,-68.838117165,-32.8661900443,4,Cuarta Oeste,1173332.70145,0
29624,Morera,23/03/2011 19:30,Bajo (2 - 4 mts),8,Chico,-68.8438087766,-32.8942832636,2,Barrio Civico,2366816.36021,0
29583,Morera,04/03/2011 09:18,Alto (> 8 mts),84,Grande,-68.8440665787,-32.8919798521,2,Barrio Civico,2366816.36021,0
16880,Conifera,05/08/2011 11:07,Bajo (2 - 4 mts),20,Chico,-68.8384118639,-32.865625022,4,Cuarta Oeste,1173332.70145,0
32113,Jacaranda,09/05/2011 12:28,Bajo (2 - 4 mts),4,Chico,-68.8596713632,-32.8867855657,5,Residencial Sur,2423808.92355,0
2422,Fresno europeo,19/10/2011 11:34,Bajo (2 - 4 mts),90,Grande,-68.8323009788,-32.8887265326,3,Parque O'Higgins,1531146.02653,0
37208,Prunas,14/03/2011 11:27,Medio (4 - 8 mts),180,Grande,-68.8578918878,-32.8729393191,6,Residencial Norte,2694682.37982,0
17856,Platano,02/08/2011 09:46,Alto (> 8 mts),135,Grande,-68.8357952508,-32.8661544264,4,Cuarta Oeste,1173332.70145,0
5960,Morera,02/05/2011 11:19,Alto (> 8 mts),180,Grande,-68.8448810424,-32.8756627286,1,Parque Central,1655357.93265,0
37172,Acer,07/04/2011 10:10,Medio (4 - 8 mts),40,Mediano,-68.8593462557,-32.8777646538,7,Residencial Parque,1786336.08966,0
9213,Paraiso,03/03/2011 09:55,Medio (4 - 8 mts),130,Grande,-68.8496262276,-32.8659256647,6,Residencial Norte,2694682.37982,0
8715,Olmo comun,10/02/2011 08:34,Alto (> 8 mts),57,Mediano,-68.8377622774,-32.8995946648,2,Barrio Civico,2366816.36021,0
36555,Fresno europeo,07/06/2011 12:51,Medio (4 - 8 mts),90,Grande,-68.8575937656,-32.8835456958,5,Residencial Sur,2423808.92355,1
3375,Paraiso sombrilla,29/09/2011 10:39,Bajo (2 - 4 mts),33,Mediano,-68.8346814081,-32.8753534939,4,Cuarta Este Área Fundacional,1822015.85685,0
24960,Morera,16/02/2011 11:58,Alto (> 8 mts),86,Grande,-68.8366441741,-32.8959554893,2,Barrio Civico,2366816.36021,1
6580,Morera,18/05/2011 10:56,Alto (> 8 mts),115,Grande,-68.8602221228,-32.8908814248,5,Residencial Sur,2423808.92355,0
6742,Liquidambar,16/05/2011 09:40,Medio (4 - 8 mts),35,Mediano,-68.8579761257,-32.8939238512,5,Residencial Sur,2423808.92355,0
31674,Morera,14/06/2011 10:20,Medio (4 - 8 mts),46,Mediano,-68.8589201485,-32.8886431079,5,Residencial Sur,2423808.92355,0
19897,Morera,29/06/2011 09:21,Alto (> 8 mts),160,Grande,-68.8328450926,-32.8622977776,4,Cuarta Oeste,1173332.70145,0
39694,Morera,19/10/2010 11:38,Alto (> 8 mts),15,Chico,-68.8463816097,-32.8699275485,6,Residencial Norte,2694682.37982,0
10064,Prunas,22/10/2010 12:02,Muy bajo (1 - 2 mts),11,Chico,-68.8476766315,-32.8692564066,6,Residencial Norte,2694682.37982,0
23784,Morera,26/01/2011 15:17,Alto (> 8 mts),142,Grande,-68.8508174733,-32.9002601989,2,Barrio Civico,2366816.36021,0
7197,Morera,15/06/2011 11:26,Alto (> 8 mts),83,Grande,-68.8609501355,-32.8984112908,5,Residencial Sur,2423808.92355,1
11471,Fresno europeo,06/01/2011 12:23,Medio (4 - 8 mts),82,Grande,-68.843236439,-32.8627524497,4,Cuarta Oeste,1173332.70145,0
20370,Platano,24/05/2011 12:42,Alto (> 8 mts),127,Grande,-68.8608997287,-32.8944995662,5,Residencial Sur,2423808.92355,0
18808,Morera,10/08/2011 10:44,Medio (4 - 8 mts),80,Grande,-68.835694988,-32.8697432574,4,Cuarta Oeste,1173332.70145,0
41608,Platano,05/05/2011 11:06,Alto (> 8 mts),178,Grande,-68.8358967807,-32.8768120424,1,Parque Central,1655357.93265,1
23081,Fresno europeo,17/01/2011 14:31,Alto (> 8 mts),82,Grande,-68.847321457,-32.9007058321,2,Barrio Civico,2366816.36021,0
19831,Caducifolio,04/08/2011 10:13,Muy bajo (1 - 2 mts),4,Chico,-68.8343433396,-32.8646671485,4,Cuarta Oeste,1173332.70145,0
46728,Morera,08/09/2011 10:24,Alto (> 8 mts),150,Grande,-68.8327633182,-32.8701469004,4,Cuarta Este Área Fundacional,1822015.85685,0
8310,Platano,23/03/2011 18:33,Alto (> 8 mts),152,Grande,-68.8428997463,-32.8935590796,2,Barrio Civico,2366816.36021,0
21428,Morera,10/05/2011 10:57,Alto (> 8 mts),200,Grande,-68.856850782,-32.8929854277,5,Residencial Sur,2423808.92355,0
30067,Platano,11/04/2011 15:33,Alto (> 8 mts),168,Grande,-68.8392739896,-32.8862341215,3,Parque O'Higgins,1531146.02653,0
9183,Paraiso sombrilla,02/03/2011 09:15,Bajo (2 - 4 mts),30,Mediano,-68.8510172859,-32.8661754033,6,Residencial Norte,2694682.37982,0
43812,Fresno americano,18/10/2011 16:06,Medio (4 - 8 mts),90,Grande,-68.8312845868,-32.8825264257,3,Parque O'Higgins,1531146.02653,0
21240,Fresno europeo,10/05/2011 12:16,Medio (4 - 8 mts),50,Mediano,-68.8533377248,-32.8948118295,5,Residencial Sur,2423808.92355,0
19361,Morera,19/07/2011 10:47,Alto (> 8 mts),165,Grande,-68.836735487,-32.8705964069,4,Cuarta Oeste,1173332.70145,0
47553,Morera,19/09/2011 09:01,Alto (> 8 mts),121,Grande,-68.8273594207,-32.8712158926,4,Cuarta Este Área Fundacional,1822015.85685,0
45385,Conifera,16/09/2011 12:55,Medio (4 - 8 mts),35,Mediano,-68.8247949936,-32.8721061835,4,Cuarta Este Área Fundacional,1822015.85685,0
46129,Morera,27/09/2011 11:39,Alto (> 8 mts),160,Grande,-68.8242766951,-32.8743660717,4,Cuarta Este Área Fundacional,1822015.85685,0
1087,Caducifolio,13/12/2011 18:50,Bajo (2 - 4 mts),34,Mediano,-68.8809911039,-32.867749267,8,Aeroparque,2203364.73622,0
35959,Fresno europeo,23/03/2011 10:29,Medio (4 - 8 mts),48,Mediano,-68.8548604141,-32.8753440829,6,Residencial Norte,2694682.37982,0
39965,Morera,02/05/2011 11:50,Alto (> 8 mts),140,Grande,-68.845508009,-32.8780050609,1,Parque Central,1655357.93265,0
26364,Fresno europeo,20/10/2011 11:46,Medio (4 - 8 mts),90,Grande,-68.8340631027,-32.8886592761,3,Parque O'Higgins,1531146.02653,1
13114,Morera,18/02/2011 09:14,Alto (> 8 mts),180,Grande,-68.8454642814,-32.8657514673,4,Cuarta Oeste,1173332.70145,0
11772,Morera,25/01/2011 11:47,Alto (> 8 mts),190,Grande,-68.8490134671,-32.8645244019,6,Residencial Norte,2694682.37982,1
9092,Fresno europeo,17/02/2011 11:10,Alto (> 8 mts),45,Mediano,-68.8545539007,-32.8665764723,6,Residencial Norte,2694682.37982,0
14300,Fresno americano,06/12/2011 09:59,Bajo (2 - 4 mts),42,Mediano,-68.8771195988,-32.8681686528,8,Aeroparque,2203364.73622,0
31677,Fresno europeo,14/06/2011 10:15,Alto (> 8 mts),112,Grande,-68.8589236007,-32.8884203939,5,Residencial Sur,2423808.92355,0
46990,Alamo blanco,08/09/2011 12:45,Medio (4 - 8 mts),51,Mediano,-68.8314193326,-32.871805025,4,Cuarta Este Área Fundacional,1822015.85685,0
17531,Ailanthus,28/07/2011 09:21,Alto (> 8 mts),140,Grande,-68.8387644336,-32.8670580869,4,Cuarta Oeste,1173332.70145,0
4357,Fresno americano,10/08/2011 11:56,Alto (> 8 mts),180,Grande,-68.8340024227,-32.8696764823,4,Cuarta Oeste,1173332.70145,0
19745,Morera,12/08/2011 09:58,Medio (4 - 8 mts),87,Grande,-68.8349548684,-32.8686054791,4,Cuarta Oeste,1173332.70145,1
22995,Fresno europeo,17/06/2011 17:28,Alto (> 8 mts),48,Mediano,-68.8571133274,-32.9001290524,5,Residencial Sur,2423808.92355,0
39682,Morera,30/08/2010 11:14,Muy bajo (1 - 2 mts),3,Chico,-68.8460361778,-32.8691130154,6,Residencial Norte,2694682.37982,0
7897,Prunas,16/06/2011 09:35,Medio (4 - 8 mts),25,Mediano,-68.8560896567,-32.8895315749,5,Residencial Sur,2423808.92355,0
9915,Fresno europeo,17/11/2010 10:52,Alto (> 8 mts),55,Mediano,-68.857658165,-32.869356495,6,Residencial Norte,2694682.37982,0
19948,Morera,08/08/2011 09:13,Medio (4 - 8 mts),122,Grande,-68.8336100845,-32.8636926531,4,Cuarta Oeste,1173332.70145,1
923,Morera,16/01/2012 13:04,Medio (4 - 8 mts),130,Grande,-68.8529910951,-32.8722742178,6,Residencial Norte,2694682.37982,0
4434,Ligustro,01/08/2011 10:11,Bajo (2 - 4 mts),42,Mediano,-68.8372642144,-32.8686715952,4,Cuarta Oeste,1173332.70145,0
34758,Morera,30/03/2011 10:57,Alto (> 8 mts),160,Grande,-68.850858165,-32.8782069408,6,Residencial Norte,2694682.37982,0
6760,Paraiso,17/05/2011 11:44,Medio (4 - 8 mts),101,Grande,-68.8605672089,-32.8934537597,5,Residencial Sur,2423808.92355,0
14145,Morera,01/12/2011 08:22,Alto (> 8 mts),125,Grande,-68.8757820995,-32.8665944497,8,Aeroparque,2203364.73622,0
21217,Acer,10/05/2011 10:40,Alto (> 8 mts),125,Grande,-68.8515025345,-32.8946029059,5,Residencial Sur,2423808.92355,0
23051,Perenne,14/06/2011 13:29,Muy bajo (1 - 2 mts),4,Chico,-68.862033352,-32.902128215,5,Residencial Sur,2423808.92355,0
20173,Fresno americano,13/05/2011 09:36,Medio (4 - 8 mts),65,Grande,-68.859854899,-32.8925117834,5,Residencial Sur,2423808.92355,0
47427,Paraiso,22/09/2011 09:21,Alto (> 8 mts),160,Grande,-68.8276799769,-32.874400775,4,Cuarta Este Área Fundacional,1822015.85685,0
43611,Morera,13/10/2011 08:36,Alto (> 8 mts),115,Grande,-68.8338372588,-32.8827242264,3,Parque O'Higgins,1531146.02653,0
31270,Fresno europeo,03/02/2011 12:36,Muy bajo (1 - 2 mts),5,Chico,-68.8534139164,-32.864633287,6,Residencial Norte,2694682.37982,0
3061,Morera,08/09/2011 15:18,Alto (> 8 mts),200,Grande,-68.8291197811,-32.8713298925,4,Cuarta Este Área Fundacional,1822015.85685,0
3292,Morera,30/09/2011 13:44,Alto (> 8 mts),110,Grande,-68.8293088271,-32.8767131908,4,Cuarta Este Área Fundacional,1822015.85685,0
5569,Morera,14/04/2011 09:51,Alto (> 8 mts),75,Grande,-68.8382862741,-32.8809290622,1,Parque Central,1655357.93265,0
43422,Morera,26/10/2011 16:29,Alto (> 8 mts),90,Grande,-68.8317161508,-32.8801260704,3,Parque O'Higgins,1531146.02653,0
9647,Morera,27/01/2011 09:14,Medio (4 - 8 mts),120,Grande,-68.8493084488,-32.8631542013,6,Residencial Norte,2694682.37982,0
8027,Fresno americano,15/03/2011 11:54,Medio (4 - 8 mts),46,Mediano,-68.8481965741,-32.8882204606,5,Residencial Sur,2423808.92355,0
41954,Morera,19/04/2011 11:17,Medio (4 - 8 mts),125,Grande,-68.8388984677,-32.8787205008,1,Parque Central,1655357.93265,0
11499,Morera,22/02/2011 11:35,Alto (> 8 mts),70,Grande,-68.8537945855,-32.8664302898,6,Residencial Norte,2694682.37982,0
3991,Paraiso,23/09/2011 11:41,Medio (4 - 8 mts),55,Mediano,-68.8304504994,-32.8777438982,4,Cuarta Este Área Fundacional,1822015.85685,0
39508,Paraiso,10/11/2010 10:34,Alto (> 8 mts),240,Grande,-68.8544899125,-32.8693065055,6,Residencial Norte,2694682.37982,0
35578,Morera,09/03/2011 13:11,Bajo (2 - 4 mts),20,Chico,-68.8558017272,-32.8738764924,6,Residencial Norte,2694682.37982,0
28433,Platano,28/02/2011 10:08,Alto (> 8 mts),140,Grande,-68.8459337268,-32.8896656309,2,Barrio Civico,2366816.36021,0
21918,Fresno europeo,07/06/2011 09:17,Medio (4 - 8 mts),50,Mediano,-68.8590200807,-32.8957237529,5,Residencial Sur,2423808.92355,0
6704,Fresno americano,11/05/2011 11:08,Medio (4 - 8 mts),45,Mediano,-68.8534556117,-32.894780148,5,Residencial Sur,2423808.92355,0
9554,Acer,08/02/2011 08:29,Bajo (2 - 4 mts),22,Mediano,-68.854196457,-32.864161145,6,Residencial Norte,2694682.37982,0
1513,Paraiso,24/11/2011 10:46,Bajo (2 - 4 mts),36,Mediano,-68.8738016172,-32.8776867924,7,Residencial Parque,1786336.08966,0
2392,Fresno europeo,18/10/2011 10:57,Muy bajo (1 - 2 mts),3,Chico,-68.8367603657,-32.8845334134,3,Parque O'Higgins,1531146.02653,0
204,Morera,06/03/2012 10:26,Alto (> 8 mts),130,Grande,-68.8393721078,-32.8705776557,4,Cuarta Oeste,1173332.70145,1
26050,Fresno europeo,08/11/2011 16:20,Medio (4 - 8 mts),160,Grande,-68.831631929,-32.8876524746,3,Parque O'Higgins,1531146.02653,0
30248,Morera,09/03/2011 13:53,Alto (> 8 mts),135,Grande,-68.8423551636,-32.8901820782,2,Barrio Civico,2366816.36021,0
14056,Jacaranda,05/12/2011 12:09,Medio (4 - 8 mts),50,Mediano,-68.8760657544,-32.867660498,8,Aeroparque,2203364.73622,1
10918,Prunas,21/03/2011 12:38,Muy bajo (1 - 2 mts),18,Chico,-68.8516491618,-32.8794932191,6,Residencial Norte,2694682.37982,0
24070,Prunas,20/01/2011 13:30,Bajo (2 - 4 mts),75,Grande,-68.8463977374,-32.9012090196,2,Barrio Civico,2366816.36021,0
32593,Platano,17/06/2011 09:26,Alto (> 8 mts),198,Grande,-68.853885377,-32.8891768713,5,Residencial Sur,2423808.92355,0
23610,Acer,13/01/2011 17:14,Medio (4 - 8 mts),77,Grande,-68.8471548112,-32.8999655212,2,Barrio Civico,2366816.36021,0
48110,Morera,29/09/2011 09:19,Alto (> 8 mts),186,Grande,-68.8255271572,-32.867160254,4,Cuarta Este Área Fundacional,1822015.85685,0
38458,Paraiso,03/11/2010 12:30,Alto (> 8 mts),80,Grande,-68.8514846286,-32.8692639637,6,Residencial Norte,2694682.37982,0
38528,Paraiso,02/11/2010 11:11,Alto (> 8 mts),187,Grande,-68.8509273078,-32.8702867241,6,Residencial Norte,2694682.37982,0
8067,Fresno europeo,04/03/2011 13:20,Medio (4 - 8 mts),26,Mediano,-68.8413255897,-32.8892009449,3,Parque O'Higgins,1531146.02653,0
20656,Paraiso,03/06/2011 13:35,Alto (> 8 mts),150,Grande,-68.8607713421,-32.8965882726,5,Residencial Sur,2423808.92355,0
19322,Morera,21/07/2011 09:59,Alto (> 8 mts),198,Grande,-68.8357512773,-32.871171577,4,Cuarta Oeste,1173332.70145,0
3547,Morera,07/09/2011 11:37,Medio (4 - 8 mts),62,Grande,-68.8331274462,-32.868366214,4,Cuarta Oeste,1173332.70145,0
23780,Tilo,26/01/2011 15:08,Medio (4 - 8 mts),68,Grande,-68.8507923332,-32.9000821752,2,Barrio Civico,2366816.36021,0
1015,Aguaribay,14/12/2011 11:14,Medio (4 - 8 mts),110,Grande,-68.8808570388,-32.8652449128,8,Aeroparque,2203364.73622,0
26821,Fresno americano,09/11/2011 12:14,Alto (> 8 mts),130,Grande,-68.833895156,-32.8939306075,3,Parque O'Higgins,1531146.02653,0
33155,Morera,09/06/2011 09:09,Alto (> 8 mts),145,Grande,-68.852949878,-32.8919422846,5,Residencial Sur,2423808.92355,0
38077,Conifera,06/12/2010 09:06,Alto (> 8 mts),160,Grande,-68.8472023366,-32.8721526142,6,Residencial Norte,2694682.37982,0
12892,Paraiso,18/01/2011 10:03,Alto (> 8 mts),170,Grande,-68.8456649664,-32.8634509053,4,Cuarta Oeste,1173332.70145,0
31918,Morera,01/06/2011 12:53,Medio (4 - 8 mts),110,Grande,-68.8576139089,-32.8845372146,5,Residencial Sur,2423808.92355,0
752,Aguaribay,15/12/2011 08:16,Bajo (2 - 4 mts),18,Chico,-68.8803197919,-32.8664928489,8,Aeroparque,2203364.73622,0
9464,Liquidambar,11/02/2011 13:02,Muy bajo (1 - 2 mts),8,Chico,-68.8567081486,-32.8650202906,6,Residencial Norte,2694682.37982,0
14766,Paraiso sombrilla,06/12/2011 17:04,Bajo (2 - 4 mts),44,Mediano,-68.8792920814,-32.8692643302,8,Aeroparque,2203364.73622,0
46364,Morera,19/09/2011 13:34,Alto (> 8 mts),137,Grande,-68.8247867955,-32.8741837759,4,Cuarta Este Área Fundacional,1822015.85685,1
28069,Morera,21/02/2011 18:03,Alto (> 8 mts),108,Grande,-68.8502906595,-32.8916051411,5,Residencial Sur,2423808.92355,1
40133,Olmo comun,15/04/2011 09:26,Medio (4 - 8 mts),120,Grande,-68.8459236185,-32.8800750387,1,Parque Central,1655357.93265,0
3247,Tilo,27/09/2011 11:47,Medio (4 - 8 mts),50,Mediano,-68.8254812028,-32.8666056036,4,Cuarta Este Área Fundacional,1822015.85685,0
37571,Morera,16/11/2010 10:36,Alto (> 8 mts),190,Grande,-68.8570829929,-32.870155949,6,Residencial Norte,2694682.37982,0
45605,Morera,23/09/2011 08:32,Alto (> 8 mts),52,Mediano,-68.8200426766,-32.8713997038,4,Cuarta Este Área Fundacional,1822015.85685,0
34603,Acacia SP,17/01/2012 12:21,Muy bajo (1 - 2 mts),20,Chico,-68.8477911595,-32.8753386877,6,Residencial Norte,2694682.37982,0
12391,Morera,21/01/2011 10:14,Alto (> 8 mts),125,Grande,-68.84803328,-32.8663249256,6,Residencial Norte,2694682.37982,0
33681,Acacia SP,13/05/2011 10:32,Alto (> 8 mts),80,Grande,-68.8554504921,-32.8870481101,5,Residencial Sur,2423808.92355,0
21666,Morera,07/06/2011 12:51,Alto (> 8 mts),150,Grande,-68.8553698966,-32.8964642006,5,Residencial Sur,2423808.92355,1
47025,Fresno europeo,15/09/2011 12:44,Medio (4 - 8 mts),80,Grande,-68.8312031784,-32.8728736014,4,Cuarta Este Área Fundacional,1822015.85685,0
35836,Fresno europeo,03/03/2011 12:48,Medio (4 - 8 mts),97,Grande,-68.8544546546,-32.8737963163,6,Residencial Norte,2694682.37982,0
33965,Morera,24/05/2011 10:41,Medio (4 - 8 mts),110,Grande,-68.8515828967,-32.8849725652,5,Residencial Sur,2423808.92355,0
16515,Morera,20/07/2011 09:38,Alto (> 8 mts),125,Grande,-68.840523016,-32.8642949355,4,Cuarta Oeste,1173332.70145,0
38594,Paraiso,17/12/2010 10:59,Alto (> 8 mts),195,Grande,-68.8518071111,-32.8703884563,6,Residencial Norte,2694682.37982,0
38581,Fresno europeo,17/12/2010 10:14,Muy bajo (1 - 2 mts),5,Chico,-68.851904654,-32.8714160968,6,Residencial Norte,2694682.37982,0
11147,Fresno americano,26/01/2011 09:45,Bajo (2 - 4 mts),20,Chico,-68.8455303682,-32.9018024018,2,Barrio Civico,2366816.36021,0
38488,Morera,02/11/2010 10:54,Alto (> 8 mts),198,Grande,-68.8504739537,-32.8703462359,6,Residencial Norte,2694682.37982,0
15906,Caducifolio,24/11/2011 12:36,Bajo (2 - 4 mts),26,Mediano,-68.8738032811,-32.8774996809,7,Residencial Parque,1786336.08966,0
45566,Fresno europeo,05/09/2011 13:46,Alto (> 8 mts),180,Grande,-68.8211319131,-32.8712311471,4,Cuarta Este Área Fundacional,1822015.85685,0
20829,Olmo comun,30/05/2011 10:27,Medio (4 - 8 mts),60,Mediano,-68.8620518105,-32.8965646248,5,Residencial Sur,2423808.92355,0
19158,Olmo comun,20/07/2011 09:55,Medio (4 - 8 mts),74,Grande,-68.8400032864,-32.8729304254,4,Cuarta Oeste,1173332.70145,0
46275,Morera,30/09/2011 14:54,Alto (> 8 mts),180,Grande,-68.8233867031,-32.8737999398,4,Cuarta Este Área Fundacional,1822015.85685,0
21616,Platano,11/05/2011 11:32,Alto (> 8 mts),180,Grande,-68.8544772046,-32.8949107237,5,Residencial Sur,2423808.92355,0
17158,Morera,06/07/2011 10:54,Medio (4 - 8 mts),120,Grande,-68.8350114125,-32.8627657268,4,Cuarta Oeste,1173332.70145,0
13474,Acer,02/02/2011 08:34,Medio (4 - 8 mts),70,Grande,-68.8521459383,-32.8634710505,6,Residencial Norte,2694682.37982,0
1883,Aguaribay,15/11/2011 12:15,Medio (4 - 8 mts),70,Grande,-68.861468852,-32.8696251147,7,Residencial Parque,1786336.08966,0
41149,Morera,27/04/2011 18:24,Muy bajo (1 - 2 mts),6,Chico,-68.838786092,-32.8828267316,1,Parque Central,1655357.93265,0
36354,Morera,17/03/2011 13:27,Alto (> 8 mts),140,Grande,-68.8513536421,-32.8784150103,6,Residencial Norte,2694682.37982,1
12062,Liquidambar,27/01/2011 09:14,Medio (4 - 8 mts),36,Mediano,-68.8532422212,-32.8672530385,6,Residencial Norte,2694682.37982,0
16296,Morera,22/07/2011 09:18,Alto (> 8 mts),220,Grande,-68.8423251098,-32.8636273295,4,Cuarta Oeste,1173332.70145,0
28824,Platano,27/04/2011 12:25,Alto (> 8 mts),160,Grande,-68.8474466519,-32.8847232685,1,Parque Central,1655357.93265,0
30791,Fresno europeo,14/02/2011 12:18,Medio (4 - 8 mts),56,Mediano,-68.8559378004,-32.8649517553,6,Residencial Norte,2694682.37982,0
37687,Fresno europeo,24/02/2012 08:39,Medio (4 - 8 mts),75,Grande,-68.8522141616,-32.8725638571,6,Residencial Norte,2694682.37982,0
31720,Platano,18/05/2011 09:52,Alto (> 8 mts),212,Grande,-68.860496392300007,-32.8901810255,5,Residencial Sur,2423808.92355,0
25768,Fresno europeo,03/02/2011 09:26,Medio (4 - 8 mts),58,Mediano,-68.8418785617,-32.9039888824,2,Barrio Civico,2366816.36021,0
32942,Morera,23/05/2011 10:25,Alto (> 8 mts),160,Grande,-68.8508217062,-32.8884248014,5,Residencial Sur,2423808.92355,0
42201,Caducifolio,04/05/2011 10:38,Bajo (2 - 4 mts),100,Grande,-68.8410880059,-32.8731553444,4,Cuarta Oeste,1173332.70145,0
30033,Platano,29/04/2011 10:46,Alto (> 8 mts),82,Grande,-68.8402847886,-32.8870430096,3,Parque O'Higgins,1531146.02653,0
30289,Morera,04/03/2011 12:06,Alto (> 8 mts),168,Grande,-68.8409199798,-32.8902936936,3,Parque O'Higgins,1531146.02653,0
26116,Morera,11/11/2011 12:32,Medio (4 - 8 mts),120,Grande,-68.8312510238,-32.8865903969,3,Parque O'Higgins,1531146.02653,1
9632,Paraiso sombrilla,26/01/2011 09:59,Medio (4 - 8 mts),104,Grande,-68.8496688319,-32.8637488423,6,Residencial Norte,2694682.37982,0
4958,Fresno americano,15/07/2011 11:58,Medio (4 - 8 mts),145,Grande,-68.8435606842,-32.869717643,4,Cuarta Oeste,1173332.70145,0
24267,Morera,19/01/2011 13:46,Alto (> 8 mts),75,Grande,-68.844588528,-32.9005655886,2,Barrio Civico,2366816.36021,0
17941,Fresno europeo,03/08/2011 09:47,Alto (> 8 mts),130,Grande,-68.8384876579,-32.8669575543,4,Cuarta Oeste,1173332.70145,0
30110,Platano,26/04/2011 09:57,Alto (> 8 mts),180,Grande,-68.841299959,-32.8873913758,3,Parque O'Higgins,1531146.02653,0
31218,Paraiso,04/02/2011 12:56,Alto (> 8 mts),134,Grande,-68.8536863138,-32.864975838,6,Residencial Norte,2694682.37982,0
23169,Paraiso,19/01/2011 11:09,Alto (> 8 mts),130,Grande,-68.8483565629,-32.9019456531,2,Barrio Civico,2366816.36021,0
17069,Morera,16/08/2011 09:15,Alto (> 8 mts),180,Grande,-68.8365629835,-32.8638515109,4,Cuarta Oeste,1173332.70145,0
31956,Morera,02/06/2011 13:29,Medio (4 - 8 mts),130,Grande,-68.8605961055,-32.8838638538,7,Residencial Parque,1786336.08966,0
29643,Morera,23/03/2011 18:52,Alto (> 8 mts),174,Grande,-68.8432370452,-32.8933696735,2,Barrio Civico,2366816.36021,0
37981,Fresno europeo,10/01/2012 17:38,Muy bajo (1 - 2 mts),4,Chico,-68.8485182769,-32.8731197488,6,Residencial Norte,2694682.37982,0
16495,Morera,04/08/2011 13:44,Alto (> 8 mts),165,Grande,-68.8418627915,-32.8653915645,4,Cuarta Oeste,1173332.70145,0
32865,Morera,10/06/2011 11:04,Alto (> 8 mts),180,Grande,-68.8496965031,-32.8854251341,1,Parque Central,1655357.93265,0
18846,Prunas,08/08/2011 10:24,Muy bajo (1 - 2 mts),25,Mediano,-68.8394833048,-32.8704574214,4,Cuarta Oeste,1173332.70145,0
36301,Fresno europeo,04/04/2011 11:49,Medio (4 - 8 mts),160,Grande,-68.8539734753,-32.8765241287,6,Residencial Norte,2694682.37982,0
39582,Morera,22/10/2010 11:38,Medio (4 - 8 mts),55,Mediano,-68.84777384,-32.8696151316,6,Residencial Norte,2694682.37982,0
15572,Paraiso,16/11/2011 17:11,Bajo (2 - 4 mts),18,Chico,-68.8609600915,-32.8709489774,7,Residencial Parque,1786336.08966,0
25742,Morera,03/02/2011 10:53,Alto (> 8 mts),125,Grande,-68.8408910558,-32.9027364912,2,Barrio Civico,2366816.36021,0
29331,Fresno americano,25/04/2011 09:39,Alto (> 8 mts),137,Grande,-68.8433591097,-32.8866094096,1,Parque Central,1655357.93265,0
47375,Fresno europeo,21/09/2011 11:57,Alto (> 8 mts),240,Grande,-68.8291656245,-32.8742047107,4,Cuarta Este Área Fundacional,1822015.85685,1
22543,Olmo comun,16/06/2011 11:52,Alto (> 8 mts),142,Grande,-68.8599640548,-32.9003890943,5,Residencial Sur,2423808.92355,0
45258,Ailanthus,29/09/2011 11:05,Alto (> 8 mts),140,Grande,-68.8226061423,-32.8728407967,4,Cuarta Este Área Fundacional,1822015.85685,0
26582,Fresno europeo,04/11/2011 08:17,Medio (4 - 8 mts),126,Grande,-68.8326707798,-32.8912079775,3,Parque O'Higgins,1531146.02653,0
32633,Platano,21/06/2011 12:05,Alto (> 8 mts),140,Grande,-68.8528775855,-32.8903593018,5,Residencial Sur,2423808.92355,0
13262,Morera,22/02/2011 11:26,Medio (4 - 8 mts),106,Grande,-68.8471201073,-32.8654892464,4,Cuarta Oeste,1173332.70145,0
27938,Fresno europeo,03/11/2011 11:10,Alto (> 8 mts),150,Grande,-68.8378160876,-32.8932713289,2,Barrio Civico,2366816.36021,0
25503,Olmo bola,07/02/2011 12:22,Alto (> 8 mts),112,Grande,-68.8410109548,-32.9014075972,2,Barrio Civico,2366816.36021,0
35432,Morera,23/03/2011 10:51,Alto (> 8 mts),100,Grande,-68.85546207,-32.8816275987,6,Residencial Norte,2694682.37982,0
48385,Morera,01/09/2011 12:04,Alto (> 8 mts),122,Grande,-68.8295965435,-32.8698333042,4,Cuarta Este Área Fundacional,1822015.85685,1
34503,Fresno europeo,30/03/2011 09:47,Muy bajo (1 - 2 mts),6,Chico,-68.8504405214,-32.8759646617,6,Residencial Norte,2694682.37982,0
26871,Fresno americano,31/10/2011 14:46,Medio (4 - 8 mts),160,Grande,-68.8376418692,-32.8859516223,3,Parque O'Higgins,1531146.02653,0
16308,Morera,22/07/2011 11:08,Alto (> 8 mts),250,Grande,-68.8421561464,-32.862637797,4,Cuarta Oeste,1173332.70145,0
26117,Morera,11/11/2011 12:29,Medio (4 - 8 mts),150,Grande,-68.8312390941,-32.8865131058,3,Parque O'Higgins,1531146.02653,0
17290,Paraiso,04/08/2011 10:56,Medio (4 - 8 mts),145,Grande,-68.8368948776,-32.8660463892,4,Cuarta Oeste,1173332.70145,0
20150,Morera,16/05/2011 10:21,Medio (4 - 8 mts),48,Mediano,-68.8620502685,-32.8912152494,5,Residencial Sur,2423808.92355,0
2256,Paraiso,28/10/2011 08:29,Medio (4 - 8 mts),75,Grande,-68.8381527009,-32.8925838243,3,Parque O'Higgins,1531146.02653,0
33518,Acacia SP,16/06/2011 12:03,Medio (4 - 8 mts),40,Mediano,-68.8543387445,-32.8891011027,5,Residencial Sur,2423808.92355,0
27257,Platano,26/10/2011 09:18,Alto (> 8 mts),200,Grande,-68.8356259797,-32.8887518807,3,Parque O'Higgins,1531146.02653,0
41619,Fresno americano,03/05/2011 12:13,Alto (> 8 mts),122,Grande,-68.836703981,-32.8762953925,1,Parque Central,1655357.93265,0
6466,Fresno europeo,30/05/2011 09:31,Bajo (2 - 4 mts),20,Chico,-68.8538978873,-32.8886214501,5,Residencial Sur,2423808.92355,0
48347,Morera,17/08/2011 11:23,Medio (4 - 8 mts),208,Grande,-68.827632185,-32.86651819,4,Cuarta Este Área Fundacional,1822015.85685,0
32933,Paraiso,19/05/2011 09:22,Alto (> 8 mts),120,Grande,-68.8501805916,-32.8874232922,5,Residencial Sur,2423808.92355,0
19777,Morera,11/08/2011 08:51,Alto (> 8 mts),180,Grande,-68.834193601,-32.8692018008,4,Cuarta Oeste,1173332.70145,1
19518,Morera,26/07/2011 13:35,Medio (4 - 8 mts),140,Grande,-68.8372304366,-32.8719548103,4,Cuarta Oeste,1173332.70145,0
7483,Prunas,17/06/2011 10:02,Muy bajo (1 - 2 mts),8,Chico,-68.8615965034,-32.8994073597,5,Residencial Sur,2423808.92355,0
9341,Fresno europeo,18/02/2011 11:22,Medio (4 - 8 mts),160,Grande,-68.8465087802,-32.8658378416,4,Cuarta Oeste,1173332.70145,0
38638,Caducifolio,16/12/2010 10:28,Bajo (2 - 4 mts),50,Mediano,-68.8511860597,-32.8712682561,6,Residencial Norte,2694682.37982,0
18453,Acer,11/07/2011 09:45,Alto (> 8 mts),180,Grande,-68.8397795958,-32.8733928947,4,Cuarta Oeste,1173332.70145,0
25333,Olmo comun,09/02/2011 10:27,Bajo (2 - 4 mts),29,Mediano,-68.840131111,-32.8997161674,2,Barrio Civico,2366816.36021,0
16968,Paraiso,15/08/2011 12:33,Medio (4 - 8 mts),108,Grande,-68.8382661077,-32.8661448808,4,Cuarta Oeste,1173332.70145,0
35248,Fresno europeo,22/03/2011 11:15,Bajo (2 - 4 mts),52,Mediano,-68.8532291451,-32.8823569926,1,Parque Central,1655357.93265,0
37945,Fresno europeo,27/08/2010 09:00,Muy bajo (1 - 2 mts),8,Chico,-68.8481503599,-32.8734488583,6,Residencial Norte,2694682.37982,0
29320,Fresno americano,22/02/2011 10:02,Alto (> 8 mts),140,Grande,-68.8431913262,-32.8887328487,2,Barrio Civico,2366816.36021,0
23574,Acer,24/01/2011 11:57,Medio (4 - 8 mts),180,Grande,-68.8515363801,-32.9019615185,2,Barrio Civico,2366816.36021,0
5177,Paraiso,04/08/2011 12:23,Medio (4 - 8 mts),40,Mediano,-68.838180719,-32.863950922,4,Cuarta Oeste,1173332.70145,0
36868,Morera,07/04/2011 16:29,Medio (4 - 8 mts),82,Grande,-68.8584777699,-32.8801715192,7,Residencial Parque,1786336.08966,1
5412,Morera,18/04/2011 13:16,Medio (4 - 8 mts),110,Grande,-68.8430713153,-32.8788266151,1,Parque Central,1655357.93265,0
40961,Morera,14/04/2011 15:32,Bajo (2 - 4 mts),16,Chico,-68.8418631801,-32.8850943822,1,Parque Central,1655357.93265,0
26728,Acer,02/11/2011 08:50,Medio (4 - 8 mts),40,Mediano,-68.8329497412,-32.894827372500004,3,Parque O'Higgins,1531146.02653,0
24137,Fresno europeo,25/01/2011 13:21,Bajo (2 - 4 mts),33,Mediano,-68.846315222,-32.9024802567,2,Barrio Civico,2366816.36021,0
4134,Morera,28/09/2011 10:10,Bajo (2 - 4 mts),40,Mediano,-68.8239353956,-32.8750587225,4,Cuarta Este Área Fundacional,1822015.85685,0
25208,Morera,11/02/2011 13:58,Alto (> 8 mts),132,Grande,-68.8371111001,-32.8982507201,2,Barrio Civico,2366816.36021,0
4476,Acer,28/07/2011 14:01,Medio (4 - 8 mts),40,Mediano,-68.8395031427,-32.86789087,4,Cuarta Oeste,1173332.70145,0
37847,Fresno europeo,24/11/2010 11:39,Alto (> 8 mts),130,Grande,-68.8526654839,-32.8726406728,6,Residencial Norte,2694682.37982,0
35483,Platano,08/04/2011 10:56,Alto (> 8 mts),188,Grande,-68.8566831246,-32.881669039,7,Residencial Parque,1786336.08966,0
31153,Fresno europeo,07/02/2011 13:22,Medio (4 - 8 mts),80,Grande,-68.854368826,-32.863479278,6,Residencial Norte,2694682.37982,0
34072,Morera,31/05/2011 13:30,Medio (4 - 8 mts),110,Grande,-68.8564923216,-32.8849508915,5,Residencial Sur,2423808.92355,1
32963,Fresno europeo,23/05/2011 12:31,Alto (> 8 mts),145,Grande,-68.849626884,-32.8877095551,5,Residencial Sur,2423808.92355,0
15761,Morera,22/11/2011 09:10,Medio (4 - 8 mts),78,Grande,-68.8727000964,-32.8784632933,7,Residencial Parque,1786336.08966,0
12972,Jacaranda,15/02/2011 08:47,Muy bajo (1 - 2 mts),7,Chico,-68.8439280176,-32.8646909088,4,Cuarta Oeste,1173332.70145,0
28790,Morera,18/04/2011 10:48,Alto (> 8 mts),120,Grande,-68.8476616964,-32.8861428537,1,Parque Central,1655357.93265,0
8506,Caducifolio,10/02/2011 09:09,Alto (> 8 mts),68,Grande,-68.8381518893,-32.8967471098,2,Barrio Civico,2366816.36021,0
2764,Acacia SP,12/10/2011 16:29,Alto (> 8 mts),110,Grande,-68.8356672668,-32.8823043086,3,Parque O'Higgins,1531146.02653,0
33794,Fresno europeo,13/05/2011 08:56,Medio (4 - 8 mts),90,Grande,-68.8565487441,-32.8857209583,5,Residencial Sur,2423808.92355,0
3697,Fresno americano,31/08/2011 11:49,Bajo (2 - 4 mts),35,Mediano,-68.8244515351,-32.8696156832,4,Cuarta Este Área Fundacional,1822015.85685,0
19065,Morera,26/07/2011 13:02,Alto (> 8 mts),180,Grande,-68.8418884702,-32.8717530523,4,Cuarta Oeste,1173332.70145,0
6265,Ailanthus,13/07/2011 14:19,Bajo (2 - 4 mts),20,Chico,-68.8501427824,-32.8838027297,1,Parque Central,1655357.93265,0
47554,Paraiso,19/09/2011 09:00,Alto (> 8 mts),118,Grande,-68.8274085731,-32.8712152391,4,Cuarta Este Área Fundacional,1822015.85685,0
17757,Paraiso,21/07/2011 09:37,Bajo (2 - 4 mts),29,Mediano,-68.8424642041,-32.8663027647,4,Cuarta Oeste,1173332.70145,0
25879,Morera,04/02/2011 14:08,Alto (> 8 mts),172,Grande,-68.8393273497,-32.9018913521,2,Barrio Civico,2366816.36021,1
20103,Morera,10/08/2011 10:42,Alto (> 8 mts),180,Grande,-68.8329895714,-32.8657211432,4,Cuarta Oeste,1173332.70145,1
31617,Platano,10/06/2011 09:29,Alto (> 8 mts),190,Grande,-68.8604255347,-32.8879627572,5,Residencial Sur,2423808.92355,0
10830,Morera,30/03/2011 12:54,Medio (4 - 8 mts),47,Mediano,-68.8547648316,-32.8774813232,6,Residencial Norte,2694682.37982,0
27054,Fresno americano,21/10/2011 10:07,Medio (4 - 8 mts),135,Grande,-68.8373125074,-32.8885220078,3,Parque O'Higgins,1531146.02653,0
15080,Acacia SP,17/11/2011 09:56,Muy bajo (1 - 2 mts),2,Chico,-68.858963916,-32.8692363542,6,Residencial Norte,2694682.37982,0
37206,Morera,14/03/2011 11:31,Medio (4 - 8 mts),92,Grande,-68.8576099264,-32.8729255633,6,Residencial Norte,2694682.37982,0
15344,Paraiso,16/11/2011 12:56,Alto (> 8 mts),150,Grande,-68.8600427395,-32.8701769135,6,Residencial Norte,2694682.37982,0
13897,Aguaribay,19/12/2011 12:13,Bajo (2 - 4 mts),70,Grande,-68.8756544561,-32.8667913298,8,Aeroparque,2203364.73622,0
3434,Morera,19/08/2011 09:28,Alto (> 8 mts),120,Grande,-68.829053863,-32.8673116067,4,Cuarta Este Área Fundacional,1822015.85685,0
45649,Fresno europeo,21/09/2011 13:01,Medio (4 - 8 mts),60,Mediano,-68.8213180069,-32.8721936311,4,Cuarta Este Área Fundacional,1822015.85685,0
36117,Fresno europeo,05/04/2011 10:45,Medio (4 - 8 mts),48,Mediano,-68.8553198934,-32.8772507957,6,Residencial Norte,2694682.37982,0
33108,Platano,27/06/2011 12:06,Alto (> 8 mts),120,Grande,-68.8527500803,-32.8904956444,5,Residencial Sur,2423808.92355,0
44019,Morera,19/10/2011 09:55,Alto (> 8 mts),123,Grande,-68.8313075376,-32.8854162899,3,Parque O'Higgins,1531146.02653,1
10998,Morera,23/03/2011 09:59,Alto (> 8 mts),125,Grande,-68.8523187339,-32.8815431675,1,Parque Central,1655357.93265,0
32592,Platano,17/06/2011 09:28,Alto (> 8 mts),175,Grande,-68.8537847784,-32.8891964106,5,Residencial Sur,2423808.92355,0
22931,Paraiso,19/05/2011 15:28,Alto (> 8 mts),78,Grande,-68.8556425146,-32.9004388068,5,Residencial Sur,2423808.92355,0
40160,Fresno europeo,14/04/2011 10:18,Bajo (2 - 4 mts),12,Chico,-68.8445375399,-32.8798219316,1,Parque Central,1655357.93265,0
36087,Platano,06/04/2011 09:29,Alto (> 8 mts),186,Grande,-68.8546264531,-32.876394435,6,Residencial Norte,2694682.37982,0
16211,Morera,14/07/2011 12:15,Alto (> 8 mts),180,Grande,-68.8435059698,-32.8684740007,4,Cuarta Oeste,1173332.70145,0
17822,Paraiso,21/07/2011 11:52,Medio (4 - 8 mts),100,Grande,-68.8433284289,-32.8700316361,4,Cuarta Oeste,1173332.70145,0
47679,Fresno europeo,15/09/2011 10:04,Medio (4 - 8 mts),60,Mediano,-68.829302905,-32.8728246757,4,Cuarta Este Área Fundacional,1822015.85685,0
34214,Fresno europeo,03/03/2011 13:05,Bajo (2 - 4 mts),60,Mediano,-68.8533000656,-32.8743351607,6,Residencial Norte,2694682.37982,0
20937,Platano,30/05/2011 09:30,Medio (4 - 8 mts),45,Mediano,-68.8623576711,-32.8955349169,5,Residencial Sur,2423808.92355,0
6322,Fresno europeo,30/06/2011 11:21,Alto (> 8 mts),122,Grande,-68.8561025917,-32.8901052885,5,Residencial Sur,2423808.92355,0
2706,Acer,11/10/2011 09:47,Medio (4 - 8 mts),45,Mediano,-68.8312052718,-32.8834242582,3,Parque O'Higgins,1531146.02653,0
6837,Morera,08/06/2011 09:20,Medio (4 - 8 mts),80,Grande,-68.8552854544,-32.8952606504,5,Residencial Sur,2423808.92355,0
16193,Morera,15/07/2011 11:21,Alto (> 8 mts),200,Grande,-68.843687646,-32.8704020507,4,Cuarta Oeste,1173332.70145,1
5332,Paraiso,26/04/2011 12:11,Medio (4 - 8 mts),140,Grande,-68.8427363921,-32.8781416678,1,Parque Central,1655357.93265,0
2854,Fresno europeo,07/11/2011 08:26,Bajo (2 - 4 mts),7,Chico,-68.8346667947,-32.8936504234,3,Parque O'Higgins,1531146.02653,0
4292,Morera,18/07/2011 10:25,Muy bajo (1 - 2 mts),5,Chico,-68.8395020611,-32.8720718143,4,Cuarta Oeste,1173332.70145,0
21160,Fresno europeo,06/05/2011 10:47,Alto (> 8 mts),122,Grande,-68.8530617094,-32.8933527496,5,Residencial Sur,2423808.92355,0
42379,Ailanthus,29/09/2011 11:48,Alto (> 8 mts),120,Grande,-68.8343306205,-32.8763295557,4,Cuarta Este Área Fundacional,1822015.85685,0
8152,Platano,02/03/2011 13:20,Alto (> 8 mts),180,Grande,-68.8459018407,-32.8916478403,2,Barrio Civico,2366816.36021,0
31274,Fresno europeo,03/02/2011 12:16,Medio (4 - 8 mts),124,Grande,-68.8533512641,-32.864934451,6,Residencial Norte,2694682.37982,0
34666,Morera,01/04/2011 11:53,Alto (> 8 mts),90,Grande,-68.8506066858,-32.8761117587,6,Residencial Norte,2694682.37982,0
9214,Paraiso,03/03/2011 10:03,Medio (4 - 8 mts),70,Grande,-68.8496150518,-32.8660572627,6,Residencial Norte,2694682.37982,0
39805,Platano,05/05/2011 09:10,Alto (> 8 mts),180,Grande,-68.8474829132,-32.8845501923,1,Parque Central,1655357.93265,0
22210,Fresno europeo,18/05/2011 10:16,Alto (> 8 mts),42,Mediano,-68.8565871107,-32.8993466844,5,Residencial Sur,2423808.92355,0
38068,Fresno europeo,06/12/2010 11:09,Medio (4 - 8 mts),70,Grande,-68.8482748189,-32.8725832162,6,Residencial Norte,2694682.37982,0
29169,Platano,10/03/2011 09:26,Alto (> 8 mts),250,Grande,-68.8458304783,-32.8891849921,2,Barrio Civico,2366816.36021,0
5643,Platano,02/05/2011 13:20,Medio (4 - 8 mts),32,Mediano,-68.8392784704,-32.8766951465,1,Parque Central,1655357.93265,0
26998,Platano,02/11/2011 16:47,Alto (> 8 mts),180,Grande,-68.8354278711,-32.8872892738,3,Parque O'Higgins,1531146.02653,0
9661,Acacia SP,25/01/2011 11:10,Bajo (2 - 4 mts),30,Mediano,-68.8490955339,-32.8641571196,6,Residencial Norte,2694682.37982,0
33918,Platano,24/05/2011 10:34,Medio (4 - 8 mts),110,Grande,-68.8514860682,-32.8848058256,5,Residencial Sur,2423808.92355,1
13370,Morera,11/01/2011 10:10,Alto (> 8 mts),95,Grande,-68.8450067845,-32.8661160436,4,Cuarta Oeste,1173332.70145,0
32256,Morera,29/06/2011 10:06,Alto (> 8 mts),120,Grande,-68.8513269409,-32.8908231681,5,Residencial Sur,2423808.92355,1
3849,Morera,29/08/2011 12:21,Medio (4 - 8 mts),196,Grande,-68.8288029016,-32.8709933708,4,Cuarta Este Área Fundacional,1822015.85685,0
27853,Morera,04/11/2011 09:54,Alto (> 8 mts),138,Grande,-68.8349378684,-32.8937529746,3,Parque O'Higgins,1531146.02653,1
42173,Alamo criollo,06/05/2011 11:15,Alto (> 8 mts),102,Grande,-68.8406124465,-32.8747444255,1,Parque Central,1655357.93265,0
36086,Platano,06/04/2011 09:41,Medio (4 - 8 mts),134,Grande,-68.8545410779,-32.8764134336,6,Residencial Norte,2694682.37982,0
14869,Paraiso,16/12/2011 12:01,Muy bajo (1 - 2 mts),13,Chico,-68.8803000535,-32.8737859283,8,Aeroparque,2203364.73622,0
36945,Fresno europeo,08/04/2011 10:56,Medio (4 - 8 mts),68,Grande,-68.8582489283,-32.8786171492,7,Residencial Parque,1786336.08966,1
24954,Perenne,16/02/2011 12:09,Bajo (2 - 4 mts),10,Chico,-68.8367706452,-32.896431583,2,Barrio Civico,2366816.36021,0
19304,Morera,13/07/2011 10:19,Alto (> 8 mts),80,Grande,-68.8356597096,-32.8704170093,4,Cuarta Oeste,1173332.70145,0
32386,Morera,23/05/2011 13:42,Alto (> 8 mts),150,Grande,-68.8503522293,-32.8887314199,5,Residencial Sur,2423808.92355,1
23652,Morera,20/01/2011 19:51,Alto (> 8 mts),140,Grande,-68.8484405974,-32.8999250676,2,Barrio Civico,2366816.36021,0
13372,Morera,11/01/2011 10:07,Alto (> 8 mts),120,Grande,-68.8452270668,-32.8661335387,4,Cuarta Oeste,1173332.70145,0
36991,Fresno americano,01/04/2011 11:59,Bajo (2 - 4 mts),42,Mediano,-68.8574359253,-32.8779609646,7,Residencial Parque,1786336.08966,0
47683,Fresno americano,15/09/2011 09:31,Medio (4 - 8 mts),27,Mediano,-68.829286499,-32.8724644267,4,Cuarta Este Área Fundacional,1822015.85685,0
26778,Morera,01/11/2011 10:13,Medio (4 - 8 mts),120,Grande,-68.8330567103,-32.8945517576,3,Parque O'Higgins,1531146.02653,1
2076,Platano,11/10/2011 15:43,Alto (> 8 mts),130,Grande,-68.828272674,-32.8803805833,4,Cuarta Este Área Fundacional,1822015.85685,0
11980,Morera,14/05/2010 11:03,Bajo (2 - 4 mts),12,Chico,-68.8509842263,-32.868147406,6,Residencial Norte,2694682.37982,0
21736,Morera,24/05/2011 09:36,Alto (> 8 mts),180,Grande,-68.8559210864,-32.8944246962,5,Residencial Sur,2423808.92355,0
31095,Acer,08/02/2011 13:24,Medio (4 - 8 mts),48,Mediano,-68.854124207,-32.8647892205,6,Residencial Norte,2694682.37982,0
13357,Acacia SP,11/01/2011 11:31,Alto (> 8 mts),270,Grande,-68.8454869765,-32.8661584898,4,Cuarta Oeste,1173332.70145,0
37903,Morera,18/11/2010 10:34,Medio (4 - 8 mts),104,Grande,-68.8499398879,-32.8735375039,6,Residencial Norte,2694682.37982,0
44832,Morera,23/08/2011 09:29,Alto (> 8 mts),145,Grande,-68.8251116305,-32.8671083674,4,Cuarta Este Área Fundacional,1822015.85685,0
9868,Morera,09/02/2011 11:41,Bajo (2 - 4 mts),20,Chico,-68.8570804684,-32.8661466228,6,Residencial Norte,2694682.37982,0
36329,Morera,01/04/2011 13:08,Medio (4 - 8 mts),108,Grande,-68.8535197528,-32.8775867454,6,Residencial Norte,2694682.37982,0
29340,Morera,25/04/2011 09:11,Alto (> 8 mts),160,Grande,-68.8437504032,-32.8873133838,1,Parque Central,1655357.93265,0
13515,Morera,01/02/2011 11:15,Alto (> 8 mts),180,Grande,-68.8519657019,-32.8641719957,6,Residencial Norte,2694682.37982,1
35996,Fresno europeo,21/03/2011 11:43,Medio (4 - 8 mts),40,Mediano,-68.8557490908,-32.8750920911,6,Residencial Norte,2694682.37982,0
29940,Morera,05/05/2011 08:58,Alto (> 8 mts),170,Grande,-68.8434162059,-32.8860464493,1,Parque Central,1655357.93265,1
44499,Platano,17/10/2011 09:01,Alto (> 8 mts),190,Grande,-68.8353968925,-32.8837557725,3,Parque O'Higgins,1531146.02653,0
16659,Paraiso,19/07/2011 11:45,Alto (> 8 mts),108,Grande,-68.8411035088,-32.8627257324,4,Cuarta Oeste,1173332.70145,0
33164,Fresno europeo,09/06/2011 08:49,Alto (> 8 mts),120,Grande,-68.8533538514,-32.8915061943,5,Residencial Sur,2423808.92355,1
32903,Paraiso,19/05/2011 12:42,Medio (4 - 8 mts),120,Grande,-68.8494676953,-32.8865872177,5,Residencial Sur,2423808.92355,0
22102,Fresno europeo,13/06/2011 10:13,Alto (> 8 mts),124,Grande,-68.855470166999993,-32.8977157479,5,Residencial Sur,2423808.92355,0
21012,Fresno europeo,22/06/2011 09:01,Medio (4 - 8 mts),76,Grande,-68.8625621538,-32.9005090552,5,Residencial Sur,2423808.92355,0
48058,Morera,27/09/2011 11:22,Alto (> 8 mts),180,Grande,-68.8263789925,-32.866525988,4,Cuarta Este Área Fundacional,1822015.85685,0
37080,Platano,06/04/2011 09:45,Medio (4 - 8 mts),140,Grande,-68.8576691234,-32.8758573832,6,Residencial Norte,2694682.37982,0
43847,Fresno americano,07/10/2011 09:27,Medio (4 - 8 mts),110,Grande,-68.8298534952,-32.8844128109,3,Parque O'Higgins,1531146.02653,0
36321,Fresno europeo,01/04/2011 12:48,Medio (4 - 8 mts),76,Grande,-68.852941231,-32.8775177182,6,Residencial Norte,2694682.37982,0
10689,Fresno americano,29/03/2011 10:49,Medio (4 - 8 mts),50,Mediano,-68.850509388,-32.8757016613,6,Residencial Norte,2694682.37982,0
36674,Morera,03/06/2011 16:17,Medio (4 - 8 mts),120,Grande,-68.8586613938,-32.8826638738,7,Residencial Parque,1786336.08966,1
2324,Morera,02/11/2011 10:00,Medio (4 - 8 mts),55,Mediano,-68.8354989191,-32.8950758838,3,Parque O'Higgins,1531146.02653,0
38722,Morera,15/12/2010 10:13,Alto (> 8 mts),160,Grande,-68.8510162658,-32.8709041247,6,Residencial Norte,2694682.37982,0
31556,Fresno americano,18/05/2011 09:38,Alto (> 8 mts),104,Grande,-68.8590162689,-32.8906403736,5,Residencial Sur,2423808.92355,0
48367,Morera,05/09/2011 09:06,Alto (> 8 mts),135,Grande,-68.8291171898,-32.8688728383,4,Cuarta Este Área Fundacional,1822015.85685,0
5243,Alamo criollo,05/05/2011 12:06,Medio (4 - 8 mts),100,Grande,-68.8416807572,-32.873185787,4,Cuarta Oeste,1173332.70145,0
41591,Braquiquito,05/05/2011 11:51,Medio (4 - 8 mts),90,Grande,-68.8409911387,-32.8768873917,1,Parque Central,1655357.93265,0
35220,Morera,22/03/2011 13:41,Alto (> 8 mts),150,Grande,-68.85322655,-32.8813691454,6,Residencial Norte,2694682.37982,1
33281,Morera,27/06/2011 09:43,Alto (> 8 mts),145,Grande,-68.8563235085,-32.890450482,5,Residencial Sur,2423808.92355,1
27500,Morera,27/10/2011 09:52,Alto (> 8 mts),160,Grande,-68.8372074596,-32.8917327941,3,Parque O'Higgins,1531146.02653,0
2073,Platano,11/10/2011 15:51,Alto (> 8 mts),80,Grande,-68.8282211859,-32.880626122,4,Cuarta Este Área Fundacional,1822015.85685,0
4870,Fresno americano,22/07/2011 11:02,Bajo (2 - 4 mts),68,Grande,-68.8423249266,-32.8629350482,4,Cuarta Oeste,1173332.70145,0
9939,Alamo criollo,16/11/2010 11:35,Alto (> 8 mts),230,Grande,-68.8575202642,-32.8692792927,6,Residencial Norte,2694682.37982,0
908,Fresno americano,18/01/2012 10:46,Muy bajo (1 - 2 mts),6,Chico,-68.8469617811,-32.8729337355,6,Residencial Norte,2694682.37982,0
35402,Morera,21/06/2011 09:26,Medio (4 - 8 mts),130,Grande,-68.8558191746,-32.8829191683,5,Residencial Sur,2423808.92355,0
22162,Morera,18/05/2011 11:02,Alto (> 8 mts),108,Grande,-68.8540299732,-32.8987863905,5,Residencial Sur,2423808.92355,0
10179,Paraiso,21/12/2010 12:42,Medio (4 - 8 mts),40,Mediano,-68.8525903626,-32.8712266005,6,Residencial Norte,2694682.37982,0
35912,Morera,28/03/2011 09:18,Alto (> 8 mts),155,Grande,-68.8537878723,-32.8754581577,6,Residencial Norte,2694682.37982,0
28005,Fresno europeo,04/11/2011 09:08,Muy bajo (1 - 2 mts),5,Chico,-68.8359694392,-32.8939057728,3,Parque O'Higgins,1531146.02653,0
20160,Morera,13/05/2011 10:04,Alto (> 8 mts),168,Grande,-68.8590070154,-32.8921642219,5,Residencial Sur,2423808.92355,1
47252,Morera,16/09/2011 10:54,Alto (> 8 mts),90,Grande,-68.8323340592,-32.8739752788,4,Cuarta Este Área Fundacional,1822015.85685,0
23626,Fresno europeo,14/01/2011 20:38,Medio (4 - 8 mts),51,Mediano,-68.8477676805,-32.9005326205,2,Barrio Civico,2366816.36021,0
24745,Morera,14/02/2011 14:48,Alto (> 8 mts),148,Grande,-68.8345838575,-32.8972735769,2,Barrio Civico,2366816.36021,0
46308,Morera,28/09/2011 08:19,Alto (> 8 mts),180,Grande,-68.8242883739,-32.8734529638,4,Cuarta Este Área Fundacional,1822015.85685,1
39932,Morera,29/04/2011 09:57,Medio (4 - 8 mts),150,Grande,-68.8443830834,-32.8759324658,1,Parque Central,1655357.93265,0
47364,Morera,23/09/2011 08:39,Medio (4 - 8 mts),210,Grande,-68.8280025003,-32.8742749304,4,Cuarta Este Área Fundacional,1822015.85685,1
1672,Paraiso,23/11/2011 08:08,Medio (4 - 8 mts),90,Grande,-68.8721096272,-32.8789316483,7,Residencial Parque,1786336.08966,0
451,Morera,05/03/2012 18:21,Medio (4 - 8 mts),140,Grande,-68.8187626756,-32.8676594587,4,Cuarta Este Área Fundacional,1822015.85685,0
9711,Fresno europeo,24/01/2011 10:31,Muy bajo (1 - 2 mts),5,Chico,-68.8485583824,-32.8642337413,6,Residencial Norte,2694682.37982,0
47531,Morera,29/08/2011 12:49,Alto (> 8 mts),154,Grande,-68.8258700887,-32.8704619247,4,Cuarta Este Área Fundacional,1822015.85685,0
31325,Acer,25/02/2011 12:18,Alto (> 8 mts),150,Grande,-68.8484704446,-32.8655647715,6,Residencial Norte,2694682.37982,0
25671,Platano,07/02/2011 09:33,Alto (> 8 mts),215,Grande,-68.8422774206,-32.9020893458,2,Barrio Civico,2366816.36021,0
8869,Morera,12/05/2010 12:05,Muy bajo (1 - 2 mts),16,Chico,-68.8511137047,-32.8665594076,6,Residencial Norte,2694682.37982,0
23092,Paraiso,19/01/2011 14:36,Alto (> 8 mts),124,Grande,-68.8478088884,-32.9012192337,2,Barrio Civico,2366816.36021,1
39945,Catalpa,28/04/2011 10:11,Medio (4 - 8 mts),180,Grande,-68.8449459487,-32.8763919465,1,Parque Central,1655357.93265,1
16112,Morera,18/07/2011 12:27,Alto (> 8 mts),145,Grande,-68.8452510473,-32.8734515079,6,Residencial Norte,2694682.37982,0
11258,Morera,12/01/2011 15:00,Alto (> 8 mts),210,Grande,-68.8465544762,-32.8998157835,2,Barrio Civico,2366816.36021,0
43184,Morera,07/10/2011 12:07,Alto (> 8 mts),160,Grande,-68.8309592744,-32.8809387075,3,Parque O'Higgins,1531146.02653,0
48314,Morera,19/08/2011 10:59,Alto (> 8 mts),215,Grande,-68.8278442363,-32.8684718227,4,Cuarta Este Área Fundacional,1822015.85685,0
39314,Morera,30/12/2010 12:22,Alto (> 8 mts),120,Grande,-68.8560460066,-32.8717609862,6,Residencial Norte,2694682.37982,0
35918,Morera,23/03/2011 13:24,Alto (> 8 mts),149,Grande,-68.8539455394,-32.8757880039,6,Residencial Norte,2694682.37982,0
8316,Morera,15/03/2011 13:24,Muy bajo (1 - 2 mts),12,Chico,-68.8445539877,-32.8941314529,2,Barrio Civico,2366816.36021,0
45631,Ailanthus,22/09/2011 08:22,Muy bajo (1 - 2 mts),8,Chico,-68.8216393556,-32.8713400334,4,Cuarta Este Área Fundacional,1822015.85685,0
32833,Platano,13/06/2011 10:00,Medio (4 - 8 mts),170,Grande,-68.850736018,-32.886244214,5,Residencial Sur,2423808.92355,0
24989,Olmo comun,16/02/2011 08:49,Medio (4 - 8 mts),107,Grande,-68.8375015695,-32.8966263497,2,Barrio Civico,2366816.36021,0
38233,Fresno europeo,18/01/2012 12:24,Alto (> 8 mts),145,Grande,-68.846345381,-32.8730445167,6,Residencial Norte,2694682.37982,0
10433,Fresno europeo,10/03/2011 10:10,Muy bajo (1 - 2 mts),5,Chico,-68.856612607,-32.8737440406,6,Residencial Norte,2694682.37982,0
11588,Fresno europeo,10/05/2010 12:27,Muy bajo (1 - 2 mts),0.1,Chico,-68.8523557211,-32.866579477,6,Residencial Norte,2694682.37982,0
917,Fresno europeo,15/01/2012 19:00,Bajo (2 - 4 mts),40,Mediano,-68.8540739557,-32.8717295684,6,Residencial Norte,2694682.37982,0
44762,Morera,24/08/2011 09:42,Alto (> 8 mts),189,Grande,-68.8237770516,-32.8687698501,4,Cuarta Este Área Fundacional,1822015.85685,0
12814,Acer,20/01/2011 12:56,Muy bajo (1 - 2 mts),6,Chico,-68.8470728724,-32.8639039363,4,Cuarta Oeste,1173332.70145,0
21297,Morera,13/06/2011 11:31,Alto (> 8 mts),140,Grande,-68.8523715386,-32.8979034919,5,Residencial Sur,2423808.92355,0
23114,Fresno europeo,17/01/2011 16:21,Alto (> 8 mts),124,Grande,-68.847849287,-32.9020644206,2,Barrio Civico,2366816.36021,0
30405,Morera,04/03/2011 09:32,Alto (> 8 mts),125,Grande,-68.8396812011,-32.8905173956,3,Parque O'Higgins,1531146.02653,0
6785,Morera,30/05/2011 12:09,Alto (> 8 mts),110,Grande,-68.8574499002,-32.8949300798,5,Residencial Sur,2423808.92355,0
19021,Morera,12/07/2011 10:12,Alto (> 8 mts),170,Grande,-68.8397860051,-32.8712682486,4,Cuarta Oeste,1173332.70145,0
20208,Morera,26/05/2011 13:18,Medio (4 - 8 mts),50,Mediano,-68.8602197119,-32.8946265694,5,Residencial Sur,2423808.92355,0
25676,Platano,07/02/2011 09:14,Alto (> 8 mts),200,Grande,-68.8423909936,-32.9025389813,2,Barrio Civico,2366816.36021,0
2277,Fresno americano,03/11/2011 11:09,Medio (4 - 8 mts),90,Grande,-68.8377697041,-32.8932813154,2,Barrio Civico,2366816.36021,0
2660,Morera,07/10/2011 09:54,Medio (4 - 8 mts),180,Grande,-68.830726534,-32.8849488117,3,Parque O'Higgins,1531146.02653,0
15407,Tipa,17/11/2011 12:49,Medio (4 - 8 mts),115,Grande,-68.8589857061,-32.8722080728,6,Residencial Norte,2694682.37982,0
11880,Paraiso sombrilla,01/03/2011 13:24,Bajo (2 - 4 mts),68,Grande,-68.8498930645,-32.8662975917,6,Residencial Norte,2694682.37982,0
6323,Morera,30/06/2011 11:19,Alto (> 8 mts),75,Grande,-68.8561204425,-32.890165616,5,Residencial Sur,2423808.92355,0
8977,Paraiso,19/01/2011 10:18,Alto (> 8 mts),150,Grande,-68.8466079797,-32.8683921268,6,Residencial Norte,2694682.37982,0
34521,Morera,29/03/2011 13:15,Alto (> 8 mts),180,Grande,-68.849354539,-32.8758165528,6,Residencial Norte,2694682.37982,0
9269,Paraiso sombrilla,22/02/2011 09:40,Medio (4 - 8 mts),94,Grande,-68.8473079663,-32.8645493838,4,Cuarta Oeste,1173332.70145,0
24488,Olmo comun,10/01/2011 13:16,Alto (> 8 mts),136,Grande,-68.8466046105,-32.9028551244,2,Barrio Civico,2366816.36021,0
37813,Fresno europeo,10/12/2010 11:17,Alto (> 8 mts),130,Grande,-68.8485878745,-32.8719038083,6,Residencial Norte,2694682.37982,0
45015,Morera,31/08/2011 12:49,Alto (> 8 mts),150,Grande,-68.8255011648,-32.8695208535,4,Cuarta Este Área Fundacional,1822015.85685,0
29142,Fresno europeo,10/03/2011 13:15,Bajo (2 - 4 mts),60,Mediano,-68.8466146791,-32.8882336247,2,Barrio Civico,2366816.36021,0
36261,Perenne,17/03/2011 12:14,Alto (> 8 mts),81,Grande,-68.8531521117,-32.8782877137,6,Residencial Norte,2694682.37982,0
9477,Morera,01/02/2011 12:40,Alto (> 8 mts),170,Grande,-68.8513208603,-32.8643133671,6,Residencial Norte,2694682.37982,0
34319,Morera,09/03/2011 09:42,Alto (> 8 mts),166,Grande,-68.851922517,-32.874583938,6,Residencial Norte,2694682.37982,0
23260,Fresno europeo,27/01/2012 12:19,Medio (4 - 8 mts),90,Grande,-68.8517920667,-32.9013424843,2,Barrio Civico,2366816.36021,0
8103,Perenne,10/03/2011 10:01,Alto (> 8 mts),93,Grande,-68.8432228715,-32.890335453,2,Barrio Civico,2366816.36021,0
38866,Morera,07/12/2010 13:30,Alto (> 8 mts),130,Grande,-68.8481139538,-32.8709848582,6,Residencial Norte,2694682.37982,0
34012,Platano,27/05/2011 10:11,Alto (> 8 mts),260,Grande,-68.8542549019,-32.8850924551,5,Residencial Sur,2423808.92355,0
23520,Morera,20/01/2011 07:21,Alto (> 8 mts),114,Grande,-68.848588808,-32.9033397666,2,Barrio Civico,2366816.36021,0
24784,Morera,15/02/2011 09:25,Alto (> 8 mts),125,Grande,-68.8397080061,-32.8952373804,2,Barrio Civico,2366816.36021,0
26032,Fresno americano,09/11/2011 16:43,Medio (4 - 8 mts),124,Grande,-68.831695802,-32.8861967765,3,Parque O'Higgins,1531146.02653,0
10840,Morera,17/03/2011 13:22,Medio (4 - 8 mts),27,Mediano,-68.8545856726,-32.8782255315,6,Residencial Norte,2694682.37982,0
41871,Conifera,04/05/2011 11:20,Alto (> 8 mts),52,Mediano,-68.8414193986,-32.8780527725,1,Parque Central,1655357.93265,0
23501,Morera,21/01/2011 13:40,Alto (> 8 mts),170,Grande,-68.8480078691,-32.9027128382,2,Barrio Civico,2366816.36021,0
23625,Olmo comun,14/01/2011 21:01,Alto (> 8 mts),85,Grande,-68.8477663141,-32.9005059621,2,Barrio Civico,2366816.36021,0
16777,Morera,11/08/2011 13:35,Medio (4 - 8 mts),48,Mediano,-68.8396562244,-32.8625206266,4,Cuarta Oeste,1173332.70145,0
13851,Aguaribay,19/12/2011 07:59,Bajo (2 - 4 mts),90,Grande,-68.8760293937,-32.8689558994,8,Aeroparque,2203364.73622,0
9659,Morera,25/01/2011 09:48,Alto (> 8 mts),140,Grande,-68.8491855631,-32.8631540415,6,Residencial Norte,2694682.37982,0
22298,Acacia SP,09/06/2011 11:10,Medio (4 - 8 mts),67,Grande,-68.8580595865,-32.8971546767,5,Residencial Sur,2423808.92355,0
26382,Platano,25/10/2011 09:54,Alto (> 8 mts),185,Grande,-68.8335228043,-32.8899293398,3,Parque O'Higgins,1531146.02653,0
44147,Fresno europeo,06/10/2011 16:39,Alto (> 8 mts),104,Grande,-68.8353362321,-32.8786178146,1,Parque Central,1655357.93265,0
21610,Morera,11/05/2011 11:42,Alto (> 8 mts),130,Grande,-68.8550793897,-32.89495777,5,Residencial Sur,2423808.92355,1
4090,Olmo comun,30/09/2011 13:08,Muy bajo (1 - 2 mts),5,Chico,-68.8295023611,-32.8780544446,4,Cuarta Este Área Fundacional,1822015.85685,0
27539,Fresno americano,27/10/2011 08:46,Alto (> 8 mts),142,Grande,-68.8357225986,-32.891179738699996,3,Parque O'Higgins,1531146.02653,0
46517,Morera,16/08/2011 14:10,Alto (> 8 mts),204,Grande,-68.8315710245,-32.8667942437,4,Cuarta Oeste,1173332.70145,0
40390,Morera,08/04/2011 12:40,Medio (4 - 8 mts),45,Mediano,-68.844640524,-32.881553941,1,Parque Central,1655357.93265,0
36106,Morera,05/04/2011 11:24,Medio (4 - 8 mts),66,Grande,-68.8562557023,-32.8767120721,6,Residencial Norte,2694682.37982,1
18280,Caducifolio,04/08/2011 09:55,Muy bajo (1 - 2 mts),5,Chico,-68.8391638075,-32.8685372026,4,Cuarta Oeste,1173332.70145,0
23688,Morera,21/01/2011 12:38,Alto (> 8 mts),180,Grande,-68.8488265679,-32.8997457919,2,Barrio Civico,2366816.36021,0
32957,Morera,23/05/2011 12:23,Medio (4 - 8 mts),50,Mediano,-68.8497562917,-32.8881891159,5,Residencial Sur,2423808.92355,0
10995,Caducifolio,23/03/2011 12:50,Medio (4 - 8 mts),60,Mediano,-68.8531837034,-32.8823635,1,Parque Central,1655357.93265,0
20595,Tipa,30/05/2011 10:32,Alto (> 8 mts),210,Grande,-68.862225561,-32.8969416789,5,Residencial Sur,2423808.92355,0
24825,Morera,18/02/2011 08:53,Alto (> 8 mts),128,Grande,-68.8402933363,-32.8965737135,2,Barrio Civico,2366816.36021,0
27404,Morera,19/10/2011 12:25,Medio (4 - 8 mts),100,Grande,-68.834300334900007,-32.8884258506,3,Parque O'Higgins,1531146.02653,1
28724,Fresno europeo,14/03/2011 09:05,Muy bajo (1 - 2 mts),10,Chico,-68.8483005414,-32.8877812834,5,Residencial Sur,2423808.92355,0
35973,Fresno europeo,23/03/2011 09:21,Medio (4 - 8 mts),45,Mediano,-68.8544472356,-32.8763060707,6,Residencial Norte,2694682.37982,0
33692,Morera,10/05/2011 13:45,Alto (> 8 mts),172,Grande,-68.8580450955,-32.8860907798,5,Residencial Sur,2423808.92355,0
21286,Morera,13/06/2011 12:02,Medio (4 - 8 mts),100,Grande,-68.8521816252,-32.8971985657,5,Residencial Sur,2423808.92355,0
35391,Morera,21/06/2011 13:02,Bajo (2 - 4 mts),50,Mediano,-68.8556352868,-32.8822461266,5,Residencial Sur,2423808.92355,0
22828,Fresno europeo,14/06/2011 12:02,Bajo (2 - 4 mts),14,Chico,-68.8574550885,-32.9019662755,5,Residencial Sur,2423808.92355,0
59,Morera,05/03/2012 10:55,Medio (4 - 8 mts),110,Grande,-68.8566854205,-32.8967589352,5,Residencial Sur,2423808.92355,0
26985,Fresno europeo,02/11/2011 17:29,Alto (> 8 mts),140,Grande,-68.8343350929,-32.8875343066,3,Parque O'Higgins,1531146.02653,0
9796,Morera,14/01/2011 11:43,Alto (> 8 mts),80,Grande,-68.8455171456,-32.8626206897,4,Cuarta Oeste,1173332.70145,0
25274,Olmo comun,08/02/2011 10:02,Alto (> 8 mts),85,Grande,-68.8379349984,-32.8994402255,2,Barrio Civico,2366816.36021,0
5846,Morera,06/05/2011 14:02,Medio (4 - 8 mts),33,Mediano,-68.8416633549,-32.8793459066,1,Parque Central,1655357.93265,0
34886,Ailanthus,29/03/2011 10:48,Alto (> 8 mts),88,Grande,-68.8513140043,-32.8811188983,1,Parque Central,1655357.93265,0
24637,Platano,17/01/2011 12:02,Alto (> 8 mts),250,Grande,-68.8418679648,-32.899726942,2,Barrio Civico,2366816.36021,0
25409,Morera,14/02/2011 12:48,Alto (> 8 mts),200,Grande,-68.8368495096,-32.9007362339,2,Barrio Civico,2366816.36021,1
43323,Morera,05/10/2011 13:18,Bajo (2 - 4 mts),16,Chico,-68.8325027176,-32.8789217667,4,Cuarta Este Área Fundacional,1822015.85685,0
25097,Morera,15/02/2011 19:32,Alto (> 8 mts),128,Grande,-68.8355676505,-32.8978979253,2,Barrio Civico,2366816.36021,0
40062,Morera,20/04/2011 10:29,Medio (4 - 8 mts),140,Grande,-68.8444541236,-32.8790026397,1,Parque Central,1655357.93265,0
3559,Morera,07/09/2011 08:50,Alto (> 8 mts),165,Grande,-68.8326100987,-32.8695413178,4,Cuarta Este Área Fundacional,1822015.85685,1
10898,Fresno europeo,18/03/2011 12:58,Medio (4 - 8 mts),58,Mediano,-68.8538033467,-32.8787700007,6,Residencial Norte,2694682.37982,0
8670,Morera,02/02/2011 09:00,Alto (> 8 mts),62,Grande,-68.840757749,-32.9035930104,2,Barrio Civico,2366816.36021,0
10731,Prunas,06/04/2011 12:01,Bajo (2 - 4 mts),20,Chico,-68.85822034,-32.8766988621,7,Residencial Parque,1786336.08966,0
6290,Morera,30/06/2011 09:49,Bajo (2 - 4 mts),25,Mediano,-68.861666047400007,-32.8893036523,5,Residencial Sur,2423808.92355,1
36941,Paraiso,08/04/2011 11:03,Alto (> 8 mts),190,Grande,-68.8582639882,-32.8789037109,7,Residencial Parque,1786336.08966,0
4681,Prunas,05/08/2011 10:18,Medio (4 - 8 mts),50,Mediano,-68.8366339075,-32.8647335839,4,Cuarta Oeste,1173332.70145,0
33125,Fresno europeo,27/06/2011 11:11,Alto (> 8 mts),130,Grande,-68.8541621054,-32.8905567367,5,Residencial Sur,2423808.92355,0
21134,Paraiso,21/06/2011 09:13,Alto (> 8 mts),158,Grande,-68.8623445717,-32.8986970853,5,Residencial Sur,2423808.92355,0
24142,Morera,25/01/2011 12:04,Alto (> 8 mts),200,Grande,-68.8459335618,-32.9023636899,2,Barrio Civico,2366816.36021,0
41277,Morera,11/04/2011 10:03,Alto (> 8 mts),118,Grande,-68.8405528645,-32.8818829506,1,Parque Central,1655357.93265,0
27299,Platano,31/10/2011 09:38,Alto (> 8 mts),158,Grande,-68.8354989936,-32.8889372088,3,Parque O'Higgins,1531146.02653,0
25094,Morera,15/02/2011 19:38,Alto (> 8 mts),98,Grande,-68.8359916446,-32.8978262739,2,Barrio Civico,2366816.36021,0
26183,Fresno europeo,19/10/2011 12:47,Muy bajo (1 - 2 mts),6,Chico,-68.8319320525,-32.8877467417,3,Parque O'Higgins,1531146.02653,0
4388,Fresno europeo,26/07/2011 13:42,Medio (4 - 8 mts),58,Mediano,-68.8396985341,-32.8690147745,4,Cuarta Oeste,1173332.70145,0
33962,Morera,24/05/2011 10:52,Alto (> 8 mts),220,Grande,-68.851883744,-32.8849833896,5,Residencial Sur,2423808.92355,1
23700,Caducifolio,24/01/2011 19:37,Medio (4 - 8 mts),90,Grande,-68.849180058,-32.9006630934,2,Barrio Civico,2366816.36021,0
13873,Morera,16/12/2011 12:34,Bajo (2 - 4 mts),55,Mediano,-68.8760303717,-32.8680971485,8,Aeroparque,2203364.73622,0
16263,Fresno americano,21/07/2011 09:25,Bajo (2 - 4 mts),30,Mediano,-68.8426145671,-32.8647143936,4,Cuarta Oeste,1173332.70145,0
11324,Fresno americano,21/01/2011 09:06,Bajo (2 - 4 mts),30,Mediano,-68.8471528188,-32.899920162,2,Barrio Civico,2366816.36021,0
29119,Platano,27/04/2011 09:06,Alto (> 8 mts),230,Grande,-68.8446997322,-32.8855771806,1,Parque Central,1655357.93265,0
2097,Morera,22/11/2011 11:15,Medio (4 - 8 mts),60,Mediano,-68.8278645753,-32.8815685297,3,Parque O'Higgins,1531146.02653,0
44194,Fresno europeo,17/10/2011 10:02,Alto (> 8 mts),130,Grande,-68.8345344504,-32.8824765135,3,Parque O'Higgins,1531146.02653,0
9448,Fresno europeo,14/02/2011 09:17,Medio (4 - 8 mts),88,Grande,-68.8559969943,-32.8642378836,6,Residencial Norte,2694682.37982,0
19960,Morera,05/08/2011 09:42,Medio (4 - 8 mts),38,Mediano,-68.833957373,-32.8645888611,4,Cuarta Oeste,1173332.70145,0
40130,Morera,15/04/2011 09:35,Alto (> 8 mts),180,Grande,-68.8458255716,-32.8797366928,1,Parque Central,1655357.93265,0
9359,Morera,16/02/2011 10:35,Medio (4 - 8 mts),64,Grande,-68.8454475905,-32.8648815553,4,Cuarta Oeste,1173332.70145,0
8357,Morera,03/02/2011 17:52,Medio (4 - 8 mts),108,Grande,-68.8404064377,-32.9022449278,2,Barrio Civico,2366816.36021,1
18995,Morera,13/07/2011 09:45,Alto (> 8 mts),167,Grande,-68.8410266162,-32.8714505236,4,Cuarta Oeste,1173332.70145,1
11642,Acacia visco,27/01/2011 13:39,Alto (> 8 mts),198,Grande,-68.8499590085,-32.8676245176,6,Residencial Norte,2694682.37982,0
9188,Paraiso,02/03/2011 13:11,Alto (> 8 mts),160,Grande,-68.8504277859,-32.865783715,6,Residencial Norte,2694682.37982,0
30166,Platano,31/03/2011 15:50,Alto (> 8 mts),82,Grande,-68.8401514442,-32.8879444265,3,Parque O'Higgins,1531146.02653,0
42354,Platano,05/10/2011 11:13,Alto (> 8 mts),230,Grande,-68.8348159967,-32.8755550325,4,Cuarta Este Área Fundacional,1822015.85685,0
32285,Acacia SP,28/06/2011 10:15,Alto (> 8 mts),168,Grande,-68.8506227326,-32.8908967185,5,Residencial Sur,2423808.92355,1
3211,Morera,26/09/2011 10:17,Muy bajo (1 - 2 mts),10,Chico,-68.8322666338,-32.8763532246,4,Cuarta Este Área Fundacional,1822015.85685,0
36024,Morera,18/03/2011 11:07,Alto (> 8 mts),180,Grande,-68.8559909348,-32.8752168982,6,Residencial Norte,2694682.37982,0
4485,Morera,29/07/2011 10:56,Medio (4 - 8 mts),33,Mediano,-68.8389245416,-32.8677310756,4,Cuarta Oeste,1173332.70145,0
47031,Morera,15/09/2011 12:32,Muy bajo (1 - 2 mts),16,Chico,-68.8317561652,-32.8728358801,4,Cuarta Este Área Fundacional,1822015.85685,0
47218,Caducifolio,19/09/2011 10:34,Bajo (2 - 4 mts),15,Chico,-68.8322254183,-32.8752231672,4,Cuarta Este Área Fundacional,1822015.85685,0
44103,Morera,11/11/2011 08:50,Medio (4 - 8 mts),140,Grande,-68.8290214277,-32.8861978377,3,Parque O'Higgins,1531146.02653,0
25982,Morera,31/01/2011 12:23,Alto (> 8 mts),180,Grande,-68.8385546475,-32.9031716992,2,Barrio Civico,2366816.36021,0
32937,Morera,18/05/2011 12:35,Alto (> 8 mts),180,Grande,-68.8497326727,-32.8875226948,5,Residencial Sur,2423808.92355,0
10369,Paraiso,25/08/2010 10:01,Alto (> 8 mts),130,Grande,-68.8473477239,-32.8736865607,6,Residencial Norte,2694682.37982,0
38070,Paraiso sombrilla,06/12/2010 09:40,Medio (4 - 8 mts),170,Grande,-68.847885002500007,-32.8720320782,6,Residencial Norte,2694682.37982,0
21416,Platano,10/05/2011 11:28,Alto (> 8 mts),185,Grande,-68.85661092,-32.8920965667,5,Residencial Sur,2423808.92355,0
9958,Paraiso,11/11/2010 13:56,Alto (> 8 mts),110,Grande,-68.855499269,-32.8692527469,6,Residencial Norte,2694682.37982,0
29114,Platano,27/04/2011 09:14,Alto (> 8 mts),190,Grande,-68.84463816,-32.8853404244,1,Parque Central,1655357.93265,1
13000,Fresno europeo,15/02/2011 11:41,Muy bajo (1 - 2 mts),5,Chico,-68.8444993925,-32.8655146687,4,Cuarta Oeste,1173332.70145,0
26045,Morera,08/11/2011 16:35,Medio (4 - 8 mts),104,Grande,-68.8314143974,-32.8872782608,3,Parque O'Higgins,1531146.02653,0
19446,Jacaranda,08/08/2011 10:46,Medio (4 - 8 mts),45,Mediano,-68.8396723976,-32.8713287798,4,Cuarta Oeste,1173332.70145,0
26324,Platano,20/10/2011 11:54,Alto (> 8 mts),185,Grande,-68.8319951239,-32.8900454571,3,Parque O'Higgins,1531146.02653,0
6823,Acacia SP,24/05/2011 10:18,Medio (4 - 8 mts),18,Chico,-68.8616112048,-32.894062213,5,Residencial Sur,2423808.92355,0
37477,Alamo blanco,04/01/2011 13:10,Alto (> 8 mts),80,Grande,-68.8573485638,-32.871525385,6,Residencial Norte,2694682.37982,0
30964,Fresno europeo,10/02/2011 13:25,Medio (4 - 8 mts),94,Grande,-68.8551937351,-32.8636179298,6,Residencial Norte,2694682.37982,0
45827,Morera,26/08/2011 11:16,Medio (4 - 8 mts),245,Grande,-68.8209111989,-32.8694558819,4,Cuarta Este Área Fundacional,1822015.85685,0
14450,Acer,02/12/2011 08:44,Muy bajo (1 - 2 mts),18,Chico,-68.8778407669,-32.8673738663,8,Aeroparque,2203364.73622,0
9323,Caducifolio,17/02/2011 10:07,Bajo (2 - 4 mts),22,Mediano,-68.8465032853,-32.8645588777,4,Cuarta Oeste,1173332.70145,0
8583,Morera,11/02/2011 10:13,Alto (> 8 mts),130,Grande,-68.8367218963,-32.8989037431,2,Barrio Civico,2366816.36021,0
23670,Fresno europeo,25/01/2011 10:32,Medio (4 - 8 mts),124,Grande,-68.8487654894,-32.9010792636,2,Barrio Civico,2366816.36021,0
37978,Olmo bola,10/01/2012 17:45,Medio (4 - 8 mts),120,Grande,-68.848461034,-32.8729136423,6,Residencial Norte,2694682.37982,0
15443,Acacia SP,18/11/2011 12:12,Medio (4 - 8 mts),70,Grande,-68.8595004345,-32.8710482091,6,Residencial Norte,2694682.37982,0
45008,Morera,31/08/2011 12:35,Alto (> 8 mts),155,Grande,-68.8249809076,-32.8695276108,4,Cuarta Este Área Fundacional,1822015.85685,1
21200,Morera,10/05/2011 11:19,Alto (> 8 mts),120,Grande,-68.8528535897,-32.8958969255,5,Residencial Sur,2423808.92355,0
35590,Paraiso,17/03/2011 10:12,Alto (> 8 mts),130,Grande,-68.8571527052,-32.8744480078,6,Residencial Norte,2694682.37982,0
6209,Fresno europeo,18/04/2011 18:27,Muy bajo (1 - 2 mts),7,Chico,-68.8387943229,-32.8851487235,3,Parque O'Higgins,1531146.02653,0
20461,Morera,17/05/2011 09:32,Alto (> 8 mts),128,Grande,-68.8604084667,-32.8927817396,5,Residencial Sur,2423808.92355,1
44978,Fresno americano,29/08/2011 09:24,Medio (4 - 8 mts),136,Grande,-68.8244054961,-32.869219507,4,Cuarta Este Área Fundacional,1822015.85685,0
6676,Fresno americano,10/05/2011 12:00,Medio (4 - 8 mts),40,Mediano,-68.8534257589,-32.8954866113,5,Residencial Sur,2423808.92355,0
19867,Morera,29/06/2011 14:02,Alto (> 8 mts),166,Grande,-68.8338589264,-32.8623653819,4,Cuarta Oeste,1173332.70145,0
27986,Fresno europeo,31/10/2011 09:18,Alto (> 8 mts),190,Grande,-68.8372568768,-32.893223773,3,Parque O'Higgins,1531146.02653,1
30776,Paraiso,02/02/2011 09:11,Alto (> 8 mts),86,Grande,-68.8539553654,-32.8689514895,6,Residencial Norte,2694682.37982,0
9016,Paraiso sombrilla,11/01/2011 11:41,Bajo (2 - 4 mts),35,Mediano,-68.8454068351,-32.8663368597,4,Cuarta Oeste,1173332.70145,0
32735,Morera,17/05/2011 12:45,Alto (> 8 mts),220,Grande,-68.8531292187,-32.8868974379,5,Residencial Sur,2423808.92355,0
24165,Morera,24/01/2011 11:01,Alto (> 8 mts),107,Grande,-68.8452957742,-32.9022176519,2,Barrio Civico,2366816.36021,0
9054,Morera,15/02/2011 12:25,Medio (4 - 8 mts),45,Mediano,-68.8553621143,-32.8661378536,6,Residencial Norte,2694682.37982,0
16180,Morera,18/07/2011 09:14,Bajo (2 - 4 mts),35,Mediano,-68.8440133318,-32.8683830222,4,Cuarta Oeste,1173332.70145,0
771,Aguaribay,14/12/2011 11:06,Alto (> 8 mts),125,Grande,-68.8802866041,-32.8674389446,8,Aeroparque,2203364.73622,0
33066,Morera,18/05/2011 10:23,Alto (> 8 mts),168,Grande,-68.8530302287,-32.8880137048,5,Residencial Sur,2423808.92355,0
29939,Morera,05/05/2011 09:00,Muy bajo (1 - 2 mts),6,Chico,-68.8434465651,-32.8861630761,1,Parque Central,1655357.93265,0
13980,Morera,29/11/2011 12:00,Bajo (2 - 4 mts),66,Grande,-68.8781364676,-32.865617103699996,8,Aeroparque,2203364.73622,0
19939,Paraiso,08/08/2011 09:32,Medio (4 - 8 mts),47,Mediano,-68.8328740169,-32.8636492364,4,Cuarta Oeste,1173332.70145,0
11214,Morera,13/01/2011 12:35,Alto (> 8 mts),140,Grande,-68.8463080053,-32.8998444277,2,Barrio Civico,2366816.36021,1
6465,Fresno americano,30/05/2011 09:26,Medio (4 - 8 mts),60,Mediano,-68.8538510544,-32.8884442409,5,Residencial Sur,2423808.92355,0
21394,Morera,11/05/2011 10:10,Alto (> 8 mts),110,Grande,-68.8549936044,-32.8930317484,5,Residencial Sur,2423808.92355,1
18947,Morera,04/08/2011 11:50,Alto (> 8 mts),180,Grande,-68.836635866699993,-32.8695529318,4,Cuarta Oeste,1173332.70145,0
5187,Caducifolio,05/08/2011 11:28,Muy bajo (1 - 2 mts),2,Chico,-68.8386109913,-32.8669540761,4,Cuarta Oeste,1173332.70145,0
39097,Fresno europeo,23/12/2010 11:02,Alto (> 8 mts),90,Grande,-68.8540157255,-32.8713655469,6,Residencial Norte,2694682.37982,0
14733,Aguaribay,05/12/2011 12:10,Muy bajo (1 - 2 mts),20,Chico,-68.878626101,-32.8699403033,8,Aeroparque,2203364.73622,0
21985,Fresno americano,27/05/2011 13:14,Medio (4 - 8 mts),46,Mediano,-68.8581446278,-32.8941699625,5,Residencial Sur,2423808.92355,1
15916,Paraiso sombrilla,24/11/2011 12:25,Medio (4 - 8 mts),100,Grande,-68.8732567372,-32.8774674076,7,Residencial Parque,1786336.08966,0
32916,Morera,19/05/2011 10:34,Alto (> 8 mts),180,Grande,-68.8509203816,-32.8864473308,5,Residencial Sur,2423808.92355,1
28293,Morera,10/03/2011 17:39,Alto (> 8 mts),98,Grande,-68.8500233381,-32.8931439176,5,Residencial Sur,2423808.92355,1
20524,Morera,03/06/2011 09:53,Alto (> 8 mts),96,Grande,-68.8593729092,-32.8980584987,5,Residencial Sur,2423808.92355,0
10291,Fresno americano,08/06/2011 11:31,Bajo (2 - 4 mts),16,Chico,-68.8470500752,-32.8728024739,6,Residencial Norte,2694682.37982,0
912,Morera,29/02/2012 08:32,Alto (> 8 mts),90,Grande,-68.8528460523,-32.8722711862,6,Residencial Norte,2694682.37982,0
24216,Fresno europeo,26/01/2011 09:16,Medio (4 - 8 mts),84,Grande,-68.8457699623,-32.9016590881,2,Barrio Civico,2366816.36021,0
24373,Morera,26/01/2011 09:06,Alto (> 8 mts),130,Grande,-68.8449397663,-32.9019685402,2,Barrio Civico,2366816.36021,0
18174,Morera,26/07/2011 09:10,Alto (> 8 mts),140,Grande,-68.8397230304,-32.8695948082,4,Cuarta Oeste,1173332.70145,0
15393,Paraiso,15/11/2011 12:11,Muy bajo (1 - 2 mts),18,Chico,-68.8605284218,-32.8707455651,7,Residencial Parque,1786336.08966,0
42263,Morera,03/05/2011 11:23,Alto (> 8 mts),110,Grande,-68.8382822303,-32.8758228239,1,Parque Central,1655357.93265,0
43475,Morera,03/10/2011 09:31,Alto (> 8 mts),160,Grande,-68.8314901231,-32.878994165,4,Cuarta Este Área Fundacional,1822015.85685,1
35792,Morera,21/03/2011 12:11,Medio (4 - 8 mts),84,Grande,-68.8539317365,-32.8752128874,6,Residencial Norte,2694682.37982,0
29317,Fresno americano,22/02/2011 10:11,Alto (> 8 mts),156,Grande,-68.8434280287,-32.8886856135,2,Barrio Civico,2366816.36021,0
45371,Olmo comun,15/09/2011 16:55,Bajo (2 - 4 mts),140,Grande,-68.8234167402,-32.8726623154,4,Cuarta Este Área Fundacional,1822015.85685,0
20638,Fresno europeo,06/06/2011 10:50,Muy bajo (1 - 2 mts),6,Chico,-68.8593805984,-32.8964600288,5,Residencial Sur,2423808.92355,0
24425,Fresno europeo,20/01/2011 13:02,Alto (> 8 mts),125,Grande,-68.8455395171,-32.9029929925,2,Barrio Civico,2366816.36021,0
37072,Platano,06/04/2011 10:15,Alto (> 8 mts),320,Grande,-68.8587515492,-32.8756132746,7,Residencial Parque,1786336.08966,0
45045,Morera,01/09/2011 08:02,Alto (> 8 mts),155,Grande,-68.8223134838,-32.870256567,4,Cuarta Este Área Fundacional,1822015.85685,0
1759,Morera,25/11/2011 10:39,Medio (4 - 8 mts),40,Mediano,-68.8707353519,-32.8792179777,7,Residencial Parque,1786336.08966,0
196,Morera,24/02/2012 10:47,Muy bajo (1 - 2 mts),22,Mediano,-68.8583293667,-32.8646707742,6,Residencial Norte,2694682.37982,0
34419,Fresno europeo,10/03/2011 09:18,Medio (4 - 8 mts),90,Grande,-68.8511239326,-32.8744930912,6,Residencial Norte,2694682.37982,0
2280,Morera,03/11/2011 11:53,Alto (> 8 mts),105,Grande,-68.8376295092,-32.8942183752,2,Barrio Civico,2366816.36021,0
23472,Morera,24/01/2011 15:44,Alto (> 8 mts),164,Grande,-68.8492764943,-32.9022886862,2,Barrio Civico,2366816.36021,0
2851,Morera,04/11/2011 09:51,Alto (> 8 mts),140,Grande,-68.8350795511,-32.893726018,3,Parque O'Higgins,1531146.02653,1
39122,Fresno europeo,15/01/2012 19:53,Muy bajo (1 - 2 mts),8,Chico,-68.8530737322,-32.8718186275,6,Residencial Norte,2694682.37982,0
36684,Morera,07/06/2011 09:46,Medio (4 - 8 mts),150,Grande,-68.8589155911,-32.8834935693,5,Residencial Sur,2423808.92355,1
43717,Morera,11/10/2011 09:06,Alto (> 8 mts),110,Grande,-68.8324453393,-32.883388656,3,Parque O'Higgins,1531146.02653,0
27282,Platano,31/10/2011 09:14,Alto (> 8 mts),130,Grande,-68.8345348198,-32.8898458337,3,Parque O'Higgins,1531146.02653,0
41700,Morera,27/04/2011 14:17,Medio (4 - 8 mts),60,Mediano,-68.8386658761,-32.8778719783,1,Parque Central,1655357.93265,0
4308,Tilo,22/07/2011 08:55,Alto (> 8 mts),76,Grande,-68.8442655603,-32.8705465656,4,Cuarta Oeste,1173332.70145,0
16735,Morera,10/08/2011 13:02,Alto (> 8 mts),165,Grande,-68.8392866967,-32.8638491784,4,Cuarta Oeste,1173332.70145,0
37068,Morera,04/04/2011 12:50,Medio (4 - 8 mts),88,Grande,-68.8569914354,-32.8769371252,6,Residencial Norte,2694682.37982,1
15890,Jacaranda,28/11/2011 12:44,Bajo (2 - 4 mts),35,Mediano,-68.8720246893,-32.8760480709,7,Residencial Parque,1786336.08966,0
30553,Morera,08/02/2011 10:07,Alto (> 8 mts),90,Grande,-68.8571988873,-32.8663278022,6,Residencial Norte,2694682.37982,0
13852,Aguaribay,19/12/2011 07:58,Medio (4 - 8 mts),100,Grande,-68.8759433026,-32.8689779246,8,Aeroparque,2203364.73622,0
842,Aguaribay,16/12/2011 11:37,Bajo (2 - 4 mts),22,Mediano,-68.8807053614,-32.8673226427,8,Aeroparque,2203364.73622,0
32842,Morera,13/06/2011 09:43,Alto (> 8 mts),160,Grande,-68.8497996987,-32.8864044291,5,Residencial Sur,2423808.92355,1
39657,Morera,22/10/2010 10:01,Alto (> 8 mts),140,Grande,-68.8466485601,-32.8686491496,6,Residencial Norte,2694682.37982,0
29176,Platano,10/03/2011 09:09,Alto (> 8 mts),180,Grande,-68.8457248117,-32.8887978557,2,Barrio Civico,2366816.36021,0
22058,Morera,16/05/2011 09:24,Alto (> 8 mts),142,Grande,-68.858501122,-32.8938292106,5,Residencial Sur,2423808.92355,1
46200,Morera,28/09/2011 11:13,Medio (4 - 8 mts),120,Grande,-68.8252265154,-32.8751365414,4,Cuarta Este Área Fundacional,1822015.85685,0
45749,Morera,24/08/2011 11:12,Alto (> 8 mts),190,Grande,-68.8214620829,-32.8701635623,4,Cuarta Este Área Fundacional,1822015.85685,0
32898,Fresno europeo,19/05/2011 12:53,Bajo (2 - 4 mts),6,Chico,-68.8494068224,-32.8868566729,5,Residencial Sur,2423808.92355,0
27527,Fresno europeo,26/10/2011 09:29,Muy bajo (1 - 2 mts),5,Chico,-68.837041068,-32.8910837204,3,Parque O'Higgins,1531146.02653,0
18180,Morera,26/07/2011 09:02,Alto (> 8 mts),165,Grande,-68.8398277587,-32.8698777813,4,Cuarta Oeste,1173332.70145,0
20053,Morera,09/08/2011 10:13,Alto (> 8 mts),160,Grande,-68.8340034676,-32.8648614785,4,Cuarta Oeste,1173332.70145,0
8339,Morera,16/03/2011 18:49,Medio (4 - 8 mts),44,Mediano,-68.8464080537,-32.892795317,2,Barrio Civico,2366816.36021,0
4165,Fresno americano,18/07/2011 12:47,Medio (4 - 8 mts),28,Mediano,-68.8445856909,-32.8731263131,6,Residencial Norte,2694682.37982,0
7436,Fresno americano,27/06/2011 14:33,Muy bajo (1 - 2 mts),12,Chico,-68.8592164517,-32.9003945233,5,Residencial Sur,2423808.92355,0
46731,Morera,07/09/2011 13:56,Alto (> 8 mts),141,Grande,-68.8327923607,-32.8696454169,4,Cuarta Oeste,1173332.70145,0
2475,Morera,25/10/2011 09:47,Medio (4 - 8 mts),30,Mediano,-68.8355803996,-32.8928262616,3,Parque O'Higgins,1531146.02653,0
1309,Paraiso sombrilla,01/12/2011 12:24,Muy bajo (1 - 2 mts),18,Chico,-68.8785139486,-32.8667868663,8,Aeroparque,2203364.73622,0
23014,Morera,17/06/2011 18:27,Alto (> 8 mts),168,Grande,-68.858260599,-32.8998366055,5,Residencial Sur,2423808.92355,0
25435,Fresno europeo,11/02/2011 09:54,Alto (> 8 mts),140,Grande,-68.8367696219,-32.8997009139,2,Barrio Civico,2366816.36021,0
43909,Platano,11/10/2011 09:07,Alto (> 8 mts),210,Grande,-68.8328787272,-32.8848157607,3,Parque O'Higgins,1531146.02653,0
37670,Morera,24/02/2012 09:16,Alto (> 8 mts),185,Grande,-68.8514841673,-32.8721043908,6,Residencial Norte,2694682.37982,0
15827,Tilo,25/11/2011 11:23,Medio (4 - 8 mts),75,Grande,-68.871584958,-32.876926366,7,Residencial Parque,1786336.08966,0
7041,Paraiso,15/06/2011 10:52,Medio (4 - 8 mts),100,Grande,-68.8567601231,-32.897357096,5,Residencial Sur,2423808.92355,0
625,Morera,07/03/2012 17:42,Alto (> 8 mts),140,Grande,-68.8188574669,-32.8686192204,4,Cuarta Este Área Fundacional,1822015.85685,0
47030,Fresno americano,15/09/2011 12:33,Alto (> 8 mts),115,Grande,-68.8316149393,-32.8728423266,4,Cuarta Este Área Fundacional,1822015.85685,0
35308,Prunas,23/06/2011 15:56,Bajo (2 - 4 mts),70,Grande,-68.8528123607,-32.8825606461,1,Parque Central,1655357.93265,0
48026,Morera,05/09/2011 10:06,Medio (4 - 8 mts),110,Grande,-68.826550498,-32.8678731014,4,Cuarta Este Área Fundacional,1822015.85685,0
31585,Morera,10/06/2011 12:58,Alto (> 8 mts),178,Grande,-68.8598672273,-32.8890594019,5,Residencial Sur,2423808.92355,0
12610,Paraiso,14/01/2011 11:54,Muy bajo (1 - 2 mts),220,Grande,-68.8457535515,-32.8626219372,4,Cuarta Oeste,1173332.70145,0
15767,Jacaranda,21/11/2011 10:39,Alto (> 8 mts),100,Grande,-68.8725371373,-32.8779751009,7,Residencial Parque,1786336.08966,0
15883,Morera,28/11/2011 20:34,Medio (4 - 8 mts),90,Grande,-68.8721999138,-32.8765554745,7,Residencial Parque,1786336.08966,0
6199,Platano,31/03/2011 15:59,Bajo (2 - 4 mts),98,Grande,-68.840959372,-32.8880457138,3,Parque O'Higgins,1531146.02653,0
35606,Acer,16/03/2011 12:55,Medio (4 - 8 mts),76,Grande,-68.8566573923,-32.8740867591,6,Residencial Norte,2694682.37982,0
16136,Morera,21/07/2011 09:45,Alto (> 8 mts),136,Grande,-68.844924476,-32.8725969739,6,Residencial Norte,2694682.37982,0
26884,Platano,28/10/2011 17:39,Alto (> 8 mts),200,Grande,-68.8383848271,-32.8871225298,3,Parque O'Higgins,1531146.02653,0
19394,Morera,05/07/2011 10:05,Alto (> 8 mts),100,Grande,-68.835196507,-32.8735994698,4,Cuarta Este Área Fundacional,1822015.85685,0
1547,Morera,22/11/2011 18:27,Bajo (2 - 4 mts),24,Mediano,-68.8730083954,-32.8788799781,7,Residencial Parque,1786336.08966,0
2777,Fresno europeo,20/10/2011 16:01,Bajo (2 - 4 mts),26,Mediano,-68.8296733034,-32.8815867982,3,Parque O'Higgins,1531146.02653,0
4536,Morera,01/08/2011 09:04,Medio (4 - 8 mts),140,Grande,-68.8396047285,-32.8675462969,4,Cuarta Oeste,1173332.70145,0
5404,Ligustro,20/04/2011 09:50,Medio (4 - 8 mts),100,Grande,-68.8444612112,-32.8783047001,1,Parque Central,1655357.93265,0
30927,Fresno europeo,14/02/2011 09:00,Medio (4 - 8 mts),100,Grande,-68.8560275036,-32.8639789761,6,Residencial Norte,2694682.37982,0
47565,Morera,19/09/2011 08:39,Alto (> 8 mts),137,Grande,-68.8274815734,-32.8720157022,4,Cuarta Este Área Fundacional,1822015.85685,0
33361,Platano,19/05/2011 10:03,Alto (> 8 mts),180,Grande,-68.8577465006,-32.890676877,5,Residencial Sur,2423808.92355,0
14805,Olmo bola,05/12/2011 17:51,Bajo (2 - 4 mts),48,Mediano,-68.879876605,-32.8691092035,8,Aeroparque,2203364.73622,0
2958,Prunas,16/09/2011 08:41,Muy bajo (1 - 2 mts),12,Chico,-68.8259592,-32.8713151521,4,Cuarta Este Área Fundacional,1822015.85685,0
2269,Fresno americano,27/10/2011 09:40,Muy bajo (1 - 2 mts),18,Chico,-68.8371709766,-32.8911830847,3,Parque O'Higgins,1531146.02653,0
21267,Morera,13/06/2011 12:53,Alto (> 8 mts),145,Grande,-68.8530873569,-32.8960552613,5,Residencial Sur,2423808.92355,0
10695,Morera,29/03/2011 12:03,Bajo (2 - 4 mts),46,Mediano,-68.8495228782,-32.8751501008,6,Residencial Norte,2694682.37982,0
42725,Morera,26/09/2011 11:20,Medio (4 - 8 mts),86,Grande,-68.8275920158,-32.8768015015,4,Cuarta Este Área Fundacional,1822015.85685,0
2707,Fresno americano,12/10/2011 14:29,Alto (> 8 mts),160,Grande,-68.8323028065,-32.8825969071,3,Parque O'Higgins,1531146.02653,0
3393,Fresno europeo,16/08/2011 13:35,Medio (4 - 8 mts),55,Mediano,-68.8319120232,-32.868249875,4,Cuarta Oeste,1173332.70145,0
34402,Morera,23/03/2011 12:53,Alto (> 8 mts),190,Grande,-68.850840369,-32.8758804601,6,Residencial Norte,2694682.37982,0
21785,Paraiso,13/05/2011 11:20,Alto (> 8 mts),190,Grande,-68.8559330844,-32.8933366123,5,Residencial Sur,2423808.92355,0
45815,Morera,01/09/2011 10:33,Medio (4 - 8 mts),223,Grande,-68.8204788921,-32.870783242,4,Cuarta Este Área Fundacional,1822015.85685,1
41069,Morera,28/04/2011 11:43,Alto (> 8 mts),128,Grande,-68.8387879986,-32.8833708388,1,Parque Central,1655357.93265,0
30637,Alamo blanco,07/02/2011 12:36,Alto (> 8 mts),180,Grande,-68.8582422831,-32.8671478614,6,Residencial Norte,2694682.37982,0
15469,Acacia SP,21/11/2011 13:31,Medio (4 - 8 mts),100,Grande,-68.8598963841,-32.8710037488,6,Residencial Norte,2694682.37982,0
11383,Olmo comun,25/01/2011 13:02,Muy bajo (1 - 2 mts),5,Chico,-68.8500700473,-32.9000917709,2,Barrio Civico,2366816.36021,0
44769,Morera,23/08/2011 14:00,Alto (> 8 mts),95,Grande,-68.8233048838,-32.8687746845,4,Cuarta Este Área Fundacional,1822015.85685,0
44061,Morera,14/10/2011 11:51,Alto (> 8 mts),220,Grande,-68.8299095201,-32.8855174598,3,Parque O'Higgins,1531146.02653,0
47610,Morera,08/09/2011 11:06,Alto (> 8 mts),230,Grande,-68.8292420408,-32.8711306705,4,Cuarta Este Área Fundacional,1822015.85685,0
40586,Fresno europeo,15/04/2011 11:51,Alto (> 8 mts),80,Grande,-68.8461277276,-32.8837828701,1,Parque Central,1655357.93265,0
37382,Paraiso,26/11/2010 13:36,Bajo (2 - 4 mts),40,Mediano,-68.8573432192,-32.8721938952,6,Residencial Norte,2694682.37982,0
23552,Morera,01/02/2011 16:36,Alto (> 8 mts),122,Grande,-68.8505386931,-32.90313788,2,Barrio Civico,2366816.36021,1
47343,Platano,21/09/2011 10:30,Alto (> 8 mts),198,Grande,-68.8320540732,-32.8743876985,4,Cuarta Este Área Fundacional,1822015.85685,0
35185,Caducifolio,22/03/2011 10:37,Bajo (2 - 4 mts),34,Mediano,-68.8521797938,-32.8825496118,1,Parque Central,1655357.93265,0
1140,Morera,02/12/2011 10:55,Medio (4 - 8 mts),23,Mediano,-68.8761343597,-32.8679145581,8,Aeroparque,2203364.73622,0
2089,Morera,22/11/2011 11:59,Alto (> 8 mts),200,Grande,-68.8280524093,-32.8823016116,3,Parque O'Higgins,1531146.02653,1
37329,Olmo bola,17/03/2011 09:42,Alto (> 8 mts),90,Grande,-68.8573985245,-32.8748243804,6,Residencial Norte,2694682.37982,0
34863,Morera,29/03/2011 12:41,Alto (> 8 mts),110,Grande,-68.8509713252,-32.8792944276,6,Residencial Norte,2694682.37982,0
4106,Fresno europeo,07/10/2011 16:25,Bajo (2 - 4 mts),16,Chico,-68.8348119612,-32.8776197452,1,Parque Central,1655357.93265,0
27001,Platano,02/11/2011 16:37,Alto (> 8 mts),180,Grande,-68.8354190406,-32.8870077071,3,Parque O'Higgins,1531146.02653,0
9112,Paraiso,23/02/2011 09:08,Medio (4 - 8 mts),40,Mediano,-68.8528033821,-32.8659341988,6,Residencial Norte,2694682.37982,0
10202,Morera,16/12/2010 12:02,Bajo (2 - 4 mts),15,Chico,-68.851822932,-32.8715712952,6,Residencial Norte,2694682.37982,0
17338,Morera,08/08/2011 09:51,Alto (> 8 mts),175,Grande,-68.8350694105,-32.8658338208,4,Cuarta Oeste,1173332.70145,0
26989,Fresno europeo,02/11/2011 17:11,Alto (> 8 mts),110,Grande,-68.8347793891,-32.8875182996,3,Parque O'Higgins,1531146.02653,0
38449,Morera,03/11/2010 13:00,Alto (> 8 mts),190,Grande,-68.8509955344,-32.8689112,6,Residencial Norte,2694682.37982,0
22590,Morera,24/06/2011 09:10,Medio (4 - 8 mts),60,Mediano,-68.8613460275,-32.9008968577,5,Residencial Sur,2423808.92355,0
33744,Fresno europeo,11/05/2011 13:27,Medio (4 - 8 mts),48,Mediano,-68.858869105,-32.8860972704,5,Residencial Sur,2423808.92355,1
38663,Paraiso,16/12/2010 11:31,Alto (> 8 mts),140,Grande,-68.851690926,-32.8707557916,6,Residencial Norte,2694682.37982,0
32079,Morera,08/06/2011 09:16,Alto (> 8 mts),192,Grande,-68.8592202598,-32.8870780185,5,Residencial Sur,2423808.92355,0
1223,Morera,29/11/2011 10:57,Medio (4 - 8 mts),82,Grande,-68.8769675097,-32.8658375333,8,Aeroparque,2203364.73622,0
37733,Liquidambar,14/01/2012 09:08,Bajo (2 - 4 mts),44,Mediano,-68.8507700345,-32.8725778321,6,Residencial Norte,2694682.37982,0
35503,Morera,06/04/2011 11:37,Alto (> 8 mts),130,Grande,-68.8555208966,-32.8809342612,6,Residencial Norte,2694682.37982,1
3898,Paraiso,01/09/2011 11:11,Bajo (2 - 4 mts),32,Mediano,-68.8192895956,-32.870674925,4,Cuarta Este Área Fundacional,1822015.85685,0
33527,Platano,16/06/2011 11:51,Alto (> 8 mts),180,Grande,-68.8553538567,-32.8889055741,5,Residencial Sur,2423808.92355,0
5033,Paraiso,21/07/2011 10:50,Medio (4 - 8 mts),53,Mediano,-68.8403620313,-32.8626283233,4,Cuarta Oeste,1173332.70145,0
12700,Jacaranda,20/01/2011 09:41,Bajo (2 - 4 mts),34,Mediano,-68.8477461552,-32.863431454,4,Cuarta Oeste,1173332.70145,0
8673,Paraiso,01/02/2011 13:33,Medio (4 - 8 mts),77,Grande,-68.8406288419,-32.9034169355,2,Barrio Civico,2366816.36021,0
47472,Fresno europeo,20/09/2011 10:35,Alto (> 8 mts),170,Grande,-68.829793866,-32.8753540541,4,Cuarta Este Área Fundacional,1822015.85685,0
46895,Olmo bola,08/09/2011 11:20,Alto (> 8 mts),151,Grande,-68.833687059,-32.8716571143,4,Cuarta Este Área Fundacional,1822015.85685,0
21727,Morera,24/05/2011 09:57,Alto (> 8 mts),155,Grande,-68.855400298,-32.8948562504,5,Residencial Sur,2423808.92355,0
26358,Morera,21/10/2011 09:55,Alto (> 8 mts),240,Grande,-68.8341502856,-32.887780081,3,Parque O'Higgins,1531146.02653,0
4208,Morera,05/07/2011 12:16,Alto (> 8 mts),200,Grande,-68.8383981143,-32.8742090603,4,Cuarta Oeste,1173332.70145,0
41443,Platano,07/04/2011 13:17,Alto (> 8 mts),155,Grande,-68.841109109,-32.881645351,1,Parque Central,1655357.93265,0
41616,Fresno americano,06/05/2011 11:08,Alto (> 8 mts),118,Grande,-68.8362032656,-32.8763217426,1,Parque Central,1655357.93265,0
31028,Fresno europeo,16/02/2011 11:40,Medio (4 - 8 mts),62,Grande,-68.8557504827,-32.8653357617,6,Residencial Norte,2694682.37982,0
15246,Acacia SP,18/11/2011 17:13,Alto (> 8 mts),128,Grande,-68.858575751,-32.8710497821,6,Residencial Norte,2694682.37982,0
18853,Acacia SP,08/08/2011 10:07,Alto (> 8 mts),160,Grande,-68.8396256698,-32.8701606652,4,Cuarta Oeste,1173332.70145,0
12517,Prunas,10/01/2011 10:25,Bajo (2 - 4 mts),29,Mediano,-68.8442021249,-32.8632941368,4,Cuarta Oeste,1173332.70145,0
13415,Morera,07/01/2011 11:41,Alto (> 8 mts),190,Grande,-68.8437306253,-32.8637927714,4,Cuarta Oeste,1173332.70145,0
20897,Morera,27/05/2011 09:37,Alto (> 8 mts),150,Grande,-68.8617127241,-32.8955718492,5,Residencial Sur,2423808.92355,0
39088,Fresno europeo,22/12/2010 09:04,Muy bajo (1 - 2 mts),4,Chico,-68.8537910729,-32.8715930525,6,Residencial Norte,2694682.37982,0
9701,Jacaranda,21/01/2011 10:13,Medio (4 - 8 mts),36,Mediano,-68.8476100561,-32.8640079595,4,Cuarta Oeste,1173332.70145,0
34833,Fresno europeo,29/03/2011 13:31,Alto (> 8 mts),115,Grande,-68.8523461009,-32.8766966185,6,Residencial Norte,2694682.37982,0
31985,Morera,06/06/2011 11:57,Alto (> 8 mts),85,Grande,-68.8582704212,-32.8882486892,5,Residencial Sur,2423808.92355,1
3708,Ailanthus,26/08/2011 11:09,Bajo (2 - 4 mts),23,Mediano,-68.8229216643,-32.8699045794,4,Cuarta Este Área Fundacional,1822015.85685,0
13597,Paraiso,01/03/2011 13:13,Alto (> 8 mts),115,Grande,-68.8512218155,-32.8657448655,6,Residencial Norte,2694682.37982,0
27457,Fresno europeo,25/10/2011 10:42,Medio (4 - 8 mts),125,Grande,-68.8356499673,-32.892024618,3,Parque O'Higgins,1531146.02653,0
16567,Morera,27/07/2011 09:18,Alto (> 8 mts),160,Grande,-68.8412937851,-32.8660883952,4,Cuarta Oeste,1173332.70145,0
20784,Paraiso,31/05/2011 10:42,Alto (> 8 mts),107,Grande,-68.8608839315,-32.8963550403,5,Residencial Sur,2423808.92355,1
19862,Paraiso sombrilla,30/06/2011 09:08,Medio (4 - 8 mts),65,Grande,-68.8336500226,-32.862556077,4,Cuarta Oeste,1173332.70145,0
33222,Morera,09/05/2011 12:12,Alto (> 8 mts),140,Grande,-68.8547462214,-32.8920927105,5,Residencial Sur,2423808.92355,1
681,Morera,31/01/2012 17:14,Bajo (2 - 4 mts),30,Mediano,-68.8526854388,-32.9017711954,2,Barrio Civico,2366816.36021,0
12927,Olmo bola,12/01/2011 13:51,Medio (4 - 8 mts),120,Grande,-68.8444708645,-32.8642351666,4,Cuarta Oeste,1173332.70145,0
19363,Morera,19/07/2011 09:28,Alto (> 8 mts),148,Grande,-68.836817477,-32.8714071865,4,Cuarta Oeste,1173332.70145,0
10641,Morera,16/03/2011 12:39,Medio (4 - 8 mts),80,Grande,-68.8562885595,-32.8744339732,6,Residencial Norte,2694682.37982,0
19908,Acacia SP,28/06/2011 14:02,Alto (> 8 mts),165,Grande,-68.8335174405,-32.862665463,4,Cuarta Oeste,1173332.70145,1
26883,Platano,28/10/2011 17:41,Alto (> 8 mts),170,Grande,-68.8383609538,-32.887027641,3,Parque O'Higgins,1531146.02653,1
23923,Morera,18/01/2012 09:16,Alto (> 8 mts),190,Grande,-68.8525409237,-32.9003151977,2,Barrio Civico,2366816.36021,1
13463,Olmo comun,02/02/2011 13:13,Alto (> 8 mts),140,Grande,-68.8528492569,-32.8635252952,6,Residencial Norte,2694682.37982,0
27258,Fresno europeo,26/10/2011 09:16,Medio (4 - 8 mts),80,Grande,-68.8356692687,-32.8886993365,3,Parque O'Higgins,1531146.02653,1
38588,Paraiso,17/12/2010 10:30,Alto (> 8 mts),220,Grande,-68.8518322865,-32.8708930599,6,Residencial Norte,2694682.37982,0
16766,Morera,11/08/2011 13:50,Medio (4 - 8 mts),50,Mediano,-68.83881442,-32.8625113566,4,Cuarta Oeste,1173332.70145,0
1076,Acacia SP,14/12/2011 09:52,Muy bajo (1 - 2 mts),14,Chico,-68.8806667387,-32.868076608,8,Aeroparque,2203364.73622,0
41017,Platano,11/04/2011 13:57,Alto (> 8 mts),7,Chico,-68.8405548261,-32.8800711953,1,Parque Central,1655357.93265,0
17762,Paraiso,21/07/2011 09:51,Bajo (2 - 4 mts),60,Mediano,-68.8425275156,-32.866571279,4,Cuarta Oeste,1173332.70145,0
35217,Platano,23/03/2011 09:36,Alto (> 8 mts),160,Grande,-68.8529816331,-32.8814130723,1,Parque Central,1655357.93265,0
37839,Morera,24/11/2010 11:54,Muy bajo (1 - 2 mts),10,Chico,-68.853058232,-32.8727296811,6,Residencial Norte,2694682.37982,0
44476,Fresno europeo,17/10/2011 12:40,Medio (4 - 8 mts),30,Mediano,-68.8366370467,-32.8844866196,3,Parque O'Higgins,1531146.02653,0
5798,Paraiso,04/05/2011 10:20,Alto (> 8 mts),98,Grande,-68.8428689381,-32.8763036432,1,Parque Central,1655357.93265,0
1539,Fresno americano,23/11/2011 11:14,Bajo (2 - 4 mts),26,Mediano,-68.8726931166,-32.8779757747,7,Residencial Parque,1786336.08966,0
35639,Paraiso,15/03/2011 12:27,Medio (4 - 8 mts),150,Grande,-68.8558305906,-32.8740005086,6,Residencial Norte,2694682.37982,0
44991,Morera,26/08/2011 12:34,Medio (4 - 8 mts),200,Grande,-68.825017187,-32.8687555489,4,Cuarta Este Área Fundacional,1822015.85685,0
18361,Morera,01/08/2011 10:33,Bajo (2 - 4 mts),25,Mediano,-68.8364407461,-32.8678153822,4,Cuarta Oeste,1173332.70145,0
25507,Fresno europeo,04/03/2011 13:57,Medio (4 - 8 mts),52,Mediano,-68.8404699376,-32.9015032086,2,Barrio Civico,2366816.36021,0
34219,Morera,23/03/2011 10:42,Medio (4 - 8 mts),120,Grande,-68.8523995205,-32.8754833102,6,Residencial Norte,2694682.37982,0
40301,Fresno europeo,11/04/2011 13:02,Medio (4 - 8 mts),146,Grande,-68.8453361001,-32.8803194839,1,Parque Central,1655357.93265,0
33395,Morera,02/06/2011 09:20,Alto (> 8 mts),156,Grande,-68.8560558803,-32.8876758441,5,Residencial Sur,2423808.92355,0
3395,Ligustro,16/08/2011 13:46,Muy bajo (1 - 2 mts),20,Chico,-68.8319066239,-32.8681809521,4,Cuarta Oeste,1173332.70145,0
42231,Morera,02/05/2011 10:25,Alto (> 8 mts),165,Grande,-68.8402453839,-32.8746945444,1,Parque Central,1655357.93265,0
19122,Morera,26/07/2011 12:26,Alto (> 8 mts),150,Grande,-68.8414548287,-32.8717157143,4,Cuarta Oeste,1173332.70145,1
23714,Morera,25/01/2011 12:50,Alto (> 8 mts),107,Grande,-68.8500575804,-32.9002755997,2,Barrio Civico,2366816.36021,0
17447,Morera,29/07/2011 09:44,Alto (> 8 mts),103,Grande,-68.8347474548,-32.866946292,4,Cuarta Oeste,1173332.70145,0
25905,Morera,07/02/2011 15:15,Alto (> 8 mts),158,Grande,-68.8395293642,-32.9026724884,2,Barrio Civico,2366816.36021,0
17198,Morera,30/06/2011 13:19,Alto (> 8 mts),166,Grande,-68.8358329326,-32.8624782957,4,Cuarta Oeste,1173332.70145,0
8036,Morera,11/03/2011 10:18,Alto (> 8 mts),160,Grande,-68.8475670474,-32.8890471675,2,Barrio Civico,2366816.36021,0
3326,Ailanthus,03/10/2011 09:23,Bajo (2 - 4 mts),70,Grande,-68.8309787946,-32.8790763326,4,Cuarta Este Área Fundacional,1822015.85685,0
24901,Morera,10/02/2011 12:39,Medio (4 - 8 mts),44,Mediano,-68.8385484935,-32.8965991926,2,Barrio Civico,2366816.36021,0
11932,Conifera,12/05/2010 11:47,Alto (> 8 mts),66,Grande,-68.8511472399,-32.8676921495,6,Residencial Norte,2694682.37982,0
37209,Prunas,14/03/2011 11:25,Medio (4 - 8 mts),95,Grande,-68.8579864674,-32.8729297784,6,Residencial Norte,2694682.37982,1
31130,Fresno europeo,08/02/2011 10:25,Muy bajo (1 - 2 mts),5,Chico,-68.8544678964,-32.864051795,6,Residencial Norte,2694682.37982,0
39289,Conifera,30/12/2010 08:56,Bajo (2 - 4 mts),20,Chico,-68.8552635543,-32.8720488455,6,Residencial Norte,2694682.37982,0
19374,Platano,04/07/2011 11:15,Alto (> 8 mts),240,Grande,-68.8350182089,-32.8735203365,4,Cuarta Este Área Fundacional,1822015.85685,0
37060,Fresno europeo,05/04/2011 12:51,Medio (4 - 8 mts),130,Grande,-68.8563834681,-32.8767073082,6,Residencial Norte,2694682.37982,0
44322,Platano,12/10/2011 16:40,Alto (> 8 mts),190,Grande,-68.8353121233,-32.8822670569,3,Parque O'Higgins,1531146.02653,0
43351,Morera,26/10/2011 12:31,Medio (4 - 8 mts),100,Grande,-68.8325985358,-32.8800510614,3,Parque O'Higgins,1531146.02653,0
17242,Paraiso,12/08/2011 09:18,Medio (4 - 8 mts),160,Grande,-68.8364463199,-32.8645461145,4,Cuarta Oeste,1173332.70145,0
26344,Platano,20/10/2011 11:15,Alto (> 8 mts),290,Grande,-68.8327720992,-32.8878351515,3,Parque O'Higgins,1531146.02653,0
14718,Paraiso sombrilla,30/11/2011 18:18,Bajo (2 - 4 mts),130,Grande,-68.8775939993,-32.8699829514,8,Aeroparque,2203364.73622,0
38281,Morera,02/12/2010 12:07,Alto (> 8 mts),230,Grande,-68.8455294134,-32.8715079222,6,Residencial Norte,2694682.37982,0
40686,Morera,19/04/2011 11:58,Alto (> 8 mts),170,Grande,-68.8428636577,-32.8839498628,1,Parque Central,1655357.93265,0
24832,Liquidambar,18/02/2011 10:34,Bajo (2 - 4 mts),27,Mediano,-68.8399496359,-32.89715252,2,Barrio Civico,2366816.36021,0
22541,Fresno europeo,16/06/2011 11:55,Alto (> 8 mts),125,Grande,-68.8601586858,-32.9003834664,5,Residencial Sur,2423808.92355,0
16436,Paraiso,12/08/2011 10:06,Medio (4 - 8 mts),52,Mediano,-68.8418780395,-32.86378314,4,Cuarta Oeste,1173332.70145,0
28857,Fresno americano,26/04/2011 12:47,Alto (> 8 mts),180,Grande,-68.8469317708,-32.8858126167,1,Parque Central,1655357.93265,0
3939,Fresno europeo,05/09/2011 13:55,Alto (> 8 mts),180,Grande,-68.8209116341,-32.8712368543,4,Cuarta Este Área Fundacional,1822015.85685,0
22973,Fresno europeo,01/06/2011 13:53,Medio (4 - 8 mts),52,Mediano,-68.8569458744,-32.8997078617,5,Residencial Sur,2423808.92355,0
2192,Morera,04/11/2011 16:15,Bajo (2 - 4 mts),86,Grande,-68.8327497017,-32.8874412933,3,Parque O'Higgins,1531146.02653,0
29857,Platano,14/03/2011 09:10,Alto (> 8 mts),220,Grande,-68.8419000183,-32.8923825249,2,Barrio Civico,2366816.36021,0
23729,Morera,25/01/2011 12:07,Alto (> 8 mts),106,Grande,-68.8498415863,-32.9013444934,2,Barrio Civico,2366816.36021,0
2110,Fresno europeo,18/10/2011 11:28,Bajo (2 - 4 mts),18,Chico,-68.830867851,-32.8877938712,3,Parque O'Higgins,1531146.02653,0
11884,Paraiso,02/03/2011 09:45,Medio (4 - 8 mts),127,Grande,-68.8510803408,-32.8653764692,6,Residencial Norte,2694682.37982,0
33238,Platano,09/05/2011 11:42,Alto (> 8 mts),130,Grande,-68.8564723728,-32.8919555725,5,Residencial Sur,2423808.92355,0
24287,Morera,19/01/2011 12:32,Alto (> 8 mts),210,Grande,-68.843476548,-32.900776279,2,Barrio Civico,2366816.36021,1
28049,Morera,23/03/2011 18:08,Alto (> 8 mts),158,Grande,-68.8458216844,-32.8938920806,2,Barrio Civico,2366816.36021,0
18473,Paraiso,07/07/2011 12:03,Medio (4 - 8 mts),145,Grande,-68.8389583358,-32.8742140947,1,Parque Central,1655357.93265,0
27417,Morera,25/10/2011 09:48,Alto (> 8 mts),160,Grande,-68.8356410542,-32.8928082038,3,Parque O'Higgins,1531146.02653,1
26023,Fresno americano,09/11/2011 17:01,Bajo (2 - 4 mts),100,Grande,-68.8324401923,-32.8861714467,3,Parque O'Higgins,1531146.02653,0
15789,Tilo,22/11/2011 18:20,Muy bajo (1 - 2 mts),5,Chico,-68.8730183717,-32.8789138027,7,Residencial Parque,1786336.08966,0
39519,Paraiso,10/11/2010 11:06,Medio (4 - 8 mts),170,Grande,-68.8545723076,-32.8698842918,6,Residencial Norte,2694682.37982,0
6044,Platano,25/04/2011 08:45,Alto (> 8 mts),190,Grande,-68.8454261846,-32.8872039901,1,Parque Central,1655357.93265,0
39254,Fresno europeo,28/12/2010 10:14,Medio (4 - 8 mts),90,Grande,-68.8545427512,-32.8721922932,6,Residencial Norte,2694682.37982,1
11340,Fresno europeo,17/01/2011 17:33,Alto (> 8 mts),98,Grande,-68.8484002454,-32.9020756188,2,Barrio Civico,2366816.36021,0
35537,Acacia SP,16/06/2011 14:53,Alto (> 8 mts),180,Grande,-68.8567804638,-32.8820092691,7,Residencial Parque,1786336.08966,0
27501,Morera,27/10/2011 09:50,Medio (4 - 8 mts),150,Grande,-68.8372042791,-32.891660294,3,Parque O'Higgins,1531146.02653,0
18067,Morera,28/07/2011 11:23,Alto (> 8 mts),158,Grande,-68.8404853976,-32.8679166227,4,Cuarta Oeste,1173332.70145,0
6188,Platano,31/03/2011 16:12,Alto (> 8 mts),118,Grande,-68.8406711295,-32.88710395,3,Parque O'Higgins,1531146.02653,0
42838,Olmo bola,30/09/2011 13:59,Medio (4 - 8 mts),80,Grande,-68.8320024168,-32.8765648581,4,Cuarta Este Área Fundacional,1822015.85685,0
27168,Fresno europeo,27/10/2011 09:39,Medio (4 - 8 mts),100,Grande,-68.8382862803,-32.8907774994,3,Parque O'Higgins,1531146.02653,0
23086,Paraiso,19/01/2011 14:20,Medio (4 - 8 mts),114,Grande,-68.8477908012,-32.9008973588,2,Barrio Civico,2366816.36021,0
28603,Morera,22/02/2011 08:26,Alto (> 8 mts),200,Grande,-68.8499631823,-32.8905114323,5,Residencial Sur,2423808.92355,1
26683,Morera,10/11/2011 09:40,Alto (> 8 mts),90,Grande,-68.8322636687,-32.8941046057,3,Parque O'Higgins,1531146.02653,0
30123,Fresno americano,26/04/2011 09:30,Medio (4 - 8 mts),70,Grande,-68.8418402882,-32.8868918999,3,Parque O'Higgins,1531146.02653,1
35451,Morera,28/03/2011 10:31,Alto (> 8 mts),92,Grande,-68.8541363918,-32.8812050133,6,Residencial Norte,2694682.37982,0
35465,Olmo comun,23/03/2011 13:22,Alto (> 8 mts),72,Grande,-68.8541559861,-32.8820884707,6,Residencial Norte,2694682.37982,0
7690,Morera,26/05/2011 12:35,Muy bajo (1 - 2 mts),6,Chico,-68.8536077202,-32.8839132232,5,Residencial Sur,2423808.92355,0
45307,Morera,09/09/2011 12:53,Alto (> 8 mts),128,Grande,-68.8233537782,-32.8720827982,4,Cuarta Este Área Fundacional,1822015.85685,0
36656,Olmo bola,06/06/2011 09:46,Medio (4 - 8 mts),120,Grande,-68.8602748732,-32.8823397166,7,Residencial Parque,1786336.08966,0
6417,Morera,13/05/2011 10:04,Alto (> 8 mts),89,Grande,-68.8557279139,-32.886522614,5,Residencial Sur,2423808.92355,0
42654,Fresno europeo,26/09/2011 11:57,Muy bajo (1 - 2 mts),6,Chico,-68.8294825297,-32.877672428,4,Cuarta Este Área Fundacional,1822015.85685,0
6922,Paraiso,10/06/2011 09:42,Alto (> 8 mts),86,Grande,-68.8542120669,-32.8966589522,5,Residencial Sur,2423808.92355,0
11145,Morera,26/01/2011 09:13,Medio (4 - 8 mts),49,Mediano,-68.8457619869,-32.9016100976,2,Barrio Civico,2366816.36021,0
23938,Morera,19/01/2012 08:36,Alto (> 8 mts),150,Grande,-68.8515822723,-32.8965967635,5,Residencial Sur,2423808.92355,0
43332,Fresno europeo,05/10/2011 11:44,Alto (> 8 mts),96,Grande,-68.83239682,-32.8794633384,4,Cuarta Este Área Fundacional,1822015.85685,0
3907,Fresno americano,01/09/2011 10:44,Bajo (2 - 4 mts),38,Mediano,-68.8202393745,-32.8703284227,4,Cuarta Este Área Fundacional,1822015.85685,0
11459,Paraiso,06/01/2011 14:20,Alto (> 8 mts),320,Grande,-68.8438186988,-32.8630936699,4,Cuarta Oeste,1173332.70145,0
36480,Platano,18/03/2011 10:13,Alto (> 8 mts),170,Grande,-68.8545155759,-32.8796113914,6,Residencial Norte,2694682.37982,0
17336,Morera,08/08/2011 09:54,Alto (> 8 mts),106,Grande,-68.8348600503,-32.8658048707,4,Cuarta Oeste,1173332.70145,1
35851,Morera,29/03/2011 10:56,Alto (> 8 mts),150,Grande,-68.8526909275,-32.8765742522,6,Residencial Norte,2694682.37982,0
45482,Morera,19/09/2011 10:21,Alto (> 8 mts),175,Grande,-68.822293633,-32.8721732694,4,Cuarta Este Área Fundacional,1822015.85685,0
18980,Morera,03/08/2011 15:11,Alto (> 8 mts),200,Grande,-68.837574378,-32.8698114975,4,Cuarta Oeste,1173332.70145,0
15948,Jacaranda,25/11/2011 09:24,Bajo (2 - 4 mts),18,Chico,-68.8733741268,-32.8764544058,7,Residencial Parque,1786336.08966,0
27499,Morera,27/10/2011 09:53,Medio (4 - 8 mts),115,Grande,-68.8372113904,-32.891804123,3,Parque O'Higgins,1531146.02653,1
18646,Platano,04/07/2011 13:29,Alto (> 8 mts),220,Grande,-68.8368415204,-32.8759860648,1,Parque Central,1655357.93265,0
3165,Paraiso,20/09/2011 10:14,Medio (4 - 8 mts),124,Grande,-68.8349370427,-32.8740448294,4,Cuarta Este Área Fundacional,1822015.85685,0
3473,Morera,19/08/2011 13:41,Alto (> 8 mts),150,Grande,-68.8241825796,-32.8665441085,4,Cuarta Este Área Fundacional,1822015.85685,0
18618,Paraiso,06/07/2011 11:25,Alto (> 8 mts),185,Grande,-68.8377244245,-32.8743977494,4,Cuarta Oeste,1173332.70145,1
40012,Fresno americano,20/04/2011 11:57,Medio (4 - 8 mts),130,Grande,-68.8450806783,-32.8780600659,1,Parque Central,1655357.93265,0
33201,Platano,09/05/2011 13:02,Alto (> 8 mts),145,Grande,-68.8560548365,-32.8910068305,5,Residencial Sur,2423808.92355,0
12132,Paraiso sombrilla,20/01/2011 12:55,Medio (4 - 8 mts),40,Mediano,-68.8480974868,-32.8677044769,6,Residencial Norte,2694682.37982,0
76,Fresno europeo,02/03/2012 13:36,Bajo (2 - 4 mts),14,Chico,-68.8571997744,-32.8960815595,5,Residencial Sur,2423808.92355,0
36271,Jacaranda,17/03/2011 10:08,Bajo (2 - 4 mts),16,Chico,-68.8536004008,-32.8777062502,6,Residencial Norte,2694682.37982,1
43356,Platano,25/10/2011 18:09,Alto (> 8 mts),200,Grande,-68.8330180051,-32.8800295307,3,Parque O'Higgins,1531146.02653,0
4835,Fresno europeo,26/07/2011 14:16,Muy bajo (1 - 2 mts),5,Chico,-68.8400539863,-32.8653805439,4,Cuarta Oeste,1173332.70145,0
47469,Fresno europeo,20/09/2011 10:28,Alto (> 8 mts),190,Grande,-68.8302309367,-32.8753367946,4,Cuarta Este Área Fundacional,1822015.85685,0
2143,Platano,28/10/2011 10:25,Alto (> 8 mts),142,Grande,-68.8383553921,-32.8913814785,3,Parque O'Higgins,1531146.02653,0
6850,Prunas,09/06/2011 11:53,Bajo (2 - 4 mts),30,Mediano,-68.8572306993,-32.8957096374,5,Residencial Sur,2423808.92355,0
44408,Caducifolio,18/10/2011 11:09,Muy bajo (1 - 2 mts),6,Chico,-68.8377578961,-32.885851685,3,Parque O'Higgins,1531146.02653,0
28315,Morera,10/03/2011 15:29,Muy bajo (1 - 2 mts),8,Chico,-68.8498746503,-32.8921433128,5,Residencial Sur,2423808.92355,0
15490,Paraiso,22/11/2011 12:15,Bajo (2 - 4 mts),60,Mediano,-68.860326752,-32.8719609667,7,Residencial Parque,1786336.08966,1
2103,Fresno americano,19/10/2011 09:25,Alto (> 8 mts),193,Grande,-68.831351273,-32.888252412,3,Parque O'Higgins,1531146.02653,0
38065,Olmo bola,06/12/2010 10:16,Alto (> 8 mts),280,Grande,-68.8483128766,-32.8722900179,6,Residencial Norte,2694682.37982,0
5985,Fresno europeo,25/04/2011 12:39,Muy bajo (1 - 2 mts),12,Chico,-68.8451985818,-32.8861331152,1,Parque Central,1655357.93265,0
709,Arabia,17/12/2011 08:47,Muy bajo (1 - 2 mts),30,Mediano,-68.8812138433,-32.8733351866,8,Aeroparque,2203364.73622,0
14177,Acacia SP,30/11/2011 10:01,Alto (> 8 mts),100,Grande,-68.8765615732,-32.8665117693,8,Aeroparque,2203364.73622,1
24084,Jacaranda,11/01/2011 12:40,Medio (4 - 8 mts),50,Mediano,-68.8470968251,-32.9011791252,2,Barrio Civico,2366816.36021,0
27314,Platano,25/10/2011 09:31,Alto (> 8 mts),180,Grande,-68.8346431188,-32.889940925,3,Parque O'Higgins,1531146.02653,0
23675,Morera,25/01/2011 10:11,Medio (4 - 8 mts),78,Grande,-68.8485942392,-32.9006504831,2,Barrio Civico,2366816.36021,0
40298,Morera,11/04/2011 13:10,Medio (4 - 8 mts),200,Grande,-68.8450912296,-32.8803490269,1,Parque Central,1655357.93265,0
406,Fresno europeo,05/03/2012 11:07,Medio (4 - 8 mts),50,Mediano,-68.8195437137,-32.8672118533,4,Cuarta Este Área Fundacional,1822015.85685,0
28835,Morera,27/04/2011 11:59,Alto (> 8 mts),170,Grande,-68.848461553800007,-32.884751334,1,Parque Central,1655357.93265,0
22290,Morera,09/06/2011 11:34,Alto (> 8 mts),150,Grande,-68.857444881,-32.8969960932,5,Residencial Sur,2423808.92355,0
44697,Paraiso,19/08/2011 09:52,Medio (4 - 8 mts),28,Mediano,-68.8232016038,-32.8673086442,4,Cuarta Este Área Fundacional,1822015.85685,1
13107,Olmo bola,16/02/2011 12:36,Bajo (2 - 4 mts),80,Grande,-68.8456641194,-32.8660650431,4,Cuarta Oeste,1173332.70145,0
39584,Morera,22/10/2010 11:43,Medio (4 - 8 mts),110,Grande,-68.8477416453,-32.8695095941,6,Residencial Norte,2694682.37982,0
30650,Morera,01/02/2011 12:55,Medio (4 - 8 mts),115,Grande,-68.8543638879,-32.8666980828,6,Residencial Norte,2694682.37982,0
153,Jacaranda,27/02/2012 17:51,Medio (4 - 8 mts),56,Mediano,-68.8576246578,-32.8641856357,6,Residencial Norte,2694682.37982,0
17983,Conifera,01/08/2011 09:10,Medio (4 - 8 mts),70,Grande,-68.839632549,-32.8677178773,4,Cuarta Oeste,1173332.70145,0
22503,Morera,27/06/2011 14:28,Alto (> 8 mts),105,Grande,-68.8589238495,-32.9004008038,5,Residencial Sur,2423808.92355,1
12803,Ailanthus,21/01/2011 08:27,Alto (> 8 mts),140,Grande,-68.847262362,-32.8643765624,4,Cuarta Oeste,1173332.70145,0
31898,Morera,02/06/2011 09:56,Medio (4 - 8 mts),130,Grande,-68.8586855309,-32.8838808229,5,Residencial Sur,2423808.92355,1
46534,Morera,07/09/2011 10:27,Alto (> 8 mts),130,Grande,-68.8335780052,-32.8694514596,4,Cuarta Oeste,1173332.70145,0
23054,Caducifolio,14/06/2011 13:32,Muy bajo (1 - 2 mts),8,Chico,-68.8623235651,-32.902132451,5,Residencial Sur,2423808.92355,0
11309,Alamo criollo,19/01/2011 15:33,Alto (> 8 mts),88,Grande,-68.8472139091,-32.9011761674,2,Barrio Civico,2366816.36021,0
34185,Morera,03/03/2011 12:32,Medio (4 - 8 mts),90,Grande,-68.8534026514,-32.8736822742,6,Residencial Norte,2694682.37982,0
38009,Morera,10/01/2012 12:43,Bajo (2 - 4 mts),42,Mediano,-68.8475534204,-32.8728301355,6,Residencial Norte,2694682.37982,0
11718,Morera,28/01/2011 10:36,Alto (> 8 mts),126,Grande,-68.8502004239,-32.8681004654,6,Residencial Norte,2694682.37982,0
2094,Morera,22/11/2011 11:19,Alto (> 8 mts),185,Grande,-68.8279328637,-32.8818235358,3,Parque O'Higgins,1531146.02653,0
45380,Morera,16/09/2011 14:24,Alto (> 8 mts),170,Grande,-68.8255858832,-32.872092152,4,Cuarta Este Área Fundacional,1822015.85685,0
26527,Caducifolio,21/10/2011 15:19,Medio (4 - 8 mts),80,Grande,-68.8307101357,-32.8905940778,3,Parque O'Higgins,1531146.02653,0
9085,Morera,17/02/2011 11:54,Alto (> 8 mts),78,Grande,-68.8547489762,-32.8661815896,6,Residencial Norte,2694682.37982,0
11850,Paraiso,02/03/2011 12:04,Medio (4 - 8 mts),120,Grande,-68.8503251268,-32.8647624431,6,Residencial Norte,2694682.37982,0
13352,Platano,11/01/2011 11:16,Alto (> 8 mts),250,Grande,-68.8460413587,-32.8662008154,4,Cuarta Oeste,1173332.70145,0
13350,Morera,11/01/2011 11:13,Alto (> 8 mts),90,Grande,-68.8461638441,-32.8662081057,4,Cuarta Oeste,1173332.70145,0
39480,Paraiso,10/11/2010 12:06,Alto (> 8 mts),170,Grande,-68.853941403,-32.8702298661,6,Residencial Norte,2694682.37982,0
5382,Paraiso,25/04/2011 09:02,Medio (4 - 8 mts),140,Grande,-68.8444593668,-32.8772572215,1,Parque Central,1655357.93265,0
44339,Platano,18/10/2011 11:29,Alto (> 8 mts),190,Grande,-68.8353602884,-32.8829770228,3,Parque O'Higgins,1531146.02653,0
42493,Morera,30/09/2011 09:12,Alto (> 8 mts),150,Grande,-68.8308601176,-32.8754024381,4,Cuarta Este Área Fundacional,1822015.85685,0
32453,Fresno americano,27/05/2011 09:25,Alto (> 8 mts),70,Grande,-68.8512696156,-32.8888006957,5,Residencial Sur,2423808.92355,0
25838,Fresno americano,03/02/2011 16:22,Medio (4 - 8 mts),110,Grande,-68.8394828287,-32.901805454,2,Barrio Civico,2366816.36021,0
32935,Morera,18/05/2011 12:37,Alto (> 8 mts),190,Grande,-68.8498505319,-32.8874980623,5,Residencial Sur,2423808.92355,0
45390,Fresno europeo,16/09/2011 09:18,Alto (> 8 mts),133,Grande,-68.8246648301,-32.8715466921,4,Cuarta Este Área Fundacional,1822015.85685,0
711,Alamo criollo,17/12/2011 08:54,Muy bajo (1 - 2 mts),2,Chico,-68.8812137899,-32.8732582657,8,Aeroparque,2203364.73622,0
31976,Fresno europeo,02/06/2011 12:44,Bajo (2 - 4 mts),42,Mediano,-68.8590450488,-32.8836682515,5,Residencial Sur,2423808.92355,0
16419,Fresno americano,02/08/2011 09:51,Medio (4 - 8 mts),134,Grande,-68.8345861891,-32.866594078,4,Cuarta Oeste,1173332.70145,0
24722,Morera,17/02/2011 10:42,Alto (> 8 mts),134,Grande,-68.8408684068,-32.899234343,2,Barrio Civico,2366816.36021,0
28300,Platano,10/03/2011 14:52,Alto (> 8 mts),134,Grande,-68.849437164,-32.8929282501,2,Barrio Civico,2366816.36021,0
29617,Morera,23/03/2011 19:17,Alto (> 8 mts),154,Grande,-68.8441728373,-32.893909003,2,Barrio Civico,2366816.36021,0
28619,Platano,23/02/2011 12:20,Alto (> 8 mts),200,Grande,-68.8479310593,-32.8912666015,2,Barrio Civico,2366816.36021,0
30063,Morera,05/04/2011 09:25,Medio (4 - 8 mts),72,Grande,-68.8396202804,-32.8865995159,3,Parque O'Higgins,1531146.02653,0
1461,Perenne,25/11/2011 10:47,Muy bajo (1 - 2 mts),30,Mediano,-68.8713717719,-32.8763215838,7,Residencial Parque,1786336.08966,0
24413,Morera,21/01/2011 09:15,Alto (> 8 mts),142,Grande,-68.8452453358,-32.903666997,2,Barrio Civico,2366816.36021,0
43936,Platano,12/10/2011 14:31,Alto (> 8 mts),200,Grande,-68.8323530845,-32.8837765937,3,Parque O'Higgins,1531146.02653,0
34143,Paraiso,11/03/2011 09:44,Alto (> 8 mts),160,Grande,-68.8563447007,-32.8733811854,6,Residencial Norte,2694682.37982,0
36599,Platano,15/06/2011 15:20,Medio (4 - 8 mts),110,Grande,-68.8569544499,-32.8820678979,7,Residencial Parque,1786336.08966,0
11065,Paraiso,31/03/2011 12:36,Medio (4 - 8 mts),65,Grande,-68.8551490327,-32.8797952416,6,Residencial Norte,2694682.37982,0
25468,Morera,08/02/2011 13:10,Alto (> 8 mts),160,Grande,-68.840524545,-32.9002573231,2,Barrio Civico,2366816.36021,0
27646,Morera,01/11/2011 10:33,Alto (> 8 mts),100,Grande,-68.8364077474,-32.8941573894,3,Parque O'Higgins,1531146.02653,0
5163,Morera,10/08/2011 12:24,Alto (> 8 mts),140,Grande,-68.8436975734,-32.8730468565,6,Residencial Norte,2694682.37982,0
10234,Prunas,14/12/2010 11:37,Muy bajo (1 - 2 mts),5,Chico,-68.8494011596,-32.8708839792,6,Residencial Norte,2694682.37982,0
4191,Morera,06/07/2011 12:06,Alto (> 8 mts),110,Grande,-68.8373812683,-32.8755441137,1,Parque Central,1655357.93265,0
21683,Morera,10/06/2011 08:33,Alto (> 8 mts),102,Grande,-68.8561994081,-32.8951343517,5,Residencial Sur,2423808.92355,1
23811,Morera,26/01/2011 16:00,Medio (4 - 8 mts),76,Grande,-68.8508881818,-32.9009913736,2,Barrio Civico,2366816.36021,0
7987,Fresno europeo,18/02/2011 13:38,Medio (4 - 8 mts),55,Mediano,-68.8402749745,-32.8884704383,3,Parque O'Higgins,1531146.02653,0
32425,Fresno europeo,26/05/2011 10:08,Alto (> 8 mts),56,Mediano,-68.8525905517,-32.8886037071,5,Residencial Sur,2423808.92355,0
29311,Fresno americano,22/02/2011 10:30,Alto (> 8 mts),126,Grande,-68.8438002192,-32.8886170147,2,Barrio Civico,2366816.36021,0
2102,Morera,19/10/2011 09:26,Medio (4 - 8 mts),96,Grande,-68.8313540858,-32.8883015454,3,Parque O'Higgins,1531146.02653,0
3877,Olmo bola,29/08/2011 15:11,Alto (> 8 mts),160,Grande,-68.8274337902,-32.8709546636,4,Cuarta Este Área Fundacional,1822015.85685,0
20398,Prunas,23/05/2011 14:09,Medio (4 - 8 mts),38,Mediano,-68.8622837056,-32.8932724012,5,Residencial Sur,2423808.92355,0
32582,Paraiso,17/06/2011 10:11,Alto (> 8 mts),162,Grande,-68.8529787163,-32.8895207031,5,Residencial Sur,2423808.92355,0
18058,Morera,29/07/2011 13:45,Alto (> 8 mts),128,Grande,-68.8414441616,-32.8681034229,4,Cuarta Oeste,1173332.70145,0
34809,Morera,30/03/2011 13:10,Alto (> 8 mts),170,Grande,-68.8515333033,-32.8758769672,6,Residencial Norte,2694682.37982,0
45887,Morera,25/08/2011 12:25,Alto (> 8 mts),155,Grande,-68.820358814,-32.8699250177,4,Cuarta Este Área Fundacional,1822015.85685,0
26595,Platano,03/11/2011 11:41,Alto (> 8 mts),140,Grande,-68.8316492342,-32.8910456501,3,Parque O'Higgins,1531146.02653,0
3469,Fresno europeo,23/08/2011 09:19,Alto (> 8 mts),160,Grande,-68.8247849981,-32.8671197262,4,Cuarta Este Área Fundacional,1822015.85685,0
46121,Paraiso,05/10/2011 11:09,Bajo (2 - 4 mts),36,Mediano,-68.8245289687,-32.8744833187,4,Cuarta Este Área Fundacional,1822015.85685,0
44696,Paraiso,19/08/2011 09:53,Medio (4 - 8 mts),30,Mediano,-68.8232346575,-32.8673237492,4,Cuarta Este Área Fundacional,1822015.85685,1
26141,Morera,10/11/2011 17:44,Medio (4 - 8 mts),100,Grande,-68.8300176882,-32.8872990794,3,Parque O'Higgins,1531146.02653,0
922,Morera,16/01/2012 13:06,Medio (4 - 8 mts),120,Grande,-68.8530090195,-32.8723162587,6,Residencial Norte,2694682.37982,0
44073,Morera,14/10/2011 11:32,Medio (4 - 8 mts),185,Grande,-68.8310662167,-32.8850296794,3,Parque O'Higgins,1531146.02653,1
45217,Morera,28/09/2011 10:05,Alto (> 8 mts),138,Grande,-68.8222685425,-32.8722775047,4,Cuarta Este Área Fundacional,1822015.85685,0
20877,Paraiso,26/05/2011 10:39,Alto (> 8 mts),160,Grande,-68.8606501784,-32.8954028649,5,Residencial Sur,2423808.92355,0
3988,Morera,23/09/2011 11:52,Medio (4 - 8 mts),100,Grande,-68.8307429042,-32.8777273442,4,Cuarta Este Área Fundacional,1822015.85685,0
9038,Morera,11/01/2011 09:00,Alto (> 8 mts),195,Grande,-68.8446569493,-32.8670319545,4,Cuarta Oeste,1173332.70145,0
20078,Olmo comun,15/08/2011 09:21,Medio (4 - 8 mts),120,Grande,-68.8328758903,-32.8653915671,4,Cuarta Oeste,1173332.70145,0
17766,Paraiso,22/07/2011 09:35,Medio (4 - 8 mts),68,Grande,-68.8425772515,-32.8667831497,4,Cuarta Oeste,1173332.70145,0
30100,Platano,26/04/2011 10:19,Alto (> 8 mts),250,Grande,-68.8419764783,-32.8878532521,3,Parque O'Higgins,1531146.02653,1
18692,Morera,04/07/2011 11:27,Muy bajo (1 - 2 mts),12,Chico,-68.8356939718,-32.8736230272,4,Cuarta Oeste,1173332.70145,0
27591,Morera,07/11/2011 09:40,Medio (4 - 8 mts),95,Grande,-68.8375933598,-32.8944409837,2,Barrio Civico,2366816.36021,0
47612,Morera,08/09/2011 11:02,Alto (> 8 mts),145,Grande,-68.8293533456,-32.8710364151,4,Cuarta Este Área Fundacional,1822015.85685,1
24038,Morera,21/01/2011 13:17,Alto (> 8 mts),66,Grande,-68.8462857526,-32.9016470771,2,Barrio Civico,2366816.36021,0
21310,Morera,14/06/2011 15:13,Medio (4 - 8 mts),90,Grande,-68.8537126635,-32.8975344733,5,Residencial Sur,2423808.92355,0
46233,Acer,27/09/2011 12:11,Medio (4 - 8 mts),100,Grande,-68.8263227984,-32.8761052643,4,Cuarta Este Área Fundacional,1822015.85685,0
43620,Acacia SP,13/10/2011 08:16,Alto (> 8 mts),95,Grande,-68.8338873857,-32.8835421432,3,Parque O'Higgins,1531146.02653,1
10850,Fresno europeo,17/03/2011 10:20,Medio (4 - 8 mts),89,Grande,-68.8529435432,-32.8780614421,6,Residencial Norte,2694682.37982,0
10842,Morera,17/03/2011 12:47,Alto (> 8 mts),178,Grande,-68.8539174228,-32.8786192203,6,Residencial Norte,2694682.37982,0
7771,Olmo bola,16/05/2011 13:32,Alto (> 8 mts),190,Grande,-68.8536752494,-32.885815417,5,Residencial Sur,2423808.92355,0
35548,Morera,16/06/2011 12:45,Bajo (2 - 4 mts),60,Mediano,-68.8571212083,-32.8833011534,5,Residencial Sur,2423808.92355,0
488,Fresno europeo,07/03/2012 09:59,Medio (4 - 8 mts),135,Grande,-68.8226596411,-32.867921885,4,Cuarta Este Área Fundacional,1822015.85685,0
34042,Morera,30/05/2011 13:06,Alto (> 8 mts),150,Grande,-68.8553051293,-32.8851379485,5,Residencial Sur,2423808.92355,0
34182,Morera,03/03/2011 12:40,Alto (> 8 mts),124,Grande,-68.8534462917,-32.873850311,6,Residencial Norte,2694682.37982,0
44480,Platano,17/10/2011 12:30,Alto (> 8 mts),200,Grande,-68.8363648743,-32.8846303316,3,Parque O'Higgins,1531146.02653,0
7258,Jacaranda,29/06/2011 16:13,Medio (4 - 8 mts),42,Mediano,-68.8551159476,-32.9023092957,5,Residencial Sur,2423808.92355,0
7208,Morera,16/06/2011 09:30,Alto (> 8 mts),111,Grande,-68.8600729241,-32.8981723254,5,Residencial Sur,2423808.92355,0
12301,Paraiso,13/01/2011 09:56,Alto (> 8 mts),160,Grande,-68.8463493976,-32.8664496237,4,Cuarta Oeste,1173332.70145,0
19441,Palo borracho,09/08/2011 09:24,Bajo (2 - 4 mts),90,Grande,-68.8396950643,-32.8717957962,4,Cuarta Oeste,1173332.70145,0
24983,Morera,16/02/2011 09:03,Alto (> 8 mts),130,Grande,-68.8379014098,-32.8965486452,2,Barrio Civico,2366816.36021,1
4436,Morera,01/08/2011 08:51,Medio (4 - 8 mts),48,Mediano,-68.8371710778,-32.8686885503,4,Cuarta Oeste,1173332.70145,0
7577,Morera,23/06/2011 10:13,Bajo (2 - 4 mts),50,Mediano,-68.8543170457,-32.8833082808,5,Residencial Sur,2423808.92355,0
22728,Paraiso,12/05/2011 11:30,Alto (> 8 mts),110,Grande,-68.8532626765,-32.9008476328,2,Barrio Civico,2366816.36021,0
17828,Paraiso,21/07/2011 11:33,Alto (> 8 mts),190,Grande,-68.8433987131,-32.870348309,4,Cuarta Oeste,1173332.70145,0
26782,Morera,01/11/2011 10:04,Alto (> 8 mts),238,Grande,-68.8332070687,-32.8941622683,3,Parque O'Higgins,1531146.02653,0
19107,Morera,27/07/2011 09:05,Alto (> 8 mts),130,Grande,-68.841022655,-32.8709159943,4,Cuarta Oeste,1173332.70145,0
3293,Morera,30/09/2011 13:43,Alto (> 8 mts),92,Grande,-68.8293307945,-32.8767445213,4,Cuarta Este Área Fundacional,1822015.85685,0
23690,Fresno europeo,21/01/2011 12:30,Bajo (2 - 4 mts),68,Grande,-68.8491404177,-32.8998350235,2,Barrio Civico,2366816.36021,0
338,Morera,07/03/2012 09:54,Medio (4 - 8 mts),110,Grande,-68.8210036415,-32.8677961999,4,Cuarta Este Área Fundacional,1822015.85685,0
1661,Fresno americano,23/11/2011 08:25,Muy bajo (1 - 2 mts),12,Chico,-68.8719215634,-32.8783732308,7,Residencial Parque,1786336.08966,0
25542,Morera,11/02/2011 12:25,Alto (> 8 mts),108,Grande,-68.8380191503,-32.9008624538,2,Barrio Civico,2366816.36021,1
12178,Morera,19/01/2011 12:31,Medio (4 - 8 mts),165,Grande,-68.8474080533,-32.8683679606,6,Residencial Norte,2694682.37982,0
36395,Morera,21/03/2011 12:15,Alto (> 8 mts),152,Grande,-68.8515743509,-32.8792214763,6,Residencial Norte,2694682.37982,0
24654,Morera,19/01/2011 08:48,Alto (> 8 mts),120,Grande,-68.8433325508,-32.9007888125,2,Barrio Civico,2366816.36021,1
45245,Fresno europeo,29/09/2011 11:27,Muy bajo (1 - 2 mts),6,Chico,-68.8233112188,-32.8730689204,4,Cuarta Este Área Fundacional,1822015.85685,0
39235,Morera,29/12/2010 09:29,Alto (> 8 mts),200,Grande,-68.854229964500007,-32.8716158997,6,Residencial Norte,2694682.37982,0
29605,Olmo comun,03/03/2011 13:15,Alto (> 8 mts),116,Grande,-68.8444552931,-32.8909336132,2,Barrio Civico,2366816.36021,0
8891,Morera,05/04/2010 11:34,Medio (4 - 8 mts),65,Grande,-68.8536966656,-32.8673399766,6,Residencial Norte,2694682.37982,0
47258,Fresno europeo,20/09/2011 12:05,Alto (> 8 mts),102,Grande,-68.8320143215,-32.8736034846,4,Cuarta Este Área Fundacional,1822015.85685,0
36516,Morera,06/04/2011 10:38,Alto (> 8 mts),77,Grande,-68.8563597406,-32.8782947936,6,Residencial Norte,2694682.37982,0
35285,Fresno europeo,24/06/2011 13:33,Medio (4 - 8 mts),120,Grande,-68.8521072128,-32.88381913,1,Parque Central,1655357.93265,0
10594,Morera,30/03/2011 10:29,Bajo (2 - 4 mts),20,Chico,-68.8507963578,-32.8760089306,6,Residencial Norte,2694682.37982,0
25509,Morera,17/02/2011 15:09,Medio (4 - 8 mts),122,Grande,-68.8393963084,-32.9016133434,2,Barrio Civico,2366816.36021,1
5470,Tilo,12/04/2011 10:52,Medio (4 - 8 mts),70,Grande,-68.8426424556,-32.8795775951,1,Parque Central,1655357.93265,0
46553,Fresno europeo,07/09/2011 11:42,Bajo (2 - 4 mts),28,Mediano,-68.8331826216,-32.8683617953,4,Cuarta Oeste,1173332.70145,0
21817,Caducifolio,13/05/2011 09:49,Muy bajo (1 - 2 mts),15,Chico,-68.8558428838,-32.8943124267,5,Residencial Sur,2423808.92355,0
11958,Morera,02/06/2010 11:44,Medio (4 - 8 mts),65,Grande,-68.8516347593,-32.8681675909,6,Residencial Norte,2694682.37982,0
23089,Paraiso,19/01/2011 14:31,Medio (4 - 8 mts),108,Grande,-68.8477953779,-32.901004918,2,Barrio Civico,2366816.36021,0
45795,Fresno europeo,01/09/2011 11:22,Medio (4 - 8 mts),72,Grande,-68.8194520129,-32.8709761891,4,Cuarta Este Área Fundacional,1822015.85685,0
47994,Morera,31/08/2011 09:36,Alto (> 8 mts),135,Grande,-68.8257777537,-32.8695965305,4,Cuarta Este Área Fundacional,1822015.85685,0
17740,Paraiso,18/07/2011 11:30,Medio (4 - 8 mts),120,Grande,-68.8422991895,-32.8666310443,4,Cuarta Oeste,1173332.70145,0
13550,Morera,28/01/2011 12:20,Alto (> 8 mts),150,Grande,-68.8507767706,-32.8646794875,6,Residencial Norte,2694682.37982,0
12360,Morera,13/01/2011 12:07,Alto (> 8 mts),180,Grande,-68.8475256909,-32.8670204733,6,Residencial Norte,2694682.37982,0
29421,Platano,09/03/2011 17:47,Alto (> 8 mts),252,Grande,-68.8461524495,-32.8917398807,2,Barrio Civico,2366816.36021,0
18395,Morera,02/08/2011 14:33,Alto (> 8 mts),189,Grande,-68.8389227321,-32.8687892767,4,Cuarta Oeste,1173332.70145,0
43878,Morera,11/10/2011 09:56,Alto (> 8 mts),270,Grande,-68.8339227794,-32.8840492181,3,Parque O'Higgins,1531146.02653,0
29091,Morera,27/04/2011 11:57,Alto (> 8 mts),145,Grande,-68.8437341509,-32.8862220457,1,Parque Central,1655357.93265,0
21177,Platano,06/05/2011 09:54,Alto (> 8 mts),220,Grande,-68.851288266,-32.8930765048,5,Residencial Sur,2423808.92355,0
9823,Fresno europeo,12/01/2011 11:39,Alto (> 8 mts),84,Grande,-68.8446809891,-32.8634225123,4,Cuarta Oeste,1173332.70145,0
1166,Fresno europeo,29/11/2011 09:43,Bajo (2 - 4 mts),25,Mediano,-68.8758014706,-32.864866584,8,Aeroparque,2203364.73622,0
8301,Morera,02/03/2011 15:12,Alto (> 8 mts),72,Grande,-68.84199644,-32.8936038115,2,Barrio Civico,2366816.36021,0
13351,Morera,11/01/2011 11:14,Alto (> 8 mts),120,Grande,-68.8461131016,-32.8662056466,4,Cuarta Oeste,1173332.70145,1
26215,Morera,15/11/2011 07:46,Medio (4 - 8 mts),127,Grande,-68.8299279011,-32.8885386029,3,Parque O'Higgins,1531146.02653,0
18844,Platano,08/08/2011 10:30,Alto (> 8 mts),160,Grande,-68.8396031834,-32.8705303915,4,Cuarta Oeste,1173332.70145,0
41293,Platano,11/04/2011 10:35,Alto (> 8 mts),140,Grande,-68.8398516932,-32.8817878414,1,Parque Central,1655357.93265,0
10431,Perenne,10/03/2011 10:24,Bajo (2 - 4 mts),40,Mediano,-68.8567205995,-32.8737193614,6,Residencial Norte,2694682.37982,0
3861,Conifera,31/08/2011 11:07,Muy bajo (1 - 2 mts),15,Chico,-68.8274744967,-32.8696007233,4,Cuarta Este Área Fundacional,1822015.85685,0
46470,Morera,17/08/2011 14:02,Muy bajo (1 - 2 mts),4,Chico,-68.8314933189,-32.8683915811,4,Cuarta Este Área Fundacional,1822015.85685,0
321,Morera,07/03/2012 11:00,Medio (4 - 8 mts),100,Grande,-68.8201676123,-32.8673816309,4,Cuarta Este Área Fundacional,1822015.85685,0
20219,Morera,26/05/2011 13:02,Alto (> 8 mts),160,Grande,-68.8604759229,-32.8939298041,5,Residencial Sur,2423808.92355,1
21468,Platano,12/05/2011 09:29,Alto (> 8 mts),200,Grande,-68.8582800217,-32.8917762454,5,Residencial Sur,2423808.92355,0
8933,Morera,24/01/2011 10:24,Alto (> 8 mts),180,Grande,-68.8486775605,-32.8663557014,6,Residencial Norte,2694682.37982,0
12222,Morera,18/01/2011 09:53,Alto (> 8 mts),108,Grande,-68.8451871487,-32.8682771579,4,Cuarta Oeste,1173332.70145,0
43523,Morera,20/10/2011 15:26,Medio (4 - 8 mts),140,Grande,-68.830985908,-32.8817915038,3,Parque O'Higgins,1531146.02653,1
6567,Fresno europeo,19/05/2011 11:14,Medio (4 - 8 mts),31,Mediano,-68.856687979,-32.8911142558,5,Residencial Sur,2423808.92355,0
43154,Fresno americano,05/10/2011 10:50,Alto (> 8 mts),90,Grande,-68.8300965969,-32.8790771616,4,Cuarta Este Área Fundacional,1822015.85685,0
19372,Caducifolio,18/07/2011 14:06,Muy bajo (1 - 2 mts),12,Chico,-68.8358767131,-32.8714806539,4,Cuarta Oeste,1173332.70145,0
2153,Fresno americano,07/11/2011 09:48,Medio (4 - 8 mts),120,Grande,-68.8376745731,-32.894760477,2,Barrio Civico,2366816.36021,0
2175,Paraiso sombrilla,09/11/2011 17:36,Bajo (2 - 4 mts),80,Grande,-68.8326104598,-32.8873089858,3,Parque O'Higgins,1531146.02653,0
46154,Morera,27/09/2011 10:41,Alto (> 8 mts),145,Grande,-68.8245107172,-32.8743286364,4,Cuarta Este Área Fundacional,1822015.85685,1
22369,Paraiso,16/06/2011 09:51,Alto (> 8 mts),115,Grande,-68.8594751248,-32.8984432199,5,Residencial Sur,2423808.92355,0
37447,Platano,04/01/2011 11:08,Medio (4 - 8 mts),65,Grande,-68.8582221492,-32.8710716537,6,Residencial Norte,2694682.37982,0
38506,Morera,02/11/2010 10:04,Medio (4 - 8 mts),71,Grande,-68.8501884741,-32.8691394144,6,Residencial Norte,2694682.37982,0
10030,Paraiso,01/11/2010 12:00,Muy bajo (1 - 2 mts),25,Mediano,-68.850196425,-32.8700491869,6,Residencial Norte,2694682.37982,0
23771,Morera,27/01/2011 17:15,Alto (> 8 mts),122,Grande,-68.8507733132,-32.899887658,2,Barrio Civico,2366816.36021,0
5436,Caducifolio,18/04/2011 08:57,Medio (4 - 8 mts),80,Grande,-68.8417917599,-32.8789513881,1,Parque Central,1655357.93265,0
23536,Morera,01/02/2011 15:04,Alto (> 8 mts),176,Grande,-68.8510598441,-32.9024580867,2,Barrio Civico,2366816.36021,0
13412,Morera,07/01/2011 12:26,Medio (4 - 8 mts),69,Grande,-68.8437895808,-32.8642209952,4,Cuarta Oeste,1173332.70145,0
5138,Caducifolio,08/08/2011 11:04,Muy bajo (1 - 2 mts),40,Mediano,-68.8434486308,-32.8696868118,4,Cuarta Oeste,1173332.70145,0
45019,Morera,29/08/2011 09:36,Alto (> 8 mts),160,Grande,-68.8256685508,-32.8697077376,4,Cuarta Este Área Fundacional,1822015.85685,1
33543,Morera,30/05/2011 13:07,Alto (> 8 mts),140,Grande,-68.8552245902,-32.8878245664,5,Residencial Sur,2423808.92355,0
27977,Morera,31/10/2011 09:30,Muy bajo (1 - 2 mts),8,Chico,-68.8366891513,-32.8930535466,3,Parque O'Higgins,1531146.02653,0
45347,Morera,16/09/2011 09:05,Bajo (2 - 4 mts),30,Mediano,-68.8245961527,-32.8733191544,4,Cuarta Este Área Fundacional,1822015.85685,0
39329,Fresno americano,30/12/2010 10:17,Alto (> 8 mts),210,Grande,-68.8564101475,-32.8712291363,6,Residencial Norte,2694682.37982,0
12565,Morera,11/01/2011 09:04,Alto (> 8 mts),110,Grande,-68.8447254845,-32.8628851733,4,Cuarta Oeste,1173332.70145,0
16706,Ligustro,22/07/2011 09:25,Bajo (2 - 4 mts),20,Chico,-68.8402518431,-32.8637630402,4,Cuarta Oeste,1173332.70145,0
43355,Morera,26/10/2011 12:22,Medio (4 - 8 mts),106,Grande,-68.8329215026,-32.8800333693,3,Parque O'Higgins,1531146.02653,0
20563,Morera,03/06/2011 11:16,Alto (> 8 mts),155,Grande,-68.8582252018,-32.8976113555,5,Residencial Sur,2423808.92355,0
1216,Morera,29/11/2011 12:23,Bajo (2 - 4 mts),40,Mediano,-68.8765550163,-32.8647339997,8,Aeroparque,2203364.73622,0
2876,Alamo blanco,09/09/2011 09:01,Alto (> 8 mts),77,Grande,-68.8307772683,-32.8708887016,4,Cuarta Este Área Fundacional,1822015.85685,0
39588,Morera,22/10/2010 12:00,Alto (> 8 mts),160,Grande,-68.8476820485,-32.8692789925,6,Residencial Norte,2694682.37982,0
18209,Perenne,05/08/2011 12:13,Medio (4 - 8 mts),66,Grande,-68.8389440567,-32.8683412522,4,Cuarta Oeste,1173332.70145,0
25955,Morera,01/02/2011 11:47,Alto (> 8 mts),160,Grande,-68.8386164437,-32.9036539431,2,Barrio Civico,2366816.36021,1
10214,Prunas,15/12/2010 09:43,Muy bajo (1 - 2 mts),10,Chico,-68.8511055152,-32.8715045412,6,Residencial Norte,2694682.37982,0
15849,Paraiso,30/11/2011 10:19,Medio (4 - 8 mts),110,Grande,-68.872647908,-32.8761597352,7,Residencial Parque,1786336.08966,0
17283,Morera,04/08/2011 13:25,Medio (4 - 8 mts),44,Mediano,-68.8368479133,-32.8656191942,4,Cuarta Oeste,1173332.70145,0
13426,Morera,28/02/2011 12:00,Alto (> 8 mts),180,Grande,-68.8492239468,-32.8653595372,6,Residencial Norte,2694682.37982,0
9224,Fresno europeo,28/02/2011 10:51,Medio (4 - 8 mts),60,Mediano,-68.849548967,-32.8650496056,6,Residencial Norte,2694682.37982,0
24203,Paraiso sombrilla,26/01/2011 12:16,Medio (4 - 8 mts),120,Grande,-68.8449734204,-32.9014614472,2,Barrio Civico,2366816.36021,0
31001,Acer,10/02/2011 12:36,Medio (4 - 8 mts),66,Grande,-68.8551031004,-32.864493281,6,Residencial Norte,2694682.37982,0
11902,Paraiso,03/03/2011 09:32,Alto (> 8 mts),190,Grande,-68.8506739344,-32.8663373081,6,Residencial Norte,2694682.37982,0
20358,Morera,26/05/2011 09:46,Alto (> 8 mts),130,Grande,-68.8606140292,-32.8939167474,5,Residencial Sur,2423808.92355,0
26010,Morera,09/11/2011 17:34,Medio (4 - 8 mts),160,Grande,-68.8326114828,-32.8872815739,3,Parque O'Higgins,1531146.02653,0
25222,Paraiso,09/02/2011 09:45,Medio (4 - 8 mts),56,Mediano,-68.8372290926,-32.8977304317,2,Barrio Civico,2366816.36021,0
14797,Prunas,05/12/2011 18:15,Bajo (2 - 4 mts),18,Chico,-68.8797685264,-32.868716369,8,Aeroparque,2203364.73622,0
13592,Paraiso,01/03/2011 11:41,Alto (> 8 mts),110,Grande,-68.8512433062,-32.8654580519,6,Residencial Norte,2694682.37982,0
35439,Fresno europeo,23/03/2011 10:33,Alto (> 8 mts),112,Grande,-68.8552464989,-32.8819740504,6,Residencial Norte,2694682.37982,0
9096,Fresno europeo,17/02/2011 10:49,Medio (4 - 8 mts),50,Mediano,-68.854163019,-32.8665561168,6,Residencial Norte,2694682.37982,0
20148,Alamo criollo,16/05/2011 10:24,Alto (> 8 mts),185,Grande,-68.8619033046,-32.8910898612,5,Residencial Sur,2423808.92355,0
11898,Paraiso,03/03/2011 09:38,Alto (> 8 mts),146,Grande,-68.850899145,-32.8663535349,6,Residencial Norte,2694682.37982,1
37153,Morera,07/04/2011 11:10,Alto (> 8 mts),140,Grande,-68.8585392225,-32.8788569668,7,Residencial Parque,1786336.08966,0
42138,Braquiquito,04/05/2011 11:17,Medio (4 - 8 mts),65,Grande,-68.8411971151,-32.8768036507,1,Parque Central,1655357.93265,0
6830,Morera,24/05/2011 10:07,Alto (> 8 mts),113,Grande,-68.8618992996,-32.8943201862,5,Residencial Sur,2423808.92355,0
27334,Morera,25/10/2011 09:05,Medio (4 - 8 mts),100,Grande,-68.835588935,-32.890755137,3,Parque O'Higgins,1531146.02653,1
46457,Morera,17/08/2011 13:36,Muy bajo (1 - 2 mts),8,Chico,-68.8319780023,-32.8683398482,4,Cuarta Oeste,1173332.70145,0
13784,Morera,26/01/2011 12:00,Alto (> 8 mts),160,Grande,-68.849626173,-32.8642410175,6,Residencial Norte,2694682.37982,0
6288,Morera,30/06/2011 09:57,Medio (4 - 8 mts),73,Grande,-68.8617364366,-32.8896772406,5,Residencial Sur,2423808.92355,0
7153,Caducifolio,14/06/2011 15:15,Muy bajo (1 - 2 mts),3,Chico,-68.8537289004,-32.8976746573,5,Residencial Sur,2423808.92355,0
25015,Ailanthus,15/02/2011 09:42,Alto (> 8 mts),140,Grande,-68.8349336814,-32.8964088673,2,Barrio Civico,2366816.36021,0
7485,Morera,17/06/2011 09:58,Alto (> 8 mts),150,Grande,-68.8617995426,-32.8994040316,5,Residencial Sur,2423808.92355,1
33631,Morera,16/05/2011 12:03,Alto (> 8 mts),153,Grande,-68.8552947464,-32.8875969703,5,Residencial Sur,2423808.92355,0
41960,Morera,19/04/2011 10:29,Alto (> 8 mts),60,Mediano,-68.8390161951,-32.8791517519,1,Parque Central,1655357.93265,0
2361,Morera,03/11/2011 16:24,Medio (4 - 8 mts),160,Grande,-68.834236434,-32.8872334671,3,Parque O'Higgins,1531146.02653,1
3038,Morera,15/09/2011 12:31,Alto (> 8 mts),307,Grande,-68.8278946755,-32.8721034307,4,Cuarta Este Área Fundacional,1822015.85685,0
20815,Morera,30/05/2011 11:12,Alto (> 8 mts),120,Grande,-68.862084744,-32.8956787732,5,Residencial Sur,2423808.92355,0
23067,Morera,15/06/2011 19:46,Alto (> 8 mts),132,Grande,-68.8609903292,-32.9016590826,5,Residencial Sur,2423808.92355,0
11193,Paraiso,27/01/2011 10:04,Bajo (2 - 4 mts),30,Mediano,-68.8446948578,-32.9009868532,2,Barrio Civico,2366816.36021,0
7360,Paraiso,24/06/2011 09:29,Medio (4 - 8 mts),41,Mediano,-68.8613756676,-32.901209329,5,Residencial Sur,2423808.92355,0
33546,Morera,30/05/2011 10:51,Alto (> 8 mts),146,Grande,-68.8548088159,-32.8879057587,5,Residencial Sur,2423808.92355,0
45268,Fresno europeo,16/09/2011 10:26,Medio (4 - 8 mts),106,Grande,-68.8235615413,-32.8712793179,4,Cuarta Este Área Fundacional,1822015.85685,0
29868,Platano,14/03/2011 08:36,Alto (> 8 mts),195,Grande,-68.8423815371,-32.8921235674,2,Barrio Civico,2366816.36021,0
7535,Fresno europeo,14/06/2011 18:04,Bajo (2 - 4 mts),50,Mediano,-68.8595031547,-32.8822932147,7,Residencial Parque,1786336.08966,0
10454,Acacia SP,10/03/2011 09:44,Alto (> 8 mts),150,Grande,-68.8561381592,-32.8730497783,6,Residencial Norte,2694682.37982,0
44310,Fresno europeo,12/10/2011 17:33,Muy bajo (1 - 2 mts),10,Chico,-68.8357804047,-32.8810472317,1,Parque Central,1655357.93265,0
41225,Morera,15/04/2011 13:21,Muy bajo (1 - 2 mts),2,Chico,-68.8385210637,-32.8818023754,1,Parque Central,1655357.93265,0
4463,Paraiso,03/08/2011 08:51,Medio (4 - 8 mts),115,Grande,-68.8376304175,-32.8682569057,4,Cuarta Oeste,1173332.70145,0
13730,Fresno americano,28/01/2011 08:53,Medio (4 - 8 mts),100,Grande,-68.8498166037,-32.8633801948,6,Residencial Norte,2694682.37982,0
35231,Paraiso,22/03/2011 13:09,Alto (> 8 mts),110,Grande,-68.853873682,-32.8816150229,6,Residencial Norte,2694682.37982,0
29732,Ligustro,15/03/2011 09:31,Alto (> 8 mts),56,Mediano,-68.8412750798,-32.892889599,2,Barrio Civico,2366816.36021,0
36730,Fresno europeo,09/06/2011 13:32,Bajo (2 - 4 mts),44,Mediano,-68.8588858451,-32.8814193807,7,Residencial Parque,1786336.08966,0
5697,Morera,29/04/2011 14:11,Alto (> 8 mts),170,Grande,-68.8392517953,-32.8746562615,1,Parque Central,1655357.93265,0
42746,Fresno americano,26/09/2011 10:20,Medio (4 - 8 mts),140,Grande,-68.8272874252,-32.877911968,4,Cuarta Este Área Fundacional,1822015.85685,1
41297,Fresno europeo,11/04/2011 10:21,Medio (4 - 8 mts),83,Grande,-68.8400195214,-32.8819365649,1,Parque Central,1655357.93265,0
15494,Paraiso,22/11/2011 12:10,Bajo (2 - 4 mts),42,Mediano,-68.860291771000007,-32.8717280137,7,Residencial Parque,1786336.08966,1
43137,Morera,05/10/2011 11:33,Bajo (2 - 4 mts),42,Mediano,-68.8305711699,-32.8801069624,4,Cuarta Este Área Fundacional,1822015.85685,0
28250,Morera,28/02/2011 16:43,Alto (> 8 mts),132,Grande,-68.8481529272,-32.8930596967,2,Barrio Civico,2366816.36021,1
15121,Fresno americano,18/11/2011 08:58,Bajo (2 - 4 mts),45,Mediano,-68.8590780175,-32.8692230439,6,Residencial Norte,2694682.37982,0
4949,Fresno americano,14/07/2011 12:32,Medio (4 - 8 mts),66,Grande,-68.8439104231,-32.8684934786,4,Cuarta Oeste,1173332.70145,0
15288,Paraiso sombrilla,18/11/2011 11:56,Bajo (2 - 4 mts),28,Mediano,-68.8599881191,-32.8705292094,6,Residencial Norte,2694682.37982,0
41445,Platano,07/04/2011 12:50,Alto (> 8 mts),160,Grande,-68.8410636172,-32.8814598889,1,Parque Central,1655357.93265,0
44645,Morera,25/08/2011 12:43,Alto (> 8 mts),180,Grande,-68.8230213833,-32.8665770196,4,Cuarta Este Área Fundacional,1822015.85685,0
43226,Platano,04/10/2011 09:16,Alto (> 8 mts),310,Grande,-68.8349812617,-32.8790441514,1,Parque Central,1655357.93265,0
10669,Fresno americano,22/03/2011 13:00,Medio (4 - 8 mts),44,Mediano,-68.8525592017,-32.8755558098,6,Residencial Norte,2694682.37982,0
37085,Morera,06/04/2011 09:31,Bajo (2 - 4 mts),34,Mediano,-68.8578084095,-32.8763697885,7,Residencial Parque,1786336.08966,0
17457,Morera,29/07/2011 09:17,Alto (> 8 mts),175,Grande,-68.8356305678,-32.8669848514,4,Cuarta Oeste,1173332.70145,0
45293,Fresno europeo,16/09/2011 09:28,Muy bajo (1 - 2 mts),2,Chico,-68.8243275016,-32.8721291612,4,Cuarta Este Área Fundacional,1822015.85685,0
5825,Paraiso,03/05/2011 11:14,Medio (4 - 8 mts),91,Grande,-68.8431699509,-32.8743570778,1,Parque Central,1655357.93265,0
19999,Morera,11/08/2011 10:51,Alto (> 8 mts),133,Grande,-68.8344817224,-32.8667219354,4,Cuarta Oeste,1173332.70145,1
5956,Morera,02/05/2011 11:14,Alto (> 8 mts),160,Grande,-68.8448234409,-32.8754406692,1,Parque Central,1655357.93265,0
37456,Fresno europeo,05/01/2011 14:46,Alto (> 8 mts),200,Grande,-68.8580845552,-32.8707851195,6,Residencial Norte,2694682.37982,0
37909,Paraiso,18/11/2010 11:03,Alto (> 8 mts),180,Grande,-68.8497514869,-32.8738654943,6,Residencial Norte,2694682.37982,0
30108,Platano,26/04/2011 10:02,Medio (4 - 8 mts),130,Grande,-68.8413312723,-32.8875104235,3,Parque O'Higgins,1531146.02653,0
39183,Fresno europeo,25/11/2010 09:23,Muy bajo (1 - 2 mts),25,Mediano,-68.8542713099,-32.8729343421,6,Residencial Norte,2694682.37982,0
6680,Ailanthus,10/05/2011 10:42,Alto (> 8 mts),175,Grande,-68.8515092432,-32.8946272857,5,Residencial Sur,2423808.92355,0
20564,Fresno europeo,02/06/2011 14:05,Muy bajo (1 - 2 mts),5,Chico,-68.8582346986,-32.8976882804,5,Residencial Sur,2423808.92355,0
29285,Platano,22/02/2011 13:36,Alto (> 8 mts),226,Grande,-68.8429222553,-32.8878012023,3,Parque O'Higgins,1531146.02653,0
9897,Fresno europeo,14/02/2011 09:41,Medio (4 - 8 mts),50,Mediano,-68.857206984,-32.8647263582,6,Residencial Norte,2694682.37982,0
7012,Fresno americano,10/06/2011 09:55,Bajo (2 - 4 mts),25,Mediano,-68.8540283102,-32.8982506853,5,Residencial Sur,2423808.92355,0
761,Aguaribay,15/12/2011 07:49,Alto (> 8 mts),95,Grande,-68.8804810282,-32.8670852935,8,Aeroparque,2203364.73622,1
44599,Fresno americano,19/10/2011 10:35,Alto (> 8 mts),175,Grande,-68.8349969906,-32.8859454566,3,Parque O'Higgins,1531146.02653,0
13829,Paraiso sombrilla,25/01/2011 09:58,Muy bajo (1 - 2 mts),6,Chico,-68.8491620237,-32.8633643517,6,Residencial Norte,2694682.37982,0
40867,Platano,26/04/2011 15:57,Alto (> 8 mts),158,Grande,-68.8379495217,-32.8846592662,3,Parque O'Higgins,1531146.02653,1
728,Perenne,17/12/2011 09:59,Muy bajo (1 - 2 mts),12,Chico,-68.8812401865,-32.8724939026,8,Aeroparque,2203364.73622,0
10415,Perenne,23/03/2011 10:44,Bajo (2 - 4 mts),120,Grande,-68.8523419649,-32.8820999109,1,Parque Central,1655357.93265,0
39816,Fresno americano,29/04/2011 10:37,Medio (4 - 8 mts),100,Grande,-68.847115086,-32.883829382,1,Parque Central,1655357.93265,0
35978,Paraiso,22/03/2011 10:15,Alto (> 8 mts),135,Grande,-68.8551094463,-32.8757673562,6,Residencial Norte,2694682.37982,0
38369,Prunas,05/11/2010 11:11,Bajo (2 - 4 mts),46,Mediano,-68.8528197844,-32.8702575996,6,Residencial Norte,2694682.37982,0
36826,Platano,07/04/2011 11:50,Alto (> 8 mts),180,Grande,-68.8585428908,-32.8803627356,7,Residencial Parque,1786336.08966,1
16216,Paraiso,22/07/2011 11:15,Bajo (2 - 4 mts),70,Grande,-68.8428638025,-32.8629096473,4,Cuarta Oeste,1173332.70145,0
32416,Morera,24/05/2011 10:44,Muy bajo (1 - 2 mts),4,Chico,-68.8506857958,-32.8886621313,5,Residencial Sur,2423808.92355,0
24717,Platano,17/02/2011 11:11,Alto (> 8 mts),285,Grande,-68.8415162026,-32.8991898107,2,Barrio Civico,2366816.36021,0
23499,Morera,21/01/2011 13:36,Alto (> 8 mts),138,Grande,-68.8480132606,-32.9028729849,2,Barrio Civico,2366816.36021,0
2331,Fresno europeo,25/10/2011 08:58,Medio (4 - 8 mts),27,Mediano,-68.8331612981,-32.8887988718,3,Parque O'Higgins,1531146.02653,0
46649,Morera,05/09/2011 08:40,Muy bajo (1 - 2 mts),2,Chico,-68.8308781067,-32.8698357106,4,Cuarta Este Área Fundacional,1822015.85685,0
17305,Fresno europeo,04/08/2011 10:04,Medio (4 - 8 mts),15,Chico,-68.835635802,-32.8654540943,4,Cuarta Oeste,1173332.70145,0
31962,Morera,02/06/2011 13:14,Medio (4 - 8 mts),150,Grande,-68.8601962687,-32.8836253607,7,Residencial Parque,1786336.08966,1
13881,Aguaribay,16/12/2011 12:27,Bajo (2 - 4 mts),100,Grande,-68.8761120301,-32.8684138326,8,Aeroparque,2203364.73622,0
32110,Morera,09/05/2011 12:24,Alto (> 8 mts),195,Grande,-68.859447219,-32.8868270623,5,Residencial Sur,2423808.92355,0
12832,Morera,21/01/2011 09:24,Alto (> 8 mts),160,Grande,-68.847521971,-32.8637335312,4,Cuarta Oeste,1173332.70145,0
15715,Paraiso,15/11/2011 12:02,Medio (4 - 8 mts),87,Grande,-68.8609370975,-32.8690082505,7,Residencial Parque,1786336.08966,0
16238,Fresno americano,20/07/2011 09:52,Bajo (2 - 4 mts),20,Chico,-68.8424933802,-32.865391819,4,Cuarta Oeste,1173332.70145,0
40727,Morera,18/04/2011 09:13,Alto (> 8 mts),94,Grande,-68.843171938,-32.8850572574,1,Parque Central,1655357.93265,1
14389,Tilo,02/12/2011 10:24,Bajo (2 - 4 mts),26,Mediano,-68.8781497262,-32.8672138183,8,Aeroparque,2203364.73622,0
28188,Tipa,23/02/2011 15:54,Alto (> 8 mts),120,Grande,-68.8490357667,-32.8919651205,2,Barrio Civico,2366816.36021,0
44721,Paraiso sombrilla,26/08/2011 13:31,Medio (4 - 8 mts),130,Grande,-68.8237207607,-32.8680087264,4,Cuarta Este Área Fundacional,1822015.85685,0
1226,Paraiso,29/11/2011 10:49,Medio (4 - 8 mts),30,Mediano,-68.876727025,-32.8658811189,8,Aeroparque,2203364.73622,0
19261,Platano,03/08/2011 12:18,Alto (> 8 mts),300,Grande,-68.8374803084,-32.8704792603,4,Cuarta Oeste,1173332.70145,0
34905,Platano,28/03/2011 12:38,Alto (> 8 mts),195,Grande,-68.8518425871,-32.8807722502,1,Parque Central,1655357.93265,0
16650,Prunas,19/07/2011 12:15,Medio (4 - 8 mts),20,Chico,-68.8410206571,-32.863617641,4,Cuarta Oeste,1173332.70145,0
45368,Olmo comun,15/09/2011 17:00,Bajo (2 - 4 mts),140,Grande,-68.8234376614,-32.8728889406,4,Cuarta Este Área Fundacional,1822015.85685,0
33660,Morera,16/05/2011 09:31,Alto (> 8 mts),189,Grande,-68.8568724239,-32.8872971617,5,Residencial Sur,2423808.92355,0
41732,Fresno europeo,26/04/2011 09:43,Medio (4 - 8 mts),90,Grande,-68.837386311,-32.8775175709,1,Parque Central,1655357.93265,0
7921,Fresno europeo,10/06/2011 11:54,Alto (> 8 mts),162,Grande,-68.8605670298,-32.8889332277,5,Residencial Sur,2423808.92355,0
20210,Fresno europeo,24/05/2011 13:52,Medio (4 - 8 mts),100,Grande,-68.8603793304,-32.8945952787,5,Residencial Sur,2423808.92355,0
31152,Morera,07/02/2011 13:25,Alto (> 8 mts),170,Grande,-68.8543241356,-32.8634765813,6,Residencial Norte,2694682.37982,0
45240,Fresno americano,29/09/2011 11:36,Muy bajo (1 - 2 mts),2,Chico,-68.8233316864,-32.8733010948,4,Cuarta Este Área Fundacional,1822015.85685,0
43488,Paraiso,10/11/2011 14:27,Bajo (2 - 4 mts),18,Chico,-68.8294014228,-32.8849855811,3,Parque O'Higgins,1531146.02653,0
31774,Platano,27/06/2011 11:42,Alto (> 8 mts),140,Grande,-68.8588281285,-32.8903600445,5,Residencial Sur,2423808.92355,0
39564,Fresno europeo,28/10/2010 11:46,Medio (4 - 8 mts),70,Grande,-68.8500517364,-32.8690234243,6,Residencial Norte,2694682.37982,0
3371,Platano,30/09/2011 14:59,Alto (> 8 mts),200,Grande,-68.8315740458,-32.8764663563,4,Cuarta Este Área Fundacional,1822015.85685,0
43258,Fresno europeo,24/10/2011 08:47,Alto (> 8 mts),100,Grande,-68.8348741163,-32.8798898881,1,Parque Central,1655357.93265,0
6258,Ligustro,13/07/2011 12:31,Bajo (2 - 4 mts),35,Mediano,-68.8515671229,-32.8835790538,1,Parque Central,1655357.93265,0
41581,Braquiquito,05/05/2011 12:07,Bajo (2 - 4 mts),35,Mediano,-68.8411570077,-32.8775434337,1,Parque Central,1655357.93265,0
2047,Morera,14/11/2011 18:06,Alto (> 8 mts),180,Grande,-68.8276887368,-32.8808744605,4,Cuarta Este Área Fundacional,1822015.85685,0
12420,Morera,24/01/2011 09:36,Alto (> 8 mts),197,Grande,-68.8484717184,-32.8666716398,6,Residencial Norte,2694682.37982,0
9082,Acer,18/02/2011 13:35,Medio (4 - 8 mts),44,Mediano,-68.8548197343,-32.8653911457,6,Residencial Norte,2694682.37982,0
30276,Platano,04/03/2011 12:58,Alto (> 8 mts),225,Grande,-68.841754572,-32.8897073518,3,Parque O'Higgins,1531146.02653,0
28928,Platano,28/02/2011 12:36,Alto (> 8 mts),255,Grande,-68.8472805367,-32.8869922337,1,Parque Central,1655357.93265,0
24022,Morera,12/01/2011 13:31,Alto (> 8 mts),220,Grande,-68.844633931,-32.9001504167,2,Barrio Civico,2366816.36021,0
44014,Caducifolio,19/10/2011 10:12,Medio (4 - 8 mts),50,Mediano,-68.83133791,-32.8859687975,3,Parque O'Higgins,1531146.02653,1
35498,Fresno europeo,06/04/2011 11:47,Muy bajo (1 - 2 mts),12,Chico,-68.8559492148,-32.880860609,7,Residencial Parque,1786336.08966,0
34358,Morera,23/03/2011 12:11,Medio (4 - 8 mts),160,Grande,-68.8522171079,-32.8756183489,6,Residencial Norte,2694682.37982,0
35205,Fresno europeo,23/03/2011 10:13,Medio (4 - 8 mts),100,Grande,-68.8522766778,-32.8819008771,1,Parque Central,1655357.93265,0
5635,Platano,02/05/2011 13:52,Medio (4 - 8 mts),42,Mediano,-68.8386125284,-32.8769501644,1,Parque Central,1655357.93265,0
46019,Paraiso,27/09/2011 09:39,Muy bajo (1 - 2 mts),10,Chico,-68.8209367449,-32.8737060168,4,Cuarta Este Área Fundacional,1822015.85685,0
27992,Fresno europeo,31/10/2011 09:05,Medio (4 - 8 mts),57,Mediano,-68.8372468997,-32.8938936848,2,Barrio Civico,2366816.36021,0
41561,Morera,06/05/2011 12:34,Medio (4 - 8 mts),70,Grande,-68.8413361493,-32.8796159322,1,Parque Central,1655357.93265,0
8343,Fresno europeo,14/03/2011 17:59,Muy bajo (1 - 2 mts),16,Chico,-68.8469794152,-32.8935610365,2,Barrio Civico,2366816.36021,0
5140,Acacia SP,08/08/2011 11:01,Medio (4 - 8 mts),20,Chico,-68.8434165904,-32.8697802919,4,Cuarta Oeste,1173332.70145,0
1574,Morera,25/11/2011 09:48,Medio (4 - 8 mts),80,Grande,-68.8734320706,-32.8769493366,7,Residencial Parque,1786336.08966,0
34747,Fresno americano,30/03/2011 12:52,Alto (> 8 mts),107,Grande,-68.8503741804,-32.8786497795,6,Residencial Norte,2694682.37982,0
13301,Paraiso sombrilla,23/02/2011 09:40,Alto (> 8 mts),160,Grande,-68.8483214967,-32.8657220116,6,Residencial Norte,2694682.37982,0
9330,Morera,21/02/2011 09:36,Alto (> 8 mts),180,Grande,-68.8470208923,-32.8652112011,4,Cuarta Oeste,1173332.70145,0
30071,Platano,11/04/2011 15:26,Alto (> 8 mts),162,Grande,-68.8387817545,-32.8863248491,3,Parque O'Higgins,1531146.02653,0
35031,Fresno europeo,23/03/2011 09:47,Alto (> 8 mts),125,Grande,-68.8545504179,-32.8809067429,6,Residencial Norte,2694682.37982,0
43929,Acacia SP,12/10/2011 14:37,Alto (> 8 mts),140,Grande,-68.8324937629,-32.8841107013,3,Parque O'Higgins,1531146.02653,0
31719,Morera,18/05/2011 09:53,Muy bajo (1 - 2 mts),10,Chico,-68.8605645376,-32.8901689016,5,Residencial Sur,2423808.92355,0
44438,Platano,18/10/2011 10:23,Alto (> 8 mts),270,Grande,-68.8373533492,-32.8836571622,3,Parque O'Higgins,1531146.02653,0
27555,Platano,28/10/2011 11:49,Alto (> 8 mts),163,Grande,-68.8397035061,-32.8922168904,2,Barrio Civico,2366816.36021,0
30498,Platano,15/07/2011 10:25,Alto (> 8 mts),202,Grande,-68.8391777854,-32.8894111872,3,Parque O'Higgins,1531146.02653,0
1796,Fresno europeo,25/11/2011 09:13,Medio (4 - 8 mts),40,Mediano,-68.8701663612,-32.8791886658,7,Residencial Parque,1786336.08966,0
37095,Morera,06/04/2011 12:03,Alto (> 8 mts),90,Grande,-68.8582531018,-32.8766910969,7,Residencial Parque,1786336.08966,1
5411,Paraiso sombrilla,19/04/2011 08:53,Medio (4 - 8 mts),100,Grande,-68.8432126486,-32.8785438167,1,Parque Central,1655357.93265,1
3115,Fresno americano,15/09/2011 12:20,Medio (4 - 8 mts),25,Mediano,-68.8304126021,-32.8729359104,4,Cuarta Este Área Fundacional,1822015.85685,0
11741,Morera,02/06/2010 10:59,Medio (4 - 8 mts),100,Grande,-68.8504883961,-32.8676589848,6,Residencial Norte,2694682.37982,0
32215,Morera,10/05/2011 09:46,Medio (4 - 8 mts),160,Grande,-68.8597608777,-32.8856749614,5,Residencial Sur,2423808.92355,0
7467,Fresno europeo,17/06/2011 07:52,Alto (> 8 mts),124,Grande,-68.8623743721,-32.9000522191,5,Residencial Sur,2423808.92355,0
5963,Morera,05/05/2011 09:35,Medio (4 - 8 mts),48,Mediano,-68.8480695971,-32.8840374584,1,Parque Central,1655357.93265,0
15313,Morera,17/11/2011 12:50,Medio (4 - 8 mts),90,Grande,-68.8592866612,-32.8705640573,6,Residencial Norte,2694682.37982,0
20449,Platano,17/05/2011 10:05,Alto (> 8 mts),168,Grande,-68.8613131514,-32.892658944,5,Residencial Sur,2423808.92355,0
9869,Fresno europeo,09/02/2011 11:39,Medio (4 - 8 mts),55,Mediano,-68.8570834132,-32.8661265643,6,Residencial Norte,2694682.37982,0
34243,Morera,23/03/2011 09:21,Bajo (2 - 4 mts),64,Grande,-68.8529668881,-32.875115907,6,Residencial Norte,2694682.37982,0
13269,Acacia SP,23/02/2011 12:28,Medio (4 - 8 mts),120,Grande,-68.8476783602,-32.8647459919,6,Residencial Norte,2694682.37982,0
16101,Platano,15/07/2011 10:57,Alto (> 8 mts),132,Grande,-68.8448392338,-32.8714983053,6,Residencial Norte,2694682.37982,0
43168,Morera,04/10/2011 11:28,Bajo (2 - 4 mts),30,Mediano,-68.8309034624,-32.8800153186,4,Cuarta Este Área Fundacional,1822015.85685,0
32912,Fresno americano,19/05/2011 10:54,Medio (4 - 8 mts),120,Grande,-68.8503367437,-32.8864433714,5,Residencial Sur,2423808.92355,0
18117,Morera,28/07/2011 09:46,Alto (> 8 mts),210,Grande,-68.8411996876,-32.8697870111,4,Cuarta Oeste,1173332.70145,0
24116,Fresno europeo,11/01/2011 08:44,Medio (4 - 8 mts),40,Mediano,-68.8470522005,-32.9023914828,2,Barrio Civico,2366816.36021,0
12271,Morera,10/01/2011 10:28,Alto (> 8 mts),180,Grande,-68.8451789903,-32.8672561967,4,Cuarta Oeste,1173332.70145,0
29439,Morera,09/03/2011 18:40,Alto (> 8 mts),168,Grande,-68.8456822222,-32.8927934586,2,Barrio Civico,2366816.36021,1
6806,Morera,26/05/2011 13:10,Bajo (2 - 4 mts),40,Mediano,-68.8605095126,-32.8942106426,5,Residencial Sur,2423808.92355,0
37685,Fresno europeo,24/02/2012 08:45,Medio (4 - 8 mts),60,Mediano,-68.8521637008,-32.8724511758,6,Residencial Norte,2694682.37982,0
48302,Fresno americano,19/08/2011 11:20,Bajo (2 - 4 mts),44,Mediano,-68.8286227834,-32.868662788499996,4,Cuarta Este Área Fundacional,1822015.85685,0
35812,Morera,04/03/2011 09:10,Alto (> 8 mts),135,Grande,-68.8535465126,-32.8737236484,6,Residencial Norte,2694682.37982,0
32757,Fresno americano,17/05/2011 09:30,Medio (4 - 8 mts),70,Grande,-68.852094513,-32.8861608128,5,Residencial Sur,2423808.92355,0
10545,Morera,18/03/2011 13:17,Alto (> 8 mts),70,Grande,-68.8561158819,-32.8750221643,6,Residencial Norte,2694682.37982,0
12266,Morera,10/01/2011 11:28,Alto (> 8 mts),190,Grande,-68.8446364357,-32.8671480051,4,Cuarta Oeste,1173332.70145,0
39661,Paraiso,22/10/2010 09:36,Muy bajo (1 - 2 mts),10,Chico,-68.8470044366,-32.8686749879,6,Residencial Norte,2694682.37982,0
37773,Fresno europeo,25/01/2012 08:44,Alto (> 8 mts),115,Grande,-68.8493372871,-32.8724967656,6,Residencial Norte,2694682.37982,0
14066,Paraiso,02/12/2011 10:50,Bajo (2 - 4 mts),25,Mediano,-68.8761600989,-32.8680045548,8,Aeroparque,2203364.73622,0
41928,Morera,20/04/2011 09:32,Medio (4 - 8 mts),30,Mediano,-68.8379306504,-32.8795973192,1,Parque Central,1655357.93265,0
12833,Fresno europeo,21/01/2011 09:15,Medio (4 - 8 mts),70,Grande,-68.8475287268,-32.8638102097,4,Cuarta Oeste,1173332.70145,0
35864,Morera,28/03/2011 13:46,Alto (> 8 mts),180,Grande,-68.8526673086,-32.875664906,6,Residencial Norte,2694682.37982,0
22810,Fresno americano,14/06/2011 12:25,Medio (4 - 8 mts),36,Mediano,-68.8591739313,-32.9023107753,5,Residencial Sur,2423808.92355,0
6446,Fresno europeo,24/05/2011 13:13,Muy bajo (1 - 2 mts),2,Chico,-68.851134946,-32.8887577962,5,Residencial Sur,2423808.92355,0
19113,Fresno europeo,27/07/2011 08:55,Bajo (2 - 4 mts),25,Mediano,-68.8411549944,-32.871422103,4,Cuarta Oeste,1173332.70145,0
17456,Morera,29/07/2011 09:18,Alto (> 8 mts),180,Grande,-68.8355340031,-32.8669808472,4,Cuarta Oeste,1173332.70145,0
2873,Alamo blanco,09/09/2011 11:07,Alto (> 8 mts),88,Grande,-68.8312149905,-32.8708419612,4,Cuarta Este Área Fundacional,1822015.85685,0
23404,Morera,27/01/2011 19:21,Alto (> 8 mts),140,Grande,-68.8500196413,-32.9014895104,2,Barrio Civico,2366816.36021,1
514,Morera,08/03/2012 18:41,Alto (> 8 mts),160,Grande,-68.8203358788,-32.868587767,4,Cuarta Este Área Fundacional,1822015.85685,0
12752,Morera,24/01/2011 13:16,Medio (4 - 8 mts),104,Grande,-68.8480962046,-32.8643045737,6,Residencial Norte,2694682.37982,0
45904,Olmo comun,25/08/2011 12:54,Bajo (2 - 4 mts),86,Grande,-68.8190477655,-32.868880319,4,Cuarta Este Área Fundacional,1822015.85685,0
34388,Morera,28/03/2011 09:19,Alto (> 8 mts),208,Grande,-68.8505317069,-32.874962438,6,Residencial Norte,2694682.37982,0
45111,Morera,31/08/2011 16:00,Alto (> 8 mts),120,Grande,-68.8255682055,-32.8702063247,4,Cuarta Este Área Fundacional,1822015.85685,0
46610,Morera,05/09/2011 10:00,Alto (> 8 mts),185,Grande,-68.8318218643,-32.8694716218,4,Cuarta Este Área Fundacional,1822015.85685,0
2000,Ailanthus,14/11/2011 13:03,Alto (> 8 mts),58,Mediano,-68.8319161685,-32.8937893931,3,Parque O'Higgins,1531146.02653,0
11795,Paraiso,02/03/2011 10:15,Alto (> 8 mts),188,Grande,-68.8511238547,-32.8649570578,6,Residencial Norte,2694682.37982,0
27858,Platano,07/11/2011 08:32,Alto (> 8 mts),190,Grande,-68.8346526332,-32.8933916194,3,Parque O'Higgins,1531146.02653,1
9820,Prunas,11/01/2011 13:57,Bajo (2 - 4 mts),40,Mediano,-68.8439517227,-32.8635384519,4,Cuarta Oeste,1173332.70145,0
34038,Fresno europeo,27/05/2011 10:42,Bajo (2 - 4 mts),100,Grande,-68.8549435793,-32.8850996875,5,Residencial Sur,2423808.92355,0
27279,Platano,31/10/2011 09:18,Alto (> 8 mts),190,Grande,-68.8347877797,-32.8898251533,3,Parque O'Higgins,1531146.02653,0
36405,Paraiso,21/03/2011 11:46,Alto (> 8 mts),126,Grande,-68.8522881449,-32.879046401,6,Residencial Norte,2694682.37982,0
10061,Morera,26/10/2010 09:28,Alto (> 8 mts),160,Grande,-68.8486396947,-32.8696086386,6,Residencial Norte,2694682.37982,1
26262,Acacia SP,25/10/2011 10:52,Alto (> 8 mts),120,Grande,-68.8303582608,-32.8892728937,3,Parque O'Higgins,1531146.02653,0
20257,Paraiso,17/05/2011 10:26,Alto (> 8 mts),155,Grande,-68.8598554636,-32.8925943808,5,Residencial Sur,2423808.92355,0
19784,Fresno americano,10/08/2011 12:02,Alto (> 8 mts),143,Grande,-68.8339556668,-32.8695051299,4,Cuarta Oeste,1173332.70145,0
4158,Perenne,03/10/2011 10:40,Bajo (2 - 4 mts),18,Chico,-68.8314779198,-32.877786752,4,Cuarta Este Área Fundacional,1822015.85685,0
46459,Morera,16/08/2011 13:33,Alto (> 8 mts),110,Grande,-68.8319115175,-32.8682970293,4,Cuarta Oeste,1173332.70145,0
3309,Morera,26/09/2011 08:27,Alto (> 8 mts),128,Grande,-68.8293082501,-32.8764009391,4,Cuarta Este Área Fundacional,1822015.85685,0
8809,Olmo bola,03/02/2011 09:26,Medio (4 - 8 mts),120,Grande,-68.8548884557,-32.8667643899,6,Residencial Norte,2694682.37982,0
44163,Fresno americano,26/09/2011 11:54,Alto (> 8 mts),195,Grande,-68.8350105158,-32.8775004915,1,Parque Central,1655357.93265,0
40419,Platano,12/04/2011 09:54,Alto (> 8 mts),235,Grande,-68.8443056726,-32.8834580275,1,Parque Central,1655357.93265,0
21860,Morera,07/06/2011 09:30,Alto (> 8 mts),138,Grande,-68.858133844,-32.8958340878,5,Residencial Sur,2423808.92355,0
9274,Paraiso,23/02/2011 12:37,Alto (> 8 mts),150,Grande,-68.8476795883,-32.864859432,6,Residencial Norte,2694682.37982,0
6397,Acer,17/05/2011 13:04,Medio (4 - 8 mts),34,Mediano,-68.8535238603,-32.8871646231,5,Residencial Sur,2423808.92355,0
27634,Morera,07/11/2011 10:01,Medio (4 - 8 mts),145,Grande,-68.8378010283,-32.8952855577,2,Barrio Civico,2366816.36021,1
5496,Platano,08/04/2011 13:01,Alto (> 8 mts),180,Grande,-68.8437328277,-32.881280692,1,Parque Central,1655357.93265,0
42362,Morera,29/09/2011 10:37,Alto (> 8 mts),150,Grande,-68.8346954237,-32.8754683801,4,Cuarta Este Área Fundacional,1822015.85685,0
30165,Platano,31/03/2011 15:48,Alto (> 8 mts),88,Grande,-68.8401355499,-32.8878852119,3,Parque O'Higgins,1531146.02653,0
1841,Paraiso,17/11/2011 13:08,Bajo (2 - 4 mts),66,Grande,-68.8586206477,-32.8717537767,6,Residencial Norte,2694682.37982,0
36523,Morera,06/04/2011 10:04,Alto (> 8 mts),132,Grande,-68.8567938968,-32.8785734729,6,Residencial Norte,2694682.37982,0
19576,Morera,14/07/2011 10:21,Alto (> 8 mts),210,Grande,-68.8377299986,-32.8724242681,4,Cuarta Oeste,1173332.70145,0
31436,Fresno europeo,14/07/2011 09:14,Medio (4 - 8 mts),107,Grande,-68.8489707626,-32.8852386916,1,Parque Central,1655357.93265,0
4540,Ailanthus,29/07/2011 17:52,Medio (4 - 8 mts),50,Mediano,-68.8401001506,-32.8674681951,4,Cuarta Oeste,1173332.70145,0
26792,Morera,01/11/2011 09:31,Medio (4 - 8 mts),45,Mediano,-68.8345031894,-32.8939279241,3,Parque O'Higgins,1531146.02653,0
41365,Platano,25/04/2011 14:56,Muy bajo (1 - 2 mts),9,Chico,-68.8423834411,-32.8831705444,1,Parque Central,1655357.93265,0
46450,Morera,17/08/2011 13:32,Alto (> 8 mts),170,Grande,-68.8325647619,-32.8680523559,4,Cuarta Oeste,1173332.70145,0
44182,Morera,17/10/2011 10:28,Alto (> 8 mts),150,Grande,-68.8339880391,-32.8830936913,3,Parque O'Higgins,1531146.02653,1
22455,Morera,24/06/2011 10:40,Alto (> 8 mts),150,Grande,-68.8611128248,-32.8985752574,5,Residencial Sur,2423808.92355,0
47058,Morera,09/09/2011 16:07,Alto (> 8 mts),145,Grande,-68.83083839,-32.8719463928,4,Cuarta Este Área Fundacional,1822015.85685,1
34820,Morera,29/03/2011 12:21,Alto (> 8 mts),170,Grande,-68.8523646252,-32.8758420529,6,Residencial Norte,2694682.37982,0
21818,Platano,13/05/2011 09:48,Alto (> 8 mts),190,Grande,-68.8557650768,-32.8943274692,5,Residencial Sur,2423808.92355,0
17216,Morera,12/08/2011 10:07,Alto (> 8 mts),205,Grande,-68.8357419086,-32.8636767691,4,Cuarta Oeste,1173332.70145,0
23764,Acer,24/01/2011 13:23,Medio (4 - 8 mts),82,Grande,-68.8495318261,-32.8997193575,2,Barrio Civico,2366816.36021,0
20803,Olmo comun,01/06/2011 12:26,Alto (> 8 mts),115,Grande,-68.8629772833,-32.8961537409,5,Residencial Sur,2423808.92355,0
36442,Morera,18/03/2011 12:20,Alto (> 8 mts),111,Grande,-68.8522073962,-32.8800542182,6,Residencial Norte,2694682.37982,0
22368,Fresno europeo,16/06/2011 09:52,Medio (4 - 8 mts),80,Grande,-68.8594853885,-32.8985287153,5,Residencial Sur,2423808.92355,0
35997,Morera,21/03/2011 11:41,Alto (> 8 mts),185,Grande,-68.8558233382,-32.8751143628,6,Residencial Norte,2694682.37982,0
54,Morera,01/03/2012 08:13,Medio (4 - 8 mts),180,Grande,-68.8563977544,-32.8968842892,5,Residencial Sur,2423808.92355,0
47939,Olmo comun,31/08/2011 11:20,Alto (> 8 mts),312,Grande,-68.8278854945,-32.8701231521,4,Cuarta Este Área Fundacional,1822015.85685,0
32341,Platano,09/05/2011 11:14,Alto (> 8 mts),180,Grande,-68.8525964716,-32.892661319,5,Residencial Sur,2423808.92355,0
18933,Morera,01/08/2011 10:00,Alto (> 8 mts),120,Grande,-68.8415259236,-32.8698839584,4,Cuarta Oeste,1173332.70145,0
20491,Morera,01/06/2011 12:49,Alto (> 8 mts),150,Grande,-68.8599471484,-32.8980374513,5,Residencial Sur,2423808.92355,0
40365,Platano,11/04/2011 10:01,Alto (> 8 mts),190,Grande,-68.8446852345,-32.8827553217,1,Parque Central,1655357.93265,0
37791,Paraiso,24/02/2012 08:14,Medio (4 - 8 mts),130,Grande,-68.849103236,-32.873173406,6,Residencial Norte,2694682.37982,0
177,Fresno europeo,26/02/2012 19:44,Bajo (2 - 4 mts),40,Mediano,-68.8570554083,-32.8646059999,6,Residencial Norte,2694682.37982,0
24645,Morera,17/01/2011 11:17,Alto (> 8 mts),140,Grande,-68.8431818257,-32.9001914342,2,Barrio Civico,2366816.36021,1
1923,Alamo blanco,18/11/2011 14:25,Medio (4 - 8 mts),38,Mediano,-68.8594923005,-32.8717713986,6,Residencial Norte,2694682.37982,0
22961,Fresno europeo,02/06/2011 12:50,Bajo (2 - 4 mts),32,Mediano,-68.8560285633,-32.8994610081,5,Residencial Sur,2423808.92355,0
23152,Prunas,10/01/2011 16:57,Bajo (2 - 4 mts),35,Mediano,-68.8479033734,-32.9029390353,2,Barrio Civico,2366816.36021,0
28426,Platano,28/02/2011 10:33,Alto (> 8 mts),200,Grande,-68.8460634977,-32.8901217878,2,Barrio Civico,2366816.36021,0
17624,Morera,19/07/2011 19:24,Medio (4 - 8 mts),94,Grande,-68.8430317778,-32.8669606334,4,Cuarta Oeste,1173332.70145,0
9409,Paraiso sombrilla,14/02/2011 12:45,Bajo (2 - 4 mts),56,Mediano,-68.8564786513,-32.8649233405,6,Residencial Norte,2694682.37982,0
31804,Morera,03/01/2012 10:30,Medio (4 - 8 mts),100,Grande,-68.8600779675,-32.8893811379,5,Residencial Sur,2423808.92355,0
27000,Platano,02/11/2011 16:42,Alto (> 8 mts),170,Grande,-68.8354211254,-32.8871274572,3,Parque O'Higgins,1531146.02653,0
35247,Fresno americano,22/03/2011 11:16,Medio (4 - 8 mts),88,Grande,-68.8533139128,-32.8823419437,1,Parque Central,1655357.93265,0
2950,Morera,20/09/2011 12:02,Alto (> 8 mts),120,Grande,-68.8320104362,-32.8734380844,4,Cuarta Este Área Fundacional,1822015.85685,0
35695,Morera,17/03/2011 12:51,Medio (4 - 8 mts),140,Grande,-68.8548804949,-32.874889923,6,Residencial Norte,2694682.37982,0
19529,Morera,26/07/2011 10:55,Alto (> 8 mts),200,Grande,-68.8370461758,-32.8712405369,4,Cuarta Oeste,1173332.70145,0
39842,Morera,02/05/2011 10:48,Alto (> 8 mts),180,Grande,-68.8443855358,-32.8737379249,1,Parque Central,1655357.93265,0
7815,Fresno europeo,11/05/2011 10:20,Medio (4 - 8 mts),100,Grande,-68.8580577462,-32.8850030042,5,Residencial Sur,2423808.92355,0
30164,Platano,31/03/2011 15:11,Alto (> 8 mts),92,Grande,-68.8401933474,-32.8880799069,3,Parque O'Higgins,1531146.02653,0
37040,Platano,05/04/2011 11:04,Alto (> 8 mts),114,Grande,-68.8573165647,-32.8758930646,6,Residencial Norte,2694682.37982,0
39509,Paraiso,10/11/2010 10:39,Medio (4 - 8 mts),160,Grande,-68.8544979593,-32.8693882435,6,Residencial Norte,2694682.37982,0
22255,Fresno europeo,14/06/2011 10:23,Alto (> 8 mts),136,Grande,-68.8565992591,-32.8969992777,5,Residencial Sur,2423808.92355,0
6747,Prunas,16/05/2011 09:21,Muy bajo (1 - 2 mts),7,Chico,-68.858597962,-32.8938120771,5,Residencial Sur,2423808.92355,0
3049,Morera,16/09/2011 13:45,Alto (> 8 mts),105,Grande,-68.8268130879,-32.8731851147,4,Cuarta Este Área Fundacional,1822015.85685,0
10670,Paraiso,28/03/2011 12:25,Alto (> 8 mts),200,Grande,-68.8521074844,-32.874876568,6,Residencial Norte,2694682.37982,0
2789,Jacaranda,20/10/2011 17:11,Bajo (2 - 4 mts),28,Mediano,-68.8351737105,-32.8802491931,1,Parque Central,1655357.93265,1
228,Platano,06/03/2012 09:41,Alto (> 8 mts),180,Grande,-68.8380639089,-32.8700831815,4,Cuarta Oeste,1173332.70145,0
12070,Fresno europeo,02/02/2010 12:46,Bajo (2 - 4 mts),73,Grande,-68.8526150739,-32.8680650584,6,Residencial Norte,2694682.37982,0
38269,Paraiso,02/12/2010 09:58,Medio (4 - 8 mts),95,Grande,-68.8462816628,-32.8722104183,6,Residencial Norte,2694682.37982,0
35539,Morera,16/06/2011 14:47,Bajo (2 - 4 mts),20,Chico,-68.8568094183,-32.8821276044,7,Residencial Parque,1786336.08966,0
46096,Paraiso,05/10/2011 11:57,Medio (4 - 8 mts),120,Grande,-68.8246039352,-32.874797663,4,Cuarta Este Área Fundacional,1822015.85685,0
313,Fresno europeo,05/03/2012 12:52,Medio (4 - 8 mts),35,Mediano,-68.8218158077,-32.8671278738,4,Cuarta Este Área Fundacional,1822015.85685,0
9824,Morera,12/01/2011 11:28,Alto (> 8 mts),130,Grande,-68.8447366213,-32.8634243036,4,Cuarta Oeste,1173332.70145,0
42614,Morera,29/09/2011 10:20,Alto (> 8 mts),180,Grande,-68.8286597985,-32.8766384106,4,Cuarta Este Área Fundacional,1822015.85685,0
10908,Morera,18/03/2011 09:58,Medio (4 - 8 mts),34,Mediano,-68.854094778,-32.8796935108,6,Residencial Norte,2694682.37982,0
12121,Paraiso,20/01/2011 11:13,Alto (> 8 mts),148,Grande,-68.8475590741,-32.8679919098,6,Residencial Norte,2694682.37982,0
35839,Fresno europeo,03/03/2011 12:40,Alto (> 8 mts),170,Grande,-68.854497038,-32.8739467565,6,Residencial Norte,2694682.37982,0
25956,Morera,01/02/2011 11:45,Alto (> 8 mts),160,Grande,-68.8386299199,-32.9036983705,2,Barrio Civico,2366816.36021,0
26654,Ailanthus,14/11/2011 15:24,Alto (> 8 mts),48,Mediano,-68.8317873145,-32.8937042914,3,Parque O'Higgins,1531146.02653,0
12392,Morera,21/01/2011 10:09,Alto (> 8 mts),112,Grande,-68.8480858506,-32.8663280778,6,Residencial Norte,2694682.37982,0
299,Paraiso sombrilla,05/03/2012 13:26,Bajo (2 - 4 mts),30,Mediano,-68.8225905469,-32.8674061891,4,Cuarta Este Área Fundacional,1822015.85685,0
12216,Morera,17/01/2011 12:42,Alto (> 8 mts),117,Grande,-68.845757494,-32.8684731533,4,Cuarta Oeste,1173332.70145,0
34464,Morera,11/03/2011 09:55,Alto (> 8 mts),104,Grande,-68.8500552026,-32.8740333033,6,Residencial Norte,2694682.37982,0
48120,Morera,19/08/2011 09:26,Medio (4 - 8 mts),90,Grande,-68.8294116378,-32.8685503434,4,Cuarta Este Área Fundacional,1822015.85685,0
45032,Morera,29/08/2011 09:15,Alto (> 8 mts),140,Grande,-68.8250800852,-32.8701147523,4,Cuarta Este Área Fundacional,1822015.85685,1
28363,Morera,14/03/2011 10:37,Alto (> 8 mts),200,Grande,-68.8492545044,-32.8887272495,5,Residencial Sur,2423808.92355,0
45180,Fresno europeo,30/09/2011 09:37,Medio (4 - 8 mts),65,Grande,-68.8221098408,-32.8723751381,4,Cuarta Este Área Fundacional,1822015.85685,0
2405,Morera,20/10/2011 11:18,Medio (4 - 8 mts),88,Grande,-68.8327737684,-32.8880075761,3,Parque O'Higgins,1531146.02653,0
42551,Ailanthus,28/09/2011 11:04,Alto (> 8 mts),220,Grande,-68.8298623209,-32.8754596526,4,Cuarta Este Área Fundacional,1822015.85685,0
17247,Morera,12/08/2011 09:09,Alto (> 8 mts),220,Grande,-68.8364929716,-32.8641594384,4,Cuarta Oeste,1173332.70145,0
25720,Morera,04/02/2011 08:27,Alto (> 8 mts),135,Grande,-68.8408785238,-32.9017828202,2,Barrio Civico,2366816.36021,0
24707,Platano,17/02/2011 12:08,Alto (> 8 mts),200,Grande,-68.8412438471,-32.8981571471,2,Barrio Civico,2366816.36021,0
16392,Morera,03/08/2011 09:06,Alto (> 8 mts),97,Grande,-68.8351870507,-32.8659708567,4,Cuarta Oeste,1173332.70145,1
15983,Conifera,10/08/2011 10:43,Alto (> 8 mts),82,Grande,-68.8438115091,-32.8720943248,4,Cuarta Oeste,1173332.70145,0
8466,Morera,14/02/2011 18:36,Bajo (2 - 4 mts),52,Mediano,-68.8353993595,-32.8971319344,2,Barrio Civico,2366816.36021,0
12723,Morera,25/01/2011 08:27,Medio (4 - 8 mts),130,Grande,-68.8481423143,-32.8637491519,6,Residencial Norte,2694682.37982,0
34635,Morera,31/03/2011 11:58,Alto (> 8 mts),120,Grande,-68.8488979629,-32.8766242803,6,Residencial Norte,2694682.37982,0
28654,Perenne,23/02/2011 09:23,Bajo (2 - 4 mts),114,Grande,-68.8486225781,-32.8904263174,5,Residencial Sur,2423808.92355,0
36577,Fresno americano,09/06/2011 09:35,Bajo (2 - 4 mts),42,Mediano,-68.8577954011,-32.8829900867,7,Residencial Parque,1786336.08966,0
14807,Olmo bola,05/12/2011 17:48,Bajo (2 - 4 mts),46,Mediano,-68.8798961775,-32.8691606333,8,Aeroparque,2203364.73622,0
19505,Morera,18/07/2011 09:21,Alto (> 8 mts),147,Grande,-68.8384007733,-32.8713862947,4,Cuarta Oeste,1173332.70145,0
20113,Morera,09/08/2011 12:49,Medio (4 - 8 mts),87,Grande,-68.8333861013,-32.8665457217,4,Cuarta Oeste,1173332.70145,1
34267,Morera,04/03/2011 10:19,Medio (4 - 8 mts),180,Grande,-68.8526683405,-32.873949936,6,Residencial Norte,2694682.37982,0
30252,Morera,09/03/2011 13:41,Alto (> 8 mts),131,Grande,-68.842697592,-32.8901175876,2,Barrio Civico,2366816.36021,0
12123,Paraiso,20/01/2011 11:17,Alto (> 8 mts),130,Grande,-68.8475734451,-32.8678912423,6,Residencial Norte,2694682.37982,0
31032,Fresno europeo,16/02/2011 11:34,Medio (4 - 8 mts),60,Mediano,-68.8557563982,-32.8652073067,6,Residencial Norte,2694682.37982,0
48152,Morera,17/08/2011 10:28,Alto (> 8 mts),115,Grande,-68.8302922643,-32.8683857195,4,Cuarta Este Área Fundacional,1822015.85685,1
21611,Morera,11/05/2011 11:40,Alto (> 8 mts),142,Grande,-68.8549921887,-32.8949503652,5,Residencial Sur,2423808.92355,0
46496,Fresno europeo,17/08/2011 11:22,Alto (> 8 mts),195,Grande,-68.8303706912,-32.867599368,4,Cuarta Este Área Fundacional,1822015.85685,0
39064,Paraiso,22/12/2010 10:08,Alto (> 8 mts),180,Grande,-68.8532667966,-32.8706603571,6,Residencial Norte,2694682.37982,0
40439,Morera,11/04/2011 12:03,Medio (4 - 8 mts),50,Mediano,-68.8455082751,-32.8835099757,1,Parque Central,1655357.93265,0
12093,Fresno europeo,05/05/2010 12:06,Bajo (2 - 4 mts),14,Chico,-68.8527033179,-32.8683723526,6,Residencial Norte,2694682.37982,0
6596,Morera,10/05/2011 09:50,Alto (> 8 mts),52,Mediano,-68.8548596899,-32.8930476865,5,Residencial Sur,2423808.92355,0
7692,Paraiso,24/05/2011 11:50,Medio (4 - 8 mts),180,Grande,-68.8527854701,-32.8843261755,5,Residencial Sur,2423808.92355,0
23303,Paraiso,18/01/2012 17:01,Bajo (2 - 4 mts),60,Mediano,-68.8522330977,-32.9006825805,2,Barrio Civico,2366816.36021,0
5922,Olmo comun,02/05/2011 11:38,Alto (> 8 mts),145,Grande,-68.8451343667,-32.8766395451,1,Parque Central,1655357.93265,1
46435,Morera,17/08/2011 09:55,Alto (> 8 mts),180,Grande,-68.8318441664,-32.8668682841,4,Cuarta Oeste,1173332.70145,0
29845,Morera,03/03/2011 19:52,Medio (4 - 8 mts),68,Grande,-68.8419967286,-32.8934839798,2,Barrio Civico,2366816.36021,0
15743,Jacaranda,22/11/2011 10:07,Medio (4 - 8 mts),60,Mediano,-68.872985431,-32.8794930641,7,Residencial Parque,1786336.08966,0
8011,Caducifolio,17/02/2011 12:15,Alto (> 8 mts),150,Grande,-68.8402225899,-32.8888578598,3,Parque O'Higgins,1531146.02653,0
36376,Fresno europeo,17/03/2011 10:17,Alto (> 8 mts),130,Grande,-68.8529759606,-32.8781645438,6,Residencial Norte,2694682.37982,0
32641,Fresno americano,21/06/2011 09:49,Alto (> 8 mts),85,Grande,-68.8519671955,-32.8905203227,5,Residencial Sur,2423808.92355,0
35400,Olmo comun,21/06/2011 09:37,Alto (> 8 mts),180,Grande,-68.855771625,-32.882765622,5,Residencial Sur,2423808.92355,0
35314,Fresno europeo,23/06/2011 13:18,Medio (4 - 8 mts),110,Grande,-68.8532405938,-32.8824780133,1,Parque Central,1655357.93265,0
41533,Morera,04/05/2011 09:48,Medio (4 - 8 mts),120,Grande,-68.8389258792,-32.8783069313,1,Parque Central,1655357.93265,0
22770,Paraiso,29/06/2011 15:35,Alto (> 8 mts),98,Grande,-68.8553344585,-32.9017238343,5,Residencial Sur,2423808.92355,0
20124,Morera,04/08/2011 11:54,Alto (> 8 mts),200,Grande,-68.9019179178,-32.8892873641,11,San Agustín,6853531.20169,0
4227,Paraiso,11/07/2011 11:45,Bajo (2 - 4 mts),50,Mediano,-68.8393620253,-32.8739179231,4,Cuarta Oeste,1173332.70145,0
35741,Morera,04/03/2011 09:47,Alto (> 8 mts),145,Grande,-68.8553890312,-32.8739594227,6,Residencial Norte,2694682.37982,0
2185,Fresno americano,04/11/2011 17:44,Bajo (2 - 4 mts),140,Grande,-68.8338042463,-32.8861033505,3,Parque O'Higgins,1531146.02653,0
20408,Morera,23/05/2011 13:54,Alto (> 8 mts),82,Grande,-68.8615398496,-32.8934056415,5,Residencial Sur,2423808.92355,0
4359,Olmo comun,10/08/2011 11:49,Alto (> 8 mts),230,Grande,-68.8341815313,-32.8698839084,4,Cuarta Oeste,1173332.70145,0
5836,Paraiso,03/05/2011 11:20,Medio (4 - 8 mts),70,Grande,-68.8434463169,-32.8736142966,1,Parque Central,1655357.93265,1
15894,Paraiso sombrilla,28/11/2011 12:29,Medio (4 - 8 mts),100,Grande,-68.8719640908,-32.8758580219,7,Residencial Parque,1786336.08966,0
13121,Caducifolio,17/02/2011 13:04,Muy bajo (1 - 2 mts),30,Mediano,-68.8460180281,-32.8655120999,4,Cuarta Oeste,1173332.70145,0
36531,Morera,04/04/2011 12:18,Alto (> 8 mts),145,Grande,-68.8569665901,-32.8791501276,7,Residencial Parque,1786336.08966,0
4975,Morera,15/07/2011 08:48,Alto (> 8 mts),120,Grande,-68.8443663184,-32.8689079451,4,Cuarta Oeste,1173332.70145,0
42262,Morera,03/05/2011 11:21,Alto (> 8 mts),115,Grande,-68.8382728913,-32.8757873753,1,Parque Central,1655357.93265,0
11698,Morera,31/01/2011 09:40,Alto (> 8 mts),197,Grande,-68.8508846754,-32.8682027777,6,Residencial Norte,2694682.37982,0
15207,Paraiso,16/11/2011 13:05,Bajo (2 - 4 mts),46,Mediano,-68.8599213836,-32.8694429434,6,Residencial Norte,2694682.37982,1
45237,Fresno europeo,29/09/2011 14:06,Alto (> 8 mts),122,Grande,-68.8231160785,-32.873386873,4,Cuarta Este Área Fundacional,1822015.85685,0
5567,Morera,14/04/2011 09:29,Alto (> 8 mts),180,Grande,-68.8391968373,-32.880927771,1,Parque Central,1655357.93265,0
7015,Platano,10/06/2011 12:27,Alto (> 8 mts),240,Grande,-68.8538948621,-32.8978441925,5,Residencial Sur,2423808.92355,0
44394,Platano,18/10/2011 11:32,Alto (> 8 mts),200,Grande,-68.8377862077,-32.8847418289,3,Parque O'Higgins,1531146.02653,0
45879,Jacaranda,25/08/2011 12:46,Muy bajo (1 - 2 mts),8,Chico,-68.8200437026,-32.8696074525,4,Cuarta Este Área Fundacional,1822015.85685,0
12566,Morera,11/01/2011 09:00,Alto (> 8 mts),110,Grande,-68.8447340492,-32.86278313,4,Cuarta Oeste,1173332.70145,0
43178,Morera,07/10/2011 13:37,Alto (> 8 mts),85,Grande,-68.830754886,-32.8802089013,4,Cuarta Este Área Fundacional,1822015.85685,1
17406,Morera,22/07/2011 09:41,Alto (> 8 mts),125,Grande,-68.8409025382,-32.866079242,4,Cuarta Oeste,1173332.70145,0
42567,Morera,26/09/2011 11:08,Medio (4 - 8 mts),100,Grande,-68.8273464777,-32.8755623274,4,Cuarta Este Área Fundacional,1822015.85685,1
17529,Fresno europeo,28/07/2011 09:24,Medio (4 - 8 mts),52,Mediano,-68.8387863053,-32.8671422829,4,Cuarta Oeste,1173332.70145,0
6400,Morera,18/05/2011 09:58,Bajo (2 - 4 mts),4,Chico,-68.8524784058,-32.8876354057,5,Residencial Sur,2423808.92355,0
39239,Morera,29/12/2010 09:46,Alto (> 8 mts),220,Grande,-68.8545707639,-32.8715499019,6,Residencial Norte,2694682.37982,0
2778,Fresno europeo,20/10/2011 16:00,Bajo (2 - 4 mts),30,Mediano,-68.8296687481,-32.8815397264,3,Parque O'Higgins,1531146.02653,0
7397,Fresno americano,19/05/2011 15:42,Medio (4 - 8 mts),38,Mediano,-68.8545467088,-32.9004543263,5,Residencial Sur,2423808.92355,0
20288,Morera,17/05/2011 09:55,Alto (> 8 mts),150,Grande,-68.8601999682,-32.8935194509,5,Residencial Sur,2423808.92355,0
35040,Fresno europeo,22/03/2011 13:35,Alto (> 8 mts),93,Grande,-68.8538299209,-32.8808596155,6,Residencial Norte,2694682.37982,0
24476,Morera,19/01/2011 13:11,Alto (> 8 mts),120,Grande,-68.8464160154,-32.9035619077,2,Barrio Civico,2366816.36021,0
6815,Fresno europeo,24/05/2011 12:40,Bajo (2 - 4 mts),23,Mediano,-68.8609449228,-32.8944909494,5,Residencial Sur,2423808.92355,0
41199,Morera,18/04/2011 09:16,Alto (> 8 mts),160,Grande,-68.8376566281,-32.8811978292,1,Parque Central,1655357.93265,0
38415,Paraiso,04/11/2010 10:55,Alto (> 8 mts),250,Grande,-68.8518661237,-32.8702633133,6,Residencial Norte,2694682.37982,0
12950,Fresno americano,12/01/2011 08:56,Bajo (2 - 4 mts),49,Mediano,-68.8443539944,-32.8637849202,4,Cuarta Oeste,1173332.70145,0
25502,Olmo bola,07/02/2011 12:23,Alto (> 8 mts),90,Grande,-68.8411210841,-32.901387359,2,Barrio Civico,2366816.36021,0
7593,Palo borracho,01/06/2011 12:49,Bajo (2 - 4 mts),20,Chico,-68.8575753326,-32.8844107525,5,Residencial Sur,2423808.92355,0
15092,Olmo comun,18/11/2011 09:29,Muy bajo (1 - 2 mts),12,Chico,-68.8592005131,-32.8697701093,6,Residencial Norte,2694682.37982,0
36000,Morera,21/03/2011 11:32,Alto (> 8 mts),180,Grande,-68.8558772012,-32.8753074776,6,Residencial Norte,2694682.37982,0
21033,Prunas,21/06/2011 11:53,Medio (4 - 8 mts),60,Mediano,-68.8637827659,-32.9015081473,5,Residencial Sur,2423808.92355,1
48272,Morera,31/08/2011 10:41,Medio (4 - 8 mts),79,Grande,-68.8283093366,-32.8694721703,4,Cuarta Este Área Fundacional,1822015.85685,0
11940,Morera,12/05/2010 11:14,Medio (4 - 8 mts),75,Grande,-68.8516888766,-32.8676557241,6,Residencial Norte,2694682.37982,0
6410,Morera,16/05/2011 10:54,Bajo (2 - 4 mts),8,Chico,-68.8554042172,-32.8874261118,5,Residencial Sur,2423808.92355,0
4968,Acacia SP,15/07/2011 08:59,Bajo (2 - 4 mts),30,Mediano,-68.8446516916,-32.8699542456,4,Cuarta Oeste,1173332.70145,0
37846,Jacaranda,24/11/2010 11:41,Medio (4 - 8 mts),70,Grande,-68.85271305,-32.8726304495,6,Residencial Norte,2694682.37982,0
46983,Alamo blanco,07/09/2011 12:21,Alto (> 8 mts),150,Grande,-68.8308939478,-32.8718408363,4,Cuarta Este Área Fundacional,1822015.85685,0
23902,Platano,28/02/2012 12:15,Alto (> 8 mts),190,Grande,-68.8519776379,-32.8995284386,2,Barrio Civico,2366816.36021,0
29663,Acacia SP,04/03/2011 10:45,Alto (> 8 mts),138,Grande,-68.8417117528,-32.8945891826,2,Barrio Civico,2366816.36021,1
8279,Tipa,22/02/2011 09:33,Alto (> 8 mts),268,Grande,-68.8478066886,-32.8917160281,2,Barrio Civico,2366816.36021,1
42788,Fresno europeo,30/09/2011 12:47,Alto (> 8 mts),190,Grande,-68.8300434032,-32.877858125,4,Cuarta Este Área Fundacional,1822015.85685,0
16056,Morera,15/07/2011 09:08,Medio (4 - 8 mts),53,Mediano,-68.8446178415,-32.8714155517,6,Residencial Norte,2694682.37982,0
18208,Ligustro,08/08/2011 09:10,Bajo (2 - 4 mts),60,Mediano,-68.8389580892,-32.8683806743,4,Cuarta Oeste,1173332.70145,0
6986,Ailanthus,31/05/2011 10:28,Alto (> 8 mts),40,Mediano,-68.8621453429,-32.8968089166,5,Residencial Sur,2423808.92355,0
17688,Morera,14/07/2011 12:47,Alto (> 8 mts),130,Grande,-68.8419646093,-32.869550129,4,Cuarta Oeste,1173332.70145,0
865,Aguaribay,15/12/2011 08:09,Bajo (2 - 4 mts),80,Grande,-68.8804144719,-32.8662376352,8,Aeroparque,2203364.73622,0
41339,Platano,19/04/2011 11:19,Alto (> 8 mts),175,Grande,-68.840157518,-32.8829879345,1,Parque Central,1655357.93265,0
18718,Fresno americano,01/07/2011 13:08,Medio (4 - 8 mts),152,Grande,-68.8350959584,-32.8737725526,4,Cuarta Este Área Fundacional,1822015.85685,0
10869,Ailanthus,29/03/2011 12:50,Alto (> 8 mts),58,Mediano,-68.8507135877,-32.8792050348,6,Residencial Norte,2694682.37982,0
2792,Morera,20/10/2011 16:57,Bajo (2 - 4 mts),36,Mediano,-68.8352092289,-32.8806840641,1,Parque Central,1655357.93265,0
48325,Olmo comun,19/08/2011 10:26,Medio (4 - 8 mts),105,Grande,-68.8273729734,-32.8679554041,4,Cuarta Este Área Fundacional,1822015.85685,0
8055,Fresno europeo,09/03/2011 09:41,Medio (4 - 8 mts),47,Mediano,-68.8424575223,-32.8889900149,3,Parque O'Higgins,1531146.02653,0
28180,Tipa,23/02/2011 14:49,Alto (> 8 mts),210,Grande,-68.848887132,-32.8913816369,2,Barrio Civico,2366816.36021,0
34693,Morera,01/04/2011 14:01,Alto (> 8 mts),190,Grande,-68.8497869222,-32.8771840403,6,Residencial Norte,2694682.37982,0
17007,Fresno americano,15/08/2011 10:56,Medio (4 - 8 mts),115,Grande,-68.8368456044,-32.8645963192,4,Cuarta Oeste,1173332.70145,0
44044,Acacia SP,18/10/2011 12:37,Alto (> 8 mts),120,Grande,-68.8325563182,-32.8857806268,3,Parque O'Higgins,1531146.02653,1
35373,Morera,21/06/2011 15:08,Medio (4 - 8 mts),100,Grande,-68.8542223018,-32.8823805405,5,Residencial Sur,2423808.92355,0
23916,Morera,19/01/2012 10:45,Alto (> 8 mts),70,Grande,-68.8524769317,-32.9000094646,2,Barrio Civico,2366816.36021,0
98,Olmo comun,29/02/2012 10:34,Bajo (2 - 4 mts),40,Mediano,-68.8561006803,-32.9017260692,5,Residencial Sur,2423808.92355,0
48250,Morera,02/09/2011 10:26,Medio (4 - 8 mts),42,Mediano,-68.8302029261,-32.8698928894,4,Cuarta Este Área Fundacional,1822015.85685,0
21116,Morera,21/06/2011 10:07,Alto (> 8 mts),140,Grande,-68.8633038139,-32.899267814,5,Residencial Sur,2423808.92355,1
8289,Fresno europeo,04/03/2011 10:58,Medio (4 - 8 mts),58,Mediano,-68.8416304792,-32.8942672789,2,Barrio Civico,2366816.36021,0
43082,Olmo comun,03/10/2011 09:26,Alto (> 8 mts),190,Grande,-68.8309440484,-32.878510458,4,Cuarta Este Área Fundacional,1822015.85685,0
4660,Morera,15/08/2011 11:35,Alto (> 8 mts),110,Grande,-68.8380353359,-32.8633828083,4,Cuarta Oeste,1173332.70145,0
9890,Paraiso sombrilla,11/02/2011 09:32,Medio (4 - 8 mts),95,Grande,-68.8578632034,-32.8653271332,6,Residencial Norte,2694682.37982,0
44881,Fresno europeo,23/08/2011 10:28,Bajo (2 - 4 mts),60,Mediano,-68.824255161599993,-32.867790354,4,Cuarta Este Área Fundacional,1822015.85685,0
10778,Olmo bola,31/03/2011 10:21,Medio (4 - 8 mts),170,Grande,-68.8500848261,-32.8780326577,6,Residencial Norte,2694682.37982,0
34441,Morera,09/03/2011 12:40,Alto (> 8 mts),124,Grande,-68.8502222608,-32.8740695712,6,Residencial Norte,2694682.37982,0
19811,Morera,04/08/2011 11:14,Alto (> 8 mts),190,Grande,-68.834673271,-32.8637348688,4,Cuarta Oeste,1173332.70145,0
3044,Morera,15/09/2011 13:35,Medio (4 - 8 mts),94,Grande,-68.8275566248,-32.87253777,4,Cuarta Este Área Fundacional,1822015.85685,0
46908,Olmo comun,09/09/2011 09:00,Alto (> 8 mts),110,Grande,-68.8320381772,-32.8716864939,4,Cuarta Este Área Fundacional,1822015.85685,0
19390,Platano,04/07/2011 10:38,Alto (> 8 mts),260,Grande,-68.8346266938,-32.872026885,4,Cuarta Oeste,1173332.70145,0
44596,Fresno europeo,19/10/2011 13:11,Muy bajo (1 - 2 mts),4,Chico,-68.8352515313,-32.8859371404,3,Parque O'Higgins,1531146.02653,0
31979,Morera,02/06/2011 12:38,Medio (4 - 8 mts),120,Grande,-68.8588276752,-32.8836743181,5,Residencial Sur,2423808.92355,1
7705,Fresno europeo,23/05/2011 12:43,Medio (4 - 8 mts),130,Grande,-68.8513269488,-32.8847778843,5,Residencial Sur,2423808.92355,0
30233,Platano,10/03/2011 08:51,Alto (> 8 mts),205,Grande,-68.8422865694,-32.8911411732,2,Barrio Civico,2366816.36021,0
44817,Morera,26/08/2011 10:25,Alto (> 8 mts),150,Grande,-68.8230852405,-32.8695642581,4,Cuarta Este Área Fundacional,1822015.85685,1
27589,Morera,07/11/2011 09:44,Medio (4 - 8 mts),142,Grande,-68.8376244434,-32.8945679821,2,Barrio Civico,2366816.36021,1
394,Morera,05/03/2012 11:29,Alto (> 8 mts),160,Grande,-68.8200452612,-32.8676107044,4,Cuarta Este Área Fundacional,1822015.85685,0
25197,Morera,11/02/2011 14:12,Alto (> 8 mts),104,Grande,-68.8368947299,-32.8987318856,2,Barrio Civico,2366816.36021,0
17114,Morera,16/08/2011 08:59,Alto (> 8 mts),110,Grande,-68.8366590951,-32.8634101664,4,Cuarta Oeste,1173332.70145,0
15067,Fresno europeo,17/11/2011 12:38,Bajo (2 - 4 mts),50,Mediano,-68.8582340915,-32.8696101104,6,Residencial Norte,2694682.37982,0
7884,Ligustro,16/06/2011 12:02,Medio (4 - 8 mts),25,Mediano,-68.8543966706,-32.8890936184,5,Residencial Sur,2423808.92355,0
37806,Fresno europeo,10/12/2010 12:48,Muy bajo (1 - 2 mts),8,Chico,-68.849143246,-32.871801596,6,Residencial Norte,2694682.37982,0
32797,Morera,14/07/2011 09:46,Alto (> 8 mts),160,Grande,-68.8521354054,-32.8851181297,5,Residencial Sur,2423808.92355,0
13798,Morera,26/01/2011 12:49,Alto (> 8 mts),140,Grande,-68.8492062754,-32.8643023747,6,Residencial Norte,2694682.37982,0
15818,Morera,21/11/2011 16:24,Bajo (2 - 4 mts),100,Grande,-68.8731956252,-32.8777451386,7,Residencial Parque,1786336.08966,0
39664,Morera,22/10/2010 09:26,Alto (> 8 mts),180,Grande,-68.8471982333,-32.8686891108,6,Residencial Norte,2694682.37982,0
44256,Platano,13/10/2011 11:10,Alto (> 8 mts),293,Grande,-68.8342073055,-32.8847336445,3,Parque O'Higgins,1531146.02653,0
15639,Acacia SP,15/11/2011 18:51,Bajo (2 - 4 mts),110,Grande,-68.861810954,-32.8707912941,7,Residencial Parque,1786336.08966,0
12430,Fresno europeo,24/01/2011 10:39,Alto (> 8 mts),58,Mediano,-68.8489084344,-32.8664533077,6,Residencial Norte,2694682.37982,0
11266,Morera,12/01/2011 12:35,Alto (> 8 mts),120,Grande,-68.8470311735,-32.8999486284,2,Barrio Civico,2366816.36021,0
30363,Morera,14/03/2011 11:04,Alto (> 8 mts),125,Grande,-68.8398061106,-32.8906640553,3,Parque O'Higgins,1531146.02653,0
47117,Fresno europeo,20/09/2011 11:36,Alto (> 8 mts),180,Grande,-68.8325007261,-32.8738651168,4,Cuarta Este Área Fundacional,1822015.85685,0
44524,Platano,17/10/2011 12:19,Alto (> 8 mts),200,Grande,-68.8354499328,-32.8850668125,3,Parque O'Higgins,1531146.02653,0
16929,Morera,26/07/2011 15:32,Alto (> 8 mts),163,Grande,-68.8399179109,-32.8653173639,4,Cuarta Oeste,1173332.70145,0
43066,Acacia SP,03/10/2011 09:54,Alto (> 8 mts),210,Grande,-68.8322279923,-32.8787199368,4,Cuarta Este Área Fundacional,1822015.85685,0
602,Morera,08/03/2012 09:20,Alto (> 8 mts),60,Mediano,-68.8195505797,-32.8679746479,4,Cuarta Este Área Fundacional,1822015.85685,0
8021,Morera,14/03/2011 09:44,Medio (4 - 8 mts),50,Mediano,-68.8494425063,-32.8884287517,5,Residencial Sur,2423808.92355,0
21205,Morera,10/05/2011 11:11,Alto (> 8 mts),115,Grande,-68.8522864131,-32.8959356318,5,Residencial Sur,2423808.92355,0
37200,Paraiso,14/03/2011 12:05,Alto (> 8 mts),110,Grande,-68.8577092584,-32.8725496698,6,Residencial Norte,2694682.37982,0
288,Paraiso,06/03/2012 10:42,Bajo (2 - 4 mts),30,Mediano,-68.8220327918,-32.8677674362,4,Cuarta Este Área Fundacional,1822015.85685,0
35583,Conifera,17/03/2011 09:04,Alto (> 8 mts),120,Grande,-68.8569831686,-32.8738334854,6,Residencial Norte,2694682.37982,0
12393,Morera,21/01/2011 10:07,Alto (> 8 mts),130,Grande,-68.8481779306,-32.8663341101,6,Residencial Norte,2694682.37982,0
27911,Morera,04/11/2011 11:13,Alto (> 8 mts),142,Grande,-68.8393664078,-32.8942062753,2,Barrio Civico,2366816.36021,0
1526,Fresno americano,24/11/2011 10:05,Muy bajo (1 - 2 mts),13,Chico,-68.8735409187,-32.8783257173,7,Residencial Parque,1786336.08966,0
48401,Morera,01/09/2011 11:29,Alto (> 8 mts),160,Grande,-68.8303314557,-32.8691263343,4,Cuarta Este Área Fundacional,1822015.85685,0
30214,Platano,09/03/2011 08:54,Alto (> 8 mts),160,Grande,-68.8419425207,-32.8898069045,2,Barrio Civico,2366816.36021,0
19596,Morera,11/07/2011 09:56,Alto (> 8 mts),185,Grande,-68.8361011828,-32.8715810823,4,Cuarta Oeste,1173332.70145,0
47658,Morera,08/09/2011 15:31,Medio (4 - 8 mts),115,Grande,-68.8285550206,-32.871117017,4,Cuarta Este Área Fundacional,1822015.85685,0
45912,Morera,25/08/2011 12:40,Alto (> 8 mts),142,Grande,-68.8197039822,-32.8687946136,4,Cuarta Este Área Fundacional,1822015.85685,0
46371,Morera,19/09/2011 13:05,Alto (> 8 mts),160,Grande,-68.824886001,-32.8737259447,4,Cuarta Este Área Fundacional,1822015.85685,0
12713,Paraiso,20/01/2011 08:32,Alto (> 8 mts),200,Grande,-68.8471409797,-32.8630586846,4,Cuarta Oeste,1173332.70145,0
45525,Fresno europeo,19/09/2011 10:32,Medio (4 - 8 mts),136,Grande,-68.8219067348,-32.8727558444,4,Cuarta Este Área Fundacional,1822015.85685,0
35579,Paraiso,09/03/2011 12:25,Alto (> 8 mts),120,Grande,-68.8562266452,-32.8738056008,6,Residencial Norte,2694682.37982,0
32811,Morera,14/07/2011 09:12,Alto (> 8 mts),112,Grande,-68.8530444391,-32.8852983675,5,Residencial Sur,2423808.92355,0
40511,Platano,12/04/2011 10:36,Alto (> 8 mts),200,Grande,-68.8442330887,-32.883734809,1,Parque Central,1655357.93265,0
29491,Platano,18/02/2011 10:51,Alto (> 8 mts),166,Grande,-68.8440991832,-32.8921262913,2,Barrio Civico,2366816.36021,0
14809,Acer,07/12/2011 10:39,Bajo (2 - 4 mts),40,Mediano,-68.8774185036,-32.8688418649,8,Aeroparque,2203364.73622,0
23459,Fresno europeo,24/01/2011 15:06,Medio (4 - 8 mts),220,Grande,-68.8489982991,-32.9017022521,2,Barrio Civico,2366816.36021,0
33148,Platano,09/06/2011 09:29,Alto (> 8 mts),180,Grande,-68.8531394431,-32.8925514412,5,Residencial Sur,2423808.92355,0
25057,Morera,14/02/2011 17:34,Medio (4 - 8 mts),98,Grande,-68.8352237827,-32.8974907373,2,Barrio Civico,2366816.36021,0
3184,Caducifolio,21/09/2011 14:23,Medio (4 - 8 mts),35,Mediano,-68.8312061661,-32.8740622415,4,Cuarta Este Área Fundacional,1822015.85685,0
5476,Olmo comun,11/04/2011 12:15,Medio (4 - 8 mts),120,Grande,-68.8460389706,-32.8805132674,1,Parque Central,1655357.93265,0
44920,Morera,23/08/2011 10:46,Alto (> 8 mts),160,Grande,-68.825503759,-32.86814996,4,Cuarta Este Área Fundacional,1822015.85685,1
46813,Morera,07/09/2011 10:27,Alto (> 8 mts),215,Grande,-68.8333383381,-32.8722250807,4,Cuarta Este Área Fundacional,1822015.85685,0
5511,Morera,27/04/2011 13:37,Alto (> 8 mts),75,Grande,-68.8383491795,-32.8767308319,1,Parque Central,1655357.93265,0
14792,Paraiso sombrilla,06/12/2011 12:14,Bajo (2 - 4 mts),60,Mediano,-68.879726345700007,-32.8685474338,8,Aeroparque,2203364.73622,0
17753,Paraiso,21/07/2011 09:32,Medio (4 - 8 mts),70,Grande,-68.8424143567,-32.8660938694,4,Cuarta Oeste,1173332.70145,0
23049,Fresno europeo,14/06/2011 13:26,Medio (4 - 8 mts),22,Mediano,-68.8618190597,-32.9021172591,5,Residencial Sur,2423808.92355,0
30626,Alamo blanco,07/02/2011 13:32,Medio (4 - 8 mts),55,Mediano,-68.8580935304,-32.8676324441,6,Residencial Norte,2694682.37982,0
25018,Paraiso,15/02/2011 09:23,Alto (> 8 mts),250,Grande,-68.8350429067,-32.8968160345,2,Barrio Civico,2366816.36021,1
33748,Morera,12/05/2011 11:44,Bajo (2 - 4 mts),100,Grande,-68.8570822107,-32.8861589782,5,Residencial Sur,2423808.92355,0
27888,Morera,04/11/2011 07:48,Medio (4 - 8 mts),150,Grande,-68.8386362212,-32.8931310678,2,Barrio Civico,2366816.36021,1
6231,Fresno europeo,11/04/2011 15:04,Muy bajo (1 - 2 mts),6,Chico,-68.8389161484,-32.8873003761,3,Parque O'Higgins,1531146.02653,0
48088,Morera,29/09/2011 10:05,Medio (4 - 8 mts),80,Grande,-68.8268836317,-32.8677356567,4,Cuarta Este Área Fundacional,1822015.85685,0
41417,Platano,19/04/2011 09:22,Alto (> 8 mts),186,Grande,-68.8425610792,-32.8831389825,1,Parque Central,1655357.93265,0
22237,Olmo comun,14/06/2011 11:15,Medio (4 - 8 mts),55,Mediano,-68.8556063062,-32.897590415,5,Residencial Sur,2423808.92355,0
12413,Morera,21/01/2011 14:22,Alto (> 8 mts),150,Grande,-68.8484218991,-32.8672084423,6,Residencial Norte,2694682.37982,0
22383,Fresno europeo,16/06/2011 11:17,Medio (4 - 8 mts),80,Grande,-68.8584477524,-32.8982021248,5,Residencial Sur,2423808.92355,0
31054,Perenne,16/02/2011 10:23,Muy bajo (1 - 2 mts),7,Chico,-68.8550574829,-32.8649301852,6,Residencial Norte,2694682.37982,0
5976,Fresno americano,26/04/2011 12:47,Alto (> 8 mts),160,Grande,-68.8468403224,-32.8858247209,1,Parque Central,1655357.93265,0
13155,Morera,18/02/2011 12:48,Alto (> 8 mts),160,Grande,-68.8466278589,-32.8648557342,4,Cuarta Oeste,1173332.70145,0
47587,Morera,16/09/2011 08:49,Alto (> 8 mts),170,Grande,-68.8259791249,-32.8715304034,4,Cuarta Este Área Fundacional,1822015.85685,0
26662,Acer,14/11/2011 13:05,Medio (4 - 8 mts),38,Mediano,-68.8319641833,-32.893872543,3,Parque O'Higgins,1531146.02653,0
23669,Morera,25/01/2011 10:34,Medio (4 - 8 mts),154,Grande,-68.8488574272,-32.9011329352,2,Barrio Civico,2366816.36021,0
14667,Aguaribay,15/12/2011 17:24,Bajo (2 - 4 mts),120,Grande,-68.8819483181,-32.8672610259,8,Aeroparque,2203364.73622,0
7994,Fresno europeo,18/02/2011 13:08,Medio (4 - 8 mts),45,Mediano,-68.8404530997,-32.8892008456,3,Parque O'Higgins,1531146.02653,0
11464,Morera,06/01/2011 13:27,Bajo (2 - 4 mts),3,Chico,-68.8434939458,-32.8628359779,4,Cuarta Oeste,1173332.70145,0
28470,Morera,25/02/2011 12:05,Alto (> 8 mts),240,Grande,-68.8478471034,-32.8901697179,2,Barrio Civico,2366816.36021,0
21596,Eucalyptus,12/05/2011 09:54,Alto (> 8 mts),190,Grande,-68.8550940206,-32.8939276391,5,Residencial Sur,2423808.92355,0
16903,Paraiso,27/07/2011 12:59,Alto (> 8 mts),180,Grande,-68.8385288852,-32.8657276958,4,Cuarta Oeste,1173332.70145,0
11966,Morera,14/05/2010 10:14,Medio (4 - 8 mts),148,Grande,-68.8515960534,-32.86863309,6,Residencial Norte,2694682.37982,0
43211,Morera,14/11/2011 18:12,Alto (> 8 mts),180,Grande,-68.8278023293,-32.8813069199,3,Parque O'Higgins,1531146.02653,0
27045,Platano,09/11/2011 10:38,Alto (> 8 mts),190,Grande,-68.8393987798,-32.8910456534,3,Parque O'Higgins,1531146.02653,0
11892,Morera,02/03/2011 09:23,Alto (> 8 mts),120,Grande,-68.8510393763,-32.865928486,6,Residencial Norte,2694682.37982,0
26877,Platano,28/10/2011 18:03,Bajo (2 - 4 mts),40,Mediano,-68.8381992621,-32.8863211366,3,Parque O'Higgins,1531146.02653,0
38270,Fresno europeo,02/12/2010 10:03,Alto (> 8 mts),128,Grande,-68.8461960902,-32.8722299186,6,Residencial Norte,2694682.37982,0
36911,Fresno europeo,07/04/2011 16:39,Muy bajo (1 - 2 mts),12,Chico,-68.8588505957,-32.878922602,7,Residencial Parque,1786336.08966,0
10211,Morera,15/12/2010 10:36,Alto (> 8 mts),170,Grande,-68.8510126632,-32.8708387737,6,Residencial Norte,2694682.37982,0
40923,Fresno europeo,11/04/2011 16:09,Medio (4 - 8 mts),46,Mediano,-68.8394575113,-32.8859075524,3,Parque O'Higgins,1531146.02653,0
32973,Fresno americano,19/05/2011 13:39,Alto (> 8 mts),80,Grande,-68.8506562361,-32.887474703,5,Residencial Sur,2423808.92355,0
22104,Morera,13/06/2011 10:05,Alto (> 8 mts),135,Grande,-68.8554538136,-32.8975238573,5,Residencial Sur,2423808.92355,0
15129,Morera,18/11/2011 08:49,Bajo (2 - 4 mts),18,Chico,-68.859130682,-32.869566841,6,Residencial Norte,2694682.37982,0
36478,Fresno europeo,18/03/2011 10:17,Medio (4 - 8 mts),65,Grande,-68.8546553809,-32.8795867637,6,Residencial Norte,2694682.37982,0
21899,Morera,03/06/2011 09:46,Alto (> 8 mts),180,Grande,-68.8578971806,-32.8968732306,5,Residencial Sur,2423808.92355,0
16507,Morera,20/07/2011 09:57,Alto (> 8 mts),200,Grande,-68.8401525186,-32.8646126294,4,Cuarta Oeste,1173332.70145,0
22687,Morera,10/05/2011 12:13,Alto (> 8 mts),150,Grande,-68.8529493742,-32.899864794,2,Barrio Civico,2366816.36021,0
18136,Morera,27/07/2011 10:08,Alto (> 8 mts),160,Grande,-68.8416517429,-32.8688898887,4,Cuarta Oeste,1173332.70145,0
6237,Fresno europeo,05/04/2011 09:24,Medio (4 - 8 mts),36,Mediano,-68.8396125438,-32.8865587874,3,Parque O'Higgins,1531146.02653,0
19131,Prunas,20/07/2011 10:54,Bajo (2 - 4 mts),35,Mediano,-68.8409171438,-32.8719386284,4,Cuarta Oeste,1173332.70145,0
17433,Morera,29/07/2011 10:18,Medio (4 - 8 mts),78,Grande,-68.8348709746,-32.8676932142,4,Cuarta Oeste,1173332.70145,0
11979,Acer,14/05/2010 10:57,Bajo (2 - 4 mts),18,Chico,-68.8509739722,-32.8682598207,6,Residencial Norte,2694682.37982,0
35522,Fresno europeo,17/06/2011 09:48,Medio (4 - 8 mts),70,Grande,-68.855878613,-32.8825570936,5,Residencial Sur,2423808.92355,0
35844,Morera,03/03/2011 12:22,Alto (> 8 mts),125,Grande,-68.8543637876,-32.8741452446,6,Residencial Norte,2694682.37982,0
20856,Fresno europeo,26/05/2011 12:14,Bajo (2 - 4 mts),28,Mediano,-68.8591520663,-32.8951902809,5,Residencial Sur,2423808.92355,0
19066,Morera,26/07/2011 13:11,Alto (> 8 mts),190,Grande,-68.8419511056,-32.8717413192,4,Cuarta Oeste,1173332.70145,0
19190,Paraiso,18/07/2011 09:40,Medio (4 - 8 mts),110,Grande,-68.8413123199,-32.8726584351,4,Cuarta Oeste,1173332.70145,0
8115,Acacia SP,16/03/2011 12:42,Alto (> 8 mts),112,Grande,-68.8406978989,-32.8906386261,3,Parque O'Higgins,1531146.02653,1
11564,Paraiso,10/05/2010 11:36,Alto (> 8 mts),129,Grande,-68.8518357757,-32.8677593613,6,Residencial Norte,2694682.37982,0
11717,Morera,28/01/2011 10:34,Alto (> 8 mts),145,Grande,-68.8501884041,-32.8681961515,6,Residencial Norte,2694682.37982,1
28028,Morera,16/03/2011 18:38,Alto (> 8 mts),178,Grande,-68.8458484097,-32.8929012452,2,Barrio Civico,2366816.36021,0
16035,Paraiso,16/08/2011 12:57,Medio (4 - 8 mts),100,Grande,-68.845700944,-32.8727212732,6,Residencial Norte,2694682.37982,0
18231,Paraiso,29/07/2011 13:33,Muy bajo (1 - 2 mts),4,Chico,-68.839014842,-32.8681346749,4,Cuarta Oeste,1173332.70145,0
6636,Morera,11/05/2011 10:38,Alto (> 8 mts),110,Grande,-68.8573197007,-32.892968469,5,Residencial Sur,2423808.92355,0
27044,Platano,09/11/2011 10:41,Alto (> 8 mts),178,Grande,-68.8394176349,-32.8911390027,3,Parque O'Higgins,1531146.02653,0
46961,Alamo blanco,09/09/2011 09:26,Alto (> 8 mts),125,Grande,-68.830894967,-32.8708733182,4,Cuarta Este Área Fundacional,1822015.85685,0
18598,Fresno europeo,06/07/2011 12:23,Medio (4 - 8 mts),32,Mediano,-68.8370133971,-32.8758990951,1,Parque Central,1655357.93265,0
41231,Morera,15/04/2011 12:24,Alto (> 8 mts),95,Grande,-68.8384148196,-32.881431267400004,1,Parque Central,1655357.93265,0
44784,Fresno europeo,23/08/2011 11:40,Medio (4 - 8 mts),55,Mediano,-68.8239304399,-32.8694330142,4,Cuarta Este Área Fundacional,1822015.85685,0
3070,Morera,08/09/2011 15:42,Medio (4 - 8 mts),127,Grande,-68.8277027131,-32.8711906694,4,Cuarta Este Área Fundacional,1822015.85685,0
1995,Morera,10/11/2011 09:57,Alto (> 8 mts),145,Grande,-68.8326555828,-32.8941683321,3,Parque O'Higgins,1531146.02653,0
19716,Platano,11/07/2011 10:56,Alto (> 8 mts),190,Grande,-68.8350280633,-32.8705065547,4,Cuarta Oeste,1173332.70145,0
5301,Acer,28/04/2011 13:19,Medio (4 - 8 mts),130,Grande,-68.8431842122,-32.8767171389,1,Parque Central,1655357.93265,0
22040,Fresno europeo,16/05/2011 10:00,Muy bajo (1 - 2 mts),12,Chico,-68.8571664289,-32.8936819339,5,Residencial Sur,2423808.92355,0
18416,Alamo blanco,11/07/2011 11:30,Alto (> 8 mts),180,Grande,-68.8392045599,-32.8740385153,4,Cuarta Oeste,1173332.70145,0
45531,Fresno europeo,19/09/2011 10:24,Alto (> 8 mts),210,Grande,-68.8214451273,-32.8727590636,4,Cuarta Este Área Fundacional,1822015.85685,0
27070,Fresno americano,21/10/2011 16:01,Medio (4 - 8 mts),70,Grande,-68.8380835627,-32.8874913956,3,Parque O'Higgins,1531146.02653,0
419,Paraiso sombrilla,06/03/2012 12:25,Medio (4 - 8 mts),120,Grande,-68.8179482172,-32.8673610858,4,Cuarta Este Área Fundacional,1822015.85685,0
32359,Acacia SP,06/05/2011 12:05,Alto (> 8 mts),160,Grande,-68.8513559908,-32.8920510359,5,Residencial Sur,2423808.92355,1
14762,Fresno europeo,05/12/2011 11:01,Muy bajo (1 - 2 mts),12,Chico,-68.8783743444,-32.8693169145,8,Aeroparque,2203364.73622,0
22270,Caducifolio,14/06/2011 11:46,Medio (4 - 8 mts),20,Chico,-68.8568128721,-32.898043527,5,Residencial Sur,2423808.92355,0
10970,Fresno europeo,08/04/2011 10:58,Medio (4 - 8 mts),38,Mediano,-68.8566455654,-32.8817122953,7,Residencial Parque,1786336.08966,0
12383,Morera,21/01/2011 13:29,Alto (> 8 mts),90,Grande,-68.8476568184,-32.8667726615,6,Residencial Norte,2694682.37982,0
28872,Fresno europeo,26/04/2011 11:17,Alto (> 8 mts),160,Grande,-68.8460888201,-32.8852097504,1,Parque Central,1655357.93265,0
36547,Fresno europeo,04/04/2011 11:44,Alto (> 8 mts),89,Grande,-68.8555641567,-32.8794141025,6,Residencial Norte,2694682.37982,0
44116,Morera,11/11/2011 08:46,Medio (4 - 8 mts),45,Mediano,-68.8293424292,-32.8862015746,3,Parque O'Higgins,1531146.02653,0
19807,Fresno europeo,04/08/2011 11:24,Alto (> 8 mts),97,Grande,-68.8350690613,-32.8637712832,4,Cuarta Oeste,1173332.70145,1
16358,Morera,12/08/2011 09:02,Alto (> 8 mts),180,Grande,-68.8420676177,-32.8640611016,4,Cuarta Oeste,1173332.70145,0
268,Paraiso sombrilla,07/03/2012 11:07,Medio (4 - 8 mts),150,Grande,-68.8225191763,-32.8669136618,4,Cuarta Este Área Fundacional,1822015.85685,0
21887,Morera,03/06/2011 10:20,Alto (> 8 mts),115,Grande,-68.8590583064,-32.8968601898,5,Residencial Sur,2423808.92355,1
20115,Morera,09/08/2011 12:38,Alto (> 8 mts),97,Grande,-68.833634631,-32.8664962492,4,Cuarta Oeste,1173332.70145,1
4611,Morera,01/08/2011 09:12,Medio (4 - 8 mts),19,Chico,-68.8370164388,-32.8670525442,4,Cuarta Oeste,1173332.70145,0
27974,Fresno europeo,31/10/2011 09:36,Alto (> 8 mts),158,Grande,-68.8364344792,-32.8930386388,3,Parque O'Higgins,1531146.02653,0
16784,Fresno europeo,11/08/2011 12:05,Medio (4 - 8 mts),55,Mediano,-68.8401975563,-32.8628161006,4,Cuarta Oeste,1173332.70145,0
22121,Fresno americano,13/06/2011 11:04,Alto (> 8 mts),150,Grande,-68.8546804406,-32.8974271283,5,Residencial Sur,2423808.92355,0
31039,Paraiso sombrilla,16/02/2011 10:51,Bajo (2 - 4 mts),45,Mediano,-68.855776663,-32.864943366,6,Residencial Norte,2694682.37982,0
9665,Paraiso sombrilla,25/01/2011 11:56,Alto (> 8 mts),128,Grande,-68.8488358193,-32.8645049353,6,Residencial Norte,2694682.37982,0
4580,Morera,10/08/2011 12:35,Medio (4 - 8 mts),98,Grande,-68.833881423,-32.8681580784,4,Cuarta Oeste,1173332.70145,1
42573,Platano,26/09/2011 10:59,Alto (> 8 mts),300,Grande,-68.8277839997,-32.8757717221,4,Cuarta Este Área Fundacional,1822015.85685,0
3111,Fresno europeo,09/09/2011 14:04,Medio (4 - 8 mts),25,Mediano,-68.8304887752,-32.8722310928,4,Cuarta Este Área Fundacional,1822015.85685,0
31949,Morera,02/06/2011 13:42,Medio (4 - 8 mts),120,Grande,-68.8606803508,-32.8843193927,5,Residencial Sur,2423808.92355,1
26483,Fresno europeo,09/11/2011 09:25,Medio (4 - 8 mts),70,Grande,-68.8317899225,-32.892437329,3,Parque O'Higgins,1531146.02653,0
44840,Olmo comun,23/08/2011 08:59,Medio (4 - 8 mts),40,Mediano,-68.8244225608,-32.8671364224,4,Cuarta Este Área Fundacional,1822015.85685,0
36387,Fresno europeo,21/03/2011 12:50,Alto (> 8 mts),111,Grande,-68.8517484841,-32.8798925426,6,Residencial Norte,2694682.37982,0
22560,Fresno europeo,16/06/2011 11:12,Bajo (2 - 4 mts),18,Chico,-68.8623676164,-32.9003518227,5,Residencial Sur,2423808.92355,0
15623,Fresno americano,15/11/2011 19:19,Muy bajo (1 - 2 mts),13,Chico,-68.8619660914,-32.8718684087,7,Residencial Parque,1786336.08966,0
17266,Paraiso sombrilla,05/08/2011 10:42,Medio (4 - 8 mts),60,Mediano,-68.8361670225,-32.8647133976,4,Cuarta Oeste,1173332.70145,0
2132,Fresno europeo,09/11/2011 09:33,Muy bajo (1 - 2 mts),22,Mediano,-68.834440851,-32.8919167688,3,Parque O'Higgins,1531146.02653,0
21962,Prunas,30/05/2011 12:12,Medio (4 - 8 mts),19,Chico,-68.8574271627,-32.8948454131,5,Residencial Sur,2423808.92355,0
4672,Caducifolio,16/08/2011 10:18,Muy bajo (1 - 2 mts),2,Chico,-68.8380767068,-32.8641624766,4,Cuarta Oeste,1173332.70145,0
15840,Paraiso,25/11/2011 11:15,Bajo (2 - 4 mts),20,Chico,-68.8724848027,-32.8772105916,7,Residencial Parque,1786336.08966,0
29572,Morera,04/03/2011 10:17,Alto (> 8 mts),190,Grande,-68.844877321,-32.8915580573,2,Barrio Civico,2366816.36021,0
3189,Morera,21/09/2011 11:33,Medio (4 - 8 mts),80,Grande,-68.8292614482,-32.8753328366,4,Cuarta Este Área Fundacional,1822015.85685,0
41000,Caducifolio,14/04/2011 13:41,Alto (> 8 mts),180,Grande,-68.839041084,-32.8799149119,1,Parque Central,1655357.93265,1
6333,Fresno europeo,29/06/2011 12:58,Bajo (2 - 4 mts),25,Mediano,-68.8545175238,-32.8910839406,5,Residencial Sur,2423808.92355,0
34210,Morera,03/03/2011 13:19,Alto (> 8 mts),150,Grande,-68.8530059154,-32.8743883761,6,Residencial Norte,2694682.37982,0
15118,Olmo comun,18/11/2011 09:00,Medio (4 - 8 mts),66,Grande,-68.8590620865,-32.8691237431,6,Residencial Norte,2694682.37982,0
28400,Morera,14/03/2011 09:54,Alto (> 8 mts),160,Grande,-68.8493758384,-32.8882005606,5,Residencial Sur,2423808.92355,1
16631,Morera,26/07/2011 14:08,Alto (> 8 mts),163,Grande,-68.8402043649,-32.8651560084,4,Cuarta Oeste,1173332.70145,1
34622,Fresno europeo,17/01/2012 20:15,Bajo (2 - 4 mts),46,Mediano,-68.8475058974,-32.8744369611,6,Residencial Norte,2694682.37982,0
8292,Morera,02/03/2011 19:01,Bajo (2 - 4 mts),26,Mediano,-68.8404671945,-32.8938937193,2,Barrio Civico,2366816.36021,0
17830,Conifera,05/08/2011 11:43,Bajo (2 - 4 mts),36,Mediano,-68.8384955302,-32.8665172732,4,Cuarta Oeste,1173332.70145,0
32235,Morera,09/05/2011 11:26,Medio (4 - 8 mts),120,Grande,-68.8607935977,-32.8848861424,5,Residencial Sur,2423808.92355,0
47059,Morera,09/09/2011 16:03,Alto (> 8 mts),104,Grande,-68.8307868849,-32.8719473664,4,Cuarta Este Área Fundacional,1822015.85685,1
5663,Platano,02/05/2011 11:30,Bajo (2 - 4 mts),18,Chico,-68.8398841749,-32.8758728927,1,Parque Central,1655357.93265,0
7236,Platano,21/06/2011 10:14,Medio (4 - 8 mts),28,Mediano,-68.8636128391,-32.8991101942,5,Residencial Sur,2423808.92355,0
13123,Morera,17/02/2011 12:47,Alto (> 8 mts),200,Grande,-68.8455097109,-32.865349307,4,Cuarta Oeste,1173332.70145,0
45952,Fresno europeo,24/08/2011 13:49,Bajo (2 - 4 mts),30,Mediano,-68.8190297864,-32.86979448,4,Cuarta Este Área Fundacional,1822015.85685,0
46440,Paraiso,17/08/2011 09:38,Alto (> 8 mts),160,Grande,-68.8318629537,-32.867184384,4,Cuarta Oeste,1173332.70145,0
30969,Acer,10/02/2011 13:14,Medio (4 - 8 mts),60,Mediano,-68.8553876171,-32.8635221848,6,Residencial Norte,2694682.37982,0
4154,Fresno europeo,03/10/2011 09:52,Medio (4 - 8 mts),58,Mediano,-68.8321886298,-32.8788383205,4,Cuarta Este Área Fundacional,1822015.85685,0
9590,Morera,28/01/2011 12:55,Alto (> 8 mts),160,Grande,-68.8511948109,-32.8642771368,6,Residencial Norte,2694682.37982,0
20429,Acacia SP,17/05/2011 11:07,Medio (4 - 8 mts),65,Grande,-68.8618027377,-32.893238609,5,Residencial Sur,2423808.92355,0
19687,Paraiso,12/07/2011 10:03,Alto (> 8 mts),110,Grande,-68.8354015993,-32.8715139352,4,Cuarta Oeste,1173332.70145,0
24853,Morera,16/02/2011 12:55,Alto (> 8 mts),146,Grande,-68.8383340443,-32.8954897081,2,Barrio Civico,2366816.36021,1
46229,Morera,29/09/2011 12:47,Bajo (2 - 4 mts),20,Chico,-68.8257426986,-32.8744079197,4,Cuarta Este Área Fundacional,1822015.85685,0
43549,Fresno europeo,19/10/2011 16:39,Medio (4 - 8 mts),124,Grande,-68.8297189909,-32.882100689,3,Parque O'Higgins,1531146.02653,0
25789,Fresno europeo,02/02/2011 10:55,Alto (> 8 mts),95,Grande,-68.8393586516,-32.903093809,2,Barrio Civico,2366816.36021,0
4185,Fresno europeo,06/07/2011 12:33,Medio (4 - 8 mts),76,Grande,-68.8369115271,-32.8757135191,1,Parque Central,1655357.93265,0
33002,Morera,18/05/2011 12:16,Alto (> 8 mts),165,Grande,-68.8523741616,-32.8881380887,5,Residencial Sur,2423808.92355,0
14517,Acacia SP,30/11/2011 16:35,Bajo (2 - 4 mts),110,Grande,-68.8788431648,-32.8656318936,8,Aeroparque,2203364.73622,0
9948,Jacaranda,12/11/2010 10:23,Bajo (2 - 4 mts),15,Chico,-68.8562304568,-32.8696596072,6,Residencial Norte,2694682.37982,0
23013,Olmo comun,17/06/2011 18:28,Medio (4 - 8 mts),58,Mediano,-68.8582512409,-32.8997629601,5,Residencial Sur,2423808.92355,1
26557,Platano,04/11/2011 08:52,Muy bajo (1 - 2 mts),5,Chico,-68.8316860997,-32.8901620063,3,Parque O'Higgins,1531146.02653,0
21765,Olmo comun,23/05/2011 09:11,Medio (4 - 8 mts),83,Grande,-68.8567798466,-32.8950566618,5,Residencial Sur,2423808.92355,0
16696,Paraiso,20/07/2011 14:04,Alto (> 8 mts),183,Grande,-68.8408472332,-32.864022856,4,Cuarta Oeste,1173332.70145,0
31504,Platano,19/05/2011 10:23,Alto (> 8 mts),180,Grande,-68.8580960629,-32.8906165507,5,Residencial Sur,2423808.92355,0
20782,Morera,31/05/2011 10:50,Medio (4 - 8 mts),68,Grande,-68.8608695061,-32.8962160737,5,Residencial Sur,2423808.92355,0
10903,Morera,18/03/2011 12:12,Bajo (2 - 4 mts),15,Chico,-68.8548288208,-32.8791389011,6,Residencial Norte,2694682.37982,0
33100,Morera,28/06/2011 09:08,Alto (> 8 mts),118,Grande,-68.8527162438,-32.8910500907,5,Residencial Sur,2423808.92355,0
21868,Fresno europeo,06/06/2011 12:58,Medio (4 - 8 mts),25,Mediano,-68.8587915774,-32.8958461828,5,Residencial Sur,2423808.92355,0
20809,Morera,31/05/2011 11:43,Alto (> 8 mts),128,Grande,-68.8628058469,-32.8956326496,5,Residencial Sur,2423808.92355,1
27934,Platano,03/11/2011 11:22,Alto (> 8 mts),210,Grande,-68.8381523189,-32.8933905172,2,Barrio Civico,2366816.36021,1
2773,Fresno americano,19/10/2011 17:06,Medio (4 - 8 mts),160,Grande,-68.8301897939,-32.8825895495,3,Parque O'Higgins,1531146.02653,0
19860,Morera,30/06/2011 09:14,Alto (> 8 mts),160,Grande,-68.8336805439,-32.8627448487,4,Cuarta Oeste,1173332.70145,0
11524,Fresno europeo,23/02/2011 09:42,Alto (> 8 mts),70,Grande,-68.8536071379,-32.8661802894,6,Residencial Norte,2694682.37982,0
47136,Platano,20/09/2011 10:53,Alto (> 8 mts),179,Grande,-68.833398424,-32.873316809,4,Cuarta Este Área Fundacional,1822015.85685,0
24658,Fresno europeo,18/01/2011 14:00,Medio (4 - 8 mts),75,Grande,-68.8431273226,-32.9009955498,2,Barrio Civico,2366816.36021,0
42708,Fresno americano,30/09/2011 12:01,Alto (> 8 mts),140,Grande,-68.8290005475,-32.8778161274,4,Cuarta Este Área Fundacional,1822015.85685,0
30344,Acacia SP,04/03/2011 10:08,Alto (> 8 mts),140,Grande,-68.8406319128,-32.8898405875,3,Parque O'Higgins,1531146.02653,0
19072,Morera,27/07/2011 10:53,Medio (4 - 8 mts),142,Grande,-68.8425581657,-32.8726859781,4,Cuarta Oeste,1173332.70145,1
2959,Jacaranda,16/09/2011 08:39,Muy bajo (1 - 2 mts),18,Chico,-68.8259586048,-32.8712987351,4,Cuarta Este Área Fundacional,1822015.85685,0
22884,Morera,29/06/2011 16:42,Alto (> 8 mts),122,Grande,-68.854787309,-32.9016273261,5,Residencial Sur,2423808.92355,0
12585,Morera,11/01/2011 11:21,Alto (> 8 mts),170,Grande,-68.8452140972,-32.8630075879,4,Cuarta Oeste,1173332.70145,0
34423,Fresno europeo,10/03/2011 09:07,Alto (> 8 mts),150,Grande,-68.851049494,-32.874214289,6,Residencial Norte,2694682.37982,0
36557,Morera,07/06/2011 10:11,Medio (4 - 8 mts),110,Grande,-68.8577646912,-32.883537529,5,Residencial Sur,2423808.92355,1
11978,Morera,14/05/2010 10:55,Medio (4 - 8 mts),154,Grande,-68.8509641796,-32.8683671855,6,Residencial Norte,2694682.37982,0
14728,Fresno europeo,30/11/2011 16:59,Bajo (2 - 4 mts),22,Mediano,-68.8773177993,-32.8689028389,8,Aeroparque,2203364.73622,0
38134,Fresno europeo,02/12/2010 12:22,Medio (4 - 8 mts),100,Grande,-68.8459039763,-32.8723905557,6,Residencial Norte,2694682.37982,0
8829,Morera,02/02/2011 08:55,Bajo (2 - 4 mts),34,Mediano,-68.8545029031,-32.8684193115,6,Residencial Norte,2694682.37982,0
19963,Morera,05/08/2011 09:30,Medio (4 - 8 mts),115,Grande,-68.8337230143,-32.8646467146,4,Cuarta Oeste,1173332.70145,1
32665,Acacia visco,24/06/2011 10:45,Alto (> 8 mts),180,Grande,-68.8504432323,-32.8902321376,5,Residencial Sur,2423808.92355,0
40394,Fresno europeo,08/04/2011 12:34,Medio (4 - 8 mts),80,Grande,-68.8449866818,-32.8815369679,1,Parque Central,1655357.93265,0
12648,Morera,17/01/2011 13:28,Alto (> 8 mts),150,Grande,-68.8470372189,-32.8629699374,4,Cuarta Oeste,1173332.70145,0
27885,Fresno europeo,04/11/2011 07:42,Medio (4 - 8 mts),60,Mediano,-68.8383294608,-32.893190543,2,Barrio Civico,2366816.36021,0
5916,Fresno americano,25/04/2011 09:37,Alto (> 8 mts),115,Grande,-68.8434160731,-32.8866013865,1,Parque Central,1655357.93265,0
43631,Platano,12/10/2011 14:44,Alto (> 8 mts),180,Grande,-68.8329047829,-32.8836475108,3,Parque O'Higgins,1531146.02653,1
43033,Morera,04/10/2011 11:22,Bajo (2 - 4 mts),20,Chico,-68.8328565048,-32.877712956,4,Cuarta Este Área Fundacional,1822015.85685,0
27872,Fresno europeo,04/11/2011 11:24,Medio (4 - 8 mts),130,Grande,-68.8386751913,-32.8942209567,2,Barrio Civico,2366816.36021,0
18036,Morera,01/08/2011 09:55,Alto (> 8 mts),150,Grande,-68.8402615591,-32.8680577354,4,Cuarta Oeste,1173332.70145,0
33619,Morera,16/05/2011 13:46,Alto (> 8 mts),160,Grande,-68.8540164995,-32.8878425484,5,Residencial Sur,2423808.92355,0
21783,Fresno europeo,13/05/2011 11:25,Bajo (2 - 4 mts),22,Mediano,-68.8556935619,-32.8933851978,5,Residencial Sur,2423808.92355,0
2077,Fresno americano,11/10/2011 15:40,Muy bajo (1 - 2 mts),9,Chico,-68.8283500252,-32.8803752216,4,Cuarta Este Área Fundacional,1822015.85685,0
1173,Aguaribay,29/11/2011 10:23,Alto (> 8 mts),190,Grande,-68.8761254177,-32.8648573959,8,Aeroparque,2203364.73622,0
35560,Caducifolio,09/03/2011 12:29,Muy bajo (1 - 2 mts),8,Chico,-68.8562675622,-32.8737065182,6,Residencial Norte,2694682.37982,0
22876,Acer,10/05/2011 09:57,Bajo (2 - 4 mts),18,Chico,-68.8558750693,-32.9009041263,5,Residencial Sur,2423808.92355,0
11804,Paraiso,02/03/2011 12:03,Alto (> 8 mts),153,Grande,-68.8506355178,-32.8647831609,6,Residencial Norte,2694682.37982,0
15773,Alamo criollo,23/11/2011 11:31,Medio (4 - 8 mts),124,Grande,-68.8727856046,-32.8775097941,7,Residencial Parque,1786336.08966,0
38591,Paraiso,17/12/2010 10:45,Alto (> 8 mts),180,Grande,-68.851785332,-32.8705862938,6,Residencial Norte,2694682.37982,0
38428,Paraiso,04/11/2010 09:34,Alto (> 8 mts),95,Grande,-68.8515694544,-32.8690142949,6,Residencial Norte,2694682.37982,0
5407,Morera,19/04/2011 09:25,Bajo (2 - 4 mts),14,Chico,-68.8440042426,-32.8783851085,1,Parque Central,1655357.93265,0
7180,Fresno europeo,18/05/2011 09:09,Medio (4 - 8 mts),22,Mediano,-68.8556720732,-32.8983691549,5,Residencial Sur,2423808.92355,0
29214,Platano,03/03/2011 09:48,Alto (> 8 mts),222,Grande,-68.8455068219,-32.8879811949,1,Parque Central,1655357.93265,0
13233,Paraiso,21/02/2011 12:25,Alto (> 8 mts),106,Grande,-68.8475532079,-32.865620362,6,Residencial Norte,2694682.37982,0
25023,Morera,15/02/2011 09:07,Medio (4 - 8 mts),80,Grande,-68.8353187373,-32.897017833,2,Barrio Civico,2366816.36021,0
18678,Morera,05/07/2011 09:38,Alto (> 8 mts),180,Grande,-68.8363414247,-32.8740704109,4,Cuarta Oeste,1173332.70145,1
22203,Morera,18/05/2011 10:03,Alto (> 8 mts),98,Grande,-68.8568850707,-32.8990347704,5,Residencial Sur,2423808.92355,0
11218,Morera,13/01/2011 10:51,Alto (> 8 mts),134,Grande,-68.8461837561,-32.9004776726,2,Barrio Civico,2366816.36021,0
47781,Morera,23/09/2011 13:52,Alto (> 8 mts),125,Grande,-68.8272975413,-32.8732458995,4,Cuarta Este Área Fundacional,1822015.85685,0
44181,Morera,17/10/2011 10:29,Alto (> 8 mts),105,Grande,-68.8339900832,-32.8831672044,3,Parque O'Higgins,1531146.02653,0
20178,Platano,12/05/2011 11:42,Alto (> 8 mts),133,Grande,-68.8603310403,-32.8924384045,5,Residencial Sur,2423808.92355,0
10586,Paraiso sombrilla,29/03/2011 13:03,Bajo (2 - 4 mts),15,Chico,-68.8525294755,-32.8764806384,6,Residencial Norte,2694682.37982,0
46214,Paraiso,27/09/2011 12:13,Alto (> 8 mts),178,Grande,-68.8262335369,-32.8753095745,4,Cuarta Este Área Fundacional,1822015.85685,0
30140,Morera,16/03/2011 08:14,Alto (> 8 mts),165,Grande,-68.8403628173,-32.8915604235,2,Barrio Civico,2366816.36021,0
15799,Paraiso sombrilla,22/11/2011 17:05,Bajo (2 - 4 mts),80,Grande,-68.8733176775,-32.8794053894,7,Residencial Parque,1786336.08966,0
45682,Caducifolio,26/08/2011 11:22,Muy bajo (1 - 2 mts),5,Chico,-68.8227918515,-32.8695233117,4,Cuarta Este Área Fundacional,1822015.85685,0
19500,Morera,18/07/2011 09:44,Alto (> 8 mts),167,Grande,-68.8385228257,-32.8718418078,4,Cuarta Oeste,1173332.70145,0
8254,Fresno americano,09/03/2011 17:55,Medio (4 - 8 mts),22,Mediano,-68.8463569106,-32.8917833474,2,Barrio Civico,2366816.36021,0
42474,Perenne,30/09/2011 14:58,Medio (4 - 8 mts),70,Grande,-68.8315093422,-32.8764719516,4,Cuarta Este Área Fundacional,1822015.85685,1
6153,Platano,19/04/2011 10:41,Alto (> 8 mts),148,Grande,-68.8404450383,-32.8841129871,1,Parque Central,1655357.93265,0
48106,Morera,29/09/2011 09:25,Alto (> 8 mts),180,Grande,-68.8255469587,-32.8674151907,4,Cuarta Este Área Fundacional,1822015.85685,0
43932,Acacia SP,12/10/2011 14:34,Medio (4 - 8 mts),150,Grande,-68.832480046,-32.8839037446,3,Parque O'Higgins,1531146.02653,0
5789,Conifera,04/05/2011 11:07,Alto (> 8 mts),54,Mediano,-68.8414654347,-32.8782092079,1,Parque Central,1655357.93265,0
14048,Catalpa,05/12/2011 12:26,Bajo (2 - 4 mts),20,Chico,-68.8763856733,-32.8675486084,8,Aeroparque,2203364.73622,0
17127,Morera,15/08/2011 13:49,Alto (> 8 mts),205,Grande,-68.8362516829,-32.8625734629,4,Cuarta Oeste,1173332.70145,0
39442,Paraiso,11/11/2010 10:37,Alto (> 8 mts),220,Grande,-68.8547532396,-32.8699211297,6,Residencial Norte,2694682.37982,1
30658,Fresno europeo,01/02/2011 12:17,Bajo (2 - 4 mts),35,Mediano,-68.8538794143,-32.8671309248,6,Residencial Norte,2694682.37982,0
26106,Morera,11/11/2011 13:10,Medio (4 - 8 mts),90,Grande,-68.8312966132,-32.887521923,3,Parque O'Higgins,1531146.02653,0
24318,Morera,12/07/2011 12:37,Alto (> 8 mts),160,Grande,-68.8443449272,-32.9020266336,2,Barrio Civico,2366816.36021,0
29689,Acacia SP,02/03/2011 15:44,Alto (> 8 mts),198,Grande,-68.8418279768,-32.8944669612,2,Barrio Civico,2366816.36021,1
25043,Perenne,15/02/2011 08:12,Bajo (2 - 4 mts),39,Mediano,-68.8366396903,-32.8964930326,2,Barrio Civico,2366816.36021,0
42715,Ailanthus,30/09/2011 11:48,Medio (4 - 8 mts),53,Mediano,-68.8280489523,-32.8778453316,4,Cuarta Este Área Fundacional,1822015.85685,0
35727,Fresno europeo,09/03/2011 09:26,Medio (4 - 8 mts),110,Grande,-68.8545532004,-32.873645656,6,Residencial Norte,2694682.37982,0
34912,Fresno europeo,28/03/2011 12:21,Alto (> 8 mts),106,Grande,-68.8517173086,-32.8803134782,1,Parque Central,1655357.93265,0
8233,Fresno europeo,28/02/2011 18:48,Bajo (2 - 4 mts),14,Chico,-68.8438271047,-32.8926413116,2,Barrio Civico,2366816.36021,0
14699,Morera,06/12/2011 08:19,Medio (4 - 8 mts),80,Grande,-68.8766138586,-32.8689931113,8,Aeroparque,2203364.73622,0
15766,Paraiso,21/11/2011 11:32,Alto (> 8 mts),150,Grande,-68.8725738504,-32.8780820792,7,Residencial Parque,1786336.08966,0
24648,Morera,21/01/2011 09:51,Alto (> 8 mts),140,Grande,-68.8432391941,-32.900389878,2,Barrio Civico,2366816.36021,0
11943,Morera,12/05/2010 11:10,Medio (4 - 8 mts),62,Grande,-68.8516953239,-32.8675169203,6,Residencial Norte,2694682.37982,0
14123,Acer,01/12/2011 13:13,Alto (> 8 mts),95,Grande,-68.8761020606,-32.8674047194,8,Aeroparque,2203364.73622,0
116,Jacaranda,29/02/2012 10:45,Muy bajo (1 - 2 mts),6,Chico,-68.8566379938,-32.8635749808,6,Residencial Norte,2694682.37982,0
6227,Platano,11/04/2011 15:12,Bajo (2 - 4 mts),6,Chico,-68.8386030592,-32.8871221886,3,Parque O'Higgins,1531146.02653,0
5979,Morera,26/04/2011 11:33,Alto (> 8 mts),63,Grande,-68.8462254994,-32.8857186443,1,Parque Central,1655357.93265,0
16378,Aguaribay,11/08/2011 10:28,Bajo (2 - 4 mts),40,Mediano,-68.8420107462,-32.8627532109,4,Cuarta Oeste,1173332.70145,1
35070,Fresno europeo,22/03/2011 10:01,Muy bajo (1 - 2 mts),12,Chico,-68.8550004679,-32.879789765699996,6,Residencial Norte,2694682.37982,0
24179,Fresno europeo,24/01/2011 09:03,Medio (4 - 8 mts),58,Mediano,-68.8457954965,-32.902159287,2,Barrio Civico,2366816.36021,0
45298,Fresno europeo,09/09/2011 13:09,Alto (> 8 mts),108,Grande,-68.823951932,-32.8721356015,4,Cuarta Este Área Fundacional,1822015.85685,0
11025,Paraiso,07/04/2011 11:59,Alto (> 8 mts),66,Grande,-68.8583205167,-32.8803943046,7,Residencial Parque,1786336.08966,1
1852,Acacia SP,17/11/2011 12:28,Muy bajo (1 - 2 mts),4,Chico,-68.8593088116,-32.8714947473,6,Residencial Norte,2694682.37982,0
24571,Catalpa,28/01/2011 10:18,Alto (> 8 mts),171,Grande,-68.8435917192,-32.9029338963,2,Barrio Civico,2366816.36021,1
41721,Alamo blanco,25/04/2011 14:06,Alto (> 8 mts),140,Grande,-68.8377453196,-32.8784434529,1,Parque Central,1655357.93265,0
8077,Morera,04/03/2011 09:48,Alto (> 8 mts),160,Grande,-68.8403842187,-32.890387583,3,Parque O'Higgins,1531146.02653,0
32493,Paraiso,27/05/2011 10:46,Alto (> 8 mts),170,Grande,-68.8527967206,-32.8888328526,5,Residencial Sur,2423808.92355,0
4023,Morera,21/09/2011 10:45,Alto (> 8 mts),155,Grande,-68.8305599468,-32.8735113311,4,Cuarta Este Área Fundacional,1822015.85685,1
14131,Paraiso,01/12/2011 12:58,Medio (4 - 8 mts),120,Grande,-68.8769031827,-32.867820841,8,Aeroparque,2203364.73622,0
18773,Morera,11/07/2011 11:23,Alto (> 8 mts),195,Grande,-68.8385586296,-32.872544454,4,Cuarta Oeste,1173332.70145,0
40699,Morera,19/04/2011 09:44,Alto (> 8 mts),176,Grande,-68.8418074083,-32.8843653837,1,Parque Central,1655357.93265,0
31608,Morera,10/06/2011 09:46,Alto (> 8 mts),115,Grande,-68.8613846364,-32.887864187,5,Residencial Sur,2423808.92355,0
7423,Caducifolio,17/06/2011 17:39,Bajo (2 - 4 mts),6,Chico,-68.8575680498,-32.9004112619,5,Residencial Sur,2423808.92355,0
33193,Morera,11/05/2011 12:18,Alto (> 8 mts),190,Grande,-68.8564769506,-32.8915689325,5,Residencial Sur,2423808.92355,0
34988,Morera,31/03/2011 12:57,Alto (> 8 mts),185,Grande,-68.8552777725,-32.8802873706,6,Residencial Norte,2694682.37982,0
35421,Fresno europeo,17/06/2011 15:27,Medio (4 - 8 mts),120,Grande,-68.8546063576,-32.883694459,5,Residencial Sur,2423808.92355,0
13076,Morera,17/02/2011 10:26,Alto (> 8 mts),164,Grande,-68.8461489455,-32.8644601279,4,Cuarta Oeste,1173332.70145,1
15937,Fresno americano,25/11/2011 09:39,Bajo (2 - 4 mts),20,Chico,-68.873064245,-32.8769167554,7,Residencial Parque,1786336.08966,0
30692,Liquidambar,03/02/2011 10:23,Alto (> 8 mts),38,Mediano,-68.8555841836,-32.8670824789,6,Residencial Norte,2694682.37982,0
24123,Olmo comun,10/01/2011 14:04,Alto (> 8 mts),107,Grande,-68.8471302199,-32.9018365881,2,Barrio Civico,2366816.36021,0
34577,Morera,17/01/2012 19:53,Alto (> 8 mts),180,Grande,-68.8486052022,-32.87421956,6,Residencial Norte,2694682.37982,0
14217,Morera,30/11/2011 11:32,Medio (4 - 8 mts),120,Grande,-68.8765965597,-32.8662130739,8,Aeroparque,2203364.73622,0
4194,Fresno europeo,06/07/2011 11:47,Alto (> 8 mts),72,Grande,-68.8378603118,-32.8750376989,1,Parque Central,1655357.93265,0
9781,Morera,17/01/2011 10:02,Alto (> 8 mts),160,Grande,-68.8458786683,-32.862815459,4,Cuarta Oeste,1173332.70145,0
4515,Morera,01/08/2011 09:49,Alto (> 8 mts),86,Grande,-68.840330648,-32.8683058681,4,Cuarta Oeste,1173332.70145,0
17708,Olmo comun,15/07/2011 10:46,Alto (> 8 mts),75,Grande,-68.8429257553,-32.8705544746,4,Cuarta Oeste,1173332.70145,0
64,Fresno europeo,05/03/2012 10:39,Bajo (2 - 4 mts),50,Mediano,-68.8566631466,-32.8965007268,5,Residencial Sur,2423808.92355,0
16769,Morera,11/08/2011 13:44,Medio (4 - 8 mts),45,Mediano,-68.8390761736,-32.8625135872,4,Cuarta Oeste,1173332.70145,0
43417,Fresno europeo,26/10/2011 16:48,Alto (> 8 mts),164,Grande,-68.8312193902,-32.8801634525,3,Parque O'Higgins,1531146.02653,0
29006,Platano,20/04/2011 11:54,Alto (> 8 mts),200,Grande,-68.8451655269,-32.8867239946,1,Parque Central,1655357.93265,0
48105,Morera,29/09/2011 09:26,Medio (4 - 8 mts),130,Grande,-68.8255596055,-32.8675043859,4,Cuarta Este Área Fundacional,1822015.85685,0
35026,Morera,23/03/2011 09:57,Medio (4 - 8 mts),71,Grande,-68.8549663333,-32.880831178,6,Residencial Norte,2694682.37982,1
34138,Paraiso,11/03/2011 10:04,Alto (> 8 mts),170,Grande,-68.8564008698,-32.8736683493,6,Residencial Norte,2694682.37982,0
17175,Morera,04/07/2011 12:02,Medio (4 - 8 mts),57,Mediano,-68.8358198135,-32.8635430868,4,Cuarta Oeste,1173332.70145,0
16645,Caducifolio,19/07/2011 12:28,Muy bajo (1 - 2 mts),18,Chico,-68.8409945668,-32.8639036589,4,Cuarta Oeste,1173332.70145,0
18555,Paraiso,07/07/2011 11:22,Alto (> 8 mts),150,Grande,-68.83750378,-32.8735363995,4,Cuarta Oeste,1173332.70145,0
47671,Fresno americano,15/09/2011 10:27,Alto (> 8 mts),154,Grande,-68.8301232914,-32.8729496852,4,Cuarta Este Área Fundacional,1822015.85685,0
35452,Morera,28/03/2011 10:29,Alto (> 8 mts),113,Grande,-68.85406179,-32.8812214354,6,Residencial Norte,2694682.37982,0
38975,Morera,28/12/2010 12:27,Bajo (2 - 4 mts),60,Mediano,-68.8557922816,-32.8711648696,6,Residencial Norte,2694682.37982,0
23798,Palo borracho,27/01/2011 19:07,Bajo (2 - 4 mts),110,Grande,-68.8502105538,-32.9004646258,2,Barrio Civico,2366816.36021,0
35845,Morera,03/03/2011 12:18,Alto (> 8 mts),128,Grande,-68.8542811631,-32.874161469,6,Residencial Norte,2694682.37982,0
12724,Acacia SP,25/01/2011 08:29,Alto (> 8 mts),110,Grande,-68.8481478591,-32.8636928929,6,Residencial Norte,2694682.37982,0
23677,Fresno europeo,25/01/2011 10:02,Medio (4 - 8 mts),110,Grande,-68.8485847661,-32.9004386646,2,Barrio Civico,2366816.36021,0
8149,Platano,02/03/2011 11:14,Alto (> 8 mts),125,Grande,-68.845523024,-32.8917137086,2,Barrio Civico,2366816.36021,0
3164,Morera,20/09/2011 10:16,Medio (4 - 8 mts),132,Grande,-68.83494337,-32.8740641539,4,Cuarta Este Área Fundacional,1822015.85685,0
31808,Morera,03/01/2012 10:09,Medio (4 - 8 mts),80,Grande,-68.8600619613,-32.8891866684,5,Residencial Sur,2423808.92355,0
18797,Paraiso,07/07/2011 10:23,Alto (> 8 mts),145,Grande,-68.8374316142,-32.8727467772,4,Cuarta Oeste,1173332.70145,0
28204,Morera,14/03/2011 18:13,Alto (> 8 mts),98,Grande,-68.8477309779,-32.8935568738,2,Barrio Civico,2366816.36021,0
39129,Morera,15/01/2012 19:29,Medio (4 - 8 mts),140,Grande,-68.8535664641,-32.8717282243,6,Residencial Norte,2694682.37982,1
27695,Morera,28/10/2011 10:43,Medio (4 - 8 mts),98,Grande,-68.8374073309,-32.8942988158,2,Barrio Civico,2366816.36021,1
47765,Morera,15/09/2011 14:05,Alto (> 8 mts),110,Grande,-68.8267667766,-32.8721616661,4,Cuarta Este Área Fundacional,1822015.85685,0
19593,Fresno americano,11/07/2011 10:05,Alto (> 8 mts),127,Grande,-68.8358767255,-32.8716439057,4,Cuarta Oeste,1173332.70145,0
36490,Morera,06/04/2011 12:07,Alto (> 8 mts),129,Grande,-68.8550403864,-32.8793974041,6,Residencial Norte,2694682.37982,0
45460,Morera,16/09/2011 11:27,Alto (> 8 mts),125,Grande,-68.8228189555,-32.8712930597,4,Cuarta Este Área Fundacional,1822015.85685,1
22106,Morera,13/06/2011 13:55,Alto (> 8 mts),120,Grande,-68.855447411,-32.8973865756,5,Residencial Sur,2423808.92355,1
4653,Fresno americano,12/08/2011 09:49,Medio (4 - 8 mts),100,Grande,-68.8352778365,-32.8639407613,4,Cuarta Oeste,1173332.70145,0
6297,Fresno europeo,28/06/2011 11:28,Bajo (2 - 4 mts),33,Mediano,-68.8578885765,-32.8903366761,5,Residencial Sur,2423808.92355,0
44291,Morera,20/10/2011 16:55,Medio (4 - 8 mts),160,Grande,-68.8352141061,-32.8807164349,1,Parque Central,1655357.93265,0
6711,Olmo comun,12/05/2011 10:15,Medio (4 - 8 mts),60,Mediano,-68.8547042338,-32.893568862,5,Residencial Sur,2423808.92355,0
21041,Morera,22/06/2011 12:53,Bajo (2 - 4 mts),25,Mediano,-68.8635528062,-32.9003534625,5,Residencial Sur,2423808.92355,0
41215,Fresno europeo,18/04/2011 10:05,Alto (> 8 mts),150,Grande,-68.8376983311,-32.8821405885,1,Parque Central,1655357.93265,0
18974,Morera,03/08/2011 15:20,Medio (4 - 8 mts),50,Mediano,-68.8377679364,-32.8694875895,4,Cuarta Oeste,1173332.70145,0
198,Fresno europeo,24/02/2012 10:43,Bajo (2 - 4 mts),20,Chico,-68.8584029873,-32.8645344121,6,Residencial Norte,2694682.37982,0
32325,Acacia SP,24/06/2011 12:24,Bajo (2 - 4 mts),33,Mediano,-68.8514825746,-32.8909360645,5,Residencial Sur,2423808.92355,0
1773,Fresno americano,25/11/2011 10:12,Bajo (2 - 4 mts),16,Chico,-68.8704033295,-32.8783265399,7,Residencial Parque,1786336.08966,0
20619,Fresno europeo,02/06/2011 12:29,Alto (> 8 mts),92,Grande,-68.8600807513,-32.895788756,5,Residencial Sur,2423808.92355,0
21966,Morera,30/05/2011 12:03,Alto (> 8 mts),85,Grande,-68.8575838019,-32.8950545224,5,Residencial Sur,2423808.92355,0
9539,Fresno europeo,08/02/2011 12:31,Medio (4 - 8 mts),110,Grande,-68.8548820548,-32.8646675948,6,Residencial Norte,2694682.37982,0
5604,Platano,05/05/2011 14:15,Medio (4 - 8 mts),35,Mediano,-68.8400042869,-32.8759361704,1,Parque Central,1655357.93265,0
47984,Morera,31/08/2011 09:54,Alto (> 8 mts),77,Grande,-68.8260021405,-32.870092192,4,Cuarta Este Área Fundacional,1822015.85685,0
3774,Morera,23/08/2011 12:45,Alto (> 8 mts),90,Grande,-68.819133183,-32.8704605963,4,Cuarta Este Área Fundacional,1822015.85685,0
37098,Fresno europeo,06/04/2011 12:14,Alto (> 8 mts),92,Grande,-68.8585550096,-32.8766354732,7,Residencial Parque,1786336.08966,0
42607,Fresno europeo,23/09/2011 09:02,Alto (> 8 mts),85,Grande,-68.826404891,-32.8756598498,4,Cuarta Este Área Fundacional,1822015.85685,0
29053,Olmo comun,18/04/2011 10:27,Alto (> 8 mts),146,Grande,-68.844360791,-32.886425798,1,Parque Central,1655357.93265,0
4952,Fresno americano,15/07/2011 12:32,Bajo (2 - 4 mts),26,Mediano,-68.8433468541,-32.8686667146,4,Cuarta Oeste,1173332.70145,0
41320,Platano,19/04/2011 11:55,Alto (> 8 mts),185,Grande,-68.8412520745,-32.8833788038,1,Parque Central,1655357.93265,0
10852,Fresno europeo,17/03/2011 09:59,Bajo (2 - 4 mts),38,Mediano,-68.8530350674,-32.8784138169,6,Residencial Norte,2694682.37982,0
12732,Acer,24/01/2011 09:24,Medio (4 - 8 mts),90,Grande,-68.8485223446,-32.863563142,6,Residencial Norte,2694682.37982,0
39681,Morera,08/06/2011 10:31,Bajo (2 - 4 mts),15,Chico,-68.845915018,-32.8691382345,6,Residencial Norte,2694682.37982,0
17359,Morera,04/08/2011 08:02,Alto (> 8 mts),185,Grande,-68.8353707105,-32.8649083573,4,Cuarta Oeste,1173332.70145,0
42276,Olmo bola,03/05/2011 12:26,Alto (> 8 mts),70,Grande,-68.8383883952,-32.8763243144,1,Parque Central,1655357.93265,0
1687,Paraiso,25/11/2011 11:03,Bajo (2 - 4 mts),25,Mediano,-68.8719846185,-32.8772619389,7,Residencial Parque,1786336.08966,0
27051,Fresno americano,21/10/2011 10:18,Alto (> 8 mts),145,Grande,-68.8384052231,-32.8884855534,3,Parque O'Higgins,1531146.02653,1
2295,Fresno europeo,04/11/2011 11:14,Medio (4 - 8 mts),142,Grande,-68.8392862571,-32.8942090938,2,Barrio Civico,2366816.36021,1
22479,Paraiso,23/06/2011 12:17,Alto (> 8 mts),157,Grande,-68.8622426461,-32.8989059966,5,Residencial Sur,2423808.92355,0
10770,Morera,04/04/2011 09:58,Alto (> 8 mts),160,Grande,-68.852626545,-32.87775877,6,Residencial Norte,2694682.37982,1
11955,Morera,12/05/2010 10:42,Medio (4 - 8 mts),88,Grande,-68.8516471556,-32.868038032,6,Residencial Norte,2694682.37982,0
28107,Morera,14/03/2011 16:43,Alto (> 8 mts),132,Grande,-68.8475289532,-32.8924526403,2,Barrio Civico,2366816.36021,0
23909,Morera,19/01/2012 12:12,Alto (> 8 mts),145,Grande,-68.8524085661,-32.8996497952,2,Barrio Civico,2366816.36021,1
44312,Fresno europeo,12/10/2011 17:21,Medio (4 - 8 mts),80,Grande,-68.8354892673,-32.8810716457,1,Parque Central,1655357.93265,0
43548,Fresno europeo,19/10/2011 16:41,Medio (4 - 8 mts),130,Grande,-68.8297220745,-32.8821646232,3,Parque O'Higgins,1531146.02653,0
29709,Platano,02/03/2011 17:57,Alto (> 8 mts),192,Grande,-68.8427515146,-32.893532811,2,Barrio Civico,2366816.36021,0
6268,Ailanthus,13/07/2011 13:39,Alto (> 8 mts),30,Mediano,-68.8504124109,-32.8830001863,1,Parque Central,1655357.93265,0
31763,Fresno europeo,28/06/2011 11:32,Muy bajo (1 - 2 mts),40,Mediano,-68.8578552672,-32.8902035008,5,Residencial Sur,2423808.92355,0
46882,Platano,08/09/2011 13:27,Alto (> 8 mts),180,Grande,-68.8340996993,-32.8708815768,4,Cuarta Oeste,1173332.70145,0
18107,Paraiso,28/07/2011 10:24,Medio (4 - 8 mts),64,Grande,-68.8406625726,-32.8695266023,4,Cuarta Oeste,1173332.70145,1
13136,Paraiso sombrilla,21/02/2011 09:33,Bajo (2 - 4 mts),58,Mediano,-68.8470221303,-32.8651777813,4,Cuarta Oeste,1173332.70145,0
16660,Morera,19/07/2011 11:43,Alto (> 8 mts),118,Grande,-68.8412223046,-32.8627315639,4,Cuarta Oeste,1173332.70145,1
40778,Fresno europeo,25/04/2011 14:52,Medio (4 - 8 mts),118,Grande,-68.8407985855,-32.8846467399,1,Parque Central,1655357.93265,0
37631,Morera,13/12/2010 11:09,Alto (> 8 mts),140,Grande,-68.849712168600007,-32.8720899213,6,Residencial Norte,2694682.37982,0
15621,Alamo blanco,15/11/2011 19:23,Muy bajo (1 - 2 mts),4,Chico,-68.8621352045,-32.8718533232,7,Residencial Parque,1786336.08966,0
22695,Fresno europeo,10/05/2011 12:03,Alto (> 8 mts),68,Grande,-68.853440611,-32.8995045945,5,Residencial Sur,2423808.92355,0
26445,Fresno americano,09/11/2011 10:06,Alto (> 8 mts),145,Grande,-68.8336260039,-32.8912599225,3,Parque O'Higgins,1531146.02653,0
6137,Morera,07/04/2011 11:58,Medio (4 - 8 mts),90,Grande,-68.8431770541,-32.8805874963,1,Parque Central,1655357.93265,0
11076,Prunas,22/03/2011 09:30,Medio (4 - 8 mts),42,Mediano,-68.8546104234,-32.8803835025,6,Residencial Norte,2694682.37982,0
34598,Paraiso sombrilla,17/01/2012 16:18,Bajo (2 - 4 mts),50,Mediano,-68.8482703544,-32.8752556594,6,Residencial Norte,2694682.37982,0
26810,Morera,01/11/2011 08:45,Medio (4 - 8 mts),128,Grande,-68.8337955181,-32.8950313799,3,Parque O'Higgins,1531146.02653,0
46411,Fresno europeo,19/08/2011 09:39,Bajo (2 - 4 mts),45,Mediano,-68.8333025431,-32.8678850886,4,Cuarta Oeste,1173332.70145,0
3457,Olmo comun,19/08/2011 10:29,Medio (4 - 8 mts),96,Grande,-68.827384611,-32.8681187008,4,Cuarta Este Área Fundacional,1822015.85685,0
12523,Acer,10/01/2011 10:04,Medio (4 - 8 mts),100,Grande,-68.8439613178,-32.8631707137,4,Cuarta Oeste,1173332.70145,0
22020,Fresno europeo,16/05/2011 12:13,Muy bajo (1 - 2 mts),8,Chico,-68.8586480445,-32.8928316409,5,Residencial Sur,2423808.92355,0
44983,Fresno europeo,29/08/2011 09:14,Bajo (2 - 4 mts),110,Grande,-68.8243694871,-32.8688342122,4,Cuarta Este Área Fundacional,1822015.85685,0
24530,Morera,27/01/2011 13:31,Medio (4 - 8 mts),74,Grande,-68.8427161386,-32.9012131854,2,Barrio Civico,2366816.36021,0
14592,Aguaribay,14/12/2011 10:17,Medio (4 - 8 mts),120,Grande,-68.8791826793,-32.8683600913,8,Aeroparque,2203364.73622,0
46766,Morera,05/09/2011 10:46,Alto (> 8 mts),249,Grande,-68.8336135317,-32.8704814806,4,Cuarta Oeste,1173332.70145,0
18121,Morera,28/07/2011 09:34,Medio (4 - 8 mts),117,Grande,-68.8415775756,-32.8697594656,4,Cuarta Oeste,1173332.70145,1
23369,Tilo,27/01/2011 15:31,Bajo (2 - 4 mts),34,Mediano,-68.8494968762,-32.9032498419,2,Barrio Civico,2366816.36021,0
26051,Fresno europeo,08/11/2011 16:18,Medio (4 - 8 mts),90,Grande,-68.8317463627,-32.8876465467,3,Parque O'Higgins,1531146.02653,0
24153,Fresno europeo,25/01/2011 11:20,Medio (4 - 8 mts),122,Grande,-68.846436958499993,-32.9020350761,2,Barrio Civico,2366816.36021,0
15064,Alamo blanco,17/11/2011 12:43,Alto (> 8 mts),180,Grande,-68.858177702,-32.8692175893,6,Residencial Norte,2694682.37982,0
28370,Morera,15/03/2011 12:34,Muy bajo (1 - 2 mts),13,Chico,-68.8485887776,-32.8888527605,5,Residencial Sur,2423808.92355,1
5148,Morera,08/08/2011 10:30,Alto (> 8 mts),150,Grande,-68.8435369762,-32.8701261134,4,Cuarta Oeste,1173332.70145,0
22057,Fresno americano,16/05/2011 09:26,Alto (> 8 mts),100,Grande,-68.8583876618,-32.8938501358,5,Residencial Sur,2423808.92355,0
3441,Morera,17/08/2011 11:19,Medio (4 - 8 mts),169,Grande,-68.8278511768,-32.8665177143,4,Cuarta Este Área Fundacional,1822015.85685,0
10091,Morera,30/08/2010 11:27,Medio (4 - 8 mts),50,Mediano,-68.8461959534,-32.8692029062,6,Residencial Norte,2694682.37982,0
10624,Paraiso,17/03/2011 10:14,Alto (> 8 mts),150,Grande,-68.8571582535,-32.8744757467,6,Residencial Norte,2694682.37982,0
12429,Caducifolio,24/01/2011 10:37,Bajo (2 - 4 mts),36,Mediano,-68.8489088753,-32.8664107121,6,Residencial Norte,2694682.37982,0
9877,Fresno europeo,25/11/2010 13:42,Alto (> 8 mts),180,Grande,-68.8543617724,-32.8728041635,6,Residencial Norte,2694682.37982,0
21017,Morera,21/06/2011 12:11,Alto (> 8 mts),132,Grande,-68.8630614884,-32.9004703254,5,Residencial Sur,2423808.92355,1
19883,Paraiso sombrilla,29/06/2011 10:07,Alto (> 8 mts),120,Grande,-68.8348684662,-32.8628121721,4,Cuarta Oeste,1173332.70145,0
20090,Morera,10/08/2011 11:21,Alto (> 8 mts),185,Grande,-68.8342619007,-32.8658827977,4,Cuarta Oeste,1173332.70145,1
27596,Fresno europeo,07/11/2011 09:30,Alto (> 8 mts),145,Grande,-68.8381894112,-32.8943154935,2,Barrio Civico,2366816.36021,0
6067,Platano,12/04/2011 10:01,Alto (> 8 mts),194,Grande,-68.8442600033,-32.8832811379,1,Parque Central,1655357.93265,1
32838,Platano,13/06/2011 09:50,Alto (> 8 mts),280,Grande,-68.8503366843,-32.8863121265,5,Residencial Sur,2423808.92355,0
25220,Morera,09/02/2011 19:18,Alto (> 8 mts),132,Grande,-68.8364768754,-32.8978684449,2,Barrio Civico,2366816.36021,1
47084,Fresno americano,23/09/2011 11:39,Bajo (2 - 4 mts),18,Chico,-68.8334942594,-32.8728405141,4,Cuarta Este Área Fundacional,1822015.85685,0
28438,Morera,28/02/2011 09:53,Alto (> 8 mts),180,Grande,-68.8461691124,-32.8895109126,2,Barrio Civico,2366816.36021,1
34482,Morera,10/03/2011 12:31,Medio (4 - 8 mts),160,Grande,-68.8491090566,-32.8748277301,6,Residencial Norte,2694682.37982,0
45624,Fresno europeo,22/09/2011 08:37,Muy bajo (1 - 2 mts),2,Chico,-68.8211712003,-32.8713543746,4,Cuarta Este Área Fundacional,1822015.85685,0
8937,Morera,24/01/2011 14:19,Alto (> 8 mts),120,Grande,-68.8489153009,-32.8674882057,6,Residencial Norte,2694682.37982,0
44903,Morera,23/08/2011 13:35,Alto (> 8 mts),147,Grande,-68.8254083936,-32.8672445771,4,Cuarta Este Área Fundacional,1822015.85685,1
32028,Morera,03/06/2011 09:05,Alto (> 8 mts),150,Grande,-68.8573586428,-32.888249281,5,Residencial Sur,2423808.92355,0
4522,Morera,01/08/2011 09:05,Alto (> 8 mts),95,Grande,-68.8414872382,-32.8682617772,4,Cuarta Oeste,1173332.70145,0
25263,Morera,08/02/2011 10:26,Medio (4 - 8 mts),68,Grande,-68.838906781,-32.8993295545,2,Barrio Civico,2366816.36021,0
2447,Fresno europeo,27/10/2011 08:44,Muy bajo (1 - 2 mts),8,Chico,-68.8357767093,-32.8910990435,3,Parque O'Higgins,1531146.02653,0
42499,Morera,30/09/2011 08:53,Alto (> 8 mts),210,Grande,-68.831248154,-32.8753821664,4,Cuarta Este Área Fundacional,1822015.85685,0
23024,Fresno europeo,17/06/2011 17:44,Medio (4 - 8 mts),22,Mediano,-68.8577727057,-32.9004070297,5,Residencial Sur,2423808.92355,0
17803,Paraiso,22/07/2011 13:32,Muy bajo (1 - 2 mts),50,Mediano,-68.8431001644,-32.86902028,4,Cuarta Oeste,1173332.70145,0
23027,Morera,17/06/2011 17:35,Alto (> 8 mts),104,Grande,-68.8572482862,-32.9004186491,5,Residencial Sur,2423808.92355,0
10403,Fresno europeo,14/03/2011 12:55,Medio (4 - 8 mts),20,Chico,-68.8581615791,-32.8724728397,6,Residencial Norte,2694682.37982,0
35237,Morera,22/03/2011 11:36,Alto (> 8 mts),96,Grande,-68.8539917906,-32.8820558182,6,Residencial Norte,2694682.37982,0
6664,Fresno americano,16/05/2011 09:25,Medio (4 - 8 mts),76,Grande,-68.8617922776,-32.8925930116,5,Residencial Sur,2423808.92355,0
8934,Morera,25/01/2011 09:36,Alto (> 8 mts),140,Grande,-68.8493442244,-32.8675175709,6,Residencial Norte,2694682.37982,0
21237,Olmo bola,10/05/2011 12:37,Alto (> 8 mts),97,Grande,-68.8532642082,-32.8943321969,5,Residencial Sur,2423808.92355,1
24350,Acacia SP,26/01/2011 10:36,Alto (> 8 mts),100,Grande,-68.8445223964,-32.9027600914,2,Barrio Civico,2366816.36021,0
4855,Fresno europeo,27/07/2011 09:27,Medio (4 - 8 mts),44,Mediano,-68.8397261301,-32.8661349485,4,Cuarta Oeste,1173332.70145,0
12493,Morera,25/01/2011 13:42,Alto (> 8 mts),65,Grande,-68.8492340626,-32.8677634908,6,Residencial Norte,2694682.37982,0
12472,Morera,25/01/2011 10:26,Alto (> 8 mts),120,Grande,-68.8493586083,-32.8663962863,6,Residencial Norte,2694682.37982,0
32442,Platano,26/05/2011 14:02,Alto (> 8 mts),195,Grande,-68.8517562901,-32.8894531967,5,Residencial Sur,2423808.92355,0
47235,Morera,16/09/2011 13:16,Alto (> 8 mts),158,Grande,-68.833466665,-32.8746813454,4,Cuarta Este Área Fundacional,1822015.85685,0
36433,Morera,18/03/2011 12:39,Alto (> 8 mts),123,Grande,-68.8529786499,-32.8799014787,6,Residencial Norte,2694682.37982,0
19063,Morera,26/07/2011 12:52,Alto (> 8 mts),165,Grande,-68.8416791919,-32.8717891259,4,Cuarta Oeste,1173332.70145,1
2218,Morera,31/10/2011 09:37,Medio (4 - 8 mts),50,Mediano,-68.8363602548,-32.8953795014,2,Barrio Civico,2366816.36021,0
2835,Morera,09/11/2011 12:08,Medio (4 - 8 mts),38,Mediano,-68.8337432897,-32.8939596791,3,Parque O'Higgins,1531146.02653,0
21019,Paraiso,21/06/2011 12:08,Alto (> 8 mts),185,Grande,-68.8632134847,-32.9004668851,5,Residencial Sur,2423808.92355,0
22158,Fresno europeo,13/05/2011 13:28,Alto (> 8 mts),92,Grande,-68.8540655457,-32.8983557865,5,Residencial Sur,2423808.92355,0
41905,Fresno europeo,18/04/2011 10:02,Bajo (2 - 4 mts),60,Mediano,-68.8427961436,-32.8786087812,1,Parque Central,1655357.93265,0
40881,Fresno americano,25/04/2011 17:38,Alto (> 8 mts),98,Grande,-68.839131489,-32.8849531198,3,Parque O'Higgins,1531146.02653,0
31346,Morera,25/02/2011 10:04,Muy bajo (1 - 2 mts),20,Chico,-68.8493772254,-32.866268975,6,Residencial Norte,2694682.37982,0
6074,Morera,11/04/2011 12:06,Medio (4 - 8 mts),80,Grande,-68.8455334159,-32.883607468,1,Parque Central,1655357.93265,0
3528,Caducifolio,05/09/2011 09:39,Bajo (2 - 4 mts),36,Mediano,-68.8272861084,-32.8686272494,4,Cuarta Este Área Fundacional,1822015.85685,0
46372,Morera,19/09/2011 13:03,Alto (> 8 mts),150,Grande,-68.8248808,-32.8736538921,4,Cuarta Este Área Fundacional,1822015.85685,0
30577,Morera,09/02/2011 13:28,Alto (> 8 mts),70,Grande,-68.858387197,-32.8661223852,6,Residencial Norte,2694682.37982,0
11777,Morera,25/01/2011 13:08,Alto (> 8 mts),170,Grande,-68.8486727617,-32.8643415521,6,Residencial Norte,2694682.37982,0
22034,Morera,16/05/2011 10:10,Alto (> 8 mts),138,Grande,-68.8570395533,-32.8931945132,5,Residencial Sur,2423808.92355,1
39330,Morera,30/12/2010 10:18,Alto (> 8 mts),185,Grande,-68.8564812657,-32.8712545159,6,Residencial Norte,2694682.37982,0
18238,Morera,29/07/2011 10:39,Alto (> 8 mts),87,Grande,-68.8389667039,-32.8673523,4,Cuarta Oeste,1173332.70145,0
17692,Olmo comun,14/07/2011 13:01,Alto (> 8 mts),185,Grande,-68.8420682303,-32.8699241024,4,Cuarta Oeste,1173332.70145,0
19806,Morera,04/08/2011 11:27,Alto (> 8 mts),180,Grande,-68.8350931444,-32.8638244248,4,Cuarta Oeste,1173332.70145,0
9649,Fresno europeo,26/01/2011 09:10,Alto (> 8 mts),180,Grande,-68.8494859454,-32.8631009616,6,Residencial Norte,2694682.37982,0
34703,Morera,01/04/2011 13:46,Alto (> 8 mts),150,Grande,-68.850725746,-32.8770081618,6,Residencial Norte,2694682.37982,0
46278,Morera,21/09/2011 09:25,Alto (> 8 mts),125,Grande,-68.823174955,-32.874428121,4,Cuarta Este Área Fundacional,1822015.85685,0
5438,Olmo comun,18/04/2011 09:07,Bajo (2 - 4 mts),60,Mediano,-68.841821258,-32.878801253,1,Parque Central,1655357.93265,0
28055,Morera,16/03/2011 18:17,Alto (> 8 mts),174,Grande,-68.8456632828,-32.8935275119,2,Barrio Civico,2366816.36021,0
20722,Aguaribay,31/05/2011 10:40,Alto (> 8 mts),220,Grande,-68.8631137614,-32.8979983007,5,Residencial Sur,2423808.92355,0
12071,Paraiso sombrilla,02/02/2010 12:33,Bajo (2 - 4 mts),0.96,Chico,-68.8526347211,-32.8678846515,6,Residencial Norte,2694682.37982,0
24095,Paraiso,11/01/2011 11:20,Alto (> 8 mts),190,Grande,-68.8465079771,-32.9009999593,2,Barrio Civico,2366816.36021,0
7100,Morera,01/06/2011 11:59,Alto (> 8 mts),81,Grande,-68.860836276,-32.8973322497,5,Residencial Sur,2423808.92355,0
27493,Morera,27/10/2011 10:03,Alto (> 8 mts),170,Grande,-68.8372437793,-32.892443915,3,Parque O'Higgins,1531146.02653,1
38162,Platano,20/10/2010 12:50,Alto (> 8 mts),210,Grande,-68.8463129229,-32.8710895994,6,Residencial Norte,2694682.37982,0
17445,Morera,29/07/2011 09:50,Alto (> 8 mts),128,Grande,-68.8346847647,-32.866989917,4,Cuarta Oeste,1173332.70145,0
40382,Olmo comun,08/04/2011 13:01,Alto (> 8 mts),70,Grande,-68.8439352083,-32.8816744191,1,Parque Central,1655357.93265,0
24631,Platano,17/01/2011 12:29,Alto (> 8 mts),230,Grande,-68.8420187067,-32.900309444,2,Barrio Civico,2366816.36021,1
46369,Morera,19/09/2011 13:08,Alto (> 8 mts),185,Grande,-68.8248867484,-32.8738893326,4,Cuarta Este Área Fundacional,1822015.85685,0
30074,Platano,11/04/2011 15:21,Alto (> 8 mts),142,Grande,-68.8384550588,-32.8865521868,3,Parque O'Higgins,1531146.02653,1
14510,Fresno europeo,30/11/2011 16:57,Bajo (2 - 4 mts),16,Chico,-68.8790098275,-32.8658738544,8,Aeroparque,2203364.73622,0
48231,Fresno europeo,02/09/2011 13:49,Alto (> 8 mts),191,Grande,-68.8294679085,-32.8709144819,4,Cuarta Este Área Fundacional,1822015.85685,0
27227,Morera,26/10/2011 09:04,Medio (4 - 8 mts),58,Mediano,-68.8370217504,-32.8907189611,3,Parque O'Higgins,1531146.02653,0
14484,Morera,30/11/2011 18:25,Medio (4 - 8 mts),60,Mediano,-68.8790559662,-32.866933177600004,8,Aeroparque,2203364.73622,0
24037,Morera,21/01/2011 13:22,Alto (> 8 mts),140,Grande,-68.8462472762,-32.9016479351,2,Barrio Civico,2366816.36021,0
30953,Fresno americano,11/02/2011 09:06,Muy bajo (1 - 2 mts),5,Chico,-68.8554626209,-32.8640344634,6,Residencial Norte,2694682.37982,0
8315,Morera,15/03/2011 13:14,Alto (> 8 mts),194,Grande,-68.844859371,-32.8940687111,2,Barrio Civico,2366816.36021,0
12736,Paraiso,24/01/2011 10:14,Alto (> 8 mts),120,Grande,-68.8485895239,-32.8638877661,6,Residencial Norte,2694682.37982,0
36668,Paraiso sombrilla,03/06/2011 16:34,Medio (4 - 8 mts),140,Grande,-68.8590231807,-32.882495936,7,Residencial Parque,1786336.08966,0
41305,Morera,20/04/2011 11:26,Alto (> 8 mts),123,Grande,-68.8411193257,-32.8821935967,1,Parque Central,1655357.93265,1
18502,Paraiso,07/07/2011 10:06,Alto (> 8 mts),160,Grande,-68.8387127894,-32.8730907187,4,Cuarta Oeste,1173332.70145,0
6016,Morera,11/04/2011 12:30,Alto (> 8 mts),68,Grande,-68.8430683905,-32.8837674884,1,Parque Central,1655357.93265,0
39415,Fresno europeo,12/11/2010 11:50,Alto (> 8 mts),148,Grande,-68.8556777016,-32.8698999675,6,Residencial Norte,2694682.37982,0
18538,Fresno europeo,05/07/2011 12:45,Alto (> 8 mts),100,Grande,-68.8381155659,-32.8732219552,4,Cuarta Oeste,1173332.70145,0
38123,Paraiso,03/12/2010 14:13,Alto (> 8 mts),190,Grande,-68.8459112268,-32.8729695884,6,Residencial Norte,2694682.37982,0
21367,Fresno europeo,09/05/2011 11:39,Alto (> 8 mts),155,Grande,-68.8541670827,-32.8935437107,5,Residencial Sur,2423808.92355,0
28109,Morera,14/03/2011 16:46,Alto (> 8 mts),152,Grande,-68.8473721136,-32.8924834671,2,Barrio Civico,2366816.36021,1
40944,Platano,18/04/2011 15:41,Alto (> 8 mts),98,Grande,-68.8408684121,-32.8856763449,1,Parque Central,1655357.93265,0
29853,Platano,14/03/2011 09:31,Alto (> 8 mts),142,Grande,-68.8414969482,-32.8924576692,2,Barrio Civico,2366816.36021,0
12547,Fresno europeo,10/01/2011 12:55,Alto (> 8 mts),120,Grande,-68.8446504898,-32.8627468241,4,Cuarta Oeste,1173332.70145,0
11169,Perenne,27/01/2011 13:14,Medio (4 - 8 mts),36,Mediano,-68.8441401246,-32.9015934565,2,Barrio Civico,2366816.36021,0
27840,Paraiso,02/11/2011 10:16,Alto (> 8 mts),110,Grande,-68.8355520205,-32.8951709044,2,Barrio Civico,2366816.36021,1
12026,Paraiso,28/04/2010 12:07,Medio (4 - 8 mts),118,Grande,-68.8531296274,-32.8666255295,6,Residencial Norte,2694682.37982,0
46617,Morera,05/09/2011 09:43,Alto (> 8 mts),160,Grande,-68.8312004871,-32.8696783766,4,Cuarta Este Área Fundacional,1822015.85685,0
14294,Morera,06/12/2011 10:10,Medio (4 - 8 mts),115,Grande,-68.8771912873,-32.8684409855,8,Aeroparque,2203364.73622,0
16200,Morera,15/07/2011 10:49,Alto (> 8 mts),300,Grande,-68.844292158,-32.8704257076,4,Cuarta Oeste,1173332.70145,0
24237,Platano,27/01/2011 11:58,Alto (> 8 mts),180,Grande,-68.8447556727,-32.9012197108,2,Barrio Civico,2366816.36021,0
22959,Fresno europeo,02/06/2011 12:57,Medio (4 - 8 mts),42,Mediano,-68.8558511209,-32.8994680821,5,Residencial Sur,2423808.92355,0
37327,Morera,16/03/2011 13:10,Alto (> 8 mts),135,Grande,-68.857524401,-32.8747564459,6,Residencial Norte,2694682.37982,0
6301,Olmo comun,27/06/2011 11:43,Medio (4 - 8 mts),80,Grande,-68.8587795547,-32.8903687595,5,Residencial Sur,2423808.92355,0
23772,Tilo,27/01/2011 17:16,Medio (4 - 8 mts),86,Grande,-68.8507782566,-32.8999354534,2,Barrio Civico,2366816.36021,0
5945,Morera,30/09/2011 10:41,Alto (> 8 mts),140,Grande,-68.84458638,-32.8745264254,1,Parque Central,1655357.93265,0
33933,Acer,24/05/2011 09:21,Medio (4 - 8 mts),140,Grande,-68.8522476717,-32.883989614,5,Residencial Sur,2423808.92355,0
18816,Morera,10/08/2011 10:20,Medio (4 - 8 mts),160,Grande,-68.8353158596,-32.8694392107,4,Cuarta Oeste,1173332.70145,0
26668,Morera,14/11/2011 12:44,Alto (> 8 mts),115,Grande,-68.8317606178,-32.8934095829,3,Parque O'Higgins,1531146.02653,1
35419,Fresno europeo,17/06/2011 15:31,Medio (4 - 8 mts),100,Grande,-68.8547920342,-32.8836844513,5,Residencial Sur,2423808.92355,0
15088,Acacia SP,16/11/2011 13:00,Muy bajo (1 - 2 mts),1,Chico,-68.8589002217,-32.8689219714,6,Residencial Norte,2694682.37982,1
5862,Morera,28/04/2011 12:18,Medio (4 - 8 mts),27,Mediano,-68.8422127401,-32.8858473426,1,Parque Central,1655357.93265,0
21219,Paraiso,10/05/2011 10:24,Alto (> 8 mts),140,Grande,-68.8513041336,-32.8938559798,5,Residencial Sur,2423808.92355,0
20479,Fresno europeo,02/06/2011 12:55,Medio (4 - 8 mts),96,Grande,-68.8594931322,-32.8972797021,5,Residencial Sur,2423808.92355,0
6516,Morera,06/05/2011 12:20,Alto (> 8 mts),122,Grande,-68.8512658803,-32.8926514444,5,Residencial Sur,2423808.92355,0
25375,Morera,10/02/2011 09:43,Alto (> 8 mts),216,Grande,-68.8378037893,-32.9005475038,2,Barrio Civico,2366816.36021,0
38670,Paraiso,16/12/2010 11:48,Alto (> 8 mts),180,Grande,-68.8517640315,-32.8712573105,6,Residencial Norte,2694682.37982,0
27487,Platano,27/10/2011 10:17,Alto (> 8 mts),340,Grande,-68.8377044675,-32.8929121127,3,Parque O'Higgins,1531146.02653,0
17684,Morera,18/07/2011 11:56,Alto (> 8 mts),140,Grande,-68.8418243531,-32.8689884666,4,Cuarta Oeste,1173332.70145,0
35815,Morera,03/03/2011 13:53,Alto (> 8 mts),117,Grande,-68.8535022272,-32.8735502034,6,Residencial Norte,2694682.37982,0
42417,Fresno europeo,28/09/2011 11:20,Muy bajo (1 - 2 mts),8,Chico,-68.8334166242,-32.8752702965,4,Cuarta Este Área Fundacional,1822015.85685,0
38174,Acacia SP,20/10/2010 13:27,Alto (> 8 mts),190,Grande,-68.8453847184,-32.8709649235,6,Residencial Norte,2694682.37982,1
48275,Paraiso,31/08/2011 10:27,Medio (4 - 8 mts),200,Grande,-68.8290276302,-32.8696245395,4,Cuarta Este Área Fundacional,1822015.85685,0
2891,Morera,08/09/2011 12:43,Alto (> 8 mts),122,Grande,-68.8313645809,-32.8718096148,4,Cuarta Este Área Fundacional,1822015.85685,0
46827,Paraiso,16/09/2011 08:18,Alto (> 8 mts),108,Grande,-68.8334390896,-32.87188726,4,Cuarta Este Área Fundacional,1822015.85685,1
40986,Morera,14/04/2011 10:01,Alto (> 8 mts),164,Grande,-68.8382005483,-32.8806144175,1,Parque Central,1655357.93265,1
36934,Morera,08/04/2011 11:19,Alto (> 8 mts),117,Grande,-68.8575001894,-32.8790512231,7,Residencial Parque,1786336.08966,1
11248,Caducifolio,25/01/2011 13:31,Bajo (2 - 4 mts),30,Mediano,-68.846447755,-32.902280459,2,Barrio Civico,2366816.36021,0
38100,Fresno americano,02/12/2010 12:57,Bajo (2 - 4 mts),20,Chico,-68.8469790852,-32.8722200225,6,Residencial Norte,2694682.37982,0
6196,Perenne,31/03/2011 15:55,Alto (> 8 mts),92,Grande,-68.8405169654,-32.8881269564,3,Parque O'Higgins,1531146.02653,0
32497,Paraiso,27/05/2011 12:54,Alto (> 8 mts),110,Grande,-68.8527021851,-32.8885029393,5,Residencial Sur,2423808.92355,0
7739,Morera,18/05/2011 08:52,Alto (> 8 mts),160,Grande,-68.8520213915,-32.8864501812,5,Residencial Sur,2423808.92355,0
3124,Morera,09/09/2011 14:40,Alto (> 8 mts),95,Grande,-68.82940254,-32.872017517,4,Cuarta Este Área Fundacional,1822015.85685,0
17225,Olmo comun,12/08/2011 09:42,Medio (4 - 8 mts),90,Grande,-68.8353808595,-32.8643884533,4,Cuarta Oeste,1173332.70145,0
25048,Fresno europeo,14/02/2011 12:25,Alto (> 8 mts),160,Grande,-68.8365531399,-32.8961500363,2,Barrio Civico,2366816.36021,0
8791,Morera,03/02/2011 10:06,Alto (> 8 mts),80,Grande,-68.8554647163,-32.8667559643,6,Residencial Norte,2694682.37982,0
34033,Fresno europeo,27/05/2011 11:01,Medio (4 - 8 mts),130,Grande,-68.8548077901,-32.8845831207,5,Residencial Sur,2423808.92355,0
37022,Morera,07/04/2011 17:48,Medio (4 - 8 mts),88,Grande,-68.856683756,-32.877823769,6,Residencial Norte,2694682.37982,0
2104,Fresno americano,19/10/2011 09:24,Alto (> 8 mts),180,Grande,-68.8313453969,-32.8881888466,3,Parque O'Higgins,1531146.02653,0
5060,Fresno europeo,09/08/2011 10:21,Muy bajo (1 - 2 mts),2,Chico,-68.8382835098,-32.8636509238,4,Cuarta Oeste,1173332.70145,0
36558,Fresno europeo,07/06/2011 10:08,Bajo (2 - 4 mts),64,Grande,-68.8578282966,-32.8835339756,5,Residencial Sur,2423808.92355,0
7369,Caducifolio,23/06/2011 12:09,Medio (4 - 8 mts),35,Mediano,-68.8613218576,-32.9006203042,5,Residencial Sur,2423808.92355,0
4413,Morera,12/08/2011 10:10,Medio (4 - 8 mts),80,Grande,-68.834860245,-32.868238021,4,Cuarta Oeste,1173332.70145,0
31614,Fresno americano,10/06/2011 09:35,Medio (4 - 8 mts),55,Mediano,-68.8606584767,-32.8879171209,5,Residencial Sur,2423808.92355,0
19151,Morera,20/07/2011 10:11,Alto (> 8 mts),134,Grande,-68.8399265892,-32.8725805665,4,Cuarta Oeste,1173332.70145,1
37177,Morera,01/04/2011 12:05,Alto (> 8 mts),122,Grande,-68.858761065,-32.8778334356,7,Residencial Parque,1786336.08966,1
47254,Fresno europeo,16/09/2011 10:52,Alto (> 8 mts),69,Grande,-68.8322093383,-32.8739873746,4,Cuarta Este Área Fundacional,1822015.85685,0
24245,Morera,27/01/2011 09:27,Alto (> 8 mts),160,Grande,-68.8441460214,-32.9009344674,2,Barrio Civico,2366816.36021,1
25121,Paraiso,11/02/2011 09:48,Alto (> 8 mts),220,Grande,-68.8359745718,-32.8990286554,2,Barrio Civico,2366816.36021,0
46430,Morera,16/08/2011 13:10,Alto (> 8 mts),170,Grande,-68.8321531366,-32.8667775305,4,Cuarta Oeste,1173332.70145,0
3999,Paraiso,27/09/2011 10:02,Bajo (2 - 4 mts),25,Mediano,-68.8221441976,-32.8737415962,4,Cuarta Este Área Fundacional,1822015.85685,0
31040,Fresno europeo,16/02/2011 10:48,Muy bajo (1 - 2 mts),4,Chico,-68.8557310414,-32.8648712761,6,Residencial Norte,2694682.37982,0
21519,Morera,12/05/2011 10:45,Alto (> 8 mts),140,Grande,-68.8540883456,-32.8936712812,5,Residencial Sur,2423808.92355,0
6807,Fresno europeo,27/05/2011 13:01,Muy bajo (1 - 2 mts),40,Mediano,-68.8604810424,-32.894025894,5,Residencial Sur,2423808.92355,0
4871,Ailanthus,22/07/2011 11:00,Medio (4 - 8 mts),40,Mediano,-68.8423724338,-32.8629449248,4,Cuarta Oeste,1173332.70145,0
10095,Caducifolio,19/10/2010 10:41,Medio (4 - 8 mts),20,Chico,-68.8463127717,-32.8696585462,6,Residencial Norte,2694682.37982,1
22165,Morera,18/05/2011 10:57,Alto (> 8 mts),168,Grande,-68.8540518164,-32.8990232901,5,Residencial Sur,2423808.92355,0
44868,Morera,23/08/2011 10:50,Medio (4 - 8 mts),136,Grande,-68.8253442578,-32.8678041693,4,Cuarta Este Área Fundacional,1822015.85685,0
2078,Platano,11/10/2011 15:38,Alto (> 8 mts),160,Grande,-68.8284333935,-32.8803710404,4,Cuarta Este Área Fundacional,1822015.85685,0
45392,Fresno europeo,16/09/2011 09:06,Medio (4 - 8 mts),40,Mediano,-68.8247347848,-32.871266697,4,Cuarta Este Área Fundacional,1822015.85685,0
26721,Morera,02/11/2011 08:23,Bajo (2 - 4 mts),25,Mediano,-68.8324664052,-32.8943895863,3,Parque O'Higgins,1531146.02653,0
47420,Morera,22/09/2011 10:04,Alto (> 8 mts),170,Grande,-68.8277310003,-32.8750910916,4,Cuarta Este Área Fundacional,1822015.85685,1
38809,Morera,14/12/2010 10:38,Alto (> 8 mts),150,Grande,-68.8503400676,-32.8711117947,6,Residencial Norte,2694682.37982,1
24244,Morera,27/01/2011 09:33,Alto (> 8 mts),210,Grande,-68.8442844784,-32.9009093853,2,Barrio Civico,2366816.36021,0
1184,Prunas,29/11/2011 09:57,Bajo (2 - 4 mts),6,Chico,-68.8761950014,-32.8651494231,8,Aeroparque,2203364.73622,0
24716,Platano,17/02/2011 11:15,Alto (> 8 mts),210,Grande,-68.8414610446,-32.8989531373,2,Barrio Civico,2366816.36021,0
12163,Eucalyptus,19/01/2011 11:29,Alto (> 8 mts),90,Grande,-68.8470197584,-32.8676289776,6,Residencial Norte,2694682.37982,0
34850,Morera,30/03/2011 10:01,Alto (> 8 mts),80,Grande,-68.8510494492,-32.8769420378,6,Residencial Norte,2694682.37982,0
35699,Morera,17/03/2011 12:39,Alto (> 8 mts),180,Grande,-68.8550736485,-32.8750870733,6,Residencial Norte,2694682.37982,0
40770,Morera,19/04/2011 09:07,Alto (> 8 mts),170,Grande,-68.8415273006,-32.8837715352,1,Parque Central,1655357.93265,0
22349,Fresno europeo,17/06/2011 10:19,Medio (4 - 8 mts),80,Grande,-68.8585094348,-32.8993285242,5,Residencial Sur,2423808.92355,0
17187,Morera,04/07/2011 10:26,Alto (> 8 mts),155,Grande,-68.8362356267,-32.8630346879,4,Cuarta Oeste,1173332.70145,0
39072,Fresno americano,22/12/2010 09:43,Bajo (2 - 4 mts),30,Mediano,-68.8533373038,-32.8711229189,6,Residencial Norte,2694682.37982,0
36822,Platano,07/04/2011 12:10,Alto (> 8 mts),190,Grande,-68.8582190521,-32.8804263774,7,Residencial Parque,1786336.08966,1
46090,Morera,05/10/2011 12:05,Medio (4 - 8 mts),175,Grande,-68.8242491713,-32.8745866485,4,Cuarta Este Área Fundacional,1822015.85685,0
5548,Morera,11/04/2011 09:59,Bajo (2 - 4 mts),18,Chico,-68.8407314537,-32.8818646312,1,Parque Central,1655357.93265,0
10160,Morera,29/12/2010 09:51,Alto (> 8 mts),80,Grande,-68.8547650969,-32.8715169101,6,Residencial Norte,2694682.37982,0
11087,Morera,23/03/2011 09:44,Medio (4 - 8 mts),63,Grande,-68.8544576475,-32.8809200522,6,Residencial Norte,2694682.37982,0
39724,Paraiso,29/04/2011 10:30,Alto (> 8 mts),125,Grande,-68.8465766187,-32.8818273798,1,Parque Central,1655357.93265,0
40883,Morera,25/04/2011 17:35,Medio (4 - 8 mts),98,Grande,-68.8391817377,-32.8848229801,3,Parque O'Higgins,1531146.02653,1
12253,Fresno europeo,17/01/2011 09:53,Bajo (2 - 4 mts),34,Mediano,-68.8459860842,-32.8680469144,6,Residencial Norte,2694682.37982,0
29870,Platano,11/03/2011 13:06,Alto (> 8 mts),170,Grande,-68.8423507122,-32.8919769018,2,Barrio Civico,2366816.36021,0
40144,Fresno europeo,14/04/2011 12:21,Medio (4 - 8 mts),160,Grande,-68.8433002443,-32.879493614,1,Parque Central,1655357.93265,1
26746,Platano,11/01/2012 12:50,Alto (> 8 mts),230,Grande,-68.8342839366,-32.8950409549,3,Parque O'Higgins,1531146.02653,0
31528,Morera,18/05/2011 11:04,Alto (> 8 mts),150,Grande,-68.8602485402,-32.8911052263,5,Residencial Sur,2423808.92355,1
5347,Morera,25/04/2011 13:02,Medio (4 - 8 mts),140,Grande,-68.8439584043,-32.8776807802,1,Parque Central,1655357.93265,0
7147,Acer,15/06/2011 11:38,Medio (4 - 8 mts),53,Mediano,-68.8532125408,-32.8993830677,5,Residencial Sur,2423808.92355,0
22207,Fresno europeo,18/05/2011 10:10,Muy bajo (1 - 2 mts),4,Chico,-68.8569068663,-32.899284156,5,Residencial Sur,2423808.92355,0
1981,Morera,03/01/2012 11:02,Bajo (2 - 4 mts),46,Mediano,-68.8598102842,-32.8901939766,5,Residencial Sur,2423808.92355,1
3535,Morera,05/09/2011 10:55,Alto (> 8 mts),130,Grande,-68.8335336218,-32.8687085018,4,Cuarta Oeste,1173332.70145,0
1370,Paraiso,29/11/2011 18:10,Medio (4 - 8 mts),140,Grande,-68.8780490608,-32.8645882974,8,Aeroparque,2203364.73622,0
18684,Morera,05/07/2011 09:23,Alto (> 8 mts),91,Grande,-68.8362418186,-32.8736753225,4,Cuarta Oeste,1173332.70145,0
23752,Morera,25/01/2011 11:03,Alto (> 8 mts),107,Grande,-68.8492863541,-32.9003188364,2,Barrio Civico,2366816.36021,0
1788,Fresno europeo,25/11/2011 09:32,Medio (4 - 8 mts),28,Mediano,-68.8699754749,-32.8786297034,7,Residencial Parque,1786336.08966,0
41190,Morera,15/04/2011 14:18,Muy bajo (1 - 2 mts),2,Chico,-68.8383319796,-32.881653864,1,Parque Central,1655357.93265,0
17610,Paraiso,19/07/2011 10:13,Alto (> 8 mts),240,Grande,-68.8435050241,-32.8661533076,4,Cuarta Oeste,1173332.70145,0
18586,Morera,07/07/2011 09:41,Alto (> 8 mts),136,Grande,-68.8366343942,-32.8746675185,4,Cuarta Oeste,1173332.70145,1
33080,Morera,18/05/2011 09:49,Alto (> 8 mts),190,Grande,-68.8524135349,-32.8873670415,5,Residencial Sur,2423808.92355,0
44060,Olmo comun,14/10/2011 11:52,Medio (4 - 8 mts),100,Grande,-68.8299145066,-32.8855923972,3,Parque O'Higgins,1531146.02653,0
16668,Acer,19/07/2011 11:07,Alto (> 8 mts),48,Mediano,-68.841416323,-32.8632406691,4,Cuarta Oeste,1173332.70145,0
42858,Fresno europeo,03/10/2011 15:08,Alto (> 8 mts),145,Grande,-68.8328468545,-32.8776167324,4,Cuarta Este Área Fundacional,1822015.85685,0
2855,Fresno europeo,07/11/2011 08:28,Medio (4 - 8 mts),60,Mediano,-68.8346632942,-32.8935901317,3,Parque O'Higgins,1531146.02653,0
8264,Ailanthus,09/03/2011 18:57,Alto (> 8 mts),42,Mediano,-68.8453281531,-32.892276197,2,Barrio Civico,2366816.36021,0
33578,Platano,31/05/2011 14:02,Alto (> 8 mts),168,Grande,-68.8554049208,-32.8887866098,5,Residencial Sur,2423808.92355,0
2316,Morera,02/11/2011 10:41,Medio (4 - 8 mts),70,Grande,-68.8361693275,-32.8946898683,2,Barrio Civico,2366816.36021,0
29697,Paraiso,02/03/2011 15:30,Alto (> 8 mts),102,Grande,-68.8416821355,-32.8938893221,2,Barrio Civico,2366816.36021,0
36183,Morera,31/03/2011 10:25,Alto (> 8 mts),110,Grande,-68.8563935797,-32.8772290443,6,Residencial Norte,2694682.37982,0
17294,Paraiso,04/08/2011 10:26,Alto (> 8 mts),195,Grande,-68.8363318249,-32.8659785777,4,Cuarta Oeste,1173332.70145,0
23440,Fresno europeo,18/01/2011 15:14,Bajo (2 - 4 mts),23,Mediano,-68.8487179504,-32.9028875452,2,Barrio Civico,2366816.36021,0
40633,Fresno europeo,12/04/2011 10:53,Alto (> 8 mts),72,Grande,-68.8451928821,-32.8839599811,1,Parque Central,1655357.93265,0
40433,Fresno europeo,11/04/2011 12:15,Medio (4 - 8 mts),55,Mediano,-68.8451036625,-32.8838547099,1,Parque Central,1655357.93265,0
43284,Morera,07/10/2011 11:57,Medio (4 - 8 mts),56,Mediano,-68.83243766,-32.8799147544,3,Parque O'Higgins,1531146.02653,0
38206,Morera,25/08/2010 10:03,Muy bajo (1 - 2 mts),25,Mediano,-68.8473232361,-32.8736193672,6,Residencial Norte,2694682.37982,0
39402,Morera,12/11/2010 13:41,Alto (> 8 mts),92,Grande,-68.8559454558,-32.8691784695,6,Residencial Norte,2694682.37982,0
20909,Acer,27/05/2011 09:09,Medio (4 - 8 mts),76,Grande,-68.8616618616,-32.8948764087,5,Residencial Sur,2423808.92355,0
43953,Olmo comun,12/10/2011 11:38,Medio (4 - 8 mts),77,Grande,-68.8312647382,-32.8847109287,3,Parque O'Higgins,1531146.02653,0
41227,Morera,15/04/2011 13:09,Alto (> 8 mts),115,Grande,-68.8384762751,-32.8816616391,1,Parque Central,1655357.93265,0
19964,Morera,05/08/2011 09:28,Medio (4 - 8 mts),42,Mediano,-68.8336665396,-32.8646381194,4,Cuarta Oeste,1173332.70145,1
5817,Paraiso,03/05/2011 11:28,Medio (4 - 8 mts),84,Grande,-68.8430547074,-32.8749964757,1,Parque Central,1655357.93265,0
17401,Olmo bola,22/07/2011 09:49,Alto (> 8 mts),110,Grande,-68.8405489416,-32.866226219,4,Cuarta Oeste,1173332.70145,0
37555,Morera,16/11/2010 11:21,Alto (> 8 mts),85,Grande,-68.8571278316,-32.8692468214,6,Residencial Norte,2694682.37982,0
32670,Acacia visco,24/06/2011 10:40,Alto (> 8 mts),135,Grande,-68.850966657,-32.8900644167,5,Residencial Sur,2423808.92355,0
17345,Morera,05/08/2011 07:45,Muy bajo (1 - 2 mts),10,Chico,-68.8355750815,-32.8657982302,4,Cuarta Oeste,1173332.70145,0
7348,Morera,23/06/2011 10:23,Alto (> 8 mts),150,Grande,-68.8624700423,-32.9008955004,5,Residencial Sur,2423808.92355,1
1408,Paraiso sombrilla,23/11/2011 09:48,Muy bajo (1 - 2 mts),10,Chico,-68.8715925593,-32.8795778708,7,Residencial Parque,1786336.08966,0
18184,Olmo comun,26/07/2011 08:54,Alto (> 8 mts),104,Grande,-68.8401900696,-32.8698516492,4,Cuarta Oeste,1173332.70145,0
24372,Morera,26/01/2011 09:15,Alto (> 8 mts),190,Grande,-68.8450557078,-32.902060696,2,Barrio Civico,2366816.36021,0
781,Morera,14/12/2011 10:37,Bajo (2 - 4 mts),20,Chico,-68.879605833,-32.867526496,8,Aeroparque,2203364.73622,0
28637,Morera,23/02/2011 11:38,Medio (4 - 8 mts),40,Mediano,-68.8474763734,-32.8904548789,2,Barrio Civico,2366816.36021,0
18454,Morera,11/07/2011 09:43,Alto (> 8 mts),170,Grande,-68.8397648185,-32.8735293021,4,Cuarta Oeste,1173332.70145,0
3713,Perenne,26/08/2011 10:35,Bajo (2 - 4 mts),40,Mediano,-68.8217970554,-32.8700124498,4,Cuarta Este Área Fundacional,1822015.85685,0
10496,Morera,10/03/2011 09:57,Bajo (2 - 4 mts),46,Mediano,-68.8505286762,-32.8748263426,6,Residencial Norte,2694682.37982,0
6846,Morera,08/06/2011 11:06,Alto (> 8 mts),140,Grande,-68.8535593674,-32.8955141314,5,Residencial Sur,2423808.92355,1
20697,Paraiso,31/05/2011 11:52,Medio (4 - 8 mts),111,Grande,-68.8618145232,-32.8980178883,5,Residencial Sur,2423808.92355,0
19872,Morera,29/06/2011 10:59,Alto (> 8 mts),174,Grande,-68.8343247811,-32.8624029511,4,Cuarta Oeste,1173332.70145,0
15976,Morera,10/08/2011 11:15,Alto (> 8 mts),150,Grande,-68.843883437,-32.8716767823,4,Cuarta Oeste,1173332.70145,0
46831,Morera,16/09/2011 08:09,Alto (> 8 mts),145,Grande,-68.8337617267,-32.8717439592,4,Cuarta Este Área Fundacional,1822015.85685,1
29281,Morera,22/02/2011 13:44,Alto (> 8 mts),232,Grande,-68.8427757368,-32.8879878902,3,Parque O'Higgins,1531146.02653,0
28717,Fresno americano,14/03/2011 09:24,Medio (4 - 8 mts),106,Grande,-68.8489921297,-32.887651898,5,Residencial Sur,2423808.92355,0
44665,Morera,19/08/2011 10:40,Alto (> 8 mts),120,Grande,-68.8237622287,-32.867882939,4,Cuarta Este Área Fundacional,1822015.85685,0
43253,Morera,24/10/2011 09:00,Alto (> 8 mts),170,Grande,-68.8343229524,-32.8799341375,1,Parque Central,1655357.93265,1
25406,Morera,14/02/2011 12:56,Alto (> 8 mts),250,Grande,-68.8369563536,-32.9009380362,2,Barrio Civico,2366816.36021,1
6856,Fresno europeo,07/06/2011 09:15,Medio (4 - 8 mts),45,Mediano,-68.8589635053,-32.8957235106,5,Residencial Sur,2423808.92355,0
34544,Morera,30/03/2011 12:18,Alto (> 8 mts),160,Grande,-68.8491720518,-32.8756726038,6,Residencial Norte,2694682.37982,0
44113,Morera,11/11/2011 08:43,Medio (4 - 8 mts),90,Grande,-68.8296570411,-32.8861891309,3,Parque O'Higgins,1531146.02653,0
31639,Morera,14/06/2011 14:37,Medio (4 - 8 mts),35,Mediano,-68.8574569944,-32.8886253617,5,Residencial Sur,2423808.92355,0
42049,Platano,08/04/2011 10:23,Alto (> 8 mts),160,Grande,-68.8419283647,-32.8804012451,1,Parque Central,1655357.93265,0
47902,Morera,21/09/2011 10:31,Alto (> 8 mts),220,Grande,-68.8305943569,-32.873998909,4,Cuarta Este Área Fundacional,1822015.85685,1
25020,Morera,15/02/2011 09:15,Alto (> 8 mts),160,Grande,-68.8350790561,-32.8969763125,2,Barrio Civico,2366816.36021,0
46479,Olmo bola,17/08/2011 13:51,Alto (> 8 mts),120,Grande,-68.8308810783,-32.8684520701,4,Cuarta Este Área Fundacional,1822015.85685,0
32190,Fresno europeo,10/05/2011 13:10,Medio (4 - 8 mts),140,Grande,-68.8587999467,-32.885390839,5,Residencial Sur,2423808.92355,0
18074,Paraiso,02/08/2011 07:57,Alto (> 8 mts),112,Grande,-68.839661395,-32.8683586747,4,Cuarta Oeste,1173332.70145,0
26866,Fresno europeo,31/10/2011 15:05,Muy bajo (1 - 2 mts),4,Chico,-68.8370200819,-32.8859677653,3,Parque O'Higgins,1531146.02653,0
3636,Perenne,23/08/2011 11:16,Bajo (2 - 4 mts),8,Chico,-68.8241402598,-32.8690892499,4,Cuarta Este Área Fundacional,1822015.85685,0
33554,Morera,30/05/2011 10:32,Alto (> 8 mts),150,Grande,-68.8540907766,-32.8880367694,5,Residencial Sur,2423808.92355,0
14154,Paraiso sombrilla,30/11/2011 10:41,Medio (4 - 8 mts),105,Grande,-68.8764399724,-32.8674315057,8,Aeroparque,2203364.73622,0
22648,Fresno americano,21/06/2011 11:41,Bajo (2 - 4 mts),40,Mediano,-68.8599596775,-32.901146584,5,Residencial Sur,2423808.92355,0
39836,Morera,02/05/2011 11:55,Alto (> 8 mts),162,Grande,-68.8454491122,-32.8777603479,1,Parque Central,1655357.93265,0
11010,Platano,07/04/2011 16:17,Alto (> 8 mts),57,Mediano,-68.8599663198,-32.8808477738,7,Residencial Parque,1786336.08966,0
165,Paraiso,27/02/2012 17:23,Medio (4 - 8 mts),60,Mediano,-68.8568438587,-32.8641461494,6,Residencial Norte,2694682.37982,0
23209,Morera,24/01/2011 09:47,Alto (> 8 mts),80,Grande,-68.851120749,-32.9017041662,2,Barrio Civico,2366816.36021,0
22844,Morera,10/05/2011 11:17,Alto (> 8 mts),108,Grande,-68.8567579142,-32.9005401771,5,Residencial Sur,2423808.92355,0
4828,Morera,22/07/2011 10:17,Alto (> 8 mts),140,Grande,-68.8399163916,-32.865963247,4,Cuarta Oeste,1173332.70145,0
23788,Fresno europeo,27/01/2011 19:15,Bajo (2 - 4 mts),42,Mediano,-68.8502201297,-32.9001344014,2,Barrio Civico,2366816.36021,0
19699,Fresno americano,12/07/2011 09:40,Alto (> 8 mts),150,Grande,-68.8346356463,-32.8715736081,4,Cuarta Oeste,1173332.70145,0
39246,Morera,28/12/2010 09:53,Alto (> 8 mts),90,Grande,-68.8550174509,-32.8718895143,6,Residencial Norte,2694682.37982,0
40782,Platano,18/04/2011 19:11,Alto (> 8 mts),124,Grande,-68.8405320648,-32.8844272432,1,Parque Central,1655357.93265,0
35242,Morera,22/03/2011 11:27,Alto (> 8 mts),160,Grande,-68.8537689821,-32.8822501432,1,Parque Central,1655357.93265,0
15120,Morera,18/11/2011 08:59,Medio (4 - 8 mts),100,Grande,-68.8590711651,-32.8691867367,6,Residencial Norte,2694682.37982,0
42329,Morera,27/04/2011 10:43,Muy bajo (1 - 2 mts),15,Chico,-68.8379857542,-32.8753137309,1,Parque Central,1655357.93265,0
32748,Fresno europeo,17/05/2011 09:54,Medio (4 - 8 mts),60,Mediano,-68.8522586976,-32.8867837155,5,Residencial Sur,2423808.92355,0
21181,Platano,06/05/2011 09:45,Alto (> 8 mts),185,Grande,-68.8515870805,-32.8930236537,5,Residencial Sur,2423808.92355,0
37370,Paraiso sombrilla,29/11/2010 10:34,Medio (4 - 8 mts),115,Grande,-68.8579673505,-32.872387568,6,Residencial Norte,2694682.37982,0
46945,Alamo blanco,09/09/2011 14:49,Alto (> 8 mts),150,Grande,-68.8318238918,-32.8707748431,4,Cuarta Este Área Fundacional,1822015.85685,0
30991,Fresno europeo,09/02/2011 13:33,Medio (4 - 8 mts),102,Grande,-68.8556299046,-32.8647786454,6,Residencial Norte,2694682.37982,0
31484,Morera,19/05/2011 11:07,Medio (4 - 8 mts),80,Grande,-68.8588825769,-32.8912373392,5,Residencial Sur,2423808.92355,0
4009,Morera,23/09/2011 10:07,Medio (4 - 8 mts),95,Grande,-68.8266840193,-32.8764862212,4,Cuarta Este Área Fundacional,1822015.85685,0
18033,Morera,29/07/2011 13:17,Medio (4 - 8 mts),160,Grande,-68.8401292883,-32.8671949945,4,Cuarta Oeste,1173332.70145,1
3203,Morera,23/09/2011 14:37,Alto (> 8 mts),46,Mediano,-68.8273680567,-32.8754534029,4,Cuarta Este Área Fundacional,1822015.85685,0
25961,Fresno europeo,01/02/2011 11:16,Alto (> 8 mts),134,Grande,-68.8389448931,-32.9043299438,2,Barrio Civico,2366816.36021,1
16998,Fresno americano,15/08/2011 11:11,Medio (4 - 8 mts),70,Grande,-68.8373394719,-32.8645146376,4,Cuarta Oeste,1173332.70145,0
27101,Fresno americano,27/10/2011 09:14,Alto (> 8 mts),95,Grande,-68.837039529,-32.8890637493,3,Parque O'Higgins,1531146.02653,0
45523,Fresno europeo,19/09/2011 10:35,Medio (4 - 8 mts),120,Grande,-68.8220126777,-32.8726761051,4,Cuarta Este Área Fundacional,1822015.85685,0
41932,Fresno europeo,20/04/2011 09:24,Medio (4 - 8 mts),84,Grande,-68.8377962114,-32.8790740728,1,Parque Central,1655357.93265,0
39750,Morera,26/10/2010 11:57,Medio (4 - 8 mts),72,Grande,-68.8478936172,-32.878750879,1,Parque Central,1655357.93265,0
11402,Paraiso,26/01/2011 16:16,Medio (4 - 8 mts),72,Grande,-68.8509097484,-32.9011437137,2,Barrio Civico,2366816.36021,1
8941,Fresno americano,20/01/2011 12:49,Muy bajo (1 - 2 mts),5,Chico,-68.8478446248,-32.8676888336,6,Residencial Norte,2694682.37982,0
46373,Morera,19/09/2011 13:02,Medio (4 - 8 mts),42,Mediano,-68.8248787571,-32.8736060093,4,Cuarta Este Área Fundacional,1822015.85685,0
2811,Paraiso,10/11/2011 14:32,Medio (4 - 8 mts),93,Grande,-68.8290718057,-32.8850364742,3,Parque O'Higgins,1531146.02653,0
24396,Morera,21/01/2011 12:45,Alto (> 8 mts),250,Grande,-68.8440636832,-32.9030208226,2,Barrio Civico,2366816.36021,0
38475,Paraiso,03/11/2010 11:25,Medio (4 - 8 mts),180,Grande,-68.8515462104,-32.8702803097,6,Residencial Norte,2694682.37982,0
23542,Morera,01/02/2011 14:40,Medio (4 - 8 mts),122,Grande,-68.8502841391,-32.9025336236,2,Barrio Civico,2366816.36021,0
18636,Fresno europeo,04/07/2011 12:59,Alto (> 8 mts),168,Grande,-68.8358649155,-32.8762440239,1,Parque Central,1655357.93265,0
7933,Fresno americano,01/03/2011 12:45,Alto (> 8 mts),100,Grande,-68.8478001388,-32.887281854,1,Parque Central,1655357.93265,0
27036,Platano,28/10/2011 10:42,Alto (> 8 mts),198,Grande,-68.839254776,-32.8917804369,3,Parque O'Higgins,1531146.02653,0
28557,Morera,21/02/2011 08:48,Alto (> 8 mts),180,Grande,-68.8497536527,-32.8896723804,5,Residencial Sur,2423808.92355,1
2394,Morera,21/10/2011 10:26,Medio (4 - 8 mts),70,Grande,-68.831519795,-32.8909439174,3,Parque O'Higgins,1531146.02653,1
1534,Fresno americano,24/11/2011 09:51,Bajo (2 - 4 mts),32,Mediano,-68.8736954205,-32.8787552978,7,Residencial Parque,1786336.08966,0
21270,Morera,13/06/2011 12:48,Alto (> 8 mts),155,Grande,-68.8528192656,-32.8960770375,5,Residencial Sur,2423808.92355,1
13771,Fresno europeo,27/01/2011 11:01,Alto (> 8 mts),150,Grande,-68.8504187294,-32.8642067826,6,Residencial Norte,2694682.37982,0
15034,Paraiso,22/12/2011 17:29,Medio (4 - 8 mts),80,Grande,-68.8812212766,-32.8712423937,8,Aeroparque,2203364.73622,0
14150,Tilo,30/11/2011 11:03,Medio (4 - 8 mts),58,Mediano,-68.8762046781,-32.8674726789,8,Aeroparque,2203364.73622,0
12828,Fresno europeo,20/01/2011 11:52,Medio (4 - 8 mts),80,Grande,-68.8474965208,-32.863533514,4,Cuarta Oeste,1173332.70145,0
24163,Morera,24/01/2011 11:07,Alto (> 8 mts),101,Grande,-68.8452487979,-32.9021293688,2,Barrio Civico,2366816.36021,0
36938,Morera,08/04/2011 11:09,Alto (> 8 mts),146,Grande,-68.8579452101,-32.8789673831,7,Residencial Parque,1786336.08966,0
25479,Platano,08/02/2011 09:51,Alto (> 8 mts),306,Grande,-68.841609618,-32.8995506953,2,Barrio Civico,2366816.36021,0
31411,Fresno europeo,23/05/2011 10:12,Muy bajo (1 - 2 mts),4,Chico,-68.8504179894,-32.8848391705,1,Parque Central,1655357.93265,0
24068,Fresno europeo,21/01/2011 08:43,Alto (> 8 mts),108,Grande,-68.8463896135,-32.9010854744,2,Barrio Civico,2366816.36021,0
4656,Paraiso,12/08/2011 09:44,Alto (> 8 mts),240,Grande,-68.835341138,-32.8642160023,4,Cuarta Oeste,1173332.70145,0
38890,Morera,26/10/2010 10:43,Medio (4 - 8 mts),65,Grande,-68.8489623208,-32.8697374894,6,Residencial Norte,2694682.37982,0
30610,Fresno europeo,14/02/2011 10:07,Muy bajo (1 - 2 mts),7,Chico,-68.8584278824,-32.8651276864,6,Residencial Norte,2694682.37982,0
3112,Ailanthus,09/09/2011 13:50,Medio (4 - 8 mts),25,Mediano,-68.8305022248,-32.8724556437,4,Cuarta Este Área Fundacional,1822015.85685,0
37393,Paraiso,26/11/2010 12:59,Alto (> 8 mts),90,Grande,-68.8567696158,-32.8720098351,6,Residencial Norte,2694682.37982,0
45626,Fresno europeo,22/09/2011 08:32,Alto (> 8 mts),106,Grande,-68.8213426787,-32.8713492915,4,Cuarta Este Área Fundacional,1822015.85685,0
2604,Platano,27/10/2011 17:10,Alto (> 8 mts),70,Grande,-68.8297115154,-32.8812749485,3,Parque O'Higgins,1531146.02653,0
26542,Platano,21/10/2011 10:27,Alto (> 8 mts),210,Grande,-68.8315127077,-32.8909018268,3,Parque O'Higgins,1531146.02653,0
22052,Platano,16/05/2011 09:42,Alto (> 8 mts),240,Grande,-68.8579109521,-32.893939674,5,Residencial Sur,2423808.92355,0
36976,Fresno europeo,07/04/2011 16:50,Alto (> 8 mts),85,Grande,-68.8569172987,-32.8785196929,7,Residencial Parque,1786336.08966,0
17748,Morera,20/07/2011 12:46,Alto (> 8 mts),122,Grande,-68.8420085486,-32.8662222999,4,Cuarta Oeste,1173332.70145,0
20717,Fresno europeo,31/05/2011 11:06,Medio (4 - 8 mts),55,Mediano,-68.8619098721,-32.8969460456,5,Residencial Sur,2423808.92355,1
4144,Fresno europeo,04/10/2011 10:22,Alto (> 8 mts),210,Grande,-68.8279501398,-32.8780713854,4,Cuarta Este Área Fundacional,1822015.85685,1
33190,Platano,08/06/2011 11:21,Alto (> 8 mts),200,Grande,-68.8539967916,-32.891388036,5,Residencial Sur,2423808.92355,0
5483,Fresno americano,11/04/2011 13:00,Muy bajo (1 - 2 mts),7,Chico,-68.8454049854,-32.8803136819,1,Parque Central,1655357.93265,0
40649,Morera,13/04/2011 09:58,Alto (> 8 mts),190,Grande,-68.8434527216,-32.8852144135,1,Parque Central,1655357.93265,0
43755,Fresno europeo,17/10/2011 15:52,Alto (> 8 mts),160,Grande,-68.833713198,-32.8811975177,3,Parque O'Higgins,1531146.02653,0
33931,Morera,24/05/2011 09:25,Medio (4 - 8 mts),130,Grande,-68.8520375712,-32.883991169,1,Parque Central,1655357.93265,0
247,Platano,06/03/2012 09:13,Alto (> 8 mts),160,Grande,-68.8391601435,-32.8706087407,4,Cuarta Oeste,1173332.70145,0
7071,Acer,03/06/2011 13:14,Bajo (2 - 4 mts),30,Mediano,-68.8582013939,-32.8973054101,5,Residencial Sur,2423808.92355,0
22963,Fresno europeo,01/06/2011 13:14,Bajo (2 - 4 mts),26,Mediano,-68.8561814098,-32.8994597412,5,Residencial Sur,2423808.92355,0
47853,Morera,21/09/2011 09:13,Alto (> 8 mts),138,Grande,-68.8289935227,-32.8731265009,4,Cuarta Este Área Fundacional,1822015.85685,0
11323,Eucalyptus,13/01/2011 17:12,Medio (4 - 8 mts),35,Mediano,-68.8471579508,-32.900007643,2,Barrio Civico,2366816.36021,0
37134,Fresno europeo,01/04/2011 12:13,Medio (4 - 8 mts),50,Mediano,-68.8580874319,-32.8774248074,7,Residencial Parque,1786336.08966,0
12353,Morera,13/01/2011 12:27,Alto (> 8 mts),125,Grande,-68.8475617392,-32.8665591199,6,Residencial Norte,2694682.37982,0
28843,Fresno americano,27/04/2011 09:08,Medio (4 - 8 mts),85,Grande,-68.8471936059,-32.8849642218,1,Parque Central,1655357.93265,0
7775,Morera,13/05/2011 09:07,Bajo (2 - 4 mts),36,Mediano,-68.8564667944,-32.8854467165,5,Residencial Sur,2423808.92355,0
41506,Olmo comun,07/04/2011 10:50,Medio (4 - 8 mts),160,Grande,-68.8433426612,-32.8816234657,1,Parque Central,1655357.93265,0
47200,Fresno americano,20/09/2011 10:29,Alto (> 8 mts),186,Grande,-68.8350564326,-32.8744786953,4,Cuarta Este Área Fundacional,1822015.85685,0
12161,Morera,19/01/2011 13:22,Alto (> 8 mts),220,Grande,-68.8467800185,-32.8677184118,6,Residencial Norte,2694682.37982,0
43097,Fresno americano,04/10/2011 10:26,Medio (4 - 8 mts),190,Grande,-68.8278653891,-32.8779840887,4,Cuarta Este Área Fundacional,1822015.85685,0
32011,Morera,03/06/2011 10:52,Alto (> 8 mts),146,Grande,-68.8579532613,-32.887318059,5,Residencial Sur,2423808.92355,0
36901,Morera,07/04/2011 12:47,Alto (> 8 mts),145,Grande,-68.8596693026,-32.8794080599,7,Residencial Parque,1786336.08966,1
47750,Morera,16/09/2011 09:34,Alto (> 8 mts),190,Grande,-68.8261308626,-32.8731677295,4,Cuarta Este Área Fundacional,1822015.85685,0
18792,Morera,07/07/2011 10:35,Alto (> 8 mts),143,Grande,-68.8375191381,-32.8730916987,4,Cuarta Oeste,1173332.70145,0
18039,Morera,01/08/2011 09:48,Alto (> 8 mts),120,Grande,-68.8403445724,-32.8683594582,4,Cuarta Oeste,1173332.70145,0
30613,Paraiso sombrilla,07/02/2011 10:15,Alto (> 8 mts),190,Grande,-68.8575342246,-32.8668767289,6,Residencial Norte,2694682.37982,0
19961,Morera,05/08/2011 09:37,Alto (> 8 mts),144,Grande,-68.8338697761,-32.8646536326,4,Cuarta Oeste,1173332.70145,1
10292,Fresno americano,08/06/2011 11:32,Bajo (2 - 4 mts),20,Chico,-68.8470007436,-32.8728143448,6,Residencial Norte,2694682.37982,0
26999,Platano,02/11/2011 16:44,Alto (> 8 mts),140,Grande,-68.8354212768,-32.8871611807,3,Parque O'Higgins,1531146.02653,0
19050,Morera,26/07/2011 09:47,Bajo (2 - 4 mts),66,Grande,-68.8415030559,-32.8725954682,4,Cuarta Oeste,1173332.70145,0
44327,Acacia SP,12/10/2011 16:26,Alto (> 8 mts),84,Grande,-68.835796068,-32.882296991,3,Parque O'Higgins,1531146.02653,1
42204,Morera,04/05/2011 10:32,Medio (4 - 8 mts),130,Grande,-68.8412998181,-32.8730783381,4,Cuarta Oeste,1173332.70145,0
34786,Morera,29/03/2011 12:48,Alto (> 8 mts),77,Grande,-68.8507234428,-32.8792219677,6,Residencial Norte,2694682.37982,0
5085,Caducifolio,11/08/2011 14:07,Muy bajo (1 - 2 mts),2,Chico,-68.8383950331,-32.8624971928,4,Cuarta Oeste,1173332.70145,0
9370,Morera,16/02/2011 09:14,Medio (4 - 8 mts),146,Grande,-68.8446233407,-32.865552528,4,Cuarta Oeste,1173332.70145,0
29189,Morera,25/02/2011 18:35,Alto (> 8 mts),180,Grande,-68.8466214626,-32.8877805329,1,Parque Central,1655357.93265,1
8221,Olmo comun,03/03/2011 20:03,Alto (> 8 mts),102,Grande,-68.8415110617,-32.8932034605,2,Barrio Civico,2366816.36021,0
3338,Platano,05/10/2011 11:14,Medio (4 - 8 mts),100,Grande,-68.8295879085,-32.8796205087,4,Cuarta Este Área Fundacional,1822015.85685,0
37592,Platano,17/11/2010 11:09,Alto (> 8 mts),160,Grande,-68.8581070302,-32.8698230368,6,Residencial Norte,2694682.37982,0
4722,Paraiso,27/07/2011 09:40,Medio (4 - 8 mts),110,Grande,-68.840989375,-32.8659125893,4,Cuarta Oeste,1173332.70145,0
9074,Prunas,17/02/2011 13:02,Muy bajo (1 - 2 mts),10,Chico,-68.8543867173,-32.865932609,6,Residencial Norte,2694682.37982,0
19986,Morera,16/08/2011 10:46,Alto (> 8 mts),175,Grande,-68.834779995,-32.8678949835,4,Cuarta Oeste,1173332.70145,0
12467,Fresno europeo,24/01/2011 13:55,Muy bajo (1 - 2 mts),2,Chico,-68.8490031641,-32.8664298517,6,Residencial Norte,2694682.37982,0
41858,Conifera,05/05/2011 11:57,Alto (> 8 mts),65,Grande,-68.8416644898,-32.8789780398,1,Parque Central,1655357.93265,0
18162,Fresno europeo,26/07/2011 09:52,Bajo (2 - 4 mts),14,Chico,-68.8397509439,-32.8687088272,4,Cuarta Oeste,1173332.70145,0
28751,Morera,02/03/2011 11:42,Alto (> 8 mts),120,Grande,-68.8490034742,-32.8867884956,5,Residencial Sur,2423808.92355,0
33404,Morera,02/06/2011 12:23,Alto (> 8 mts),130,Grande,-68.8567290323,-32.8875404625,5,Residencial Sur,2423808.92355,0
35689,Fresno europeo,17/03/2011 13:12,Medio (4 - 8 mts),70,Grande,-68.8547571133,-32.8744749104,6,Residencial Norte,2694682.37982,0
17587,Morera,28/07/2011 09:14,Medio (4 - 8 mts),110,Grande,-68.8398430963,-32.8664817593,4,Cuarta Oeste,1173332.70145,0
9832,Jacaranda,10/01/2011 12:47,Medio (4 - 8 mts),52,Mediano,-68.8446445306,-32.8629396876,4,Cuarta Oeste,1173332.70145,0
35591,Paraiso,17/03/2011 10:17,Alto (> 8 mts),140,Grande,-68.8571608016,-32.8744939286,6,Residencial Norte,2694682.37982,0
5203,Conifera,08/08/2011 09:22,Alto (> 8 mts),35,Mediano,-68.8392533058,-32.8695895076,4,Cuarta Oeste,1173332.70145,1
27303,Morera,25/10/2011 09:44,Medio (4 - 8 mts),180,Grande,-68.8344462489,-32.8905786112,3,Parque O'Higgins,1531146.02653,1
37290,Olmo comun,15/03/2011 13:22,Alto (> 8 mts),165,Grande,-68.8584581173,-32.8736027253,6,Residencial Norte,2694682.37982,0
34198,Fresno europeo,04/03/2011 09:02,Medio (4 - 8 mts),100,Grande,-68.8527104033,-32.8735848896,6,Residencial Norte,2694682.37982,0
11084,Morera,21/03/2011 11:52,Alto (> 8 mts),125,Grande,-68.8552208125,-32.8806244775,6,Residencial Norte,2694682.37982,0
28596,Morera,22/02/2011 09:00,Alto (> 8 mts),105,Grande,-68.8498226152,-32.8899929812,5,Residencial Sur,2423808.92355,0
15897,Tilo,28/11/2011 12:24,Bajo (2 - 4 mts),52,Mediano,-68.8718946161,-32.8756716996,7,Residencial Parque,1786336.08966,0
36011,Morera,22/03/2011 13:27,Medio (4 - 8 mts),48,Mediano,-68.8556858732,-32.8760681964,6,Residencial Norte,2694682.37982,0
42271,Morera,03/05/2011 11:52,Medio (4 - 8 mts),95,Grande,-68.8383797622,-32.8761912918,1,Parque Central,1655357.93265,0
44613,Fresno europeo,26/08/2011 09:26,Alto (> 8 mts),183,Grande,-68.8226533785,-32.8668050176,4,Cuarta Este Área Fundacional,1822015.85685,0
13678,Olmo bola,23/02/2011 11:48,Bajo (2 - 4 mts),90,Grande,-68.8527107319,-32.8651885663,6,Residencial Norte,2694682.37982,0
47384,Morera,21/09/2011 11:37,Alto (> 8 mts),296,Grande,-68.8292602662,-32.8750012156,4,Cuarta Este Área Fundacional,1822015.85685,1
16000,Morera,11/08/2011 09:22,Alto (> 8 mts),132,Grande,-68.8437667839,-32.8725557803,4,Cuarta Oeste,1173332.70145,0
36648,Morera,06/06/2011 13:03,Medio (4 - 8 mts),110,Grande,-68.8604210679,-32.8830385755,7,Residencial Parque,1786336.08966,0
2943,Fresno europeo,20/09/2011 11:13,Muy bajo (1 - 2 mts),8,Chico,-68.8306625452,-32.87321782,4,Cuarta Este Área Fundacional,1822015.85685,0
45066,Paraiso,31/08/2011 12:23,Alto (> 8 mts),145,Grande,-68.8225776953,-32.8711818094,4,Cuarta Este Área Fundacional,1822015.85685,0
43919,Platano,11/10/2011 08:55,Alto (> 8 mts),158,Grande,-68.8339423831,-32.8847687945,3,Parque O'Higgins,1531146.02653,1
35146,Morera,23/03/2011 13:06,Alto (> 8 mts),80,Grande,-68.8536450086,-32.8807065984,6,Residencial Norte,2694682.37982,0
39044,Paraiso,23/12/2010 13:31,Alto (> 8 mts),90,Grande,-68.8540558802,-32.8709218699,6,Residencial Norte,2694682.37982,0
30548,Fresno europeo,08/02/2011 13:01,Medio (4 - 8 mts),70,Grande,-68.857723833,-32.8663608207,6,Residencial Norte,2694682.37982,0
18141,Ailanthus,27/07/2011 09:59,Bajo (2 - 4 mts),10,Chico,-68.8415900537,-32.8686331306,4,Cuarta Oeste,1173332.70145,0
13320,Acer,22/02/2011 13:50,Medio (4 - 8 mts),106,Grande,-68.8482950738,-32.8662104945,6,Residencial Norte,2694682.37982,0
31609,Platano,10/06/2011 09:43,Alto (> 8 mts),260,Grande,-68.861192548,-32.8878228568,5,Residencial Sur,2423808.92355,0
47393,Morera,21/09/2011 11:22,Alto (> 8 mts),236,Grande,-68.8285891124,-32.8754148603,4,Cuarta Este Área Fundacional,1822015.85685,1
7600,Morera,01/06/2011 13:47,Bajo (2 - 4 mts),14,Chico,-68.8586989791,-32.8840941479,5,Residencial Sur,2423808.92355,0
37703,Morera,14/01/2012 18:04,Medio (4 - 8 mts),120,Grande,-68.8507445278,-32.8722404779,6,Residencial Norte,2694682.37982,0
1229,Jacaranda,29/11/2011 09:22,Medio (4 - 8 mts),90,Grande,-68.8765428691,-32.8659178681,8,Aeroparque,2203364.73622,0
33445,Platano,15/06/2011 11:48,Alto (> 8 mts),170,Grande,-68.8563310654,-32.8887222144,5,Residencial Sur,2423808.92355,0
6118,Morera,04/10/2011 13:14,Medio (4 - 8 mts),12,Chico,-68.8388216968,-32.8821532015,1,Parque Central,1655357.93265,0
21096,Acacia SP,22/06/2011 11:10,Alto (> 8 mts),155,Grande,-68.8625183699,-32.8993850861,5,Residencial Sur,2423808.92355,0
30643,Morera,01/02/2011 13:15,Bajo (2 - 4 mts),40,Mediano,-68.8546069079,-32.8673822092,6,Residencial Norte,2694682.37982,0
29659,Acacia SP,04/03/2011 11:04,Alto (> 8 mts),98,Grande,-68.8415663306,-32.8940063222,2,Barrio Civico,2366816.36021,0
37154,Fresno europeo,07/04/2011 11:08,Alto (> 8 mts),126,Grande,-68.8585724488,-32.878849972,7,Residencial Parque,1786336.08966,0
44738,Morera,23/08/2011 13:19,Alto (> 8 mts),165,Grande,-68.8240572193,-32.8686545571,4,Cuarta Este Área Fundacional,1822015.85685,0
46018,Paraiso,27/09/2011 09:40,Bajo (2 - 4 mts),100,Grande,-68.8212046986,-32.8738294813,4,Cuarta Este Área Fundacional,1822015.85685,0
13187,Morera,21/02/2011 10:13,Bajo (2 - 4 mts),14,Chico,-68.8470061851,-32.8656046008,4,Cuarta Oeste,1173332.70145,0
4646,Morera,08/08/2011 10:34,Alto (> 8 mts),185,Grande,-68.835155162,-32.864088705,4,Cuarta Oeste,1173332.70145,1
28110,Morera,14/03/2011 16:48,Bajo (2 - 4 mts),22,Mediano,-68.8473123521,-32.892493944,2,Barrio Civico,2366816.36021,0
218,Platano,06/03/2012 09:58,Alto (> 8 mts),170,Grande,-68.8387341999,-32.8699698865,4,Cuarta Oeste,1173332.70145,1
32980,Acacia SP,23/05/2011 09:24,Alto (> 8 mts),160,Grande,-68.8510085467,-32.8876405386,5,Residencial Sur,2423808.92355,0
39236,Paraiso,29/12/2010 09:30,Medio (4 - 8 mts),50,Mediano,-68.8542826501,-32.8716063896,6,Residencial Norte,2694682.37982,0
5192,Olmo comun,05/08/2011 11:57,Muy bajo (1 - 2 mts),4,Chico,-68.8388216141,-32.867841819,4,Cuarta Oeste,1173332.70145,0
38414,Acer,04/11/2010 10:56,Alto (> 8 mts),190,Grande,-68.8519720208,-32.8702575776,6,Residencial Norte,2694682.37982,0
27971,Morera,31/10/2011 09:42,Medio (4 - 8 mts),168,Grande,-68.8360511921,-32.8930173276,3,Parque O'Higgins,1531146.02653,1
5539,Morera,08/04/2011 13:08,Medio (4 - 8 mts),103,Grande,-68.8407237986,-32.8801818526,1,Parque Central,1655357.93265,0
10176,Prunas,20/12/2010 10:35,Bajo (2 - 4 mts),30,Mediano,-68.8528584189,-32.8717578067,6,Residencial Norte,2694682.37982,0
28345,Morera,11/03/2011 09:38,Medio (4 - 8 mts),44,Mediano,-68.8469909546,-32.8886379309,2,Barrio Civico,2366816.36021,0
31853,Morera,30/06/2011 09:23,Alto (> 8 mts),158,Grande,-68.8616285071,-32.8891065378,5,Residencial Sur,2423808.92355,0
14757,Ligustro,05/12/2011 11:07,Bajo (2 - 4 mts),28,Mediano,-68.8783027738,-32.8690623207,8,Aeroparque,2203364.73622,0
30251,Morera,09/03/2011 13:46,Alto (> 8 mts),150,Grande,-68.8425574271,-32.8901483392,2,Barrio Civico,2366816.36021,1
28336,Morera,11/03/2011 10:16,Alto (> 8 mts),208,Grande,-68.8476235047,-32.8890383204,2,Barrio Civico,2366816.36021,0
2738,Tilo,14/10/2011 11:54,Bajo (2 - 4 mts),19,Chico,-68.8299189288,-32.885670139,3,Parque O'Higgins,1531146.02653,0
37523,Paraiso,17/11/2010 12:12,Alto (> 8 mts),190,Grande,-68.8572410929,-32.8705788439,6,Residencial Norte,2694682.37982,0
8979,Paraiso,12/01/2011 14:08,Alto (> 8 mts),180,Grande,-68.8467761414,-32.8664252927,6,Residencial Norte,2694682.37982,0
39518,Paraiso,10/11/2010 11:04,Medio (4 - 8 mts),145,Grande,-68.8545665138,-32.8698492146,6,Residencial Norte,2694682.37982,0
29517,Morera,18/02/2011 12:02,Alto (> 8 mts),64,Grande,-68.8442290447,-32.8930701992,2,Barrio Civico,2366816.36021,1
33937,Fresno americano,24/05/2011 09:08,Medio (4 - 8 mts),120,Grande,-68.8526482796,-32.8839775702,5,Residencial Sur,2423808.92355,0
6012,Fresno europeo,02/05/2011 12:06,Medio (4 - 8 mts),85,Grande,-68.845954975,-32.8795213386,1,Parque Central,1655357.93265,0
937,Morera,13/01/2012 19:11,Medio (4 - 8 mts),60,Mediano,-68.8501567409,-32.8729817062,6,Residencial Norte,2694682.37982,0
48154,Olmo comun,17/08/2011 10:15,Medio (4 - 8 mts),135,Grande,-68.830107135,-32.8685347889,4,Cuarta Este Área Fundacional,1822015.85685,0
37297,Platano,17/03/2011 09:50,Alto (> 8 mts),160,Grande,-68.8576852665,-32.875690616200004,6,Residencial Norte,2694682.37982,0
23166,Paraiso,19/01/2011 11:26,Alto (> 8 mts),154,Grande,-68.8485645774,-32.9018129961,2,Barrio Civico,2366816.36021,0
42827,Morera,30/09/2011 13:33,Medio (4 - 8 mts),52,Mediano,-68.8312659365,-32.8766024177,4,Cuarta Este Área Fundacional,1822015.85685,0
20602,Acacia SP,30/05/2011 10:16,Alto (> 8 mts),120,Grande,-68.8621536168,-32.8972876226,5,Residencial Sur,2423808.92355,0
16531,Morera,19/07/2011 11:02,Alto (> 8 mts),170,Grande,-68.8414922121,-32.8647848147,4,Cuarta Oeste,1173332.70145,1
1248,Paraiso sombrilla,07/12/2011 10:21,Bajo (2 - 4 mts),50,Mediano,-68.8775052633,-32.8665450209,8,Aeroparque,2203364.73622,0
2768,Acacia SP,14/10/2011 19:00,Alto (> 8 mts),120,Grande,-68.8335039503,-32.8824073143,3,Parque O'Higgins,1531146.02653,0
26579,Acacia SP,04/11/2011 08:21,Alto (> 8 mts),110,Grande,-68.8327803373,-32.8909595233,3,Parque O'Higgins,1531146.02653,0
15990,Conifera,10/08/2011 10:25,Alto (> 8 mts),47,Mediano,-68.8437757203,-32.8723076272,4,Cuarta Oeste,1173332.70145,0
43639,Platano,14/10/2011 17:53,Alto (> 8 mts),200,Grande,-68.8339322149,-32.882026915,3,Parque O'Higgins,1531146.02653,1
30952,Fresno europeo,11/02/2011 09:12,Alto (> 8 mts),110,Grande,-68.8555016131,-32.8640375742,6,Residencial Norte,2694682.37982,0
36072,Morera,06/04/2011 10:29,Alto (> 8 mts),125,Grande,-68.8545003039,-32.8773767133,6,Residencial Norte,2694682.37982,1
1162,Tipa,29/11/2011 12:09,Bajo (2 - 4 mts),28,Mediano,-68.8755657827,-32.864911963,8,Aeroparque,2203364.73622,0
21686,Morera,10/06/2011 08:28,Alto (> 8 mts),130,Grande,-68.8565050294,-32.8951557708,5,Residencial Sur,2423808.92355,0
24630,Platano,17/01/2011 12:33,Alto (> 8 mts),240,Grande,-68.8420410043,-32.9003929687,2,Barrio Civico,2366816.36021,0
24915,Morera,10/02/2011 09:25,Alto (> 8 mts),94,Grande,-68.8378195959,-32.8966835114,2,Barrio Civico,2366816.36021,0
21533,Fresno europeo,08/06/2011 11:22,Alto (> 8 mts),140,Grande,-68.8535058597,-32.8951242822,5,Residencial Sur,2423808.92355,0
40581,Morera,15/04/2011 12:01,Alto (> 8 mts),200,Grande,-68.8457727019,-32.8839789116,1,Parque Central,1655357.93265,1
4238,Morera,12/07/2011 18:14,Medio (4 - 8 mts),47,Mediano,-68.8372832707,-32.872746588,4,Cuarta Oeste,1173332.70145,0
46647,Morera,05/09/2011 08:45,Alto (> 8 mts),185,Grande,-68.8305989569,-32.869855548,4,Cuarta Este Área Fundacional,1822015.85685,0
1699,Acacia SP,24/11/2011 12:26,Medio (4 - 8 mts),48,Mediano,-68.8720652276,-32.8783361082,7,Residencial Parque,1786336.08966,0
44093,Morera,11/11/2011 09:03,Medio (4 - 8 mts),200,Grande,-68.8286753917,-32.8853074845,3,Parque O'Higgins,1531146.02653,0
21936,Jacaranda,06/06/2011 10:04,Alto (> 8 mts),118,Grande,-68.8575017671,-32.8953775292,5,Residencial Sur,2423808.92355,0
14953,Acacia SP,19/12/2011 09:35,Bajo (2 - 4 mts),47,Mediano,-68.8808826143,-32.872401826,8,Aeroparque,2203364.73622,0
40345,Fresno europeo,08/04/2011 10:23,Alto (> 8 mts),120,Grande,-68.8448329606,-32.880953923,1,Parque Central,1655357.93265,0
230,Morera,06/03/2012 09:39,Medio (4 - 8 mts),120,Grande,-68.8380983294,-32.8702159238,4,Cuarta Oeste,1173332.70145,1
40417,Platano,12/04/2011 09:59,Alto (> 8 mts),244,Grande,-68.8442695091,-32.8833189036,1,Parque Central,1655357.93265,0
33142,Platano,09/06/2011 09:42,Alto (> 8 mts),250,Grande,-68.85380648,-32.8924312248,5,Residencial Sur,2423808.92355,0
25325,Fresno europeo,09/02/2011 10:47,Alto (> 8 mts),90,Grande,-68.8396432445,-32.8993856142,2,Barrio Civico,2366816.36021,0
32743,Morera,17/05/2011 12:31,Medio (4 - 8 mts),120,Grande,-68.8525866883,-32.886999863,5,Residencial Sur,2423808.92355,0
39385,Paraiso,12/11/2010 10:47,Alto (> 8 mts),100,Grande,-68.8563107152,-32.8701391043,6,Residencial Norte,2694682.37982,0
4762,Morera,02/08/2011 10:33,Medio (4 - 8 mts),60,Mediano,-68.8365790681,-32.8669154309,4,Cuarta Oeste,1173332.70145,0
31206,Tilo,07/02/2011 08:34,Bajo (2 - 4 mts),20,Chico,-68.8535273256,-32.8642535572,6,Residencial Norte,2694682.37982,0
1824,Paraiso,16/11/2011 16:01,Bajo (2 - 4 mts),38,Mediano,-68.86145431,-32.8714890664,7,Residencial Parque,1786336.08966,0
4684,Paraiso,05/08/2011 09:41,Medio (4 - 8 mts),45,Mediano,-68.836704329,-32.8650195303,4,Cuarta Oeste,1173332.70145,0
42541,Morera,28/09/2011 10:37,Bajo (2 - 4 mts),14,Chico,-68.8306774086,-32.8757730682,4,Cuarta Este Área Fundacional,1822015.85685,1
18087,Morera,01/08/2011 10:17,Medio (4 - 8 mts),96,Grande,-68.8401710076,-32.8682514192,4,Cuarta Oeste,1173332.70145,1
1744,Jacaranda,21/11/2011 11:38,Medio (4 - 8 mts),50,Mediano,-68.8726155546,-32.8782333953,7,Residencial Parque,1786336.08966,0
24358,Perenne,26/01/2011 10:02,Alto (> 8 mts),108,Grande,-68.8451054321,-32.9026499451,2,Barrio Civico,2366816.36021,0
14714,Morera,05/12/2011 13:06,Medio (4 - 8 mts),60,Mediano,-68.8773060876,-32.8693451539,8,Aeroparque,2203364.73622,0
12251,Paraiso,14/01/2011 13:37,Alto (> 8 mts),130,Grande,-68.8459819647,-32.8678605921,4,Cuarta Oeste,1173332.70145,0
33822,Acacia visco,12/05/2011 12:08,Alto (> 8 mts),120,Grande,-68.8550847051,-32.8856259985,5,Residencial Sur,2423808.92355,0
38976,Morera,28/12/2010 12:31,Alto (> 8 mts),120,Grande,-68.8557337945,-32.87123445,6,Residencial Norte,2694682.37982,0
27923,Fresno europeo,03/11/2011 11:38,Medio (4 - 8 mts),70,Grande,-68.8383279552,-32.8940759393,2,Barrio Civico,2366816.36021,0
4409,Prunas,28/07/2011 09:43,Muy bajo (1 - 2 mts),8,Chico,-68.8413156919,-32.8697768907,4,Cuarta Oeste,1173332.70145,0
45847,Morera,26/08/2011 10:32,Medio (4 - 8 mts),185,Grande,-68.8212961067,-32.8687451409,4,Cuarta Este Área Fundacional,1822015.85685,0
32344,Platano,09/05/2011 11:19,Alto (> 8 mts),180,Grande,-68.8521353709,-32.892753327,5,Residencial Sur,2423808.92355,0
9927,Fresno europeo,17/11/2010 10:08,Bajo (2 - 4 mts),40,Mediano,-68.8578209597,-32.8704023339,6,Residencial Norte,2694682.37982,0
31650,Morera,14/06/2011 14:13,Medio (4 - 8 mts),80,Grande,-68.8576375215,-32.8893509704,5,Residencial Sur,2423808.92355,0
19484,Paraiso sombrilla,18/07/2011 10:33,Medio (4 - 8 mts),120,Grande,-68.8395794641,-32.8719074581,4,Cuarta Oeste,1173332.70145,0
770,Aguaribay,14/12/2011 11:07,Alto (> 8 mts),140,Grande,-68.8803660029,-32.8674233454,8,Aeroparque,2203364.73622,0
27628,Morera,07/11/2011 10:13,Alto (> 8 mts),148,Grande,-68.8384072193,-32.8952683835,2,Barrio Civico,2366816.36021,0
12221,Morera,17/01/2011 13:41,Alto (> 8 mts),95,Grande,-68.8451815243,-32.8683607534,4,Cuarta Oeste,1173332.70145,0
18872,Morera,27/07/2011 09:00,Medio (4 - 8 mts),65,Grande,-68.8407080603,-32.8702829771,4,Cuarta Oeste,1173332.70145,0
9552,Jacaranda,08/02/2011 09:46,Muy bajo (1 - 2 mts),28,Mediano,-68.8549110686,-32.8643449342,6,Residencial Norte,2694682.37982,0
19319,Morera,21/07/2011 10:09,Alto (> 8 mts),160,Grande,-68.8358160315,-32.8714018645,4,Cuarta Oeste,1173332.70145,0
11561,Acacia SP,10/05/2010 11:17,Alto (> 8 mts),170,Grande,-68.8521157902,-32.8677770052,6,Residencial Norte,2694682.37982,0
45388,Fresno americano,16/09/2011 11:36,Alto (> 8 mts),130,Grande,-68.8246951914,-32.8718644916,4,Cuarta Este Área Fundacional,1822015.85685,0
21467,Platano,12/05/2011 09:32,Alto (> 8 mts),190,Grande,-68.8580646355,-32.8918251695,5,Residencial Sur,2423808.92355,0
7514,Fresno europeo,15/06/2011 09:55,Muy bajo (1 - 2 mts),3,Chico,-68.8580730942,-32.882866432,7,Residencial Parque,1786336.08966,0
40742,Fresno europeo,15/04/2011 12:03,Medio (4 - 8 mts),30,Mediano,-68.8420625579,-32.8845356246,1,Parque Central,1655357.93265,0
31067,Fresno europeo,16/02/2011 12:42,Bajo (2 - 4 mts),90,Grande,-68.855367201000007,-32.8653315979,6,Residencial Norte,2694682.37982,0
5628,Platano,05/05/2011 12:59,Medio (4 - 8 mts),32,Mediano,-68.8392514574,-32.8769571682,1,Parque Central,1655357.93265,0
16837,Morera,08/08/2011 13:17,Alto (> 8 mts),145,Grande,-68.8388364729,-32.8642711786,4,Cuarta Oeste,1173332.70145,0
24802,Platano,18/02/2011 08:37,Alto (> 8 mts),240,Grande,-68.8409622467,-32.8970835703,2,Barrio Civico,2366816.36021,0
44518,Platano,18/10/2011 10:04,Alto (> 8 mts),280,Grande,-68.8354820431,-32.8855798292,3,Parque O'Higgins,1531146.02653,1
17869,Morera,01/08/2011 13:43,Alto (> 8 mts),105,Grande,-68.8370300741,-32.8663745218,4,Cuarta Oeste,1173332.70145,0
20777,Acer,31/05/2011 11:05,Alto (> 8 mts),65,Grande,-68.8608323282,-32.8958153064,5,Residencial Sur,2423808.92355,0
44227,Platano,13/10/2011 12:39,Alto (> 8 mts),170,Grande,-68.834205609,-32.8835940819,3,Parque O'Higgins,1531146.02653,0
43893,Platano,11/10/2011 09:33,Alto (> 8 mts),210,Grande,-68.8327484706,-32.8837445043,3,Parque O'Higgins,1531146.02653,0
38228,Paraiso,18/01/2012 12:42,Alto (> 8 mts),170,Grande,-68.8459694049,-32.8731623349,6,Residencial Norte,2694682.37982,0
43367,Morera,25/10/2011 17:41,Medio (4 - 8 mts),120,Grande,-68.8337246155,-32.8802907907,1,Parque Central,1655357.93265,0
14708,Aguaribay,06/12/2011 08:10,Muy bajo (1 - 2 mts),6,Chico,-68.8774103116,-32.8697302474,8,Aeroparque,2203364.73622,0
25534,Morera,04/03/2011 13:52,Alto (> 8 mts),120,Grande,-68.8407087191,-32.9012661882,2,Barrio Civico,2366816.36021,1
17477,Paraiso,16/01/2012 09:43,Alto (> 8 mts),170,Grande,-68.8354248465,-32.8689176337,4,Cuarta Oeste,1173332.70145,0
33772,Fresno europeo,11/05/2011 13:18,Medio (4 - 8 mts),150,Grande,-68.856654822,-32.8855755901,5,Residencial Sur,2423808.92355,0
5694,Alamo criollo,29/04/2011 10:38,Medio (4 - 8 mts),20,Chico,-68.8393144079,-32.8751951634,1,Parque Central,1655357.93265,0
26537,Platano,21/10/2011 13:40,Alto (> 8 mts),200,Grande,-68.831485073,-32.8904260573,3,Parque O'Higgins,1531146.02653,0
23631,Prunas,20/01/2011 19:12,Bajo (2 - 4 mts),24,Mediano,-68.8483415361,-32.9008886928,2,Barrio Civico,2366816.36021,0
24000,Morera,13/01/2011 11:02,Alto (> 8 mts),120,Grande,-68.8462726664,-32.9004747062,2,Barrio Civico,2366816.36021,0
23001,Fresno americano,17/06/2011 17:17,Alto (> 8 mts),46,Mediano,-68.8570693449,-32.8994964663,5,Residencial Sur,2423808.92355,0
34966,Fresno europeo,04/04/2011 10:23,Alto (> 8 mts),100,Grande,-68.856958392,-32.8804479857,7,Residencial Parque,1786336.08966,0
43873,Fresno europeo,11/10/2011 10:02,Alto (> 8 mts),120,Grande,-68.8339516032,-32.8845237268,3,Parque O'Higgins,1531146.02653,0
47867,Fresno americano,21/09/2011 12:06,Medio (4 - 8 mts),33,Mediano,-68.830017056,-32.874058698,4,Cuarta Este Área Fundacional,1822015.85685,0
1771,Morera,25/11/2011 10:15,Medio (4 - 8 mts),30,Mediano,-68.8704596208,-32.8783969015,7,Residencial Parque,1786336.08966,0
9885,Morera,26/11/2010 09:56,Alto (> 8 mts),90,Grande,-68.8551001976,-32.872589645,6,Residencial Norte,2694682.37982,0
4714,Conifera,15/08/2011 11:42,Alto (> 8 mts),73,Grande,-68.838172176,-32.8648227735,4,Cuarta Oeste,1173332.70145,0
39818,Tipa,29/04/2011 10:29,Alto (> 8 mts),300,Grande,-68.8470609433,-32.8836192756,1,Parque Central,1655357.93265,0
43781,Morera,19/10/2011 08:50,Alto (> 8 mts),130,Grande,-68.8323553569,-32.8813940775,3,Parque O'Higgins,1531146.02653,0
21156,Paraiso,06/05/2011 12:06,Alto (> 8 mts),170,Grande,-68.8530610467,-32.8930005987,5,Residencial Sur,2423808.92355,0
33288,Platano,27/06/2011 09:25,Alto (> 8 mts),120,Grande,-68.8563315205,-32.8898414823,5,Residencial Sur,2423808.92355,0
36530,Paraiso,04/04/2011 12:20,Alto (> 8 mts),90,Grande,-68.8570183083,-32.8790847643,7,Residencial Parque,1786336.08966,1
25081,Morera,17/02/2011 14:04,Alto (> 8 mts),106,Grande,-68.8368165707,-32.8971217805,2,Barrio Civico,2366816.36021,1
14853,Paraiso sombrilla,19/12/2011 07:52,Bajo (2 - 4 mts),32,Mediano,-68.8810316454,-32.8740334624,8,Aeroparque,2203364.73622,0
42878,Olmo comun,03/10/2011 08:54,Medio (4 - 8 mts),58,Mediano,-68.8324020183,-32.8765306789,4,Cuarta Este Área Fundacional,1822015.85685,0
20551,Fresno europeo,03/06/2011 13:29,Medio (4 - 8 mts),70,Grande,-68.858417201,-32.8969821027,5,Residencial Sur,2423808.92355,0
21035,Fresno europeo,21/06/2011 11:50,Bajo (2 - 4 mts),14,Chico,-68.8635762594,-32.9015125235,5,Residencial Sur,2423808.92355,0
23134,Olmo comun,21/01/2011 10:29,Alto (> 8 mts),190,Grande,-68.8472984784,-32.902573294,2,Barrio Civico,2366816.36021,0
2304,Fresno europeo,04/11/2011 07:44,Bajo (2 - 4 mts),35,Mediano,-68.8384483166,-32.8931679028,2,Barrio Civico,2366816.36021,0
34871,Fresno europeo,29/03/2011 10:48,Alto (> 8 mts),62,Grande,-68.8515242595,-32.8795264597,6,Residencial Norte,2694682.37982,0
47598,Fresno americano,15/09/2011 10:10,Medio (4 - 8 mts),53,Mediano,-68.8294692007,-32.8719140114,4,Cuarta Este Área Fundacional,1822015.85685,0
44319,Morera,12/10/2011 16:47,Alto (> 8 mts),140,Grande,-68.8352881779,-32.8818657551,3,Parque O'Higgins,1531146.02653,1
8626,Caducifolio,01/02/2011 10:48,Bajo (2 - 4 mts),32,Mediano,-68.839327444,-32.9037753389,2,Barrio Civico,2366816.36021,0
31163,Fresno europeo,07/02/2011 12:52,Medio (4 - 8 mts),140,Grande,-68.8549937494,-32.8635479205,6,Residencial Norte,2694682.37982,0
7355,Fresno europeo,23/06/2011 09:29,Medio (4 - 8 mts),8,Chico,-68.8621057103,-32.9015303471,5,Residencial Sur,2423808.92355,0
17395,Prunas,22/07/2011 10:03,Muy bajo (1 - 2 mts),25,Mediano,-68.8399668811,-32.8663300723,4,Cuarta Oeste,1173332.70145,0
36715,Olmo bola,14/06/2011 10:32,Medio (4 - 8 mts),160,Grande,-68.8601752261,-32.8817816457,7,Residencial Parque,1786336.08966,0
13842,Morera,26/01/2011 08:46,Medio (4 - 8 mts),130,Grande,-68.848757542,-32.8632342401,6,Residencial Norte,2694682.37982,0
14841,Aguaribay,07/12/2011 10:00,Muy bajo (1 - 2 mts),18,Chico,-68.8783960474,-32.8698178723,8,Aeroparque,2203364.73622,0
18084,Ligustro,01/08/2011 10:23,Muy bajo (1 - 2 mts),20,Chico,-68.840225285,-32.8684448768,4,Cuarta Oeste,1173332.70145,0
43730,Morera,17/10/2011 17:07,Medio (4 - 8 mts),150,Grande,-68.8325213463,-32.882115744,3,Parque O'Higgins,1531146.02653,0
6521,Fresno americano,13/07/2011 11:18,Medio (4 - 8 mts),99,Grande,-68.8520362771,-32.8917447726,5,Residencial Sur,2423808.92355,0
27429,Platano,25/10/2011 09:26,Alto (> 8 mts),220,Grande,-68.8345959862,-32.8924766411,3,Parque O'Higgins,1531146.02653,0
19136,Morera,20/07/2011 10:41,Alto (> 8 mts),180,Grande,-68.8405852957,-32.8720016103,4,Cuarta Oeste,1173332.70145,0
26113,Morera,11/11/2011 12:39,Medio (4 - 8 mts),150,Grande,-68.8312576399,-32.8868210585,3,Parque O'Higgins,1531146.02653,0
39514,Paraiso,10/11/2010 10:52,Alto (> 8 mts),180,Grande,-68.8545322849,-32.869635841,6,Residencial Norte,2694682.37982,0
42701,Paraiso,30/09/2011 12:15,Alto (> 8 mts),128,Grande,-68.829356292,-32.8773070665,4,Cuarta Este Área Fundacional,1822015.85685,0
25701,Acacia SP,04/02/2011 10:01,Alto (> 8 mts),130,Grande,-68.8405949117,-32.9026236273,2,Barrio Civico,2366816.36021,0
31729,Morera,18/05/2011 09:37,Alto (> 8 mts),145,Grande,-68.8603427581,-32.8906571006,5,Residencial Sur,2423808.92355,0
45630,Morera,22/09/2011 08:26,Alto (> 8 mts),190,Grande,-68.8215868563,-32.871340825,4,Cuarta Este Área Fundacional,1822015.85685,1
38688,Morera,15/12/2010 13:48,Alto (> 8 mts),190,Grande,-68.8510958126,-32.8720744438,6,Residencial Norte,2694682.37982,0
31328,Acer,25/02/2011 12:08,Medio (4 - 8 mts),124,Grande,-68.8484741631,-32.86572854,6,Residencial Norte,2694682.37982,0
34741,Acacia SP,30/03/2011 13:08,Medio (4 - 8 mts),82,Grande,-68.8505821741,-32.8791327244,6,Residencial Norte,2694682.37982,0
1289,Paraiso sombrilla,30/11/2011 18:21,Bajo (2 - 4 mts),26,Mediano,-68.8776153998,-32.8700655812,8,Aeroparque,2203364.73622,0
2682,Platano,12/10/2011 08:23,Alto (> 8 mts),165,Grande,-68.831047535,-32.8828643783,3,Parque O'Higgins,1531146.02653,0
30323,Morera,10/03/2011 13:03,Medio (4 - 8 mts),41,Mediano,-68.841581702,-32.8913369122,2,Barrio Civico,2366816.36021,0
24772,Platano,15/02/2011 12:10,Alto (> 8 mts),256,Grande,-68.840549076,-32.895493443,2,Barrio Civico,2366816.36021,0
26155,Morera,14/11/2011 18:20,Medio (4 - 8 mts),120,Grande,-68.8295541161,-32.8875635458,3,Parque O'Higgins,1531146.02653,0
29322,Fresno americano,22/02/2011 09:59,Alto (> 8 mts),220,Grande,-68.8430998208,-32.8887491997,2,Barrio Civico,2366816.36021,0
33013,Morera,18/05/2011 13:21,Alto (> 8 mts),150,Grande,-68.8514490046,-32.8883171512,5,Residencial Sur,2423808.92355,0
47804,Fresno americano,26/09/2011 08:32,Alto (> 8 mts),122,Grande,-68.8269590034,-32.8742507298,4,Cuarta Este Área Fundacional,1822015.85685,0
37070,Fresno europeo,04/04/2011 12:55,Medio (4 - 8 mts),100,Grande,-68.8571055645,-32.876909653,6,Residencial Norte,2694682.37982,0
19274,Fresno americano,02/08/2011 10:36,Medio (4 - 8 mts),160,Grande,-68.8367428272,-32.8700164522,4,Cuarta Oeste,1173332.70145,0
35405,Morera,17/06/2011 16:59,Bajo (2 - 4 mts),38,Mediano,-68.8559107005,-32.8832660414,5,Residencial Sur,2423808.92355,0
36021,Morera,18/03/2011 11:19,Alto (> 8 mts),170,Grande,-68.8560587099,-32.8754634091,6,Residencial Norte,2694682.37982,0
37962,Acer,27/08/2010 10:57,Alto (> 8 mts),174,Grande,-68.8476540533,-32.8742661589,6,Residencial Norte,2694682.37982,0
48032,Morera,05/09/2011 09:55,Medio (4 - 8 mts),156,Grande,-68.826932867,-32.8678607448,4,Cuarta Este Área Fundacional,1822015.85685,0
9248,Morera,01/03/2011 13:05,Alto (> 8 mts),130,Grande,-68.849439726400007,-32.8661758501,6,Residencial Norte,2694682.37982,0
28329,Fresno europeo,11/03/2011 12:28,Bajo (2 - 4 mts),16,Chico,-68.8481834485,-32.8887323495,5,Residencial Sur,2423808.92355,0
41688,Morera,27/04/2011 13:46,Medio (4 - 8 mts),90,Grande,-68.838431816,-32.8770107395,1,Parque Central,1655357.93265,0
17843,Paraiso,02/08/2011 10:27,Alto (> 8 mts),90,Grande,-68.8363957175,-32.8669096359,4,Cuarta Oeste,1173332.70145,0
41001,Acer,14/04/2011 13:43,Medio (4 - 8 mts),56,Mediano,-68.8390861648,-32.8799134271,1,Parque Central,1655357.93265,0
11286,Acacia SP,11/01/2011 09:42,Medio (4 - 8 mts),29,Mediano,-68.8465705895,-32.902197208,2,Barrio Civico,2366816.36021,0
38027,Fresno europeo,07/12/2010 10:08,Medio (4 - 8 mts),160,Grande,-68.847882637,-32.8719155764,6,Residencial Norte,2694682.37982,0
42089,Platano,12/04/2011 10:15,Alto (> 8 mts),310,Grande,-68.8432478508,-32.8800581885,1,Parque Central,1655357.93265,0
26995,Fresno europeo,02/11/2011 16:57,Bajo (2 - 4 mts),44,Mediano,-68.8353922262,-32.8874937306,3,Parque O'Higgins,1531146.02653,0
42999,Ailanthus,05/10/2011 12:04,Medio (4 - 8 mts),104,Grande,-68.8336179661,-32.8784043074,4,Cuarta Este Área Fundacional,1822015.85685,0
19997,Morera,11/08/2011 11:02,Alto (> 8 mts),210,Grande,-68.8345369578,-32.8668963962,4,Cuarta Oeste,1173332.70145,1
35423,Prunas,23/03/2011 12:40,Medio (4 - 8 mts),30,Mediano,-68.8551682864,-32.8810031575,6,Residencial Norte,2694682.37982,0
46105,Morera,05/10/2011 11:35,Bajo (2 - 4 mts),32,Mediano,-68.8253069976,-32.8748183038,4,Cuarta Este Área Fundacional,1822015.85685,0
34851,Morera,29/03/2011 10:30,Alto (> 8 mts),76,Grande,-68.8515877324,-32.8801592946,1,Parque Central,1655357.93265,0
6126,Morera,28/04/2011 11:48,Alto (> 8 mts),88,Grande,-68.8388328715,-32.8835667072,1,Parque Central,1655357.93265,0
3190,Morera,21/09/2011 11:32,Medio (4 - 8 mts),96,Grande,-68.8291977077,-32.8753881163,4,Cuarta Este Área Fundacional,1822015.85685,0
18992,Morera,13/07/2011 09:50,Alto (> 8 mts),145,Grande,-68.8410731916,-32.8716366212,4,Cuarta Oeste,1173332.70145,0
16678,Fresno europeo,19/07/2011 10:40,Medio (4 - 8 mts),120,Grande,-68.8415681848,-32.8639116002,4,Cuarta Oeste,1173332.70145,1
21911,Morera,07/06/2011 10:09,Alto (> 8 mts),170,Grande,-68.8590086387,-32.8951202382,5,Residencial Sur,2423808.92355,0
22379,Fresno europeo,16/06/2011 11:26,Bajo (2 - 4 mts),45,Mediano,-68.8587816797,-32.8981886271,5,Residencial Sur,2423808.92355,0
21512,Fresno europeo,12/05/2011 10:55,Bajo (2 - 4 mts),33,Mediano,-68.8534821098,-32.8937811711,5,Residencial Sur,2423808.92355,0
44056,Fresno europeo,14/10/2011 12:01,Medio (4 - 8 mts),130,Grande,-68.8299414694,-32.886135072,3,Parque O'Higgins,1531146.02653,0
13139,Fresno europeo,21/02/2011 09:20,Alto (> 8 mts),64,Grande,-68.8470297912,-32.8649710022,4,Cuarta Oeste,1173332.70145,0
22771,Morera,29/06/2011 15:36,Medio (4 - 8 mts),52,Mediano,-68.8554201892,-32.9017232599,5,Residencial Sur,2423808.92355,0
12133,Morera,20/01/2011 12:58,Bajo (2 - 4 mts),38,Mediano,-68.8481851565,-32.8677098835,6,Residencial Norte,2694682.37982,0
32424,Morera,26/05/2011 10:06,Alto (> 8 mts),125,Grande,-68.8525815198,-32.8885722274,5,Residencial Sur,2423808.92355,0
39251,Fresno europeo,28/12/2010 10:07,Medio (4 - 8 mts),89,Grande,-68.8547603669,-32.8721517894,6,Residencial Norte,2694682.37982,0
25888,Olmo comun,04/02/2011 12:54,Alto (> 8 mts),92,Grande,-68.8388980613,-32.9024485985,2,Barrio Civico,2366816.36021,0
28825,Morera,27/04/2011 12:23,Alto (> 8 mts),198,Grande,-68.847683085,-32.8846829381,1,Parque Central,1655357.93265,0
1712,Prunas,23/11/2011 08:11,Bajo (2 - 4 mts),9,Chico,-68.8723033657,-32.8790307954,7,Residencial Parque,1786336.08966,0
15495,Paraiso,22/11/2011 12:09,Bajo (2 - 4 mts),60,Mediano,-68.8602799921,-32.8716576052,7,Residencial Parque,1786336.08966,0
6509,Morera,06/05/2011 10:36,Alto (> 8 mts),120,Grande,-68.8528538379,-32.8926152274,5,Residencial Sur,2423808.92355,0
7487,Fresno europeo,17/06/2011 09:24,Medio (4 - 8 mts),20,Chico,-68.8622609179,-32.8993976365,5,Residencial Sur,2423808.92355,0
11682,Acer,27/01/2011 10:08,Alto (> 8 mts),130,Grande,-68.8498125281,-32.8677968857,6,Residencial Norte,2694682.37982,0
36666,Fresno europeo,03/06/2011 16:40,Bajo (2 - 4 mts),90,Grande,-68.8592702173,-32.8824489655,7,Residencial Parque,1786336.08966,0
38403,Paraiso,04/11/2010 11:50,Medio (4 - 8 mts),96,Grande,-68.8522618296,-32.8696572113,6,Residencial Norte,2694682.37982,0
23525,Morera,21/01/2011 13:27,Alto (> 8 mts),140,Grande,-68.8481507062,-32.9033896533,2,Barrio Civico,2366816.36021,0
32238,Morera,09/05/2011 11:18,Medio (4 - 8 mts),120,Grande,-68.8607526765,-32.8846755516,5,Residencial Sur,2423808.92355,0
42805,Paraiso,07/10/2011 17:37,Alto (> 8 mts),145,Grande,-68.8315238347,-32.8776793383,4,Cuarta Este Área Fundacional,1822015.85685,0
32602,Acacia SP,23/06/2011 10:11,Alto (> 8 mts),158,Grande,-68.8513971375,-32.8900025319,5,Residencial Sur,2423808.92355,0
45087,Olmo bola,01/09/2011 10:19,Medio (4 - 8 mts),140,Grande,-68.8252449667,-32.8711247917,4,Cuarta Este Área Fundacional,1822015.85685,0
17301,Morera,04/08/2011 10:12,Alto (> 8 mts),165,Grande,-68.835697954,-32.8657280675,4,Cuarta Oeste,1173332.70145,0
13098,Morera,16/02/2011 13:30,Alto (> 8 mts),180,Grande,-68.8463900591,-32.8655294749,4,Cuarta Oeste,1173332.70145,0
46048,Fresno europeo,19/09/2011 13:29,Medio (4 - 8 mts),120,Grande,-68.8213680232,-32.8728441636,4,Cuarta Este Área Fundacional,1822015.85685,0
29502,Morera,18/02/2011 11:17,Alto (> 8 mts),118,Grande,-68.8450005581,-32.8921043646,2,Barrio Civico,2366816.36021,1
6057,Morera,14/04/2011 11:42,Medio (4 - 8 mts),65,Grande,-68.8453897105,-32.8824999651,1,Parque Central,1655357.93265,0
9602,Morera,28/01/2011 09:33,Medio (4 - 8 mts),110,Grande,-68.8505882439,-32.8635860533,6,Residencial Norte,2694682.37982,0
47272,Morera,20/09/2011 11:33,Alto (> 8 mts),145,Grande,-68.8312561499,-32.8729776706,4,Cuarta Este Área Fundacional,1822015.85685,0
44434,Platano,18/10/2011 10:26,Alto (> 8 mts),170,Grande,-68.8372126151,-32.8835946721,3,Parque O'Higgins,1531146.02653,0
25248,Morera,08/02/2011 11:16,Alto (> 8 mts),116,Grande,-68.8395009261,-32.8988096421,2,Barrio Civico,2366816.36021,0
24694,Morera,17/01/2011 09:16,Alto (> 8 mts),85,Grande,-68.8433756013,-32.8964909597,2,Barrio Civico,2366816.36021,1
2937,Morera,21/09/2011 09:48,Alto (> 8 mts),115,Grande,-68.8277440025,-32.8735339777,4,Cuarta Este Área Fundacional,1822015.85685,1
13054,Jacaranda,16/02/2011 12:01,Alto (> 8 mts),110,Grande,-68.8451782598,-32.8643997891,4,Cuarta Oeste,1173332.70145,0
23568,Paraiso,01/02/2011 15:46,Alto (> 8 mts),128,Grande,-68.8517865658,-32.9027198993,2,Barrio Civico,2366816.36021,0
21187,Platano,06/05/2011 09:22,Alto (> 8 mts),200,Grande,-68.8523719976,-32.8928759688,5,Residencial Sur,2423808.92355,0
20067,Morera,15/08/2011 13:52,Alto (> 8 mts),108,Grande,-68.8340617926,-32.8657050789,4,Cuarta Oeste,1173332.70145,1
20514,Fresno europeo,03/06/2011 11:14,Bajo (2 - 4 mts),22,Mediano,-68.8583035178,-32.8980991687,5,Residencial Sur,2423808.92355,0
45101,Fresno europeo,01/09/2011 09:28,Medio (4 - 8 mts),160,Grande,-68.8245261007,-32.8702729289,4,Cuarta Este Área Fundacional,1822015.85685,0
23280,Paraiso,24/01/2012 08:48,Bajo (2 - 4 mts),70,Grande,-68.8527085081,-32.9014735909,2,Barrio Civico,2366816.36021,1
34356,Morera,28/03/2011 13:02,Medio (4 - 8 mts),68,Grande,-68.8522774932,-32.8755467355,6,Residencial Norte,2694682.37982,0
19032,Morera,13/07/2011 10:09,Alto (> 8 mts),180,Grande,-68.8399742347,-32.8719939872,4,Cuarta Oeste,1173332.70145,0
33355,Platano,19/05/2011 10:29,Alto (> 8 mts),195,Grande,-68.8569790199,-32.8908242109,5,Residencial Sur,2423808.92355,0
2200,Platano,03/11/2011 11:01,Alto (> 8 mts),191,Grande,-68.8334033062,-32.8900243713,3,Parque O'Higgins,1531146.02653,0
20045,Olmo comun,09/08/2011 10:49,Medio (4 - 8 mts),95,Grande,-68.8333225365,-32.864754945,4,Cuarta Oeste,1173332.70145,0
29839,Ligustro,03/03/2011 19:32,Alto (> 8 mts),84,Grande,-68.8426541107,-32.893205371,2,Barrio Civico,2366816.36021,0
31065,Fresno europeo,16/02/2011 12:36,Alto (> 8 mts),55,Mediano,-68.8552851801,-32.8653175015,6,Residencial Norte,2694682.37982,0
8358,Morera,03/02/2011 17:55,Medio (4 - 8 mts),82,Grande,-68.8404188558,-32.9022873015,2,Barrio Civico,2366816.36021,0
39844,Morera,02/05/2011 10:45,Alto (> 8 mts),180,Grande,-68.8444648542,-32.8740413678,1,Parque Central,1655357.93265,0
4809,Acer,28/07/2011 09:33,Bajo (2 - 4 mts),60,Mediano,-68.840561122,-32.8663420085,4,Cuarta Oeste,1173332.70145,0
29826,Platano,04/03/2011 12:23,Alto (> 8 mts),170,Grande,-68.8423422535,-32.8913520462,2,Barrio Civico,2366816.36021,0
44588,Platano,19/10/2011 13:24,Alto (> 8 mts),135,Grande,-68.835346697,-32.8852235476,3,Parque O'Higgins,1531146.02653,0
38366,Paraiso,05/11/2010 11:04,Alto (> 8 mts),190,Grande,-68.8524930348,-32.8702470121,6,Residencial Norte,2694682.37982,0
21821,Fresno americano,13/05/2011 14:20,Medio (4 - 8 mts),60,Mediano,-68.8555108429,-32.8943754748,5,Residencial Sur,2423808.92355,0
5913,Fresno europeo,25/04/2011 12:46,Alto (> 8 mts),80,Grande,-68.8428191322,-32.886709058,1,Parque Central,1655357.93265,0
29315,Fresno americano,22/02/2011 10:15,Alto (> 8 mts),150,Grande,-68.8435728747,-32.8886618224,2,Barrio Civico,2366816.36021,0
3875,Morera,31/08/2011 12:55,Muy bajo (1 - 2 mts),5,Chico,-68.8273144087,-32.8701813855,4,Cuarta Este Área Fundacional,1822015.85685,0
42367,Morera,29/09/2011 10:28,Alto (> 8 mts),100,Grande,-68.8347283905,-32.8758416346,4,Cuarta Este Área Fundacional,1822015.85685,0
47734,Fresno europeo,15/09/2011 09:54,Alto (> 8 mts),200,Grande,-68.8291603674,-32.8724886904,4,Cuarta Este Área Fundacional,1822015.85685,0
11152,Braquiquito,26/01/2011 12:18,Muy bajo (1 - 2 mts),10,Chico,-68.8449571371,-32.9014253378,2,Barrio Civico,2366816.36021,0
17254,Morera,12/08/2011 08:59,Alto (> 8 mts),160,Grande,-68.8364113184,-32.8638244421,4,Cuarta Oeste,1173332.70145,0
20095,Fresno europeo,10/08/2011 11:08,Muy bajo (1 - 2 mts),10,Chico,-68.8338105779,-32.8658062564,4,Cuarta Oeste,1173332.70145,0
14032,Morera,29/11/2011 16:17,Muy bajo (1 - 2 mts),7,Chico,-68.8787582531,-32.8649117262,8,Aeroparque,2203364.73622,0
11176,Acacia SP,27/01/2011 13:35,Medio (4 - 8 mts),28,Mediano,-68.84394787,-32.9019302521,2,Barrio Civico,2366816.36021,0
21973,Morera,30/05/2011 11:44,Alto (> 8 mts),165,Grande,-68.8580379882,-32.8949821317,5,Residencial Sur,2423808.92355,0
16577,Paraiso,27/07/2011 12:52,Medio (4 - 8 mts),105,Grande,-68.8417961721,-32.8657240254,4,Cuarta Oeste,1173332.70145,1
36062,Fresno europeo,18/03/2011 12:01,Alto (> 8 mts),60,Mediano,-68.8571231955,-32.8758015023,6,Residencial Norte,2694682.37982,0
2415,Perenne,20/10/2011 10:54,Medio (4 - 8 mts),280,Grande,-68.8314927638,-32.8884628249,3,Parque O'Higgins,1531146.02653,0
36048,Morera,17/03/2011 13:28,Alto (> 8 mts),160,Grande,-68.8573191423,-32.8750844285,6,Residencial Norte,2694682.37982,0
5629,Platano,05/05/2011 12:58,Medio (4 - 8 mts),30,Mediano,-68.83917572,-32.8769756773,1,Parque Central,1655357.93265,0
41424,Morera,07/04/2011 10:39,Alto (> 8 mts),180,Grande,-68.8421621434,-32.8812643702,1,Parque Central,1655357.93265,0
43782,Morera,19/10/2011 08:47,Medio (4 - 8 mts),170,Grande,-68.8323609515,-32.8814728027,3,Parque O'Higgins,1531146.02653,0
2274,Fresno americano,03/11/2011 11:18,Medio (4 - 8 mts),55,Mediano,-68.8380454024,-32.8932336973,2,Barrio Civico,2366816.36021,0
45939,Fresno americano,29/08/2011 11:40,Bajo (2 - 4 mts),50,Mediano,-68.8183233766,-32.8697861117,4,Cuarta Este Área Fundacional,1822015.85685,0
32216,Morera,10/05/2011 09:43,Medio (4 - 8 mts),160,Grande,-68.859835602,-32.8856598066,5,Residencial Sur,2423808.92355,0
3539,Morera,07/09/2011 10:34,Alto (> 8 mts),180,Grande,-68.8333298523,-32.8694726671,4,Cuarta Oeste,1173332.70145,0
8962,Morera,19/01/2011 12:46,Alto (> 8 mts),160,Grande,-68.8473999694,-32.8685238636,6,Residencial Norte,2694682.37982,0
34102,Morera,30/05/2011 13:37,Medio (4 - 8 mts),130,Grande,-68.8575650693,-32.8849391335,5,Residencial Sur,2423808.92355,0
17038,Paraiso,09/08/2011 10:09,Medio (4 - 8 mts),145,Grande,-68.8385596232,-32.8632101125,4,Cuarta Oeste,1173332.70145,0
15084,Morera,17/11/2011 09:47,Alto (> 8 mts),150,Grande,-68.858930569,-32.8690451745,6,Residencial Norte,2694682.37982,0
8079,Braquiquito,02/03/2011 12:33,Medio (4 - 8 mts),70,Grande,-68.8396760822,-32.8905973393,3,Parque O'Higgins,1531146.02653,0
39137,Fresno europeo,15/01/2012 10:52,Bajo (2 - 4 mts),36,Mediano,-68.8540870669,-32.8718433478,6,Residencial Norte,2694682.37982,0
17448,Morera,29/07/2011 09:42,Alto (> 8 mts),100,Grande,-68.8347907219,-32.8669473626,4,Cuarta Oeste,1173332.70145,1
15347,Acacia SP,16/11/2011 12:52,Muy bajo (1 - 2 mts),14,Chico,-68.8600640927,-32.8703289974,6,Residencial Norte,2694682.37982,0
12043,Morera,05/05/2010 10:55,Bajo (2 - 4 mts),66,Grande,-68.8537410959,-32.8669568398,6,Residencial Norte,2694682.37982,0
28428,Platano,28/02/2011 10:29,Alto (> 8 mts),220,Grande,-68.846025329,-32.8899951686,2,Barrio Civico,2366816.36021,0
15869,Morera,28/11/2011 21:06,Medio (4 - 8 mts),60,Mediano,-68.8725806118,-32.876992767,7,Residencial Parque,1786336.08966,0
20703,Acacia SP,31/05/2011 11:38,Alto (> 8 mts),140,Grande,-68.8620840211,-32.8978495697,5,Residencial Sur,2423808.92355,0
7629,Fresno europeo,21/06/2011 09:28,Medio (4 - 8 mts),80,Grande,-68.8558135584,-32.8828990009,5,Residencial Sur,2423808.92355,0
30379,Fresno americano,02/03/2011 13:46,Muy bajo (1 - 2 mts),22,Mediano,-68.8394065286,-32.8895661275,3,Parque O'Higgins,1531146.02653,0
22346,Morera,17/06/2011 10:25,Alto (> 8 mts),120,Grande,-68.8583418417,-32.8992029715,5,Residencial Sur,2423808.92355,0
38308,Paraiso,09/11/2010 11:24,Alto (> 8 mts),170,Grande,-68.8537462361,-32.870307682399996,6,Residencial Norte,2694682.37982,0
34041,Morera,30/05/2011 13:08,Alto (> 8 mts),150,Grande,-68.8552225453,-32.8851388737,5,Residencial Sur,2423808.92355,0
19126,Ailanthus,26/07/2011 11:45,Alto (> 8 mts),70,Grande,-68.8419734182,-32.8716317014,4,Cuarta Oeste,1173332.70145,0
41881,Fresno europeo,18/04/2011 12:13,Alto (> 8 mts),100,Grande,-68.8424042425,-32.879481668,1,Parque Central,1655357.93265,0
28481,Morera,25/02/2011 11:19,Alto (> 8 mts),250,Grande,-68.8472929761,-32.8897461744,2,Barrio Civico,2366816.36021,0
48279,Morera,31/08/2011 10:20,Medio (4 - 8 mts),83,Grande,-68.8290358824,-32.8699846063,4,Cuarta Este Área Fundacional,1822015.85685,0
35811,Morera,04/03/2011 09:13,Alto (> 8 mts),97,Grande,-68.8535729921,-32.8738672308,6,Residencial Norte,2694682.37982,0
30257,Morera,09/03/2011 13:24,Alto (> 8 mts),65,Grande,-68.8430727027,-32.8900487657,2,Barrio Civico,2366816.36021,0
4016,Morera,26/09/2011 11:28,Bajo (2 - 4 mts),25,Mediano,-68.8266208639,-32.8755892537,4,Cuarta Este Área Fundacional,1822015.85685,0
18552,Paraiso,07/07/2011 11:30,Alto (> 8 mts),140,Grande,-68.8375747726,-32.8738144785,4,Cuarta Oeste,1173332.70145,1
26509,Conifera,04/11/2011 09:38,Bajo (2 - 4 mts),20,Chico,-68.8309259971,-32.8919966329,3,Parque O'Higgins,1531146.02653,0
18955,Morera,04/08/2011 11:33,Alto (> 8 mts),140,Grande,-68.8367669547,-32.8688612329,4,Cuarta Oeste,1173332.70145,1
28424,Morera,28/02/2011 10:42,Medio (4 - 8 mts),85,Grande,-68.8461025791,-32.8902793263,2,Barrio Civico,2366816.36021,0
19523,Morera,26/07/2011 11:18,Medio (4 - 8 mts),120,Grande,-68.8371321116,-32.8715758085,4,Cuarta Oeste,1173332.70145,0
46257,Fresno europeo,19/09/2011 13:11,Alto (> 8 mts),180,Grande,-68.8224789761,-32.8735358112,4,Cuarta Este Área Fundacional,1822015.85685,0
27972,Morera,31/10/2011 09:41,Alto (> 8 mts),175,Grande,-68.8361157395,-32.8930205682,3,Parque O'Higgins,1531146.02653,0
7806,Morera,12/05/2011 10:00,Medio (4 - 8 mts),140,Grande,-68.8577852312,-32.8857832843,5,Residencial Sur,2423808.92355,0
7522,Platano,15/06/2011 09:16,Medio (4 - 8 mts),110,Grande,-68.8582639334,-32.8819963994,7,Residencial Parque,1786336.08966,1
32707,Fresno europeo,18/05/2011 09:21,Medio (4 - 8 mts),160,Grande,-68.85161572,-32.8862029714,5,Residencial Sur,2423808.92355,0
1355,Morera,30/11/2011 10:53,Medio (4 - 8 mts),97,Grande,-68.8772097172,-32.8650188684,8,Aeroparque,2203364.73622,0
42339,Morera,26/04/2011 14:02,Medio (4 - 8 mts),45,Mediano,-68.8373224994,-32.8758580196,1,Parque Central,1655357.93265,0
26405,Morera,28/10/2011 09:41,Alto (> 8 mts),180,Grande,-68.8342542926,-32.8894470968,3,Parque O'Higgins,1531146.02653,1
32868,Fresno europeo,10/06/2011 10:53,Alto (> 8 mts),130,Grande,-68.8499828841,-32.8853757046,1,Parque Central,1655357.93265,0
26682,Morera,10/11/2011 09:43,Alto (> 8 mts),180,Grande,-68.8323221915,-32.8941812828,3,Parque O'Higgins,1531146.02653,0
45779,Paraiso,23/08/2011 12:01,Medio (4 - 8 mts),165,Grande,-68.8216136519,-32.8697081526,4,Cuarta Este Área Fundacional,1822015.85685,0
28420,Morera,28/02/2011 12:23,Medio (4 - 8 mts),25,Mediano,-68.846255475,-32.8904755538,2,Barrio Civico,2366816.36021,0
428,Morera,06/03/2012 11:55,Medio (4 - 8 mts),170,Grande,-68.8174186491,-32.8677045069,4,Cuarta Este Área Fundacional,1822015.85685,0
7788,Acacia SP,12/05/2011 12:29,Bajo (2 - 4 mts),100,Grande,-68.8552020234,-32.8861233429,5,Residencial Sur,2423808.92355,1
9407,Jacaranda,08/02/2011 13:21,Medio (4 - 8 mts),35,Mediano,-68.8579161949,-32.8663727722,6,Residencial Norte,2694682.37982,0
34632,Morera,31/03/2011 11:46,Alto (> 8 mts),125,Grande,-68.8491193554,-32.8767843736,6,Residencial Norte,2694682.37982,0
9365,Fresno europeo,16/02/2011 09:59,Medio (4 - 8 mts),64,Grande,-68.8453439511,-32.8658319058,4,Cuarta Oeste,1173332.70145,0
8148,Platano,02/03/2011 11:08,Alto (> 8 mts),162,Grande,-68.8454032636,-32.8917362607,2,Barrio Civico,2366816.36021,0
28511,Morera,21/02/2011 12:56,Alto (> 8 mts),210,Grande,-68.8495266484,-32.8898625312,5,Residencial Sur,2423808.92355,0
42035,Morera,08/04/2011 09:48,Alto (> 8 mts),180,Grande,-68.8410632535,-32.8797746291,1,Parque Central,1655357.93265,0
36317,Braquiquito,01/04/2011 12:40,Bajo (2 - 4 mts),26,Mediano,-68.852869441,-32.8772477569,6,Residencial Norte,2694682.37982,0
28209,Morera,10/03/2011 19:32,Bajo (2 - 4 mts),18,Chico,-68.8480972193,-32.8934014313,2,Barrio Civico,2366816.36021,0
7894,Ligustro,15/06/2011 10:07,Medio (4 - 8 mts),60,Mediano,-68.8571060709,-32.889567599,5,Residencial Sur,2423808.92355,0
16947,Fresno europeo,16/08/2011 10:37,Medio (4 - 8 mts),120,Grande,-68.8369498491,-32.8654903956,4,Cuarta Oeste,1173332.70145,0
5451,Acer,15/04/2011 11:11,Alto (> 8 mts),170,Grande,-68.8455433825,-32.879174396,1,Parque Central,1655357.93265,0
25443,Morera,11/02/2011 09:02,Alto (> 8 mts),111,Grande,-68.8375556046,-32.9000772208,2,Barrio Civico,2366816.36021,0
39214,Acer,26/11/2010 09:55,Bajo (2 - 4 mts),35,Mediano,-68.8551692062,-32.8725959872,6,Residencial Norte,2694682.37982,0
38448,Morera,03/11/2010 13:01,Alto (> 8 mts),210,Grande,-68.8509358599,-32.8689093237,6,Residencial Norte,2694682.37982,0
24322,Fresno europeo,26/01/2011 13:36,Alto (> 8 mts),195,Grande,-68.8441021808,-32.902050446,2,Barrio Civico,2366816.36021,0
33915,Fresno americano,13/07/2011 11:17,Alto (> 8 mts),95,Grande,-68.8532166949,-32.8854366188,5,Residencial Sur,2423808.92355,0
36335,Fresno europeo,18/03/2011 10:11,Alto (> 8 mts),115,Grande,-68.8524667586,-32.8788865612,6,Residencial Norte,2694682.37982,0
18388,Morera,02/08/2011 15:10,Alto (> 8 mts),168,Grande,-68.839078479,-32.8694010965,4,Cuarta Oeste,1173332.70145,0
333,Caducifolio,07/03/2012 10:15,Muy bajo (1 - 2 mts),4,Chico,-68.8206689621,-32.8678072704,4,Cuarta Este Área Fundacional,1822015.85685,0
17373,Acer,03/08/2011 09:41,Medio (4 - 8 mts),20,Chico,-68.8342765259,-32.8647979879,4,Cuarta Oeste,1173332.70145,0
46730,Morera,07/09/2011 14:02,Alto (> 8 mts),145,Grande,-68.8327070674,-32.8696604513,4,Cuarta Oeste,1173332.70145,0
8636,Acer,01/02/2011 12:10,Muy bajo (1 - 2 mts),2,Chico,-68.8385212397,-32.9032952227,2,Barrio Civico,2366816.36021,0
43079,Morera,03/10/2011 09:30,Alto (> 8 mts),170,Grande,-68.8309565163,-32.8788101976,4,Cuarta Este Área Fundacional,1822015.85685,0
18063,Morera,29/07/2011 13:22,Alto (> 8 mts),142,Grande,-68.8408903357,-32.8678866737,4,Cuarta Oeste,1173332.70145,0
28940,Fresno americano,26/04/2011 10:18,Alto (> 8 mts),127,Grande,-68.8460521913,-32.8856270085,1,Parque Central,1655357.93265,0
5455,Fresno europeo,14/04/2011 09:52,Muy bajo (1 - 2 mts),6,Chico,-68.8445157708,-32.8803063769,1,Parque Central,1655357.93265,0
23160,Paraiso,19/01/2011 11:49,Alto (> 8 mts),125,Grande,-68.8488978925,-32.901599789,2,Barrio Civico,2366816.36021,0
45449,Morera,08/09/2011 21:44,Alto (> 8 mts),282,Grande,-68.8247454312,-32.8723975532,4,Cuarta Este Área Fundacional,1822015.85685,1
32298,Fresno europeo,28/06/2011 13:58,Medio (4 - 8 mts),70,Grande,-68.8525943398,-32.8910921102,5,Residencial Sur,2423808.92355,0
15812,Acer,21/11/2011 16:42,Bajo (2 - 4 mts),60,Mediano,-68.8733823734,-32.8783030876,7,Residencial Parque,1786336.08966,0
42603,Caducifolio,23/09/2011 09:59,Muy bajo (1 - 2 mts),10,Chico,-68.826476525,-32.8761874397,4,Cuarta Este Área Fundacional,1822015.85685,0
47856,Morera,21/09/2011 09:03,Alto (> 8 mts),158,Grande,-68.8291961169,-32.8733485041,4,Cuarta Este Área Fundacional,1822015.85685,1
22939,Morera,19/05/2011 15:39,Bajo (2 - 4 mts),28,Mediano,-68.8549810481,-32.9004479049,5,Residencial Sur,2423808.92355,0
47983,Morera,31/08/2011 09:55,Alto (> 8 mts),105,Grande,-68.8260459516,-32.8700906299,4,Cuarta Este Área Fundacional,1822015.85685,0
47411,Morera,23/09/2011 14:42,Alto (> 8 mts),210,Grande,-68.8271242981,-32.8754612392,4,Cuarta Este Área Fundacional,1822015.85685,0
31097,Acer,08/02/2011 13:16,Bajo (2 - 4 mts),34,Mediano,-68.854132974,-32.864694247,6,Residencial Norte,2694682.37982,0
34501,Morera,29/03/2011 10:40,Alto (> 8 mts),140,Grande,-68.8505517308,-32.8758926492,6,Residencial Norte,2694682.37982,1
38054,Acer,07/12/2010 11:32,Medio (4 - 8 mts),75,Grande,-68.8473643402,-32.871020284,6,Residencial Norte,2694682.37982,0
29460,Morera,15/03/2011 13:38,Alto (> 8 mts),200,Grande,-68.8443629875,-32.8940550062,2,Barrio Civico,2366816.36021,0
5245,Platano,05/05/2011 11:39,Bajo (2 - 4 mts),40,Mediano,-68.8406279502,-32.8749605181,1,Parque Central,1655357.93265,0
16212,Morera,14/07/2011 12:11,Alto (> 8 mts),180,Grande,-68.8433787194,-32.8684714971,4,Cuarta Oeste,1173332.70145,0
21896,Fresno europeo,03/06/2011 09:56,Alto (> 8 mts),101,Grande,-68.8581264448,-32.8968725784,5,Residencial Sur,2423808.92355,0
43465,Fresno europeo,03/10/2011 09:48,Alto (> 8 mts),120,Grande,-68.832259684,-32.8793113997,4,Cuarta Este Área Fundacional,1822015.85685,0
17969,Morera,01/08/2011 09:36,Bajo (2 - 4 mts),12,Chico,-68.8398287432,-32.8672131886,4,Cuarta Oeste,1173332.70145,0
20060,Paraiso,09/08/2011 09:53,Alto (> 8 mts),250,Grande,-68.8341156809,-32.8653224954,4,Cuarta Oeste,1173332.70145,0
2453,Fresno europeo,26/10/2011 10:30,Alto (> 8 mts),130,Grande,-68.8357929744,-32.8924970738,3,Parque O'Higgins,1531146.02653,0
42840,Acacia SP,30/09/2011 14:01,Medio (4 - 8 mts),70,Grande,-68.8321445924,-32.8765917391,4,Cuarta Este Área Fundacional,1822015.85685,0
48405,Fresno europeo,01/09/2011 10:28,Medio (4 - 8 mts),75,Grande,-68.8303171521,-32.8687824087,4,Cuarta Este Área Fundacional,1822015.85685,0
9239,Acer,28/02/2011 13:31,Alto (> 8 mts),150,Grande,-68.8487534072,-32.8657477062,6,Residencial Norte,2694682.37982,0
39755,Fresno europeo,13/07/2011 14:13,Bajo (2 - 4 mts),40,Mediano,-68.8500937241,-32.8836508097,1,Parque Central,1655357.93265,0
4204,Perenne,05/07/2011 12:48,Medio (4 - 8 mts),90,Grande,-68.8379999514,-32.8731831057,4,Cuarta Oeste,1173332.70145,0
11728,Morera,02/06/2010 10:30,Medio (4 - 8 mts),165,Grande,-68.8510056446,-32.8666753911,6,Residencial Norte,2694682.37982,0
28464,Morera,28/02/2011 08:34,Alto (> 8 mts),136,Grande,-68.8483594463,-32.8900737645,2,Barrio Civico,2366816.36021,0
8918,Morera,26/01/2011 10:05,Bajo (2 - 4 mts),33,Mediano,-68.8487281001,-32.8686438746,6,Residencial Norte,2694682.37982,0
29996,Platano,28/04/2011 09:21,Alto (> 8 mts),140,Grande,-68.8410278483,-32.8863255062,3,Parque O'Higgins,1531146.02653,0
47871,Morera,21/09/2011 11:59,Alto (> 8 mts),168,Grande,-68.8295644364,-32.8740755912,4,Cuarta Este Área Fundacional,1822015.85685,1
20364,Morera,24/05/2011 13:24,Medio (4 - 8 mts),58,Mediano,-68.8606689786,-32.8943172497,5,Residencial Sur,2423808.92355,0
44672,Morera,19/08/2011 11:00,Alto (> 8 mts),175,Grande,-68.8230650124,-32.8679134077,4,Cuarta Este Área Fundacional,1822015.85685,0
20523,Paraiso,03/06/2011 09:56,Medio (4 - 8 mts),77,Grande,-68.8592726898,-32.898060431,5,Residencial Sur,2423808.92355,0
45508,Morera,19/09/2011 11:04,Medio (4 - 8 mts),112,Grande,-68.8210849028,-32.872293275,4,Cuarta Este Área Fundacional,1822015.85685,0
911,Fresno europeo,29/02/2012 08:33,Medio (4 - 8 mts),28,Mediano,-68.852833447,-32.8722427743,6,Residencial Norte,2694682.37982,0
33488,Fresno europeo,16/06/2011 09:40,Alto (> 8 mts),103,Grande,-68.8560233419,-32.8897222344,5,Residencial Sur,2423808.92355,0
27996,Ailanthus,04/11/2011 09:29,Muy bajo (1 - 2 mts),12,Chico,-68.8357913806,-32.8931779476,3,Parque O'Higgins,1531146.02653,0
91,Fresno europeo,29/02/2012 10:48,Bajo (2 - 4 mts),32,Mediano,-68.856128661,-32.9019489704,5,Residencial Sur,2423808.92355,0
40088,Paraiso sombrilla,19/04/2011 12:51,Bajo (2 - 4 mts),70,Grande,-68.8455814752,-32.8788278457,1,Parque Central,1655357.93265,0
41639,Fresno europeo,05/05/2011 11:14,Muy bajo (1 - 2 mts),4,Chico,-68.8373981141,-32.8780978375,1,Parque Central,1655357.93265,0
14033,Morera,29/11/2011 16:10,Bajo (2 - 4 mts),56,Mediano,-68.8787485378,-32.8648654453,8,Aeroparque,2203364.73622,0
40618,Platano,12/04/2011 14:00,Alto (> 8 mts),200,Grande,-68.8446023167,-32.8846485024,1,Parque Central,1655357.93265,0
37673,Paraiso,24/02/2012 09:11,Alto (> 8 mts),90,Grande,-68.8516277235,-32.8720855796,6,Residencial Norte,2694682.37982,1
29793,Morera,09/03/2011 09:16,Alto (> 8 mts),180,Grande,-68.8435557652,-32.8915257535,2,Barrio Civico,2366816.36021,0
9864,Liquidambar,09/02/2011 11:49,Medio (4 - 8 mts),53,Mediano,-68.8572397142,-32.8658526473,6,Residencial Norte,2694682.37982,0
14018,Paraiso,29/11/2011 17:08,Bajo (2 - 4 mts),110,Grande,-68.8787959869,-32.8654913303,8,Aeroparque,2203364.73622,0
27261,Fresno europeo,26/10/2011 09:07,Alto (> 8 mts),125,Grande,-68.8368864307,-32.8886870935,3,Parque O'Higgins,1531146.02653,0
19493,Morera,18/07/2011 10:11,Alto (> 8 mts),153,Grande,-68.8386160008,-32.872193339,4,Cuarta Oeste,1173332.70145,0
22785,Platano,17/06/2011 19:18,Alto (> 8 mts),98,Grande,-68.858364387,-32.9016921211,5,Residencial Sur,2423808.92355,0
18294,Morera,04/08/2011 10:53,Alto (> 8 mts),200,Grande,-68.839587525,-32.8691517105,4,Cuarta Oeste,1173332.70145,0
11404,Paraiso,26/01/2011 16:36,Alto (> 8 mts),144,Grande,-68.8507305076,-32.9012909848,2,Barrio Civico,2366816.36021,0
32864,Morera,10/06/2011 11:07,Alto (> 8 mts),200,Grande,-68.8496308544,-32.8854441711,1,Parque Central,1655357.93265,1
11318,Ailanthus,21/01/2011 09:33,Alto (> 8 mts),190,Grande,-68.8477282638,-32.8998833033,2,Barrio Civico,2366816.36021,0
37132,Morera,07/04/2011 10:10,Alto (> 8 mts),130,Grande,-68.8581404435,-32.8776250733,7,Residencial Parque,1786336.08966,0
46542,Morera,07/09/2011 10:49,Alto (> 8 mts),180,Grande,-68.8330284044,-32.869237986,4,Cuarta Oeste,1173332.70145,0
28369,Morera,15/03/2011 12:36,Alto (> 8 mts),208,Grande,-68.8486633997,-32.888838211,5,Residencial Sur,2423808.92355,0
46333,Morera,26/09/2011 09:50,Alto (> 8 mts),160,Grande,-68.8253600329,-32.8733832425,4,Cuarta Este Área Fundacional,1822015.85685,0
29267,Fresno americano,23/02/2011 15:58,Alto (> 8 mts),220,Grande,-68.8445241093,-32.88849322,2,Barrio Civico,2366816.36021,0
36296,Caducifolio,04/04/2011 10:24,Bajo (2 - 4 mts),16,Chico,-68.8541835628,-32.8766887426,6,Residencial Norte,2694682.37982,0
15453,Paraiso,22/11/2011 13:23,Medio (4 - 8 mts),40,Mediano,-68.8598925068,-32.871828327,7,Residencial Parque,1786336.08966,0
15138,Paraiso,21/11/2011 12:57,Bajo (2 - 4 mts),22,Mediano,-68.8598146615,-32.8696147446,6,Residencial Norte,2694682.37982,0
39930,Morera,29/04/2011 10:04,Medio (4 - 8 mts),130,Grande,-68.8441461058,-32.8759801066,1,Parque Central,1655357.93265,0
29782,Morera,09/03/2011 09:50,Alto (> 8 mts),158,Grande,-68.843077454,-32.8911887332,2,Barrio Civico,2366816.36021,0
43189,Morera,11/10/2011 15:04,Alto (> 8 mts),190,Grande,-68.8289294493,-32.8803390244,4,Cuarta Este Área Fundacional,1822015.85685,0
30208,Platano,09/03/2011 09:14,Alto (> 8 mts),170,Grande,-68.8417857426,-32.889259237,3,Parque O'Higgins,1531146.02653,0
48160,Olmo comun,17/08/2011 10:05,Medio (4 - 8 mts),105,Grande,-68.8293729744,-32.8685981706,4,Cuarta Este Área Fundacional,1822015.85685,0
7670,Conifera,27/05/2011 10:06,Medio (4 - 8 mts),30,Mediano,-68.8543088568,-32.8850925026,5,Residencial Sur,2423808.92355,0
18848,Conifera,08/08/2011 10:17,Muy bajo (1 - 2 mts),30,Mediano,-68.8394993743,-32.8702792564,4,Cuarta Oeste,1173332.70145,0
17775,Paraiso,22/07/2011 09:57,Alto (> 8 mts),93,Grande,-68.8426916906,-32.8672626346,4,Cuarta Oeste,1173332.70145,0
24882,Morera,16/02/2011 08:32,Alto (> 8 mts),240,Grande,-68.8382764662,-32.8964749298,2,Barrio Civico,2366816.36021,1
35083,Fresno europeo,21/03/2011 12:29,Alto (> 8 mts),103,Grande,-68.8545780208,-32.8804444806,6,Residencial Norte,2694682.37982,0
9630,Morera,26/01/2011 09:54,Muy bajo (1 - 2 mts),6,Chico,-68.8496748361,-32.8636596817,6,Residencial Norte,2694682.37982,0
37150,Platano,01/04/2011 11:32,Alto (> 8 mts),270,Grande,-68.8589357571,-32.8766998432,7,Residencial Parque,1786336.08966,0
10149,Perenne,28/12/2010 10:06,Muy bajo (1 - 2 mts),7,Chico,-68.8548346238,-32.8721383178,6,Residencial Norte,2694682.37982,0
5705,Morera,04/05/2011 13:54,Bajo (2 - 4 mts),6,Chico,-68.8414263661,-32.8787481536,1,Parque Central,1655357.93265,0
13775,Fresno europeo,27/01/2011 10:43,Alto (> 8 mts),100,Grande,-68.8504320348,-32.8640226209,6,Residencial Norte,2694682.37982,0
18946,Fresno americano,04/08/2011 11:52,Bajo (2 - 4 mts),25,Mediano,-68.8366527171,-32.8696284257,4,Cuarta Oeste,1173332.70145,0
8456,Morera,09/02/2011 15:53,Alto (> 8 mts),162,Grande,-68.8355692085,-32.8988160978,2,Barrio Civico,2366816.36021,1
42776,Fresno europeo,30/09/2011 13:05,Bajo (2 - 4 mts),30,Mediano,-68.8295413251,-32.8788934869,4,Cuarta Este Área Fundacional,1822015.85685,0
12349,Morera,18/01/2011 09:15,Medio (4 - 8 mts),75,Grande,-68.8474429736,-32.866282786,6,Residencial Norte,2694682.37982,0
28071,Morera,21/02/2011 18:06,Alto (> 8 mts),106,Grande,-68.8503248242,-32.8917532397,5,Residencial Sur,2423808.92355,0
29900,Acacia SP,15/03/2011 09:45,Alto (> 8 mts),145,Grande,-68.8410111922,-32.891874974,2,Barrio Civico,2366816.36021,0
30554,Morera,08/02/2011 09:58,Bajo (2 - 4 mts),15,Chico,-68.8570597789,-32.8663771545,6,Residencial Norte,2694682.37982,0
22624,Olmo comun,23/06/2011 09:18,Medio (4 - 8 mts),110,Grande,-68.8614867137,-32.9015369739,5,Residencial Sur,2423808.92355,0
35927,Fresno europeo,28/03/2011 10:16,Bajo (2 - 4 mts),40,Mediano,-68.8540064157,-32.8763874533,6,Residencial Norte,2694682.37982,0
38142,Fresno europeo,02/12/2010 12:41,Alto (> 8 mts),250,Grande,-68.846458106,-32.8722827191,6,Residencial Norte,2694682.37982,0
16889,Paraiso,28/07/2011 13:11,Alto (> 8 mts),147,Grande,-68.8394684011,-32.8652907713,4,Cuarta Oeste,1173332.70145,0
21634,Morera,10/06/2011 10:40,Alto (> 8 mts),85,Grande,-68.8537066575,-32.8965229541,5,Residencial Sur,2423808.92355,1
25916,Morera,07/02/2011 14:43,Medio (4 - 8 mts),98,Grande,-68.8387431263,-32.9030095202,2,Barrio Civico,2366816.36021,0
38804,Morera,14/12/2010 10:11,Alto (> 8 mts),210,Grande,-68.8503034748,-32.8708236596,6,Residencial Norte,2694682.37982,0
3422,Caducifolio,17/08/2011 13:43,Muy bajo (1 - 2 mts),2,Chico,-68.8306235125,-32.8684754128,4,Cuarta Este Área Fundacional,1822015.85685,0
3136,Caducifolio,09/09/2011 09:07,Bajo (2 - 4 mts),35,Mediano,-68.8249661808,-32.873294593,4,Cuarta Este Área Fundacional,1822015.85685,0
40177,Platano,14/04/2011 13:00,Alto (> 8 mts),195,Grande,-68.8463096079,-32.8826574442,1,Parque Central,1655357.93265,0
47748,Fresno europeo,16/09/2011 13:35,Alto (> 8 mts),145,Grande,-68.8263957786,-32.8732079523,4,Cuarta Este Área Fundacional,1822015.85685,0
32260,Acacia SP,29/06/2011 10:00,Alto (> 8 mts),200,Grande,-68.8512982993,-32.8911631394,5,Residencial Sur,2423808.92355,0
17079,Morera,16/08/2011 09:01,Alto (> 8 mts),220,Grande,-68.8369401357,-32.8634826425,4,Cuarta Oeste,1173332.70145,0
10429,Paraiso,10/03/2011 12:07,Medio (4 - 8 mts),55,Mediano,-68.8569070925,-32.873485368,6,Residencial Norte,2694682.37982,0
37178,Olmo comun,01/04/2011 12:02,Medio (4 - 8 mts),53,Mediano,-68.8586596259,-32.8778527074,7,Residencial Parque,1786336.08966,0
46239,Morera,28/09/2011 10:05,Alto (> 8 mts),200,Grande,-68.8255301745,-32.8759462342,4,Cuarta Este Área Fundacional,1822015.85685,0
35345,Fresno europeo,22/06/2011 15:17,Bajo (2 - 4 mts),80,Grande,-68.8538637892,-32.8837361534,5,Residencial Sur,2423808.92355,0
21261,Morera,14/06/2011 10:23,Alto (> 8 mts),156,Grande,-68.8535206209,-32.8962093203,5,Residencial Sur,2423808.92355,1
199,Fresno americano,24/02/2012 10:41,Bajo (2 - 4 mts),28,Mediano,-68.8584021085,-32.8644803013,6,Residencial Norte,2694682.37982,0
36742,Morera,09/06/2011 13:02,Medio (4 - 8 mts),120,Grande,-68.8584183211,-32.8820318728,7,Residencial Parque,1786336.08966,0
13239,Morera,21/02/2011 12:10,Medio (4 - 8 mts),128,Grande,-68.8475548949,-32.8659282767,6,Residencial Norte,2694682.37982,0
29769,Ligustro,15/03/2011 09:06,Medio (4 - 8 mts),52,Mediano,-68.8414455011,-32.8935102147,2,Barrio Civico,2366816.36021,1
41220,Fresno europeo,15/04/2011 13:53,Alto (> 8 mts),95,Grande,-68.8390663754,-32.8820143304,1,Parque Central,1655357.93265,0
37375,Prunas,29/11/2010 13:57,Bajo (2 - 4 mts),40,Mediano,-68.8583596159,-32.8723123606,6,Residencial Norte,2694682.37982,0
46775,Morera,07/09/2011 11:33,Medio (4 - 8 mts),163,Grande,-68.8332720232,-32.8727175877,4,Cuarta Este Área Fundacional,1822015.85685,0
40726,Morera,18/04/2011 09:15,Alto (> 8 mts),100,Grande,-68.8431868807,-32.8851285098,1,Parque Central,1655357.93265,1
35486,Morera,08/04/2011 10:45,Alto (> 8 mts),116,Grande,-68.8566171054,-32.8813898894,7,Residencial Parque,1786336.08966,0
48241,Morera,02/09/2011 10:42,Alto (> 8 mts),188,Grande,-68.8293206241,-32.8699738015,4,Cuarta Este Área Fundacional,1822015.85685,0
30912,Fresno europeo,14/02/2011 10:05,Medio (4 - 8 mts),104,Grande,-68.8559603136,-32.8646970496,6,Residencial Norte,2694682.37982,0
27117,Platano,27/10/2011 08:48,Alto (> 8 mts),185,Grande,-68.8387373593,-32.8886405177,3,Parque O'Higgins,1531146.02653,0
37055,Fresno europeo,05/04/2011 12:30,Medio (4 - 8 mts),70,Grande,-68.8562891693,-32.8763415631,6,Residencial Norte,2694682.37982,0
37035,Morera,05/04/2011 10:51,Bajo (2 - 4 mts),26,Mediano,-68.8575703161,-32.8760089609,6,Residencial Norte,2694682.37982,0
15551,Paraiso,17/11/2011 17:34,Bajo (2 - 4 mts),20,Chico,-68.860950334,-32.8716389233,7,Residencial Parque,1786336.08966,0
42028,Platano,08/04/2011 12:55,Alto (> 8 mts),181,Grande,-68.8407694879,-32.8803224099,1,Parque Central,1655357.93265,0
15191,Paraiso,17/11/2011 13:28,Medio (4 - 8 mts),90,Grande,-68.8600756059,-32.8687573293,6,Residencial Norte,2694682.37982,0
40105,Fresno europeo,14/04/2011 13:21,Medio (4 - 8 mts),110,Grande,-68.8447069826,-32.879966412900004,1,Parque Central,1655357.93265,0
11956,Acer,14/05/2010 09:42,Bajo (2 - 4 mts),70,Grande,-68.8516422685,-32.8680854554,6,Residencial Norte,2694682.37982,0
35766,Morera,18/03/2011 13:10,Medio (4 - 8 mts),180,Grande,-68.8544583064,-32.8742406538,6,Residencial Norte,2694682.37982,0
25082,Morera,17/02/2011 14:08,Alto (> 8 mts),142,Grande,-68.836849444,-32.8972635691,2,Barrio Civico,2366816.36021,0
30447,Platano,21/02/2011 09:22,Alto (> 8 mts),150,Grande,-68.8414210356,-32.8884145735,3,Parque O'Higgins,1531146.02653,0
36686,Fresno europeo,07/06/2011 09:42,Bajo (2 - 4 mts),50,Mediano,-68.8590651003,-32.8834904603,7,Residencial Parque,1786336.08966,0
40488,Olmo comun,11/04/2011 09:12,Alto (> 8 mts),82,Grande,-68.8428428205,-32.8817903831,1,Parque Central,1655357.93265,0
24513,Morera,10/01/2011 10:29,Alto (> 8 mts),157,Grande,-68.8470970266,-32.9034877218,2,Barrio Civico,2366816.36021,0
38523,Paraiso,02/11/2010 12:04,Alto (> 8 mts),220,Grande,-68.8508502807,-32.8697695105,6,Residencial Norte,2694682.37982,0
44457,Platano,17/10/2011 13:12,Alto (> 8 mts),320,Grande,-68.835556947,-32.8836561657,3,Parque O'Higgins,1531146.02653,0
20155,Fresno americano,13/05/2011 10:15,Medio (4 - 8 mts),75,Grande,-68.8590163252,-32.8917519791,5,Residencial Sur,2423808.92355,0
32106,Morera,09/05/2011 11:31,Alto (> 8 mts),190,Grande,-68.8591660616,-32.8868850855,5,Residencial Sur,2423808.92355,0
8588,Paraiso,11/02/2011 09:06,Alto (> 8 mts),125,Grande,-68.837281176,-32.8995081501,2,Barrio Civico,2366816.36021,1
12004,Paraiso,12/05/2010 10:52,Alto (> 8 mts),126,Grande,-68.8523978543,-32.8686213247,6,Residencial Norte,2694682.37982,0
20212,Morera,24/05/2011 13:49,Alto (> 8 mts),140,Grande,-68.8605536322,-32.8944695971,5,Residencial Sur,2423808.92355,1
44578,Platano,20/10/2011 07:30,Alto (> 8 mts),185,Grande,-68.834930641,-32.8847970236,3,Parque O'Higgins,1531146.02653,0
6798,Fresno europeo,26/05/2011 11:56,Muy bajo (1 - 2 mts),15,Chico,-68.8590297723,-32.8940180132,5,Residencial Sur,2423808.92355,0
18466,Morera,07/07/2011 11:40,Alto (> 8 mts),155,Grande,-68.8389140689,-32.8738167514,4,Cuarta Oeste,1173332.70145,0
37669,Fresno europeo,24/02/2012 09:17,Medio (4 - 8 mts),90,Grande,-68.8521316785,-32.8720449247,6,Residencial Norte,2694682.37982,0
28767,Morera,20/04/2011 10:29,Medio (4 - 8 mts),70,Grande,-68.8488241204,-32.8860375625,1,Parque Central,1655357.93265,0
18214,Caducifolio,05/08/2011 12:04,Medio (4 - 8 mts),50,Mediano,-68.8388675947,-32.8680235769,4,Cuarta Oeste,1173332.70145,0
3242,Paraiso sombrilla,29/09/2011 11:22,Medio (4 - 8 mts),55,Mediano,-68.8272263729,-32.867659436,4,Cuarta Este Área Fundacional,1822015.85685,0
6266,Fresno europeo,13/07/2011 14:10,Alto (> 8 mts),135,Grande,-68.8500613185,-32.8835288494,1,Parque Central,1655357.93265,0
37243,Morera,14/03/2011 09:34,Alto (> 8 mts),150,Grande,-68.856948993,-32.8726775096,6,Residencial Norte,2694682.37982,0
20034,Morera,10/08/2011 12:20,Medio (4 - 8 mts),40,Mediano,-68.834517588,-32.8680474189,4,Cuarta Oeste,1173332.70145,0
12204,Paraiso,18/01/2011 13:20,Medio (4 - 8 mts),130,Grande,-68.8466633084,-32.8677935522,6,Residencial Norte,2694682.37982,0
39085,Morera,22/12/2010 09:09,Alto (> 8 mts),160,Grande,-68.8536048856,-32.8716254761,6,Residencial Norte,2694682.37982,0
5818,Paraiso,03/05/2011 11:27,Medio (4 - 8 mts),91,Grande,-68.8430655107,-32.8749381037,1,Parque Central,1655357.93265,0
7296,Perenne,12/05/2011 11:19,Alto (> 8 mts),148,Grande,-68.8537417334,-32.9008354289,5,Residencial Sur,2423808.92355,0
11088,Platano,23/03/2011 09:42,Alto (> 8 mts),195,Grande,-68.8544040695,-32.8809295325,6,Residencial Norte,2694682.37982,0
4768,Prunas,02/08/2011 09:37,Medio (4 - 8 mts),55,Mediano,-68.8359398606,-32.86605262,4,Cuarta Oeste,1173332.70145,0
38860,Morera,09/12/2010 13:07,Alto (> 8 mts),120,Grande,-68.848495969,-32.8708154142,6,Residencial Norte,2694682.37982,0
8868,Morera,12/05/2010 12:03,Bajo (2 - 4 mts),26,Mediano,-68.8510997348,-32.866727558,6,Residencial Norte,2694682.37982,0
5902,Morera,26/04/2011 10:41,Bajo (2 - 4 mts),24,Mediano,-68.8425387354,-32.8876683922,3,Parque O'Higgins,1531146.02653,0
22829,Fresno europeo,14/06/2011 11:59,Alto (> 8 mts),76,Grande,-68.857247123,-32.9018099557,5,Residencial Sur,2423808.92355,0
23039,Morera,10/06/2011 18:58,Alto (> 8 mts),122,Grande,-68.8616097497,-32.9016518916,5,Residencial Sur,2423808.92355,0
6427,Paraiso,10/05/2011 10:06,Bajo (2 - 4 mts),12,Chico,-68.8601545727,-32.8857090724,5,Residencial Sur,2423808.92355,0
20715,Acacia SP,31/05/2011 11:09,Alto (> 8 mts),136,Grande,-68.8619792283,-32.8970536218,5,Residencial Sur,2423808.92355,0
14238,Morera,07/12/2011 10:43,Bajo (2 - 4 mts),22,Mediano,-68.877425393,-32.8662363103,8,Aeroparque,2203364.73622,0
43463,Fresno europeo,03/10/2011 09:51,Alto (> 8 mts),118,Grande,-68.8322686332,-32.8794392718,4,Cuarta Este Área Fundacional,1822015.85685,0
17601,Paraiso,19/07/2011 10:42,Medio (4 - 8 mts),80,Grande,-68.842732025,-32.8659610888,4,Cuarta Oeste,1173332.70145,0
27687,Fresno europeo,28/10/2011 10:55,Alto (> 8 mts),135,Grande,-68.8373006904,-32.8949874787,2,Barrio Civico,2366816.36021,0
45059,Ailanthus,31/08/2011 12:38,Medio (4 - 8 mts),18,Chico,-68.8230525941,-32.8709435476,4,Cuarta Este Área Fundacional,1822015.85685,0
12330,Morera,13/01/2011 11:37,Alto (> 8 mts),125,Grande,-68.8470400041,-32.8674525614,6,Residencial Norte,2694682.37982,0
23305,Acer,18/01/2012 16:55,Bajo (2 - 4 mts),36,Mediano,-68.8523502384,-32.9006803691,2,Barrio Civico,2366816.36021,0
20945,Aguaribay,27/05/2011 12:51,Alto (> 8 mts),200,Grande,-68.8627509885,-32.8946639081,5,Residencial Sur,2423808.92355,1
7299,Fresno europeo,10/05/2011 10:41,Medio (4 - 8 mts),98,Grande,-68.8570658708,-32.9012507494,5,Residencial Sur,2423808.92355,0
1634,Acer,23/11/2011 10:08,Muy bajo (1 - 2 mts),20,Chico,-68.8711578898,-32.8778427475,7,Residencial Parque,1786336.08966,0
43768,Acacia SP,14/10/2011 19:08,Alto (> 8 mts),124,Grande,-68.8336675713,-32.8823970688,3,Parque O'Higgins,1531146.02653,0
28103,Platano,21/02/2011 19:26,Alto (> 8 mts),128,Grande,-68.8500293938,-32.8910086296,5,Residencial Sur,2423808.92355,0
873,Aguaribay,14/12/2011 11:26,Medio (4 - 8 mts),125,Grande,-68.8802781701,-32.8657242435,8,Aeroparque,2203364.73622,0
879,Morera,17/01/2012 19:02,Muy bajo (1 - 2 mts),16,Chico,-68.8488519979,-32.8751454958,6,Residencial Norte,2694682.37982,0
22966,Morera,01/06/2011 13:27,Alto (> 8 mts),98,Grande,-68.856423721,-32.8994568367,5,Residencial Sur,2423808.92355,0
44276,Fresno americano,21/10/2011 17:00,Medio (4 - 8 mts),140,Grande,-68.8362057735,-32.8797956989,1,Parque Central,1655357.93265,0
19262,Morera,03/08/2011 12:17,Alto (> 8 mts),70,Grande,-68.8374004351,-32.8704752621,4,Cuarta Oeste,1173332.70145,0
29700,Fresno americano,02/03/2011 15:20,Medio (4 - 8 mts),36,Mediano,-68.8417367208,-32.8936508245,2,Barrio Civico,2366816.36021,0
23064,Morera,17/06/2011 19:34,Alto (> 8 mts),98,Grande,-68.8605332694,-32.9016664183,5,Residencial Sur,2423808.92355,0
45195,Fresno europeo,28/09/2011 11:07,Medio (4 - 8 mts),96,Grande,-68.8228006723,-32.8727353488,4,Cuarta Este Área Fundacional,1822015.85685,0
8137,Morera,01/03/2011 11:54,Muy bajo (1 - 2 mts),8,Chico,-68.8473361543,-32.8905466208,2,Barrio Civico,2366816.36021,0
34610,Ligustro,17/01/2012 11:58,Medio (4 - 8 mts),40,Mediano,-68.8473894213,-32.8750604639,6,Residencial Norte,2694682.37982,0
5686,Paraiso sombrilla,29/04/2011 13:33,Alto (> 8 mts),152,Grande,-68.8394204158,-32.8753129687,1,Parque Central,1655357.93265,0
12952,Acer,12/01/2011 08:50,Alto (> 8 mts),160,Grande,-68.8441895984,-32.8637753118,4,Cuarta Oeste,1173332.70145,0
46471,Morera,17/08/2011 14:01,Alto (> 8 mts),143,Grande,-68.8314258893,-32.8683964495,4,Cuarta Este Área Fundacional,1822015.85685,0
29342,Platano,25/04/2011 09:02,Alto (> 8 mts),190,Grande,-68.8437294566,-32.8875101628,1,Parque Central,1655357.93265,0
28894,Fresno americano,01/03/2011 12:29,Alto (> 8 mts),80,Grande,-68.8479233929,-32.8877208628,5,Residencial Sur,2423808.92355,0
11225,Caducifolio,14/01/2011 18:18,Bajo (2 - 4 mts),9,Chico,-68.8451634477,-32.8998065378,2,Barrio Civico,2366816.36021,0
6653,Platano,12/05/2011 11:24,Alto (> 8 mts),155,Grande,-68.8603502697,-32.8919858994,5,Residencial Sur,2423808.92355,0
36002,Morera,21/03/2011 11:28,Alto (> 8 mts),199,Grande,-68.8559229916,-32.8754708271,6,Residencial Norte,2694682.37982,0
39263,Paraiso,29/12/2010 10:02,Alto (> 8 mts),80,Grande,-68.855337274,-32.8714180279,6,Residencial Norte,2694682.37982,1
21734,Morera,24/05/2011 09:39,Alto (> 8 mts),180,Grande,-68.8556585134,-32.8944754616,5,Residencial Sur,2423808.92355,0
11162,Prunas,19/01/2011 12:06,Medio (4 - 8 mts),46,Mediano,-68.8437706638,-32.900583063,2,Barrio Civico,2366816.36021,0
26099,Fresno europeo,04/11/2011 16:09,Muy bajo (1 - 2 mts),7,Chico,-68.8329051696,-32.8875926301,3,Parque O'Higgins,1531146.02653,0
47820,Morera,23/09/2011 14:22,Alto (> 8 mts),125,Grande,-68.826160188,-32.8734717312,4,Cuarta Este Área Fundacional,1822015.85685,1
40233,Fresno europeo,14/04/2011 12:10,Bajo (2 - 4 mts),54,Mediano,-68.8451324779,-32.8815412277,1,Parque Central,1655357.93265,0
24316,Morera,27/01/2011 12:42,Alto (> 8 mts),110,Grande,-68.8438559433,-32.9009870274,2,Barrio Civico,2366816.36021,0
47706,Morera,15/09/2011 12:58,Medio (4 - 8 mts),80,Grande,-68.828616468,-32.8730564643,4,Cuarta Este Área Fundacional,1822015.85685,0
11719,Morera,28/01/2011 10:38,Medio (4 - 8 mts),116,Grande,-68.8502109049,-32.8679928291,6,Residencial Norte,2694682.37982,0
7248,Morera,31/05/2011 13:46,Medio (4 - 8 mts),42,Mediano,-68.8542504357,-32.9020097466,5,Residencial Sur,2423808.92355,0
41322,Platano,19/04/2011 11:51,Alto (> 8 mts),170,Grande,-68.8410897365,-32.8834072643,1,Parque Central,1655357.93265,0
17011,Morera,10/08/2011 09:05,Alto (> 8 mts),173,Grande,-68.8390404306,-32.8634279243,4,Cuarta Oeste,1173332.70145,0
7465,Fresno americano,17/06/2011 08:03,Medio (4 - 8 mts),47,Mediano,-68.8623471831,-32.8998183854,5,Residencial Sur,2423808.92355,1
7660,Acer,26/05/2011 09:49,Medio (4 - 8 mts),100,Grande,-68.8529496257,-32.8844046085,5,Residencial Sur,2423808.92355,0
25554,Morera,15/02/2011 19:23,Alto (> 8 mts),98,Grande,-68.838931176,-32.9006949547,2,Barrio Civico,2366816.36021,1
12958,Prunas,11/01/2011 13:54,Bajo (2 - 4 mts),20,Chico,-68.8439539166,-32.8635016294,4,Cuarta Oeste,1173332.70145,0
18291,Morera,04/08/2011 11:00,Alto (> 8 mts),120,Grande,-68.8395753836,-32.8688925479,4,Cuarta Oeste,1173332.70145,0
1486,Fresno americano,24/11/2011 14:33,Muy bajo (1 - 2 mts),8,Chico,-68.8719994067,-32.8771362002,7,Residencial Parque,1786336.08966,0
18512,Morera,06/07/2011 13:19,Alto (> 8 mts),160,Grande,-68.8379142338,-32.8745844243,1,Parque Central,1655357.93265,0
24516,Morera,10/01/2011 10:15,Alto (> 8 mts),180,Grande,-68.8468289689,-32.90351521,2,Barrio Civico,2366816.36021,0
37800,Morera,10/12/2010 10:40,Alto (> 8 mts),260,Grande,-68.8495942716,-32.8721768832,6,Residencial Norte,2694682.37982,0
5458,Morera,14/04/2011 08:52,Medio (4 - 8 mts),100,Grande,-68.84339835,-32.8800675518,1,Parque Central,1655357.93265,0
36506,Morera,06/04/2011 11:18,Alto (> 8 mts),170,Grande,-68.8553750102,-32.878482157,6,Residencial Norte,2694682.37982,0
4033,Morera,22/09/2011 09:49,Alto (> 8 mts),180,Grande,-68.8297060219,-32.8730795415,4,Cuarta Este Área Fundacional,1822015.85685,1
12425,Morera,24/01/2011 09:48,Alto (> 8 mts),190,Grande,-68.8484827664,-32.8664019787,6,Residencial Norte,2694682.37982,0
4886,Platano,19/07/2011 09:25,Alto (> 8 mts),138,Grande,-68.8444197131,-32.8715787609,6,Residencial Norte,2694682.37982,1
31193,Paraiso sombrilla,07/02/2011 09:11,Bajo (2 - 4 mts),40,Mediano,-68.8535992655,-32.8636870908,6,Residencial Norte,2694682.37982,0
14283,Paraiso sombrilla,07/12/2011 09:03,Bajo (2 - 4 mts),100,Grande,-68.8775703907,-32.8686684111,8,Aeroparque,2203364.73622,0
27302,Platano,31/10/2011 09:34,Alto (> 8 mts),165,Grande,-68.8355047583,-32.8891720169,3,Parque O'Higgins,1531146.02653,0
12855,Fresno europeo,18/01/2011 13:14,Muy bajo (1 - 2 mts),10,Chico,-68.8469581321,-32.8640948617,4,Cuarta Oeste,1173332.70145,0
24328,Morera,26/01/2011 13:21,Alto (> 8 mts),114,Grande,-68.8438785,-32.9020680258,2,Barrio Civico,2366816.36021,0
37407,Paraiso,03/01/2011 12:15,Alto (> 8 mts),170,Grande,-68.8568389168,-32.8717715443,6,Residencial Norte,2694682.37982,0
35966,Fresno europeo,22/03/2011 13:41,Medio (4 - 8 mts),140,Grande,-68.8550808663,-32.8761859785,6,Residencial Norte,2694682.37982,0
37322,Morera,16/03/2011 13:31,Alto (> 8 mts),85,Grande,-68.8578858883,-32.8746905826,6,Residencial Norte,2694682.37982,0
30673,Paraiso,02/02/2011 13:25,Medio (4 - 8 mts),190,Grande,-68.854829662,-32.8673048247,6,Residencial Norte,2694682.37982,0
17894,Morera,01/08/2011 10:05,Alto (> 8 mts),145,Grande,-68.836084437,-32.8673539731,4,Cuarta Oeste,1173332.70145,0
14528,Conifera,05/12/2011 17:12,Muy bajo (1 - 2 mts),20,Chico,-68.8796264402,-32.8681600388,8,Aeroparque,2203364.73622,0
9483,Morera,02/02/2011 12:18,Alto (> 8 mts),70,Grande,-68.852760859,-32.8645933198,6,Residencial Norte,2694682.37982,0
13119,Morera,17/02/2011 13:25,Medio (4 - 8 mts),88,Grande,-68.8456753687,-32.8654865772,4,Cuarta Oeste,1173332.70145,0
10267,Olmo comun,06/12/2010 11:11,Alto (> 8 mts),90,Grande,-68.8482333084,-32.872591136,6,Residencial Norte,2694682.37982,0
33597,Morera,17/05/2011 11:08,Alto (> 8 mts),202,Grande,-68.854579614,-32.8867321394,5,Residencial Sur,2423808.92355,1
27239,Platano,26/10/2011 09:51,Alto (> 8 mts),180,Grande,-68.8361980067,-32.8897129021,3,Parque O'Higgins,1531146.02653,0
13532,Paraiso,01/02/2011 12:35,Bajo (2 - 4 mts),36,Mediano,-68.851312621899993,-32.8643875217,6,Residencial Norte,2694682.37982,0
26748,Morera,11/01/2012 12:39,Alto (> 8 mts),110,Grande,-68.8345107066,-32.8949979741,3,Parque O'Higgins,1531146.02653,0
23429,Morera,27/01/2011 15:15,Alto (> 8 mts),152,Grande,-68.850132142,-32.9031843308,2,Barrio Civico,2366816.36021,0
914,Morera,29/02/2012 09:51,Bajo (2 - 4 mts),20,Chico,-68.852195758,-32.8719749181,6,Residencial Norte,2694682.37982,1
38544,Fresno europeo,20/12/2010 10:48,Muy bajo (1 - 2 mts),5,Chico,-68.8532948058,-32.871628633,6,Residencial Norte,2694682.37982,0
36040,Morera,18/03/2011 09:50,Alto (> 8 mts),150,Grande,-68.8569528201,-32.8748634766,6,Residencial Norte,2694682.37982,0
40047,Fresno europeo,19/04/2011 12:09,Medio (4 - 8 mts),120,Grande,-68.843336155,-32.8793688647,1,Parque Central,1655357.93265,0
10178,Morera,21/12/2010 12:48,Bajo (2 - 4 mts),35,Mediano,-68.8526039383,-32.871322619,6,Residencial Norte,2694682.37982,0
38109,Fresno europeo,03/12/2010 09:50,Medio (4 - 8 mts),49,Mediano,-68.8471103073,-32.8727193455,6,Residencial Norte,2694682.37982,0
27165,Fresno europeo,27/10/2011 09:44,Muy bajo (1 - 2 mts),8,Chico,-68.8379059408,-32.8908229031,3,Parque O'Higgins,1531146.02653,0
24099,Fresno europeo,11/01/2011 11:04,Alto (> 8 mts),134,Grande,-68.8465162035,-32.9011880619,2,Barrio Civico,2366816.36021,0
43444,Morera,03/10/2011 10:41,Medio (4 - 8 mts),60,Mediano,-68.8310152952,-32.8798819759,4,Cuarta Este Área Fundacional,1822015.85685,0
33689,Morera,10/05/2011 13:37,Alto (> 8 mts),182,Grande,-68.8584657448,-32.8860133503,5,Residencial Sur,2423808.92355,0
13183,Tilo,21/02/2011 10:49,Muy bajo (1 - 2 mts),14,Chico,-68.8469996101,-32.8657855954,4,Cuarta Oeste,1173332.70145,0
17528,Platano,28/07/2011 09:26,Alto (> 8 mts),160,Grande,-68.8387950945,-32.8672137175,4,Cuarta Oeste,1173332.70145,0
35014,Morera,31/03/2011 09:47,Alto (> 8 mts),180,Grande,-68.8562413756,-32.8799263601,6,Residencial Norte,2694682.37982,0
46417,Ailanthus,19/08/2011 09:28,Bajo (2 - 4 mts),30,Mediano,-68.8330139595,-32.8682546564,4,Cuarta Oeste,1173332.70145,0
21701,Morera,09/06/2011 11:50,Alto (> 8 mts),140,Grande,-68.8570730436,-32.8957293873,5,Residencial Sur,2423808.92355,0
21042,Paraiso,22/06/2011 12:52,Alto (> 8 mts),115,Grande,-68.8636665328,-32.9003495145,5,Residencial Sur,2423808.92355,0
3108,Paraiso,16/09/2011 11:07,Muy bajo (1 - 2 mts),15,Chico,-68.8222921501,-32.8713075691,4,Cuarta Este Área Fundacional,1822015.85685,0
2390,Platano,17/10/2011 12:29,Alto (> 8 mts),220,Grande,-68.8363131208,-32.8846316651,3,Parque O'Higgins,1531146.02653,0
46037,Caducifolio,20/09/2011 08:47,Bajo (2 - 4 mts),30,Mediano,-68.8204192139,-32.8731188559,4,Cuarta Este Área Fundacional,1822015.85685,0
23694,Fresno europeo,24/01/2011 19:52,Medio (4 - 8 mts),78,Grande,-68.8491606453,-32.9001977979,2,Barrio Civico,2366816.36021,0
28639,Morera,23/02/2011 10:12,Medio (4 - 8 mts),55,Mediano,-68.8475234545,-32.8903774143,2,Barrio Civico,2366816.36021,0
29393,Platano,02/03/2011 13:25,Alto (> 8 mts),180,Grande,-68.8459962787,-32.8916316658,2,Barrio Civico,2366816.36021,0
27910,Morera,04/11/2011 11:10,Alto (> 8 mts),175,Grande,-68.8396794215,-32.8941958909,2,Barrio Civico,2366816.36021,1
30537,Fresno europeo,08/02/2011 09:33,Medio (4 - 8 mts),65,Grande,-68.8574285133,-32.8667496895,6,Residencial Norte,2694682.37982,0
20591,Conifera,30/05/2011 10:52,Bajo (2 - 4 mts),25,Mediano,-68.8626346654,-32.8971657023,5,Residencial Sur,2423808.92355,0
47681,Fresno europeo,15/09/2011 10:01,Medio (4 - 8 mts),50,Mediano,-68.8292946518,-32.8726707453,4,Cuarta Este Área Fundacional,1822015.85685,0
3944,Fresno americano,01/09/2011 10:29,Muy bajo (1 - 2 mts),15,Chico,-68.8216244951,-32.870299306,4,Cuarta Este Área Fundacional,1822015.85685,0
41261,Platano,11/04/2011 09:22,Alto (> 8 mts),198,Grande,-68.8407963565,-32.8809539898,1,Parque Central,1655357.93265,0
31396,Fresno europeo,23/05/2011 10:52,Alto (> 8 mts),100,Grande,-68.8512769402,-32.8849508398,5,Residencial Sur,2423808.92355,1
34941,Fresno europeo,04/04/2011 12:20,Muy bajo (1 - 2 mts),10,Chico,-68.856720769,-32.8793265736,7,Residencial Parque,1786336.08966,0
41955,Morera,19/04/2011 11:16,Medio (4 - 8 mts),110,Grande,-68.8389123669,-32.8787754318,1,Parque Central,1655357.93265,0
25523,Morera,17/02/2011 16:10,Alto (> 8 mts),88,Grande,-68.8398242161,-32.9005365812,2,Barrio Civico,2366816.36021,0
37944,Fresno europeo,27/08/2010 09:04,Alto (> 8 mts),138,Grande,-68.8482529362,-32.8734371796,6,Residencial Norte,2694682.37982,0
1933,Morera,16/11/2011 12:27,Medio (4 - 8 mts),60,Mediano,-68.8608119112,-32.8707586353,7,Residencial Parque,1786336.08966,0
39022,Paraiso,27/12/2010 09:39,Alto (> 8 mts),240,Grande,-68.8547590151,-32.8711910479,6,Residencial Norte,2694682.37982,0
34996,Fresno europeo,31/03/2011 10:44,Alto (> 8 mts),87,Grande,-68.8551231462,-32.8796799896,6,Residencial Norte,2694682.37982,0
18203,Morera,22/07/2011 09:07,Alto (> 8 mts),96,Grande,-68.8403632787,-32.8689512642,4,Cuarta Oeste,1173332.70145,1
22586,Morera,24/06/2011 09:32,Alto (> 8 mts),135,Grande,-68.8613923922,-32.9013224366,5,Residencial Sur,2423808.92355,0
19736,Morera,12/08/2011 10:30,Alto (> 8 mts),160,Grande,-68.834496023,-32.8681689036,4,Cuarta Oeste,1173332.70145,1
14028,Morera,29/11/2011 16:24,Bajo (2 - 4 mts),38,Mediano,-68.8787981535,-32.865082977,8,Aeroparque,2203364.73622,0
17799,Paraiso,22/07/2011 13:27,Alto (> 8 mts),107,Grande,-68.8430500102,-32.8688019168,4,Cuarta Oeste,1173332.70145,0
33540,Morera,30/05/2011 13:23,Alto (> 8 mts),145,Grande,-68.8554427728,-32.8877873084,5,Residencial Sur,2423808.92355,0
4240,Morera,12/07/2011 18:07,Alto (> 8 mts),90,Grande,-68.837305665,-32.872829554,4,Cuarta Oeste,1173332.70145,0
21675,Morera,07/06/2011 12:12,Alto (> 8 mts),148,Grande,-68.8546767944,-32.896910999,5,Residencial Sur,2423808.92355,0
34455,Fresno europeo,11/03/2011 10:33,Medio (4 - 8 mts),80,Grande,-68.8502554313,-32.8747414631,6,Residencial Norte,2694682.37982,0
34264,Morera,04/03/2011 10:28,Medio (4 - 8 mts),120,Grande,-68.8527347592,-32.8741705685,6,Residencial Norte,2694682.37982,0
29384,Platano,03/03/2011 09:04,Alto (> 8 mts),165,Grande,-68.8461822441,-32.8911349726,2,Barrio Civico,2366816.36021,0
22039,Platano,16/05/2011 10:02,Alto (> 8 mts),180,Grande,-68.857143878,-32.8936152732,5,Residencial Sur,2423808.92355,0
34517,Paraiso,30/03/2011 09:25,Medio (4 - 8 mts),90,Grande,-68.8492920403,-32.8755505798,6,Residencial Norte,2694682.37982,0
16377,Morera,12/08/2011 13:24,Alto (> 8 mts),190,Grande,-68.8419968834,-32.8627985486,4,Cuarta Oeste,1173332.70145,0
38096,Fresno europeo,06/12/2010 11:15,Muy bajo (1 - 2 mts),4,Chico,-68.8481260323,-32.8726117997,6,Residencial Norte,2694682.37982,0
43869,Olmo comun,07/10/2011 08:53,Bajo (2 - 4 mts),120,Grande,-68.8311074675,-32.8841844889,3,Parque O'Higgins,1531146.02653,0
3506,Ligustro,02/09/2011 10:24,Bajo (2 - 4 mts),66,Grande,-68.8262537986,-32.8688473464,4,Cuarta Este Área Fundacional,1822015.85685,0
12497,Morera,25/01/2011 13:22,Alto (> 8 mts),180,Grande,-68.8486971973,-32.8677343608,6,Residencial Norte,2694682.37982,0
12537,Morera,10/01/2011 14:05,Alto (> 8 mts),220,Grande,-68.8442360246,-32.8626240831,4,Cuarta Oeste,1173332.70145,0
3159,Morera,21/09/2011 10:20,Muy bajo (1 - 2 mts),12,Chico,-68.8336415043,-32.8738816063,4,Cuarta Este Área Fundacional,1822015.85685,0
24608,Morera,07/02/2011 09:50,Alto (> 8 mts),90,Grande,-68.8440102113,-32.9033676711,2,Barrio Civico,2366816.36021,0
21320,Fresno europeo,15/06/2011 12:00,Alto (> 8 mts),99,Grande,-68.8539482953,-32.8991235274,5,Residencial Sur,2423808.92355,0
43023,Conifera,05/10/2011 08:48,Bajo (2 - 4 mts),18,Chico,-68.8323316588,-32.8779183806,4,Cuarta Este Área Fundacional,1822015.85685,0
19832,Morera,04/08/2011 10:12,Alto (> 8 mts),200,Grande,-68.8344365419,-32.8646749282,4,Cuarta Oeste,1173332.70145,0
45942,Morera,29/08/2011 09:58,Alto (> 8 mts),140,Grande,-68.8183527186,-32.8696685644,4,Cuarta Este Área Fundacional,1822015.85685,0
38556,Morera,21/12/2010 12:40,Alto (> 8 mts),220,Grande,-68.8525840422,-32.8711679297,6,Residencial Norte,2694682.37982,0
27205,Platano,26/10/2011 12:21,Alto (> 8 mts),216,Grande,-68.8359559096,-32.8898433778,3,Parque O'Higgins,1531146.02653,0
43843,Morera,07/10/2011 09:41,Medio (4 - 8 mts),132,Grande,-68.8298835313,-32.8849249615,3,Parque O'Higgins,1531146.02653,0
5896,Morera,14/04/2011 10:14,Medio (4 - 8 mts),39,Mediano,-68.8468038162,-32.8834198185,1,Parque Central,1655357.93265,0
16164,Jacaranda,18/07/2011 10:08,Bajo (2 - 4 mts),14,Chico,-68.843632727,-32.8676616421,4,Cuarta Oeste,1173332.70145,0
19524,Morera,26/07/2011 11:17,Medio (4 - 8 mts),160,Grande,-68.8371225874,-32.8715253012,4,Cuarta Oeste,1173332.70145,0
47618,Morera,08/09/2011 10:51,Alto (> 8 mts),135,Grande,-68.8298737576,-32.8709877507,4,Cuarta Este Área Fundacional,1822015.85685,0
43820,Morera,18/10/2011 13:08,Muy bajo (1 - 2 mts),9,Chico,-68.831108889,-32.881744782,3,Parque O'Higgins,1531146.02653,0
20540,Platano,03/06/2011 09:01,Alto (> 8 mts),200,Grande,-68.8592815991,-32.8969704376,5,Residencial Sur,2423808.92355,1
26596,Platano,03/11/2011 11:41,Alto (> 8 mts),190,Grande,-68.8316442109,-32.8909892876,3,Parque O'Higgins,1531146.02653,0
19927,Morera,28/06/2011 10:19,Medio (4 - 8 mts),55,Mediano,-68.8327956643,-32.8635169099,4,Cuarta Oeste,1173332.70145,0
36116,Morera,05/04/2011 10:46,Alto (> 8 mts),143,Grande,-68.8553812591,-32.8772326524,6,Residencial Norte,2694682.37982,0
20537,Morera,03/06/2011 09:06,Alto (> 8 mts),130,Grande,-68.8593529365,-32.8971911788,5,Residencial Sur,2423808.92355,1
45476,Morera,19/09/2011 10:30,Alto (> 8 mts),180,Grande,-68.8229593384,-32.8721625814,4,Cuarta Este Área Fundacional,1822015.85685,1
26008,Acacia SP,09/11/2011 18:04,Alto (> 8 mts),140,Grande,-68.8326278514,-32.887573486,3,Parque O'Higgins,1531146.02653,1
37276,Paraiso,15/03/2011 09:49,Medio (4 - 8 mts),150,Grande,-68.857715057,-32.873434866,6,Residencial Norte,2694682.37982,0
44619,Morera,26/08/2011 07:50,Alto (> 8 mts),128,Grande,-68.8231615024,-32.8672096815,4,Cuarta Este Área Fundacional,1822015.85685,0
48111,Morera,29/09/2011 09:18,Alto (> 8 mts),115,Grande,-68.8255199292,-32.8670865755,4,Cuarta Este Área Fundacional,1822015.85685,0
34381,Morera,28/03/2011 10:05,Medio (4 - 8 mts),80,Grande,-68.8512242869,-32.8749735898,6,Residencial Norte,2694682.37982,0
13002,Morera,15/02/2011 10:16,Alto (> 8 mts),220,Grande,-68.8442262249,-32.8659558484,4,Cuarta Oeste,1173332.70145,0
27025,Paraiso,28/10/2011 10:27,Alto (> 8 mts),168,Grande,-68.8383398472,-32.89158864,3,Parque O'Higgins,1531146.02653,0
12664,Paraiso sombrilla,17/01/2011 12:19,Bajo (2 - 4 mts),62,Grande,-68.8464526858,-32.86298213,4,Cuarta Oeste,1173332.70145,0
6701,Prunas,11/05/2011 11:20,Bajo (2 - 4 mts),40,Mediano,-68.8540126916,-32.8948799486,5,Residencial Sur,2423808.92355,0
36803,Morera,07/04/2011 15:12,Alto (> 8 mts),115,Grande,-68.859018723,-32.8812616937,7,Residencial Parque,1786336.08966,1
44986,Olmo comun,26/08/2011 15:16,Bajo (2 - 4 mts),180,Grande,-68.8246115465,-32.8687610141,4,Cuarta Este Área Fundacional,1822015.85685,0
25102,Caducifolio,11/02/2011 13:54,Muy bajo (1 - 2 mts),20,Chico,-68.8362734974,-32.9003259515,2,Barrio Civico,2366816.36021,0
40597,Morera,15/04/2011 10:48,Alto (> 8 mts),220,Grande,-68.8457296952,-32.8843759639,1,Parque Central,1655357.93265,1
12312,Paraiso,12/01/2011 14:05,Alto (> 8 mts),190,Grande,-68.8467766113,-32.8664757359,6,Residencial Norte,2694682.37982,0
3693,Paraiso,24/08/2011 11:32,Medio (4 - 8 mts),44,Mediano,-68.8187172981,-32.868822592,4,Cuarta Este Área Fundacional,1822015.85685,0
70,Fresno europeo,02/03/2012 13:46,Bajo (2 - 4 mts),20,Chico,-68.8569471413,-32.896200889,5,Residencial Sur,2423808.92355,0
31352,Morera,01/03/2011 12:44,Medio (4 - 8 mts),90,Grande,-68.8494024771,-32.8658536089,6,Residencial Norte,2694682.37982,0
35346,Fresno europeo,22/06/2011 15:15,Medio (4 - 8 mts),110,Grande,-68.8537713448,-32.8837397423,5,Residencial Sur,2423808.92355,0
36589,Paraiso sombrilla,07/06/2011 13:08,Bajo (2 - 4 mts),100,Grande,-68.8572878256,-32.8833584208,5,Residencial Sur,2423808.92355,0
43530,Prunas,19/10/2011 17:26,Bajo (2 - 4 mts),26,Mediano,-68.8310230368,-32.8824986612,3,Parque O'Higgins,1531146.02653,0
4731,Morera,09/08/2011 12:26,Alto (> 8 mts),115,Grande,-68.833939047,-32.8664396683,4,Cuarta Oeste,1173332.70145,0
28643,Morera,23/02/2011 10:04,Alto (> 8 mts),72,Grande,-68.8477637231,-32.8903328623,2,Barrio Civico,2366816.36021,0
30600,Paraiso sombrilla,11/02/2011 09:40,Medio (4 - 8 mts),110,Grande,-68.8583042303,-32.8653484194,6,Residencial Norte,2694682.37982,0
1207,Fresno americano,29/11/2011 12:25,Bajo (2 - 4 mts),37,Mediano,-68.8772964336,-32.8657206891,8,Aeroparque,2203364.73622,0
41703,Morera,28/04/2011 10:02,Medio (4 - 8 mts),60,Mediano,-68.8387142756,-32.8780530106,1,Parque Central,1655357.93265,0
20238,Fresno europeo,26/05/2011 12:03,Medio (4 - 8 mts),80,Grande,-68.8594675754,-32.8937674968,5,Residencial Sur,2423808.92355,0
733,Paraiso,19/12/2011 10:26,Bajo (2 - 4 mts),40,Mediano,-68.8807497404,-32.8723096121,8,Aeroparque,2203364.73622,0
24492,Fresno europeo,10/01/2011 13:06,Alto (> 8 mts),180,Grande,-68.8466538206,-32.9025953674,2,Barrio Civico,2366816.36021,0
26836,Paraiso,09/11/2011 11:38,Alto (> 8 mts),195,Grande,-68.8330390242,-32.8933819914,3,Parque O'Higgins,1531146.02653,0
26108,Morera,11/11/2011 13:04,Medio (4 - 8 mts),160,Grande,-68.8312894641,-32.8873970291,3,Parque O'Higgins,1531146.02653,0
13191,Acer,22/02/2011 10:47,Medio (4 - 8 mts),84,Grande,-68.8471603511,-32.864710561,4,Cuarta Oeste,1173332.70145,0
9366,Fresno europeo,16/02/2011 09:57,Medio (4 - 8 mts),60,Mediano,-68.8453338294,-32.8658943249,4,Cuarta Oeste,1173332.70145,0
7719,Paraiso,31/05/2011 13:18,Bajo (2 - 4 mts),30,Mediano,-68.8563103891,-32.884250476,5,Residencial Sur,2423808.92355,0
10261,Platano,09/12/2010 12:51,Alto (> 8 mts),230,Grande,-68.8490003801,-32.8707203282,6,Residencial Norte,2694682.37982,0
20065,Morera,09/08/2011 09:37,Alto (> 8 mts),165,Grande,-68.8341875567,-32.8656427582,4,Cuarta Oeste,1173332.70145,0
14530,Paraiso,05/12/2011 17:08,Bajo (2 - 4 mts),60,Mediano,-68.8796100693,-32.8681101801,8,Aeroparque,2203364.73622,0
45132,Morera,01/09/2011 13:55,Alto (> 8 mts),75,Grande,-68.823952598100007,-32.8702316533,4,Cuarta Este Área Fundacional,1822015.85685,0
36075,Morera,06/04/2011 10:26,Alto (> 8 mts),122,Grande,-68.8544192697,-32.8770719367,6,Residencial Norte,2694682.37982,0
21812,Platano,13/05/2011 10:00,Alto (> 8 mts),190,Grande,-68.8562982098,-32.8942217529,5,Residencial Sur,2423808.92355,0
8104,Paraiso,10/03/2011 09:50,Medio (4 - 8 mts),90,Grande,-68.8432831026,-32.8905706607,2,Barrio Civico,2366816.36021,0
46347,Morera,19/09/2011 14:13,Medio (4 - 8 mts),112,Grande,-68.8260834538,-32.8739166103,4,Cuarta Este Área Fundacional,1822015.85685,0
34094,Paraiso sombrilla,31/05/2011 08:50,Bajo (2 - 4 mts),50,Mediano,-68.8573978483,-32.8842559108,5,Residencial Sur,2423808.92355,0
42344,Fresno europeo,05/10/2011 11:28,Muy bajo (1 - 2 mts),3,Chico,-68.8351221929,-32.8762825413,4,Cuarta Este Área Fundacional,1822015.85685,0
19839,Jacaranda,04/08/2011 09:56,Muy bajo (1 - 2 mts),6,Chico,-68.8352495023,-32.8647173242,4,Cuarta Oeste,1173332.70145,1
16881,Conifera,05/08/2011 11:06,Medio (4 - 8 mts),30,Mediano,-68.8384111451,-32.8656089709,4,Cuarta Oeste,1173332.70145,0
12395,Morera,21/01/2011 09:59,Alto (> 8 mts),110,Grande,-68.8483703264,-32.8665042877,6,Residencial Norte,2694682.37982,0
17921,Morera,04/08/2011 09:07,Alto (> 8 mts),160,Grande,-68.8372896517,-32.8668724148,4,Cuarta Oeste,1173332.70145,0
33989,Fresno europeo,26/05/2011 12:31,Medio (4 - 8 mts),120,Grande,-68.8534270413,-32.8839243666,5,Residencial Sur,2423808.92355,0
13832,Fresno europeo,25/01/2011 09:42,Muy bajo (1 - 2 mts),5,Chico,-68.849185219,-32.8631022748,6,Residencial Norte,2694682.37982,0
14257,Morera,07/12/2011 10:34,Bajo (2 - 4 mts),35,Mediano,-68.8777517308,-32.8674583422,8,Aeroparque,2203364.73622,0
30322,Fresno europeo,10/03/2011 13:07,Muy bajo (1 - 2 mts),8,Chico,-68.841668809,-32.8913230509,2,Barrio Civico,2366816.36021,0
13354,Fresno europeo,11/01/2011 11:19,Medio (4 - 8 mts),65,Grande,-68.8458036853,-32.8661843589,4,Cuarta Oeste,1173332.70145,0
8399,Acacia visco,04/02/2011 12:32,Muy bajo (1 - 2 mts),22,Mediano,-68.8393160682,-32.9024267898,2,Barrio Civico,2366816.36021,1
36022,Morera,18/03/2011 11:18,Alto (> 8 mts),125,Grande,-68.8560428803,-32.8754065842,6,Residencial Norte,2694682.37982,0
13757,Fresno europeo,27/01/2011 13:26,Alto (> 8 mts),160,Grande,-68.849736547,-32.8643139368,6,Residencial Norte,2694682.37982,0
47216,Platano,19/09/2011 10:43,Alto (> 8 mts),160,Grande,-68.832199889,-32.8750895921,4,Cuarta Este Área Fundacional,1822015.85685,0
25639,Morera,15/02/2011 14:44,Alto (> 8 mts),256,Grande,-68.8369905499,-32.9010440889,2,Barrio Civico,2366816.36021,0
27862,Acacia SP,07/11/2011 08:39,Medio (4 - 8 mts),65,Grande,-68.834633667,-32.8930153187,3,Parque O'Higgins,1531146.02653,0
12912,Fresno europeo,14/01/2011 10:12,Bajo (2 - 4 mts),32,Mediano,-68.8450597489,-32.8638851901,4,Cuarta Oeste,1173332.70145,0
33994,Fresno europeo,26/05/2011 09:59,Bajo (2 - 4 mts),90,Grande,-68.8528520392,-32.8840286484,5,Residencial Sur,2423808.92355,0
194,Acer,24/02/2012 11:06,Bajo (2 - 4 mts),30,Mediano,-68.858256053,-32.8646670294,6,Residencial Norte,2694682.37982,0
3802,Caducifolio,05/09/2011 10:11,Muy bajo (1 - 2 mts),4,Chico,-68.8321908052,-32.86970562,4,Cuarta Este Área Fundacional,1822015.85685,0
1606,Paraiso,24/11/2011 10:18,Medio (4 - 8 mts),66,Grande,-68.8716554456,-32.8793064499,7,Residencial Parque,1786336.08966,0
40455,Platano,11/04/2011 10:40,Alto (> 8 mts),185,Grande,-68.8430808323,-32.8830437894,1,Parque Central,1655357.93265,0
16582,Morera,27/07/2011 12:37,Alto (> 8 mts),205,Grande,-68.8417367651,-32.8651235116,4,Cuarta Oeste,1173332.70145,1
45992,Morera,24/08/2011 11:20,Alto (> 8 mts),170,Grande,-68.8189815522,-32.8693904017,4,Cuarta Este Área Fundacional,1822015.85685,0
29248,Platano,25/02/2011 09:06,Alto (> 8 mts),340,Grande,-68.8453651596,-32.8880551659,2,Barrio Civico,2366816.36021,0
19241,Olmo comun,03/08/2011 12:47,Medio (4 - 8 mts),53,Mediano,-68.8373466964,-32.869921569,4,Cuarta Oeste,1173332.70145,0
30661,Olmo bola,02/02/2011 10:22,Alto (> 8 mts),180,Grande,-68.8547591809,-32.8680404394,6,Residencial Norte,2694682.37982,0
39777,Fresno europeo,13/07/2011 12:50,Alto (> 8 mts),156,Grande,-68.8514994133,-32.8829554782,1,Parque Central,1655357.93265,0
14407,Morera,02/12/2011 10:03,Bajo (2 - 4 mts),22,Mediano,-68.8786809413,-32.8674026662,8,Aeroparque,2203364.73622,0
30253,Morera,09/03/2011 13:39,Alto (> 8 mts),52,Mediano,-68.842758624,-32.8901066304,2,Barrio Civico,2366816.36021,0
28851,Morera,27/04/2011 09:25,Alto (> 8 mts),90,Grande,-68.8473448932,-32.8855462686,1,Parque Central,1655357.93265,0
39055,Paraiso,22/12/2010 13:41,Alto (> 8 mts),170,Grande,-68.8537318201,-32.8704566679,6,Residencial Norte,2694682.37982,0
43413,Morera,27/10/2011 12:51,Medio (4 - 8 mts),160,Grande,-68.8310601382,-32.8807370278,3,Parque O'Higgins,1531146.02653,1
16280,Ligustro,21/07/2011 10:14,Bajo (2 - 4 mts),50,Mediano,-68.8421307443,-32.8638185387,4,Cuarta Oeste,1173332.70145,0
9377,Paraiso,16/02/2011 12:18,Alto (> 8 mts),94,Grande,-68.8448126945,-32.8643854546,4,Cuarta Oeste,1173332.70145,0
39192,Morera,25/11/2010 09:01,Alto (> 8 mts),160,Grande,-68.8535742238,-32.8731829367,6,Residencial Norte,2694682.37982,0
24605,Morera,07/02/2011 10:03,Alto (> 8 mts),180,Grande,-68.843931642,-32.903102947,2,Barrio Civico,2366816.36021,1
10663,Caducifolio,23/03/2011 09:52,Bajo (2 - 4 mts),60,Mediano,-68.8528311934,-32.8745633427,6,Residencial Norte,2694682.37982,0
541,Morera,08/03/2012 17:39,Medio (4 - 8 mts),140,Grande,-68.821350583,-32.8679191216,4,Cuarta Este Área Fundacional,1822015.85685,0
724,Paraiso,17/12/2011 09:30,Bajo (2 - 4 mts),66,Grande,-68.881404496,-32.8726638864,8,Aeroparque,2203364.73622,0
26397,Morera,25/10/2011 10:10,Muy bajo (1 - 2 mts),8,Chico,-68.832859918,-32.8897288211,3,Parque O'Higgins,1531146.02653,0
19120,Morera,26/07/2011 12:30,Alto (> 8 mts),155,Grande,-68.8413105342,-32.87174141,4,Cuarta Oeste,1173332.70145,0
21133,Paraiso,21/06/2011 09:24,Alto (> 8 mts),140,Grande,-68.8623555648,-32.8987764462,5,Residencial Sur,2423808.92355,1
16478,Paraiso,05/08/2011 09:00,Medio (4 - 8 mts),30,Mediano,-68.8422690942,-32.8654645737,4,Cuarta Oeste,1173332.70145,0
45051,Morera,01/09/2011 07:49,Muy bajo (1 - 2 mts),125,Grande,-68.8228749979,-32.8702395098,4,Cuarta Este Área Fundacional,1822015.85685,0
4291,Morera,18/07/2011 09:43,Alto (> 8 mts),175,Grande,-68.8385093257,-32.871800785,4,Cuarta Oeste,1173332.70145,0
5257,Morera,04/05/2011 12:06,Medio (4 - 8 mts),60,Mediano,-68.8414906554,-32.8731373399,4,Cuarta Oeste,1173332.70145,0
3591,Prunas,01/09/2011 11:59,Medio (4 - 8 mts),45,Mediano,-68.8297370157,-32.8698173641,4,Cuarta Este Área Fundacional,1822015.85685,0
45515,Morera,19/09/2011 10:50,Medio (4 - 8 mts),100,Grande,-68.8217371085,-32.8722890025,4,Cuarta Este Área Fundacional,1822015.85685,0
12753,Paraiso,24/01/2011 13:23,Bajo (2 - 4 mts),36,Mediano,-68.8481026499,-32.8642521632,6,Residencial Norte,2694682.37982,0
45016,Morera,31/08/2011 12:50,Alto (> 8 mts),150,Grande,-68.8255574885,-32.869521547,4,Cuarta Este Área Fundacional,1822015.85685,1
1553,Caducifolio,22/11/2011 17:03,Bajo (2 - 4 mts),26,Mediano,-68.8734229102,-32.8793805921,7,Residencial Parque,1786336.08966,0
19996,Morera,11/08/2011 11:06,Medio (4 - 8 mts),122,Grande,-68.8345568904,-32.8669794686,4,Cuarta Oeste,1173332.70145,1
9055,Fresno europeo,15/02/2011 12:32,Medio (4 - 8 mts),35,Mediano,-68.8551512962,-32.8661276631,6,Residencial Norte,2694682.37982,0
22702,Platano,12/05/2011 12:33,Alto (> 8 mts),168,Grande,-68.8540251855,-32.899593286,5,Residencial Sur,2423808.92355,0
37512,Paraiso,15/11/2010 10:37,Medio (4 - 8 mts),85,Grande,-68.8563288265,-32.8697082052,6,Residencial Norte,2694682.37982,0
3794,Paraiso,07/09/2011 10:39,Medio (4 - 8 mts),48,Mediano,-68.8331464278,-32.8702322145,4,Cuarta Oeste,1173332.70145,0
41137,Platano,27/04/2011 08:48,Alto (> 8 mts),176,Grande,-68.8393044529,-32.8837392135,1,Parque Central,1655357.93265,0
27374,Platano,20/10/2011 12:54,Bajo (2 - 4 mts),220,Grande,-68.8355811399,-32.8878004641,3,Parque O'Higgins,1531146.02653,1
12559,Fresno europeo,11/01/2011 09:50,Alto (> 8 mts),61,Grande,-68.8447034553,-32.8632620646,4,Cuarta Oeste,1173332.70145,0
16192,Fresno americano,15/07/2011 11:26,Alto (> 8 mts),160,Grande,-68.8436559852,-32.8702384438,4,Cuarta Oeste,1173332.70145,0
23311,Liquidambar,18/01/2012 12:28,Bajo (2 - 4 mts),24,Mediano,-68.852633955300007,-32.9008600833,2,Barrio Civico,2366816.36021,0
35142,Morera,23/03/2011 13:14,Alto (> 8 mts),180,Grande,-68.8535570547,-32.8803759969,6,Residencial Norte,2694682.37982,0
8109,Fresno europeo,10/03/2011 13:10,Muy bajo (1 - 2 mts),8,Chico,-68.84172683,-32.8913116602,2,Barrio Civico,2366816.36021,0
48373,Morera,05/09/2011 08:59,Alto (> 8 mts),190,Grande,-68.829147073,-32.8693920746,4,Cuarta Este Área Fundacional,1822015.85685,0
34708,Morera,01/04/2011 11:44,Alto (> 8 mts),220,Grande,-68.8502858159,-32.8772121428,6,Residencial Norte,2694682.37982,0
3756,Paraiso,29/08/2011 11:46,Medio (4 - 8 mts),60,Mediano,-68.8183846219,-32.8698727146,4,Cuarta Este Área Fundacional,1822015.85685,0
36418,Fresno europeo,21/03/2011 09:22,Bajo (2 - 4 mts),36,Mediano,-68.8532027519,-32.879043706,6,Residencial Norte,2694682.37982,0
6048,Platano,20/04/2011 11:38,Alto (> 8 mts),180,Grande,-68.8450695423,-32.8863649049,1,Parque Central,1655357.93265,0
7028,Fresno europeo,13/06/2011 11:07,Bajo (2 - 4 mts),18,Chico,-68.8546640277,-32.8972884292,5,Residencial Sur,2423808.92355,0
16963,Paraiso,16/08/2011 08:59,Medio (4 - 8 mts),90,Grande,-68.8378092757,-32.8661515687,4,Cuarta Oeste,1173332.70145,0
10534,Prunas,18/03/2011 13:31,Muy bajo (1 - 2 mts),10,Chico,-68.8573102716,-32.8750494859,6,Residencial Norte,2694682.37982,0
1085,Caducifolio,14/12/2011 09:11,Muy bajo (1 - 2 mts),16,Chico,-68.8810216375,-32.8678387443,8,Aeroparque,2203364.73622,0
20557,Acer,03/06/2011 13:21,Medio (4 - 8 mts),110,Grande,-68.8581970562,-32.8971641751,5,Residencial Sur,2423808.92355,0
36424,Morera,18/03/2011 12:56,Alto (> 8 mts),91,Grande,-68.8533441009,-32.879584692,6,Residencial Norte,2694682.37982,0
8454,Morera,09/02/2011 18:26,Alto (> 8 mts),172,Grande,-68.8359993341,-32.8988978454,2,Barrio Civico,2366816.36021,1
20560,Fresno europeo,03/06/2011 12:35,Medio (4 - 8 mts),95,Grande,-68.8582172342,-32.8974466977,5,Residencial Sur,2423808.92355,0
1302,Paraiso sombrilla,30/11/2011 12:19,Bajo (2 - 4 mts),70,Grande,-68.8783420068,-32.8661713209,8,Aeroparque,2203364.73622,0
19243,Morera,03/08/2011 12:43,Alto (> 8 mts),207,Grande,-68.8375806837,-32.8699278242,4,Cuarta Oeste,1173332.70145,0
15594,Paraiso,16/11/2011 16:00,Bajo (2 - 4 mts),22,Mediano,-68.8614439728,-32.8714096661,7,Residencial Parque,1786336.08966,0
23548,Morera,31/01/2011 19:24,Bajo (2 - 4 mts),38,Mediano,-68.8503328304,-32.9029444016,2,Barrio Civico,2366816.36021,0
47634,Morera,08/09/2011 10:18,Alto (> 8 mts),158,Grande,-68.8304611601,-32.8717136508,4,Cuarta Este Área Fundacional,1822015.85685,0
5443,Paraiso,15/04/2011 10:55,Alto (> 8 mts),140,Grande,-68.8457323162,-32.8793840709,1,Parque Central,1655357.93265,0
31372,Fresno europeo,23/05/2011 13:22,Bajo (2 - 4 mts),100,Grande,-68.8505780479,-32.8841539025,1,Parque Central,1655357.93265,0
31273,Fresno europeo,03/02/2011 12:19,Medio (4 - 8 mts),56,Mediano,-68.8533953972,-32.8648924991,6,Residencial Norte,2694682.37982,0
4449,Caducifolio,02/08/2011 10:03,Bajo (2 - 4 mts),20,Chico,-68.8386376812,-32.867604814,4,Cuarta Oeste,1173332.70145,1
23844,Fresno europeo,28/01/2011 13:14,Medio (4 - 8 mts),58,Mediano,-68.8510597318,-32.9011689008,2,Barrio Civico,2366816.36021,0
13279,Morera,23/02/2011 11:31,Medio (4 - 8 mts),74,Grande,-68.8483256816,-32.864742269,6,Residencial Norte,2694682.37982,0
30857,Paraiso sombrilla,15/02/2011 12:44,Bajo (2 - 4 mts),8,Chico,-68.8549655254,-32.8659206991,6,Residencial Norte,2694682.37982,0
8613,Ailanthus,31/01/2011 11:43,Alto (> 8 mts),100,Grande,-68.838001645,-32.9044298813,2,Barrio Civico,2366816.36021,0
21786,Morera,13/05/2011 11:16,Alto (> 8 mts),158,Grande,-68.8560448791,-32.8933145026,5,Residencial Sur,2423808.92355,0
34958,Fresno europeo,04/04/2011 11:49,Alto (> 8 mts),125,Grande,-68.8574902552,-32.8802028165,7,Residencial Parque,1786336.08966,0
14438,Acacia SP,02/12/2011 08:57,Bajo (2 - 4 mts),32,Mediano,-68.8780137303,-32.8680134624,8,Aeroparque,2203364.73622,0
30421,Fresno europeo,21/02/2011 12:38,Bajo (2 - 4 mts),6,Chico,-68.8422142082,-32.8889101546,3,Parque O'Higgins,1531146.02653,0
20287,Morera,17/05/2011 09:57,Alto (> 8 mts),100,Grande,-68.8600836491,-32.8935422048,5,Residencial Sur,2423808.92355,1
32520,Morera,23/06/2011 13:53,Alto (> 8 mts),138,Grande,-68.8511069092,-32.8899157144,5,Residencial Sur,2423808.92355,0
19482,Morera,18/07/2011 13:58,Alto (> 8 mts),148,Grande,-68.8395744457,-32.8717274735,4,Cuarta Oeste,1173332.70145,0
47300,Prunas,20/09/2011 10:32,Bajo (2 - 4 mts),45,Mediano,-68.8316046503,-32.8739327309,4,Cuarta Este Área Fundacional,1822015.85685,0
46557,Acer,05/09/2011 10:56,Muy bajo (1 - 2 mts),14,Chico,-68.8335221586,-32.8686653287,4,Cuarta Oeste,1173332.70145,0
14068,Morera,02/12/2011 10:39,Medio (4 - 8 mts),45,Mediano,-68.8761979242,-32.8681371991,8,Aeroparque,2203364.73622,1
17583,Paraiso,28/07/2011 09:22,Medio (4 - 8 mts),103,Grande,-68.8400997304,-32.866425912,4,Cuarta Oeste,1173332.70145,0
46452,Morera,19/08/2011 09:18,Alto (> 8 mts),150,Grande,-68.8325157727,-32.8682939436,4,Cuarta Oeste,1173332.70145,1
4334,Fresno europeo,13/07/2011 21:30,Bajo (2 - 4 mts),22,Mediano,-68.8365816899,-32.8699580203,4,Cuarta Oeste,1173332.70145,0
9247,Morera,01/03/2011 13:06,Bajo (2 - 4 mts),24,Mediano,-68.849438645,-32.8661961766,6,Residencial Norte,2694682.37982,0
16867,Tipa,05/08/2011 10:54,Medio (4 - 8 mts),60,Mediano,-68.8382989409,-32.8648537465,4,Cuarta Oeste,1173332.70145,0
15598,Paraiso,16/11/2011 15:43,Muy bajo (1 - 2 mts),8,Chico,-68.8613631174,-32.8709149899,7,Residencial Parque,1786336.08966,0
7179,Acer,18/05/2011 09:06,Alto (> 8 mts),68,Grande,-68.8556725198,-32.8984852616,5,Residencial Sur,2423808.92355,0
391,Morera,05/03/2012 11:34,Alto (> 8 mts),150,Grande,-68.8200646897,-32.8677785972,4,Cuarta Este Área Fundacional,1822015.85685,0
3611,Paraiso,29/08/2011 07:38,Medio (4 - 8 mts),133,Grande,-68.8273628845,-32.8698342803,4,Cuarta Este Área Fundacional,1822015.85685,0
26962,Fresno europeo,01/11/2011 16:18,Bajo (2 - 4 mts),100,Grande,-68.8367206983,-32.886342659,3,Parque O'Higgins,1531146.02653,0
34101,Morera,30/05/2011 13:39,Medio (4 - 8 mts),100,Grande,-68.8575523243,-32.8848897062,5,Residencial Sur,2423808.92355,0
15360,Acacia SP,15/11/2011 12:10,Medio (4 - 8 mts),103,Grande,-68.860601041,-32.8708023581,7,Residencial Parque,1786336.08966,0
31858,Morera,29/06/2011 13:01,Alto (> 8 mts),185,Grande,-68.8611476233,-32.8889443315,5,Residencial Sur,2423808.92355,1
5508,Ailanthus,28/04/2011 13:26,Medio (4 - 8 mts),70,Grande,-68.8387850321,-32.8783097164,1,Parque Central,1655357.93265,0
672,Morera,26/01/2012 12:35,Medio (4 - 8 mts),100,Grande,-68.852267913,-32.9011959845,2,Barrio Civico,2366816.36021,0
44740,Morera,23/08/2011 13:13,Alto (> 8 mts),180,Grande,-68.8238969404,-32.8686586597,4,Cuarta Este Área Fundacional,1822015.85685,1
16430,Paraiso,12/08/2011 10:15,Medio (4 - 8 mts),76,Grande,-68.8419975241,-32.8643051921,4,Cuarta Oeste,1173332.70145,0
38567,Morera,22/12/2010 13:29,Alto (> 8 mts),110,Grande,-68.852550099,-32.8703739432,6,Residencial Norte,2694682.37982,0
47802,Morera,26/09/2011 08:41,Alto (> 8 mts),200,Grande,-68.82710114,-32.8742399257,4,Cuarta Este Área Fundacional,1822015.85685,1
42556,Fresno americano,28/09/2011 10:58,Alto (> 8 mts),200,Grande,-68.8294484885,-32.8754768452,4,Cuarta Este Área Fundacional,1822015.85685,0
47089,Fresno europeo,23/09/2011 10:46,Medio (4 - 8 mts),35,Mediano,-68.8339355699,-32.8727641853,4,Cuarta Este Área Fundacional,1822015.85685,0
24200,Paraiso,26/01/2011 12:39,Alto (> 8 mts),190,Grande,-68.8457290845,-32.9006973042,2,Barrio Civico,2366816.36021,0
18975,Morera,03/08/2011 15:18,Alto (> 8 mts),200,Grande,-68.8377888368,-32.86956922,4,Cuarta Oeste,1173332.70145,0
6032,Ligustro,20/04/2011 10:25,Bajo (2 - 4 mts),180,Grande,-68.848867315,-32.8861964523,1,Parque Central,1655357.93265,0
39380,Paraiso,12/11/2010 11:09,Medio (4 - 8 mts),110,Grande,-68.8562161557,-32.870498724,6,Residencial Norte,2694682.37982,0
41680,Morera,26/04/2011 13:12,Medio (4 - 8 mts),65,Grande,-68.837137708,-32.8762835533,1,Parque Central,1655357.93265,0
45076,Caducifolio,31/08/2011 12:03,Medio (4 - 8 mts),60,Mediano,-68.821914353,-32.8709264593,4,Cuarta Este Área Fundacional,1822015.85685,0
35829,Olmo comun,03/03/2011 13:13,Medio (4 - 8 mts),113,Grande,-68.8543303748,-32.8732759726,6,Residencial Norte,2694682.37982,0
10081,Platano,20/10/2010 13:03,Alto (> 8 mts),160,Grande,-68.8460688109,-32.8711297952,6,Residencial Norte,2694682.37982,0
9354,Fresno europeo,16/02/2011 10:51,Medio (4 - 8 mts),80,Grande,-68.8454812322,-32.8645432465,4,Cuarta Oeste,1173332.70145,0
1567,Morera,25/11/2011 10:22,Medio (4 - 8 mts),70,Grande,-68.8740073993,-32.8767976529,7,Residencial Parque,1786336.08966,0
39397,Paraiso,12/11/2010 10:15,Alto (> 8 mts),140,Grande,-68.8561980454,-32.8694425059,6,Residencial Norte,2694682.37982,0
2542,Morera,14/10/2011 11:57,Muy bajo (1 - 2 mts),18,Chico,-68.8340043072,-32.8853853978,3,Parque O'Higgins,1531146.02653,0
35079,Fresno europeo,22/03/2011 09:34,Alto (> 8 mts),63,Grande,-68.8547506166,-32.8803588138,6,Residencial Norte,2694682.37982,1
9379,Morera,16/02/2011 11:53,Alto (> 8 mts),140,Grande,-68.8453566041,-32.8644113287,4,Cuarta Oeste,1173332.70145,0
10142,Acer,27/12/2010 13:02,Alto (> 8 mts),60,Mediano,-68.8549150296,-32.8707690249,6,Residencial Norte,2694682.37982,0
31810,Fresno europeo,03/01/2012 10:02,Bajo (2 - 4 mts),72,Grande,-68.8598172313,-32.889182517,5,Residencial Sur,2423808.92355,0
25997,Morera,31/01/2011 10:34,Alto (> 8 mts),105,Grande,-68.8384004411,-32.9034566783,2,Barrio Civico,2366816.36021,0
18397,Caducifolio,03/08/2011 09:36,Bajo (2 - 4 mts),50,Mediano,-68.8382485083,-32.8686809248,4,Cuarta Oeste,1173332.70145,1
47723,Morera,15/09/2011 10:29,Medio (4 - 8 mts),246,Grande,-68.8283458718,-32.8720820836,4,Cuarta Este Área Fundacional,1822015.85685,1
36815,Paraiso,07/04/2011 12:33,Alto (> 8 mts),200,Grande,-68.8579248708,-32.8808654242,7,Residencial Parque,1786336.08966,0
13467,Fresno europeo,03/02/2011 09:16,Bajo (2 - 4 mts),70,Grande,-68.8524628755,-32.8633796284,6,Residencial Norte,2694682.37982,0
11840,Fresno europeo,02/03/2011 12:33,Muy bajo (1 - 2 mts),5,Chico,-68.8497230746,-32.8647945639,6,Residencial Norte,2694682.37982,0
43496,Alamo blanco,14/11/2011 08:01,Medio (4 - 8 mts),43,Mediano,-68.8285358684,-32.8843961335,3,Parque O'Higgins,1531146.02653,0
3803,Paraiso,02/09/2011 11:08,Alto (> 8 mts),180,Grande,-68.8318562676,-32.8702652041,4,Cuarta Este Área Fundacional,1822015.85685,0
2716,Fresno americano,12/10/2011 14:18,Alto (> 8 mts),100,Grande,-68.8316019716,-32.8826279711,3,Parque O'Higgins,1531146.02653,1
13927,Fresno europeo,30/11/2011 12:00,Bajo (2 - 4 mts),28,Mediano,-68.8755260823,-32.865658257,8,Aeroparque,2203364.73622,0
4549,Jacaranda,05/08/2011 13:41,Alto (> 8 mts),80,Grande,-68.8400011711,-32.8647346048,4,Cuarta Oeste,1173332.70145,0
392,Morera,05/03/2012 11:32,Alto (> 8 mts),168,Grande,-68.8200578238,-32.8677087511,4,Cuarta Este Área Fundacional,1822015.85685,0
17188,Morera,04/07/2011 10:17,Alto (> 8 mts),160,Grande,-68.8362220501,-32.8629808389,4,Cuarta Oeste,1173332.70145,0
23258,Fresno europeo,27/01/2012 12:22,Medio (4 - 8 mts),80,Grande,-68.8517983157,-32.9014410464,2,Barrio Civico,2366816.36021,0
13204,Morera,22/02/2011 11:09,Alto (> 8 mts),150,Grande,-68.8471354976,-32.8651868917,4,Cuarta Oeste,1173332.70145,0
45668,Morera,19/09/2011 15:07,Alto (> 8 mts),98,Grande,-68.8207010084,-32.8714578436,4,Cuarta Este Área Fundacional,1822015.85685,0
20036,Morera,10/08/2011 12:17,Medio (4 - 8 mts),54,Mediano,-68.8346836067,-32.868017126,4,Cuarta Oeste,1173332.70145,0
32025,Morera,03/06/2011 09:11,Alto (> 8 mts),95,Grande,-68.857304559,-32.8880537325,5,Residencial Sur,2423808.92355,0
12850,Acer,18/01/2011 13:32,Alto (> 8 mts),180,Grande,-68.8466151442,-32.8639522623,4,Cuarta Oeste,1173332.70145,0
9404,Fresno europeo,08/02/2011 10:01,Muy bajo (1 - 2 mts),2,Chico,-68.8571421498,-32.8663237429,6,Residencial Norte,2694682.37982,0
14504,Fresno americano,30/11/2011 17:33,Bajo (2 - 4 mts),62,Grande,-68.8790805224,-32.8661443332,8,Aeroparque,2203364.73622,0
46579,Morera,07/09/2011 08:42,Alto (> 8 mts),148,Grande,-68.8328154519,-32.8695251617,4,Cuarta Oeste,1173332.70145,0
13410,Morera,07/01/2011 13:03,Medio (4 - 8 mts),71,Grande,-68.8437886687,-32.8643792533,4,Cuarta Oeste,1173332.70145,0
38113,Fresno europeo,03/12/2010 10:36,Muy bajo (1 - 2 mts),2,Chico,-68.8467358304,-32.8728633179,6,Residencial Norte,2694682.37982,0
44963,Fresno americano,29/08/2011 11:52,Alto (> 8 mts),207,Grande,-68.8255100166,-32.8694202368,4,Cuarta Este Área Fundacional,1822015.85685,0
19670,Morera,12/07/2011 10:35,Alto (> 8 mts),108,Grande,-68.8355272165,-32.8707752595,4,Cuarta Oeste,1173332.70145,1
20816,Morera,30/05/2011 11:10,Alto (> 8 mts),98,Grande,-68.8620044627,-32.895682735,5,Residencial Sur,2423808.92355,1
29027,Olmo comun,25/04/2011 10:10,Alto (> 8 mts),77,Grande,-68.8447923659,-32.8863447456,1,Parque Central,1655357.93265,0
27502,Morera,27/10/2011 09:48,Medio (4 - 8 mts),140,Grande,-68.8371943265,-32.8915506354,3,Parque O'Higgins,1531146.02653,1
16038,Morera,15/08/2011 14:21,Alto (> 8 mts),130,Grande,-68.845510518,-32.8719909364,6,Residencial Norte,2694682.37982,0
32422,Paraiso,26/05/2011 10:03,Alto (> 8 mts),145,Grande,-68.8525235032,-32.888389992,5,Residencial Sur,2423808.92355,0
31126,Paraiso,08/02/2011 08:25,Medio (4 - 8 mts),120,Grande,-68.854208867,-32.8640793558,6,Residencial Norte,2694682.37982,0
24269,Morera,30/01/2011 23:58,Alto (> 8 mts),138,Grande,-68.844616019,-32.9006757191,2,Barrio Civico,2366816.36021,0
48140,Morera,17/08/2011 10:51,Alto (> 8 mts),220,Grande,-68.8302176321,-32.8674822863,4,Cuarta Este Área Fundacional,1822015.85685,0
30523,Platano,04/04/2011 16:05,Alto (> 8 mts),168,Grande,-68.8387211771,-32.8876947268,3,Parque O'Higgins,1531146.02653,0
31544,Morera,18/05/2011 10:18,Alto (> 8 mts),111,Grande,-68.8599565132,-32.8902857505,5,Residencial Sur,2423808.92355,1
6831,Fresno americano,24/05/2011 10:00,Alto (> 8 mts),28,Mediano,-68.862243237,-32.8942576699,5,Residencial Sur,2423808.92355,0
46327,Morera,27/09/2011 13:23,Medio (4 - 8 mts),140,Grande,-68.8235150922,-32.8737166242,4,Cuarta Este Área Fundacional,1822015.85685,0
33956,Fresno americano,24/05/2011 11:06,Bajo (2 - 4 mts),26,Mediano,-68.8523720859,-32.8850072307,5,Residencial Sur,2423808.92355,0
16433,Paraiso,12/08/2011 10:10,Medio (4 - 8 mts),76,Grande,-68.8419297832,-32.8640057438,4,Cuarta Oeste,1173332.70145,0
28476,Morera,25/02/2011 11:53,Alto (> 8 mts),180,Grande,-68.8474751133,-32.8902441223,2,Barrio Civico,2366816.36021,0
27935,Platano,03/11/2011 11:21,Alto (> 8 mts),182,Grande,-68.8381366104,-32.8933304442,2,Barrio Civico,2366816.36021,1
20211,Morera,24/05/2011 13:50,Alto (> 8 mts),140,Grande,-68.8605610369,-32.8945186574,5,Residencial Sur,2423808.92355,0
44140,Morera,06/10/2011 17:01,Alto (> 8 mts),132,Grande,-68.8350418461,-32.8782969082,1,Parque Central,1655357.93265,0
415,Morera,06/03/2012 12:34,Medio (4 - 8 mts),70,Grande,-68.8183360151,-32.8673146478,4,Cuarta Este Área Fundacional,1822015.85685,0
33930,Morera,24/05/2011 09:29,Medio (4 - 8 mts),130,Grande,-68.8519456586,-32.8839961097,1,Parque Central,1655357.93265,1
43271,Morera,21/10/2011 18:40,Alto (> 8 mts),140,Grande,-68.8340709942,-32.8810713051,3,Parque O'Higgins,1531146.02653,0
36833,Platano,07/04/2011 11:30,Alto (> 8 mts),125,Grande,-68.85913051,-32.8802427261,7,Residencial Parque,1786336.08966,0
39076,Fresno europeo,22/12/2010 09:35,Alto (> 8 mts),90,Grande,-68.8533675426,-32.87131754,6,Residencial Norte,2694682.37982,0
3687,Alamo blanco,25/08/2011 10:59,Alto (> 8 mts),175,Grande,-68.8186808372,-32.8695330569,4,Cuarta Este Área Fundacional,1822015.85685,0
25303,Morera,08/02/2011 08:15,Alto (> 8 mts),170,Grande,-68.8371417594,-32.8978506801,2,Barrio Civico,2366816.36021,0
11546,Fresno europeo,22/02/2011 09:29,Alto (> 8 mts),85,Grande,-68.8537669618,-32.8656641025,6,Residencial Norte,2694682.37982,0
13759,Morera,27/01/2011 13:16,Bajo (2 - 4 mts),50,Mediano,-68.8497227149,-32.8644794534,6,Residencial Norte,2694682.37982,0
12443,Morera,18/08/2011 09:28,Alto (> 8 mts),250,Grande,-68.848833362,-32.8673389077,6,Residencial Norte,2694682.37982,0
22112,Fresno europeo,13/06/2011 13:05,Alto (> 8 mts),120,Grande,-68.8551164969,-32.8970206932,5,Residencial Sur,2423808.92355,0
39260,Morera,30/12/2010 09:13,Medio (4 - 8 mts),150,Grande,-68.8551246781,-32.8717061888,6,Residencial Norte,2694682.37982,1
3289,Morera,30/09/2011 13:48,Medio (4 - 8 mts),38,Mediano,-68.8290171884,-32.8767241403,4,Cuarta Este Área Fundacional,1822015.85685,0
15530,Paraiso,18/11/2011 17:51,Bajo (2 - 4 mts),28,Mediano,-68.8606417259,-32.8714500284,7,Residencial Parque,1786336.08966,0
16013,Morera,11/08/2011 08:40,Muy bajo (1 - 2 mts),13,Chico,-68.8437506976,-32.8715815816,4,Cuarta Oeste,1173332.70145,0
9844,Braquiquito,07/01/2011 13:21,Medio (4 - 8 mts),70,Grande,-68.843780679,-32.8645907729,4,Cuarta Oeste,1173332.70145,0
24971,Morera,16/02/2011 09:39,Alto (> 8 mts),151,Grande,-68.8377347085,-32.8957264777,2,Barrio Civico,2366816.36021,0
2502,Paraiso,20/10/2011 12:18,Alto (> 8 mts),142,Grande,-68.8368749269,-32.8882684384,3,Parque O'Higgins,1531146.02653,0
12945,Fresno europeo,14/01/2011 10:34,Muy bajo (1 - 2 mts),8,Chico,-68.8446327697,-32.8638661776,4,Cuarta Oeste,1173332.70145,0
15647,Tipa,15/11/2011 18:21,Bajo (2 - 4 mts),64,Grande,-68.8620601123,-32.871037995,7,Residencial Parque,1786336.08966,0
15804,Fresno americano,21/11/2011 17:46,Bajo (2 - 4 mts),38,Mediano,-68.8736090076,-32.8789420081,7,Residencial Parque,1786336.08966,0
29690,Fresno europeo,02/03/2011 15:43,Medio (4 - 8 mts),38,Mediano,-68.8418219243,-32.8944200747,2,Barrio Civico,2366816.36021,0
31738,Fresno americano,27/06/2011 10:54,Medio (4 - 8 mts),90,Grande,-68.8588986053,-32.8893835801,5,Residencial Sur,2423808.92355,0
43484,Conifera,10/11/2011 12:33,Alto (> 8 mts),200,Grande,-68.8296569471,-32.8832508934,3,Parque O'Higgins,1531146.02653,0
38810,Morera,14/12/2010 10:40,Alto (> 8 mts),190,Grande,-68.8503547718,-32.8711515915,6,Residencial Norte,2694682.37982,0
17174,Paraiso sombrilla,04/07/2011 12:14,Alto (> 8 mts),170,Grande,-68.835758466,-32.8635624558,4,Cuarta Oeste,1173332.70145,0
4677,Fresno europeo,10/08/2011 07:42,Muy bajo (1 - 2 mts),4,Chico,-68.8342952773,-32.865433723,4,Cuarta Oeste,1173332.70145,0
34360,Morera,23/03/2011 12:15,Alto (> 8 mts),130,Grande,-68.8520938535,-32.8756484099,6,Residencial Norte,2694682.37982,0
22748,Fresno europeo,31/05/2011 13:40,Medio (4 - 8 mts),48,Mediano,-68.8540592519,-32.9021797554,2,Barrio Civico,2366816.36021,0
13552,Morera,28/01/2011 12:17,Alto (> 8 mts),130,Grande,-68.8506311032,-32.864666432,6,Residencial Norte,2694682.37982,0
20978,Olmo comun,22/06/2011 12:01,Medio (4 - 8 mts),148,Grande,-68.8641270682,-32.9006548917,5,Residencial Sur,2423808.92355,0
26415,Fresno americano,25/10/2011 09:09,Medio (4 - 8 mts),100,Grande,-68.8338287612,-32.8887673366,3,Parque O'Higgins,1531146.02653,0
19040,Morera,12/07/2011 10:39,Alto (> 8 mts),160,Grande,-68.8406948617,-32.8718595609,4,Cuarta Oeste,1173332.70145,0
32964,Morera,19/05/2011 11:49,Alto (> 8 mts),167,Grande,-68.8497543659,-32.8876330681,5,Residencial Sur,2423808.92355,0
44770,Morera,23/08/2011 13:59,Alto (> 8 mts),110,Grande,-68.8232107546,-32.8687730186,4,Cuarta Este Área Fundacional,1822015.85685,0
24131,Fresno europeo,25/01/2011 10:39,Bajo (2 - 4 mts),90,Grande,-68.846400585,-32.9017246959,2,Barrio Civico,2366816.36021,0
25654,Morera,07/02/2011 10:35,Alto (> 8 mts),72,Grande,-68.8411981196,-32.9018831157,2,Barrio Civico,2366816.36021,0
29040,Morera,18/04/2011 12:31,Alto (> 8 mts),195,Grande,-68.843991407,-32.887245066,1,Parque Central,1655357.93265,0
30242,Platano,10/03/2011 08:29,Alto (> 8 mts),195,Grande,-68.8421015283,-32.8904230436,2,Barrio Civico,2366816.36021,0
854,Aguaribay,16/12/2011 11:31,Medio (4 - 8 mts),100,Grande,-68.8805300976,-32.86667283,8,Aeroparque,2203364.73622,0
41179,Morera,18/04/2011 13:29,Alto (> 8 mts),120,Grande,-68.8372848903,-32.8811196202,1,Parque Central,1655357.93265,0
24475,Morera,19/01/2011 13:14,Alto (> 8 mts),125,Grande,-68.8464574904,-32.9035606963,2,Barrio Civico,2366816.36021,0
21633,Fresno americano,10/06/2011 10:41,Alto (> 8 mts),150,Grande,-68.8536997654,-32.8964718364,5,Residencial Sur,2423808.92355,0
12015,Morera,07/04/2010 12:06,Medio (4 - 8 mts),135,Grande,-68.8527026481,-32.8669723965,6,Residencial Norte,2694682.37982,0
16763,Paraiso,11/08/2011 13:56,Medio (4 - 8 mts),35,Mediano,-68.8385812279,-32.8625109388,4,Cuarta Oeste,1173332.70145,0
14758,Ligustro,05/12/2011 11:06,Bajo (2 - 4 mts),26,Mediano,-68.8783043328,-32.8690856942,8,Aeroparque,2203364.73622,0
33775,Fresno europeo,11/05/2011 13:04,Medio (4 - 8 mts),140,Grande,-68.8567226205,-32.8858136244,5,Residencial Sur,2423808.92355,0
19588,Morera,11/07/2011 10:17,Alto (> 8 mts),134,Grande,-68.8359899765,-32.8721024385,4,Cuarta Oeste,1173332.70145,0
6828,Prunas,24/05/2011 10:14,Alto (> 8 mts),53,Mediano,-68.8616611159,-32.8942628215,5,Residencial Sur,2423808.92355,0
22809,Morera,14/06/2011 12:28,Medio (4 - 8 mts),96,Grande,-68.8593024439,-32.9023252713,5,Residencial Sur,2423808.92355,0
18711,Fresno americano,04/07/2011 10:13,Alto (> 8 mts),120,Grande,-68.8352192358,-32.8742516046,4,Cuarta Este Área Fundacional,1822015.85685,0
29334,Morera,25/04/2011 09:27,Alto (> 8 mts),160,Grande,-68.8436077768,-32.8868013151,1,Parque Central,1655357.93265,0
6482,Fresno americano,31/05/2011 11:48,Medio (4 - 8 mts),30,Mediano,-68.8556438622,-32.8883467105,5,Residencial Sur,2423808.92355,0
23767,Morera,24/01/2011 13:15,Alto (> 8 mts),119,Grande,-68.8497347873,-32.8997178883,2,Barrio Civico,2366816.36021,0
38979,Morera,28/12/2010 13:28,Alto (> 8 mts),200,Grande,-68.8554950886,-32.8712773548,6,Residencial Norte,2694682.37982,0
12709,Ligustro,20/01/2011 08:54,Bajo (2 - 4 mts),70,Grande,-68.8470791506,-32.8633559323,4,Cuarta Oeste,1173332.70145,0
44078,Morera,14/10/2011 11:21,Medio (4 - 8 mts),100,Grande,-68.8311954635,-32.8856261428,3,Parque O'Higgins,1531146.02653,1
35036,Morera,23/03/2011 09:30,Alto (> 8 mts),93,Grande,-68.8540059841,-32.8810162576,6,Residencial Norte,2694682.37982,0
38090,Fresno europeo,06/12/2010 11:29,Alto (> 8 mts),176,Grande,-68.847645922,-32.8727022491,6,Residencial Norte,2694682.37982,0
44727,Fresno europeo,26/08/2011 09:24,Medio (4 - 8 mts),80,Grande,-68.8240663741,-32.8679948878,4,Cuarta Este Área Fundacional,1822015.85685,0
11704,Morera,31/01/2011 09:53,Alto (> 8 mts),130,Grande,-68.8508459378,-32.8686918738,6,Residencial Norte,2694682.37982,0
45594,Morera,23/09/2011 09:18,Alto (> 8 mts),142,Grande,-68.8206115449,-32.871765467,4,Cuarta Este Área Fundacional,1822015.85685,0
2676,Platano,11/10/2011 09:34,Alto (> 8 mts),220,Grande,-68.8328117003,-32.8837464292,3,Parque O'Higgins,1531146.02653,0
24493,Fresno europeo,10/01/2011 12:56,Alto (> 8 mts),148,Grande,-68.8467173869,-32.9025860578,2,Barrio Civico,2366816.36021,0
47331,Fresno americano,21/09/2011 14:20,Alto (> 8 mts),132,Grande,-68.8310706569,-32.8740698799,4,Cuarta Este Área Fundacional,1822015.85685,0
40907,Platano,18/04/2011 18:40,Alto (> 8 mts),120,Grande,-68.8382206281,-32.8857372285,3,Parque O'Higgins,1531146.02653,0
21947,Paraiso,02/06/2011 13:14,Bajo (2 - 4 mts),54,Mediano,-68.8578308941,-32.894077722,5,Residencial Sur,2423808.92355,0
22419,Morera,15/06/2011 09:54,Alto (> 8 mts),180,Grande,-68.8604655784,-32.8993008485,5,Residencial Sur,2423808.92355,0
31149,Fresno europeo,07/02/2011 09:38,Muy bajo (1 - 2 mts),12,Chico,-68.8542380992,-32.863582736,6,Residencial Norte,2694682.37982,0
31089,Morera,09/02/2011 09:26,Medio (4 - 8 mts),72,Grande,-68.8541434902,-32.8650521187,6,Residencial Norte,2694682.37982,0
16009,Morera,11/08/2011 08:50,Alto (> 8 mts),90,Grande,-68.8437531173,-32.8718797388,4,Cuarta Oeste,1173332.70145,0
21673,Fresno europeo,07/06/2011 12:24,Medio (4 - 8 mts),110,Grande,-68.8550589012,-32.8969042687,5,Residencial Sur,2423808.92355,0
44007,Acacia SP,17/10/2011 09:37,Alto (> 8 mts),165,Grande,-68.832641231,-32.8850239522,3,Parque O'Higgins,1531146.02653,0
31145,Morera,07/02/2011 09:50,Medio (4 - 8 mts),116,Grande,-68.8542245923,-32.8638061604,6,Residencial Norte,2694682.37982,0
99,Platano,29/02/2012 10:32,Bajo (2 - 4 mts),160,Grande,-68.8562045722,-32.9017241239,5,Residencial Sur,2423808.92355,0
6354,Fresno europeo,27/06/2011 10:11,Bajo (2 - 4 mts),23,Mediano,-68.854326287,-32.8911253472,5,Residencial Sur,2423808.92355,0
39341,Morera,30/12/2010 10:50,Alto (> 8 mts),220,Grande,-68.8563648885,-32.8718615833,6,Residencial Norte,2694682.37982,0
9412,Morera,14/02/2011 12:38,Alto (> 8 mts),100,Grande,-68.8563287852,-32.8649126818,6,Residencial Norte,2694682.37982,0
5408,Morera,19/04/2011 09:20,Medio (4 - 8 mts),160,Grande,-68.8439002482,-32.8784054742,1,Parque Central,1655357.93265,0
43311,Platano,07/10/2011 11:05,Alto (> 8 mts),170,Grande,-68.8336480386,-32.8790465972,1,Parque Central,1655357.93265,0
2677,Platano,11/10/2011 09:14,Alto (> 8 mts),240,Grande,-68.8326882558,-32.8848162418,3,Parque O'Higgins,1531146.02653,0
15024,Acacia SP,19/12/2011 10:16,Bajo (2 - 4 mts),60,Mediano,-68.8806180776,-32.8725768669,8,Aeroparque,2203364.73622,0
13808,Morera,26/01/2011 13:26,Medio (4 - 8 mts),130,Grande,-68.8492591405,-32.8637120642,6,Residencial Norte,2694682.37982,0
33304,Fresno europeo,24/06/2011 11:02,Alto (> 8 mts),70,Grande,-68.8575798109,-32.8896948,5,Residencial Sur,2423808.92355,0
46650,Morera,05/09/2011 08:39,Muy bajo (1 - 2 mts),4,Chico,-68.8309389178,-32.8698332744,4,Cuarta Este Área Fundacional,1822015.85685,0
13037,Morera,16/02/2011 09:24,Alto (> 8 mts),170,Grande,-68.8446105793,-32.8656836754,4,Cuarta Oeste,1173332.70145,0
22390,Morera,16/06/2011 09:23,Medio (4 - 8 mts),78,Grande,-68.8601316751,-32.8981711495,5,Residencial Sur,2423808.92355,0
38037,Paraiso,06/12/2010 14:14,Alto (> 8 mts),180,Grande,-68.8470609853,-32.8720205236,6,Residencial Norte,2694682.37982,0
42620,Morera,29/09/2011 10:09,Alto (> 8 mts),130,Grande,-68.8280196539,-32.8766760344,4,Cuarta Este Área Fundacional,1822015.85685,1
33974,Morera,26/05/2011 13:12,Medio (4 - 8 mts),110,Grande,-68.8545988033,-32.8843286106,5,Residencial Sur,2423808.92355,0
39623,Morera,25/10/2010 11:46,Alto (> 8 mts),140,Grande,-68.8488376734,-32.869270261,6,Residencial Norte,2694682.37982,0
22465,Morera,24/06/2011 10:15,Muy bajo (1 - 2 mts),12,Chico,-68.8611814602,-32.8992355496,5,Residencial Sur,2423808.92355,0
2087,Ailanthus,22/11/2011 12:01,Alto (> 8 mts),58,Mediano,-68.8280813138,-32.8824227883,3,Parque O'Higgins,1531146.02653,0
32000,Morera,03/06/2011 11:28,Alto (> 8 mts),133,Grande,-68.8588297455,-32.8871540418,5,Residencial Sur,2423808.92355,0
13074,Morera,17/02/2011 10:32,Alto (> 8 mts),162,Grande,-68.846036439,-32.8644542917,4,Cuarta Oeste,1173332.70145,0
8091,Morera,25/02/2011 09:16,Alto (> 8 mts),160,Grande,-68.8483805079,-32.8895252388,5,Residencial Sur,2423808.92355,0
38983,Morera,27/12/2010 11:51,Alto (> 8 mts),180,Grande,-68.8550312029,-32.8713036236,6,Residencial Norte,2694682.37982,0
8490,Fresno europeo,14/02/2011 14:51,Bajo (2 - 4 mts),32,Mediano,-68.8344839713,-32.8972948599,2,Barrio Civico,2366816.36021,0
45822,Morera,26/08/2011 11:28,Medio (4 - 8 mts),226,Grande,-68.8213449144,-32.869448532,4,Cuarta Este Área Fundacional,1822015.85685,0
20628,Fresno europeo,02/06/2011 12:08,Alto (> 8 mts),108,Grande,-68.8593977724,-32.8958359942,5,Residencial Sur,2423808.92355,0
23683,Morera,21/01/2011 12:52,Alto (> 8 mts),164,Grande,-68.8485626042,-32.8999577664,2,Barrio Civico,2366816.36021,1
21312,Morera,14/06/2011 10:47,Alto (> 8 mts),180,Grande,-68.8536832069,-32.8973270256,5,Residencial Sur,2423808.92355,0
23231,Morera,31/01/2012 18:12,Medio (4 - 8 mts),160,Grande,-68.8521845091,-32.9022058662,2,Barrio Civico,2366816.36021,0
14570,Aguaribay,14/12/2011 11:06,Alto (> 8 mts),125,Grande,-68.8787741702,-32.867333107,8,Aeroparque,2203364.73622,0
4875,Paraiso sombrilla,22/07/2011 10:48,Medio (4 - 8 mts),190,Grande,-68.8427653383,-32.8628934022,4,Cuarta Oeste,1173332.70145,0
13438,Morera,02/02/2011 12:02,Medio (4 - 8 mts),100,Grande,-68.8527378817,-32.8648103939,6,Residencial Norte,2694682.37982,0
13731,Fresno europeo,28/01/2011 08:56,Bajo (2 - 4 mts),140,Grande,-68.8498244192,-32.8633084499,6,Residencial Norte,2694682.37982,0
22409,Morera,15/06/2011 10:21,Alto (> 8 mts),138,Grande,-68.8610094301,-32.8989422207,5,Residencial Sur,2423808.92355,0
34688,Morera,31/03/2011 11:11,Alto (> 8 mts),190,Grande,-68.8496128179,-32.8768874444,6,Residencial Norte,2694682.37982,0
15351,Paraiso,16/11/2011 12:47,Muy bajo (1 - 2 mts),10,Chico,-68.8600942803,-32.8705164114,6,Residencial Norte,2694682.37982,0
37073,Fresno europeo,06/04/2011 10:10,Alto (> 8 mts),130,Grande,-68.8585916392,-32.8756473583,7,Residencial Parque,1786336.08966,0
10189,Paraiso,20/12/2010 09:45,Alto (> 8 mts),100,Grande,-68.8524470575,-32.8710270029,6,Residencial Norte,2694682.37982,0
5868,Morera,05/05/2011 09:03,Bajo (2 - 4 mts),20,Chico,-68.8434965769,-32.8863450839,1,Parque Central,1655357.93265,0
1420,Prunas,23/11/2011 07:21,Muy bajo (1 - 2 mts),16,Chico,-68.8713406126,-32.8788313902,7,Residencial Parque,1786336.08966,0
7171,Paraiso,18/05/2011 10:07,Bajo (2 - 4 mts),32,Mediano,-68.8568968934,-32.8991256743,5,Residencial Sur,2423808.92355,0
1907,Paraiso,16/11/2011 12:49,Medio (4 - 8 mts),45,Mediano,-68.8587184458,-32.8687214818,6,Residencial Norte,2694682.37982,0
19672,Fresno europeo,12/07/2011 10:31,Alto (> 8 mts),140,Grande,-68.8355596408,-32.870911457,4,Cuarta Oeste,1173332.70145,0
32111,Morera,09/05/2011 12:25,Alto (> 8 mts),180,Grande,-68.8595134614,-32.8868171433,5,Residencial Sur,2423808.92355,0
22875,Fresno europeo,10/05/2011 09:58,Bajo (2 - 4 mts),12,Chico,-68.8558942189,-32.9011107517,5,Residencial Sur,2423808.92355,0
47049,Morera,09/09/2011 16:21,Alto (> 8 mts),144,Grande,-68.8315690468,-32.8719095527,4,Cuarta Este Área Fundacional,1822015.85685,0
27904,Platano,04/11/2011 10:58,Alto (> 8 mts),172,Grande,-68.8400718564,-32.8936720602,2,Barrio Civico,2366816.36021,0
46442,Morera,17/08/2011 09:35,Alto (> 8 mts),220,Grande,-68.8318721462,-32.8673431496,4,Cuarta Oeste,1173332.70145,0
21184,Platano,06/05/2011 09:28,Alto (> 8 mts),210,Grande,-68.8520508284,-32.8929335057,5,Residencial Sur,2423808.92355,0
39392,Paraiso,12/11/2010 10:29,Alto (> 8 mts),170,Grande,-68.8562495935,-32.8697442721,6,Residencial Norte,2694682.37982,0
27251,Acer,26/10/2011 09:29,Alto (> 8 mts),65,Grande,-68.8356369816,-32.8893298262,3,Parque O'Higgins,1531146.02653,0
47941,Fresno americano,02/09/2011 10:53,Medio (4 - 8 mts),215,Grande,-68.8259547687,-32.8678974421,4,Cuarta Este Área Fundacional,1822015.85685,0
14526,Morera,05/12/2011 17:15,Muy bajo (1 - 2 mts),2,Chico,-68.8796412944,-32.8682088691,8,Aeroparque,2203364.73622,0
10861,Fresno europeo,18/03/2011 09:16,Bajo (2 - 4 mts),50,Mediano,-68.8514518524,-32.8787049249,6,Residencial Norte,2694682.37982,0
24810,Perenne,18/02/2011 09:26,Alto (> 8 mts),65,Grande,-68.8401154894,-32.8972213373,2,Barrio Civico,2366816.36021,0
42061,Fresno europeo,12/04/2011 12:37,Alto (> 8 mts),130,Grande,-68.8423599028,-32.8805641846,1,Parque Central,1655357.93265,0
43388,Fresno europeo,25/10/2011 12:39,Medio (4 - 8 mts),130,Grande,-68.8330125906,-32.8811504176,3,Parque O'Higgins,1531146.02653,0
27891,Fresno europeo,04/11/2011 10:39,Bajo (2 - 4 mts),35,Mediano,-68.8390135406,-32.8930541575,2,Barrio Civico,2366816.36021,0
8930,Morera,25/01/2011 09:11,Medio (4 - 8 mts),130,Grande,-68.8484946098,-32.8675425758,6,Residencial Norte,2694682.37982,0
5063,Fresno europeo,11/08/2011 13:20,Alto (> 8 mts),99,Grande,-68.8402171533,-32.8625829147,4,Cuarta Oeste,1173332.70145,0
23214,Tilo,24/01/2011 10:00,Bajo (2 - 4 mts),48,Mediano,-68.8511026886,-32.9015104616,2,Barrio Civico,2366816.36021,0
28632,Morera,23/02/2011 11:47,Alto (> 8 mts),180,Grande,-68.8475562011,-32.8907708388,2,Barrio Civico,2366816.36021,0
23884,Morera,28/02/2012 13:08,Alto (> 8 mts),90,Grande,-68.8520384119,-32.9005494619,2,Barrio Civico,2366816.36021,0
11274,Morera,12/01/2011 11:28,Alto (> 8 mts),105,Grande,-68.8464664859,-32.9003626308,2,Barrio Civico,2366816.36021,0
46619,Morera,05/09/2011 09:39,Alto (> 8 mts),185,Grande,-68.8309709233,-32.8696980626,4,Cuarta Este Área Fundacional,1822015.85685,0
14266,Paraiso sombrilla,07/12/2011 10:23,Bajo (2 - 4 mts),40,Mediano,-68.8778846412,-32.8679685195,8,Aeroparque,2203364.73622,0
16301,Morera,22/07/2011 09:06,Muy bajo (1 - 2 mts),6,Chico,-68.842025817,-32.8633523163,4,Cuarta Oeste,1173332.70145,0
14806,Morera,05/12/2011 17:49,Muy bajo (1 - 2 mts),14,Chico,-68.8798877439,-32.8691305852,8,Aeroparque,2203364.73622,0
34874,Fresno europeo,29/03/2011 10:39,Medio (4 - 8 mts),52,Mediano,-68.8516074799,-32.8798613571,6,Residencial Norte,2694682.37982,0
47088,Fresno americano,23/09/2011 10:47,Medio (4 - 8 mts),45,Mediano,-68.8338495914,-32.8727704894,4,Cuarta Este Área Fundacional,1822015.85685,0
3082,Fresno europeo,09/09/2011 11:11,Bajo (2 - 4 mts),6,Chico,-68.8333917509,-32.8709516696,4,Cuarta Este Área Fundacional,1822015.85685,0
14461,Acacia SP,02/12/2011 10:32,Bajo (2 - 4 mts),84,Grande,-68.8784534836,-32.8661088714,8,Aeroparque,2203364.73622,0
9515,Morera,03/02/2011 10:20,Bajo (2 - 4 mts),72,Grande,-68.8529223989,-32.8643741417,6,Residencial Norte,2694682.37982,0
22478,Paraiso,23/06/2011 12:19,Alto (> 8 mts),160,Grande,-68.8622538675,-32.8989780424,5,Residencial Sur,2423808.92355,0
2211,Morera,28/10/2011 11:17,Medio (4 - 8 mts),90,Grande,-68.838274847,-32.8929080889,2,Barrio Civico,2366816.36021,0
19879,Paraiso,29/06/2011 10:37,Alto (> 8 mts),94,Grande,-68.8348080734,-32.8625575997,4,Cuarta Oeste,1173332.70145,0
22851,Olmo comun,10/05/2011 10:47,Medio (4 - 8 mts),42,Mediano,-68.8570390848,-32.9009009947,5,Residencial Sur,2423808.92355,0
9919,Fresno europeo,17/11/2010 10:47,Medio (4 - 8 mts),60,Mediano,-68.8576930739,-32.8695795328,6,Residencial Norte,2694682.37982,0
19414,Paraiso,04/07/2011 11:52,Alto (> 8 mts),140,Grande,-68.8359836194,-32.8726534553,4,Cuarta Oeste,1173332.70145,0
3872,Morera,31/08/2011 13:36,Alto (> 8 mts),147,Grande,-68.8264216122,-32.8702089743,4,Cuarta Este Área Fundacional,1822015.85685,0
19590,Morera,11/07/2011 10:14,Alto (> 8 mts),160,Grande,-68.8359422341,-32.8719174384,4,Cuarta Oeste,1173332.70145,0
3413,Morera,19/08/2011 09:22,Alto (> 8 mts),175,Grande,-68.8327374053,-32.8680974164,4,Cuarta Oeste,1173332.70145,0
4766,Caducifolio,02/08/2011 09:54,Medio (4 - 8 mts),44,Mediano,-68.8358491479,-32.8663762167,4,Cuarta Oeste,1173332.70145,0
9032,Paraiso,10/01/2011 13:05,Medio (4 - 8 mts),75,Grande,-68.8452569325,-32.8665035501,4,Cuarta Oeste,1173332.70145,0
3518,Morera,02/09/2011 11:24,Bajo (2 - 4 mts),50,Mediano,-68.8264862063,-32.8681930389,4,Cuarta Este Área Fundacional,1822015.85685,0
36823,Platano,07/04/2011 12:03,Alto (> 8 mts),120,Grande,-68.8582864776,-32.8804040702,7,Residencial Parque,1786336.08966,1
8747,Perenne,14/02/2011 09:45,Alto (> 8 mts),104,Grande,-68.8365694025,-32.9006310259,2,Barrio Civico,2366816.36021,1
13268,Paraiso,23/02/2011 12:32,Bajo (2 - 4 mts),34,Mediano,-68.8476769318,-32.864786525,6,Residencial Norte,2694682.37982,0
48156,Olmo comun,17/08/2011 10:12,Medio (4 - 8 mts),103,Grande,-68.8298871046,-32.8685517122,4,Cuarta Este Área Fundacional,1822015.85685,0
27987,Platano,31/10/2011 09:14,Alto (> 8 mts),230,Grande,-68.837302391,-32.8935408767,3,Parque O'Higgins,1531146.02653,0
27874,Platano,04/11/2011 10:21,Alto (> 8 mts),170,Grande,-68.8385061053,-32.8941884661,2,Barrio Civico,2366816.36021,1
48118,Morera,19/08/2011 09:28,Alto (> 8 mts),120,Grande,-68.8295632746,-32.8685394592,4,Cuarta Este Área Fundacional,1822015.85685,0
38284,Fresno europeo,01/12/2010 11:55,Alto (> 8 mts),120,Grande,-68.8456430782,-32.8713369209,6,Residencial Norte,2694682.37982,0
6890,Morera,26/05/2011 10:25,Alto (> 8 mts),86,Grande,-68.8606176566,-32.8950831611,5,Residencial Sur,2423808.92355,1
16774,Morera,11/08/2011 13:38,Alto (> 8 mts),145,Grande,-68.8394543733,-32.8625210161,4,Cuarta Oeste,1173332.70145,0
42574,Morera,26/09/2011 10:56,Bajo (2 - 4 mts),33,Mediano,-68.8277872481,-32.875843001,4,Cuarta Este Área Fundacional,1822015.85685,0
11478,Acer,06/01/2011 11:33,Alto (> 8 mts),170,Grande,-68.8437500315,-32.8625847574,4,Cuarta Oeste,1173332.70145,0
43228,Platano,04/10/2011 09:09,Alto (> 8 mts),195,Grande,-68.8350033357,-32.8793002821,1,Parque Central,1655357.93265,0
33957,Conifera,24/05/2011 11:03,Alto (> 8 mts),150,Grande,-68.8522925428,-32.8850072044,5,Residencial Sur,2423808.92355,0
11792,Paraiso,02/03/2011 09:56,Alto (> 8 mts),131,Grande,-68.8511016211,-32.8651460961,6,Residencial Norte,2694682.37982,0
48327,Olmo comun,19/08/2011 09:46,Medio (4 - 8 mts),103,Grande,-68.827364632,-32.8678489025,4,Cuarta Este Área Fundacional,1822015.85685,0
41728,Fresno europeo,26/04/2011 09:15,Alto (> 8 mts),108,Grande,-68.837509999900007,-32.8779838249,1,Parque Central,1655357.93265,0
37551,Morera,16/11/2010 11:30,Alto (> 8 mts),210,Grande,-68.8574025122,-32.8692660704,6,Residencial Norte,2694682.37982,0
33803,Morera,13/05/2011 08:22,Alto (> 8 mts),200,Grande,-68.8562881512,-32.8863149934,5,Residencial Sur,2423808.92355,0
3925,Fresno europeo,31/08/2011 12:28,Medio (4 - 8 mts),128,Grande,-68.8228006262,-32.8711739146,4,Cuarta Este Área Fundacional,1822015.85685,1
20712,Acacia SP,31/05/2011 11:14,Alto (> 8 mts),140,Grande,-68.8620018378,-32.8972232548,5,Residencial Sur,2423808.92355,0
729,Arabia,19/12/2011 08:30,Bajo (2 - 4 mts),30,Mediano,-68.8812226019,-32.8724554214,8,Aeroparque,2203364.73622,0
26022,Fresno americano,09/11/2011 17:03,Bajo (2 - 4 mts),140,Grande,-68.8324902363,-32.8861698591,3,Parque O'Higgins,1531146.02653,0
18347,Morera,01/08/2011 08:47,Alto (> 8 mts),105,Grande,-68.8370553144,-32.8687012325,4,Cuarta Oeste,1173332.70145,1
12797,Morera,21/01/2011 08:48,Alto (> 8 mts),140,Grande,-68.8475351126,-32.8641162429,4,Cuarta Oeste,1173332.70145,0
24788,Fresno europeo,15/02/2011 09:08,Alto (> 8 mts),134,Grande,-68.8397669052,-32.8960850451,2,Barrio Civico,2366816.36021,0
894,Paraiso,17/01/2012 08:30,Medio (4 - 8 mts),95,Grande,-68.8472827725,-32.8734407581,6,Residencial Norte,2694682.37982,1
7737,Paraiso sombrilla,18/05/2011 09:04,Medio (4 - 8 mts),110,Grande,-68.8519551722,-32.886210021,5,Residencial Sur,2423808.92355,0
45269,Fresno europeo,16/09/2011 10:24,Alto (> 8 mts),126,Grande,-68.8236103823,-32.8712794409,4,Cuarta Este Área Fundacional,1822015.85685,0
42081,Fresno europeo,12/04/2011 10:41,Bajo (2 - 4 mts),52,Mediano,-68.8429179252,-32.8795390306,1,Parque Central,1655357.93265,0
29950,Platano,28/04/2011 12:26,Alto (> 8 mts),180,Grande,-68.8427219304,-32.8855967158,1,Parque Central,1655357.93265,0
48200,Paraiso,01/09/2011 13:32,Muy bajo (1 - 2 mts),3,Chico,-68.8288610812,-32.8687597015,4,Cuarta Este Área Fundacional,1822015.85685,0
26637,Morera,02/11/2011 09:58,Medio (4 - 8 mts),280,Grande,-68.8343802661,-32.8910606581,3,Parque O'Higgins,1531146.02653,1
2310,Acacia SP,03/11/2011 10:09,Medio (4 - 8 mts),50,Mediano,-68.8347768224,-32.8951808931,3,Parque O'Higgins,1531146.02653,0
39426,Fresno americano,11/11/2010 11:28,Bajo (2 - 4 mts),60,Mediano,-68.8552801347,-32.8704149024,6,Residencial Norte,2694682.37982,0
15690,Aguaribay,15/11/2011 16:52,Medio (4 - 8 mts),230,Grande,-68.8622622326,-32.8713907821,7,Residencial Parque,1786336.08966,0
1299,Morera,30/11/2011 17:36,Medio (4 - 8 mts),70,Grande,-68.8773976504,-32.8691981177,8,Aeroparque,2203364.73622,0
4263,Jacaranda,07/07/2011 12:13,Medio (4 - 8 mts),25,Mediano,-68.8369098708,-32.8725778447,4,Cuarta Oeste,1173332.70145,0
40178,Platano,14/04/2011 12:58,Alto (> 8 mts),190,Grande,-68.8462143439,-32.8826754665,1,Parque Central,1655357.93265,0
48257,Morera,02/09/2011 10:02,Alto (> 8 mts),168,Grande,-68.8303857635,-32.8704978163,4,Cuarta Este Área Fundacional,1822015.85685,0
429,Olmo bola,06/03/2012 11:53,Medio (4 - 8 mts),100,Grande,-68.8174250413,-32.8677714418,4,Cuarta Este Área Fundacional,1822015.85685,0
17460,Fresno europeo,16/01/2012 10:29,Bajo (2 - 4 mts),18,Chico,-68.8361186965,-32.8679979145,4,Cuarta Oeste,1173332.70145,0
15036,Jacaranda,22/12/2011 17:26,Muy bajo (1 - 2 mts),8,Chico,-68.8812359104,-32.8713180075,8,Aeroparque,2203364.73622,0
1695,Acacia SP,24/11/2011 12:35,Alto (> 8 mts),75,Grande,-68.8720152987,-32.8781867592,7,Residencial Parque,1786336.08966,0
5994,Olmo comun,28/04/2011 10:12,Bajo (2 - 4 mts),60,Mediano,-68.8420959885,-32.885969398,1,Parque Central,1655357.93265,0
44005,Morera,17/10/2011 09:28,Alto (> 8 mts),125,Grande,-68.8326526545,-32.8852005188,3,Parque O'Higgins,1531146.02653,0
22839,Paraiso,10/05/2011 11:23,Alto (> 8 mts),158,Grande,-68.8563453331,-32.9005473745,5,Residencial Sur,2423808.92355,0
6822,Prunas,24/05/2011 10:20,Medio (4 - 8 mts),44,Mediano,-68.8615977604,-32.8940156249,5,Residencial Sur,2423808.92355,0
46575,Morera,07/09/2011 08:59,Alto (> 8 mts),165,Grande,-68.8323485625,-32.8695620474,4,Cuarta Este Área Fundacional,1822015.85685,0
6424,Morera,10/05/2011 13:29,Muy bajo (1 - 2 mts),3,Chico,-68.8587782239,-32.8859627976,5,Residencial Sur,2423808.92355,0
33633,Morera,13/05/2011 10:19,Alto (> 8 mts),180,Grande,-68.8554094429,-32.8865813062,5,Residencial Sur,2423808.92355,0
47740,Platano,16/09/2011 13:58,Alto (> 8 mts),225,Grande,-68.8274355886,-32.8731388786,4,Cuarta Este Área Fundacional,1822015.85685,0
44521,Platano,18/10/2011 09:57,Alto (> 8 mts),250,Grande,-68.8354630556,-32.885309926,3,Parque O'Higgins,1531146.02653,1
41118,Platano,02/05/2011 14:48,Alto (> 8 mts),168,Grande,-68.8399505479,-32.8827949782,1,Parque Central,1655357.93265,0
41184,Morera,18/04/2011 13:13,Alto (> 8 mts),161,Grande,-68.8377003429,-32.8810760673,1,Parque Central,1655357.93265,0
23711,Morera,25/01/2011 13:04,Alto (> 8 mts),151,Grande,-68.8500707219,-32.9000453346,2,Barrio Civico,2366816.36021,0
20261,Fresno europeo,17/05/2011 10:21,Alto (> 8 mts),135,Grande,-68.8595023667,-32.8925809101,5,Residencial Sur,2423808.92355,0
19542,Morera,26/07/2011 10:16,Alto (> 8 mts),180,Grande,-68.8372771218,-32.8705738544,4,Cuarta Oeste,1173332.70145,0
7207,Fresno americano,16/06/2011 09:32,Medio (4 - 8 mts),35,Mediano,-68.8600032113,-32.8981741553,5,Residencial Sur,2423808.92355,0
10603,Morera,01/04/2011 13:41,Medio (4 - 8 mts),42,Mediano,-68.8508224335,-32.8769106868,6,Residencial Norte,2694682.37982,0
45429,Morera,09/09/2011 15:33,Alto (> 8 mts),240,Grande,-68.825978585,-32.8729007066,4,Cuarta Este Área Fundacional,1822015.85685,0
7268,Fresno europeo,14/06/2011 12:01,Muy bajo (1 - 2 mts),8,Chico,-68.857374716,-32.901907427,5,Residencial Sur,2423808.92355,0
41698,Morera,27/04/2011 14:12,Medio (4 - 8 mts),30,Mediano,-68.8386305272,-32.8777423594,1,Parque Central,1655357.93265,0
1985,Prunas,03/01/2012 10:14,Bajo (2 - 4 mts),30,Mediano,-68.8600618974,-32.8892219136,5,Residencial Sur,2423808.92355,0
16865,Morera,05/08/2011 10:57,Bajo (2 - 4 mts),35,Mediano,-68.8383272619,-32.8650008424,4,Cuarta Oeste,1173332.70145,0
7281,Morera,14/06/2011 13:13,Alto (> 8 mts),98,Grande,-68.8614318375,-32.9017563312,5,Residencial Sur,2423808.92355,0
26300,Fresno americano,21/10/2011 09:08,Alto (> 8 mts),100,Grande,-68.8322168543,-32.8888278916,3,Parque O'Higgins,1531146.02653,0
5281,Morera,28/04/2011 09:32,Bajo (2 - 4 mts),36,Mediano,-68.844497526,-32.8770966133,1,Parque Central,1655357.93265,0
2188,Fresno europeo,04/11/2011 16:55,Bajo (2 - 4 mts),46,Mediano,-68.8327159633,-32.886541872,3,Parque O'Higgins,1531146.02653,0
44841,Prunas,23/08/2011 08:56,Muy bajo (1 - 2 mts),10,Chico,-68.8243713928,-32.8671390033,4,Cuarta Este Área Fundacional,1822015.85685,0
43583,Fresno americano,07/10/2011 12:13,Alto (> 8 mts),165,Grande,-68.8308806189,-32.8826508547,3,Parque O'Higgins,1531146.02653,1
27140,Platano,27/10/2011 10:35,Alto (> 8 mts),300,Grande,-68.838738934,-32.8896326077,3,Parque O'Higgins,1531146.02653,0
11189,Paraiso,27/01/2011 12:24,Medio (4 - 8 mts),83,Grande,-68.8449280489,-32.9017657861,2,Barrio Civico,2366816.36021,0
17275,Morera,05/08/2011 09:50,Alto (> 8 mts),150,Grande,-68.8366965838,-32.8649939409,4,Cuarta Oeste,1173332.70145,0
32360,Fresno europeo,06/05/2011 12:02,Alto (> 8 mts),102,Grande,-68.8513702231,-32.8919122825,5,Residencial Sur,2423808.92355,0
16874,Alamo criollo,05/08/2011 11:16,Alto (> 8 mts),140,Grande,-68.8384139286,-32.8659004924,4,Cuarta Oeste,1173332.70145,0
47911,Morera,29/08/2011 12:28,Medio (4 - 8 mts),113,Grande,-68.8290950696,-32.8708794382,4,Cuarta Este Área Fundacional,1822015.85685,0
38491,Paraiso,02/11/2010 10:50,Alto (> 8 mts),230,Grande,-68.8503486877,-32.8703056001,6,Residencial Norte,2694682.37982,0
46053,Fresno europeo,19/09/2011 13:37,Medio (4 - 8 mts),112,Grande,-68.8217655226,-32.8728395008,4,Cuarta Este Área Fundacional,1822015.85685,0
41755,Morera,27/04/2011 12:44,Medio (4 - 8 mts),190,Grande,-68.8418540609,-32.878675942,1,Parque Central,1655357.93265,0
2907,Fresno europeo,20/09/2011 09:31,Bajo (2 - 4 mts),43,Mediano,-68.8220785233,-32.8734399396,4,Cuarta Este Área Fundacional,1822015.85685,0
3950,Fresno europeo,27/09/2011 11:10,Bajo (2 - 4 mts),60,Mediano,-68.8236322777,-32.8747773162,4,Cuarta Este Área Fundacional,1822015.85685,0
21037,Morera,21/06/2011 11:47,Alto (> 8 mts),100,Grande,-68.863414533,-32.9015135164,5,Residencial Sur,2423808.92355,0
27444,Morera,25/10/2011 08:55,Alto (> 8 mts),125,Grande,-68.8354131434,-32.8911386033,3,Parque O'Higgins,1531146.02653,1
1074,Aguaribay,14/12/2011 13:28,Bajo (2 - 4 mts),70,Grande,-68.8805559208,-32.8680964216,8,Aeroparque,2203364.73622,0
46883,Platano,08/09/2011 13:25,Alto (> 8 mts),185,Grande,-68.8341605117,-32.8710900354,4,Cuarta Oeste,1173332.70145,0
29553,Platano,25/02/2011 12:47,Alto (> 8 mts),186,Grande,-68.8426837905,-32.8923798723,2,Barrio Civico,2366816.36021,0
8171,Morera,03/03/2011 13:39,Alto (> 8 mts),195,Grande,-68.8436127917,-32.8912220108,2,Barrio Civico,2366816.36021,1
24262,Morera,19/01/2011 13:54,Alto (> 8 mts),90,Grande,-68.8443718307,-32.9004737434,2,Barrio Civico,2366816.36021,0
506,Morera,08/03/2012 19:19,Medio (4 - 8 mts),120,Grande,-68.8202872534,-32.8681742704,4,Cuarta Este Área Fundacional,1822015.85685,0
21909,Fresno europeo,03/06/2011 09:26,Medio (4 - 8 mts),42,Mediano,-68.857015357,-32.8968858301,5,Residencial Sur,2423808.92355,0
24573,Morera,28/01/2011 10:14,Alto (> 8 mts),254,Grande,-68.8433885588,-32.9029751197,2,Barrio Civico,2366816.36021,1
12346,Morera,18/01/2011 09:26,Medio (4 - 8 mts),70,Grande,-68.8472289864,-32.8662699011,6,Residencial Norte,2694682.37982,0
26356,Fresno europeo,21/10/2011 09:57,Muy bajo (1 - 2 mts),8,Chico,-68.8340765108,-32.8876534713,3,Parque O'Higgins,1531146.02653,0
46249,Morera,27/09/2011 12:23,Alto (> 8 mts),160,Grande,-68.8259818364,-32.8756120132,4,Cuarta Este Área Fundacional,1822015.85685,1
45266,Fresno europeo,16/09/2011 10:28,Alto (> 8 mts),125,Grande,-68.8234287417,-32.8712807302,4,Cuarta Este Área Fundacional,1822015.85685,0
20284,Platano,17/05/2011 10:04,Alto (> 8 mts),151,Grande,-68.8598215225,-32.8935834982,5,Residencial Sur,2423808.92355,0
47651,Morera,08/09/2011 15:46,Alto (> 8 mts),197,Grande,-68.827603337,-32.8714877479,4,Cuarta Este Área Fundacional,1822015.85685,0
45309,Morera,09/09/2011 12:49,Bajo (2 - 4 mts),20,Chico,-68.8233402398,-32.8719945925,4,Cuarta Este Área Fundacional,1822015.85685,0
30700,Fresno europeo,03/02/2011 12:52,Muy bajo (1 - 2 mts),10,Chico,-68.8555207901,-32.8678632637,6,Residencial Norte,2694682.37982,0
16853,Morera,05/08/2011 13:52,Alto (> 8 mts),130,Grande,-68.8400504974,-32.8643046305,4,Cuarta Oeste,1173332.70145,0
330,Paraiso sombrilla,07/03/2012 10:21,Medio (4 - 8 mts),180,Grande,-68.8205439381,-32.8678099955,4,Cuarta Este Área Fundacional,1822015.85685,0
31249,Morera,04/02/2011 10:37,Alto (> 8 mts),106,Grande,-68.8529487838,-32.8632325415,6,Residencial Norte,2694682.37982,0
10436,Paraiso,10/03/2011 14:00,Alto (> 8 mts),158,Grande,-68.8563048818,-32.873225602,6,Residencial Norte,2694682.37982,0
25001,Ailanthus,15/02/2011 12:22,Alto (> 8 mts),91,Grande,-68.8361270818,-32.8959012523,2,Barrio Civico,2366816.36021,1
28083,Morera,21/02/2011 18:26,Alto (> 8 mts),152,Grande,-68.8494117244,-32.8921087624,2,Barrio Civico,2366816.36021,0
17585,Morera,28/07/2011 09:16,Medio (4 - 8 mts),126,Grande,-68.8399756675,-32.8664504905,4,Cuarta Oeste,1173332.70145,0
17246,Morera,12/08/2011 09:11,Alto (> 8 mts),120,Grande,-68.8365066459,-32.8642184272,4,Cuarta Oeste,1173332.70145,0
23094,Paraiso,19/01/2011 14:41,Alto (> 8 mts),184,Grande,-68.8478183533,-32.9013216609,2,Barrio Civico,2366816.36021,0
33609,Fresno americano,17/05/2011 09:07,Medio (4 - 8 mts),97,Grande,-68.8536483243,-32.8871317651,5,Residencial Sur,2423808.92355,0
25389,Olmo comun,10/02/2011 08:15,Alto (> 8 mts),200,Grande,-68.8385806029,-32.8995034504,2,Barrio Civico,2366816.36021,0
46697,Morera,05/09/2011 10:17,Alto (> 8 mts),178,Grande,-68.8325757265,-32.8696733502,4,Cuarta Este Área Fundacional,1822015.85685,0
44152,Morera,06/10/2011 16:08,Alto (> 8 mts),142,Grande,-68.8353694497,-32.8775868759,1,Parque Central,1655357.93265,0
22794,Platano,17/06/2011 16:58,Alto (> 8 mts),166,Grande,-68.8592521997,-32.9016857217,5,Residencial Sur,2423808.92355,0
37606,Paraiso,13/12/2010 09:39,Alto (> 8 mts),150,Grande,-68.8498738017,-32.8716656879,6,Residencial Norte,2694682.37982,0
13859,Aguaribay,19/12/2011 07:51,Bajo (2 - 4 mts),40,Mediano,-68.875114108,-32.8680449929,8,Aeroparque,2203364.73622,0
3134,Morera,09/09/2011 09:17,Medio (4 - 8 mts),120,Grande,-68.8256018565,-32.8732557044,4,Cuarta Este Área Fundacional,1822015.85685,0
44450,Platano,18/10/2011 10:00,Alto (> 8 mts),275,Grande,-68.8370869522,-32.8845818615,3,Parque O'Higgins,1531146.02653,0
37724,Fresno europeo,14/01/2012 10:15,Alto (> 8 mts),120,Grande,-68.8512273998,-32.8727898882,6,Residencial Norte,2694682.37982,1
43051,Morera,03/10/2011 10:19,Medio (4 - 8 mts),120,Grande,-68.8321415463,-32.8777543944,4,Cuarta Este Área Fundacional,1822015.85685,0
39591,Platano,22/10/2010 12:19,Alto (> 8 mts),195,Grande,-68.8476127915,-32.8690068327,6,Residencial Norte,2694682.37982,0
30371,Platano,03/03/2011 13:09,Alto (> 8 mts),160,Grande,-68.8394090258,-32.8903424375,3,Parque O'Higgins,1531146.02653,0
45411,Olmo comun,09/09/2011 16:08,Medio (4 - 8 mts),55,Mediano,-68.8249295705,-32.8722172018,4,Cuarta Este Área Fundacional,1822015.85685,0
25159,Morera,09/02/2011 18:56,Alto (> 8 mts),112,Grande,-68.8362014452,-32.8982957885,2,Barrio Civico,2366816.36021,1
41162,Morera,18/04/2011 11:52,Alto (> 8 mts),160,Grande,-68.8381168031,-32.8808307154,1,Parque Central,1655357.93265,0
13511,Acer,31/01/2011 13:19,Alto (> 8 mts),160,Grande,-68.8519834878,-32.8639417797,6,Residencial Norte,2694682.37982,0
31973,Fresno europeo,02/06/2011 12:55,Bajo (2 - 4 mts),60,Mediano,-68.8592770712,-32.8836568809,5,Residencial Sur,2423808.92355,0
13407,Fresno europeo,06/04/2011 12:53,Medio (4 - 8 mts),70,Grande,-68.8437466085,-32.865721337,4,Cuarta Oeste,1173332.70145,0
42467,Morera,30/09/2011 17:16,Alto (> 8 mts),120,Grande,-68.8321371535,-32.8762087718,4,Cuarta Este Área Fundacional,1822015.85685,1
14050,Jacaranda,05/12/2011 12:19,Medio (4 - 8 mts),80,Grande,-68.8762935008,-32.8675660625,8,Aeroparque,2203364.73622,0
1620,Acer,24/11/2011 10:00,Medio (4 - 8 mts),60,Mediano,-68.87141071,-32.8785933169,7,Residencial Parque,1786336.08966,0
29367,Morera,20/04/2011 10:34,Medio (4 - 8 mts),100,Grande,-68.8424686028,-32.8868337889,1,Parque Central,1655357.93265,1
11573,Paraiso,10/05/2010 11:50,Medio (4 - 8 mts),145,Grande,-68.8518342941,-32.8671725365,6,Residencial Norte,2694682.37982,0
18283,Morera,04/08/2011 11:29,Alto (> 8 mts),140,Grande,-68.8393966064,-32.868501305,4,Cuarta Oeste,1173332.70145,1
25419,Fresno europeo,14/02/2011 12:18,Medio (4 - 8 mts),60,Mediano,-68.8366836953,-32.9005116013,2,Barrio Civico,2366816.36021,0
16432,Paraiso,12/08/2011 10:11,Medio (4 - 8 mts),50,Mediano,-68.8419472803,-32.8640800655,4,Cuarta Oeste,1173332.70145,0
4539,Prunas,29/07/2011 13:34,Bajo (2 - 4 mts),30,Mediano,-68.8410018093,-32.8671587258,4,Cuarta Oeste,1173332.70145,0
34170,Olmo comun,10/03/2011 12:04,Medio (4 - 8 mts),40,Mediano,-68.8569295081,-32.8735798677,6,Residencial Norte,2694682.37982,0
3635,Caducifolio,23/08/2011 09:32,Medio (4 - 8 mts),10,Chico,-68.8242553263,-32.8691585012,4,Cuarta Este Área Fundacional,1822015.85685,0
21082,Fresno americano,22/06/2011 11:38,Medio (4 - 8 mts),100,Grande,-68.8625296435,-32.9003208728,5,Residencial Sur,2423808.92355,0
14682,Paraiso sombrilla,14/12/2011 17:17,Bajo (2 - 4 mts),28,Mediano,-68.8810765808,-32.8674290652,8,Aeroparque,2203364.73622,0
8282,Morera,21/02/2011 18:45,Alto (> 8 mts),92,Grande,-68.8490003459,-32.8913024969,2,Barrio Civico,2366816.36021,0
21011,Acer,22/06/2011 09:03,Medio (4 - 8 mts),30,Mediano,-68.8625648297,-32.9005529894,5,Residencial Sur,2423808.92355,0
40206,Fresno americano,25/04/2011 12:35,Alto (> 8 mts),145,Grande,-68.8466924563,-32.8835664361,1,Parque Central,1655357.93265,0
37556,Morera,16/11/2010 11:20,Alto (> 8 mts),180,Grande,-68.8570491961,-32.8692439363,6,Residencial Norte,2694682.37982,0
23612,Morera,21/01/2011 09:10,Alto (> 8 mts),280,Grande,-68.8472226242,-32.8998142662,2,Barrio Civico,2366816.36021,1
12726,Paraiso,25/01/2011 08:35,Alto (> 8 mts),140,Grande,-68.8481553897,-32.863599847,6,Residencial Norte,2694682.37982,0
31822,Fresno europeo,03/01/2012 09:25,Medio (4 - 8 mts),60,Mediano,-68.8590276124,-32.8895511427,5,Residencial Sur,2423808.92355,0
326,Paraiso sombrilla,07/03/2012 10:33,Medio (4 - 8 mts),64,Grande,-68.8202140935,-32.8677569901,4,Cuarta Este Área Fundacional,1822015.85685,0
39243,Morera,28/12/2010 09:42,Medio (4 - 8 mts),70,Grande,-68.8549708638,-32.8717149473,6,Residencial Norte,2694682.37982,0
42464,Fresno europeo,30/09/2011 17:21,Alto (> 8 mts),130,Grande,-68.8321230566,-32.8759986665,4,Cuarta Este Área Fundacional,1822015.85685,0
5264,Morera,02/05/2011 11:37,Medio (4 - 8 mts),160,Grande,-68.8432820096,-32.8749402308,1,Parque Central,1655357.93265,0
16250,Morera,20/07/2011 09:19,Medio (4 - 8 mts),50,Mediano,-68.8428632694,-32.8648424305,4,Cuarta Oeste,1173332.70145,0
21395,Paraiso,11/05/2011 10:08,Alto (> 8 mts),135,Grande,-68.8549740715,-32.8929504834,5,Residencial Sur,2423808.92355,0
10375,Paraiso,24/08/2010 11:07,Alto (> 8 mts),166,Grande,-68.8474916307,-32.8742395044,6,Residencial Norte,2694682.37982,0
20998,Morera,22/06/2011 09:39,Alto (> 8 mts),85,Grande,-68.86273704,-32.9015150756,5,Residencial Sur,2423808.92355,0
13487,Morera,31/01/2011 12:59,Alto (> 8 mts),140,Grande,-68.8520064717,-32.8636882293,6,Residencial Norte,2694682.37982,0
27561,Platano,28/10/2011 11:41,Alto (> 8 mts),190,Grande,-68.8398247185,-32.8927427316,2,Barrio Civico,2366816.36021,0
31553,Fresno europeo,18/05/2011 09:44,Medio (4 - 8 mts),37,Mediano,-68.8591477363,-32.890429616,5,Residencial Sur,2423808.92355,0
31959,Morera,02/06/2011 13:21,Alto (> 8 mts),150,Grande,-68.8605582279,-32.8836893341,7,Residencial Parque,1786336.08966,0
19544,Morera,26/07/2011 10:12,Medio (4 - 8 mts),80,Grande,-68.8374544606,-32.8705910368,4,Cuarta Oeste,1173332.70145,1
24377,Morera,21/01/2011 14:06,Alto (> 8 mts),160,Grande,-68.8450727751,-32.9036920433,2,Barrio Civico,2366816.36021,0
35194,Olmo comun,23/03/2011 12:39,Alto (> 8 mts),125,Grande,-68.8526681754,-32.8824471336,1,Parque Central,1655357.93265,0
47844,Morera,21/09/2011 09:34,Medio (4 - 8 mts),42,Mediano,-68.8280156797,-32.8732001812,4,Cuarta Este Área Fundacional,1822015.85685,0
3262,Fresno europeo,03/10/2011 10:49,Muy bajo (1 - 2 mts),3,Chico,-68.8322891895,-32.8770033305,4,Cuarta Este Área Fundacional,1822015.85685,0
40096,Morera,15/04/2011 09:08,Alto (> 8 mts),140,Grande,-68.8453175927,-32.8802081921,1,Parque Central,1655357.93265,0
3620,Caducifolio,29/08/2011 11:43,Medio (4 - 8 mts),66,Grande,-68.8249531431,-32.8694280844,4,Cuarta Este Área Fundacional,1822015.85685,0
3921,Morera,01/09/2011 07:40,Alto (> 8 mts),90,Grande,-68.8230255618,-32.8706946978,4,Cuarta Este Área Fundacional,1822015.85685,1
29620,Morera,23/03/2011 19:23,Alto (> 8 mts),98,Grande,-68.844175638,-32.8942121027,2,Barrio Civico,2366816.36021,1
16636,Paraiso,26/07/2011 11:05,Alto (> 8 mts),90,Grande,-68.8405528871,-32.8650901713,4,Cuarta Oeste,1173332.70145,0
36050,Morera,17/03/2011 13:22,Alto (> 8 mts),180,Grande,-68.8573558792,-32.8752251347,6,Residencial Norte,2694682.37982,0
13435,Morera,02/02/2011 12:13,Alto (> 8 mts),130,Grande,-68.8527575531,-32.8646296822,6,Residencial Norte,2694682.37982,0
39908,Morera,02/05/2011 10:58,Alto (> 8 mts),150,Grande,-68.8432541219,-32.8751009751,1,Parque Central,1655357.93265,0
7647,Ailanthus,27/05/2011 11:03,Medio (4 - 8 mts),150,Grande,-68.8547999479,-32.884547309,5,Residencial Sur,2423808.92355,0
11034,Fresno europeo,28/03/2011 16:15,Muy bajo (1 - 2 mts),8,Chico,-68.8576135775,-32.8801491466,7,Residencial Parque,1786336.08966,0
4989,Morera,28/06/2011 10:30,Muy bajo (1 - 2 mts),2,Chico,-68.8329528578,-32.8635235273,4,Cuarta Oeste,1173332.70145,0
9609,Paraiso,27/01/2011 13:37,Medio (4 - 8 mts),90,Grande,-68.8497530575,-32.8641332343,6,Residencial Norte,2694682.37982,0
39106,Fresno europeo,23/12/2010 10:06,Medio (4 - 8 mts),65,Grande,-68.8539399848,-32.8708993726,6,Residencial Norte,2694682.37982,0
36752,Morera,21/03/2011 16:22,Alto (> 8 mts),102,Grande,-68.8572857486,-32.8805869751,7,Residencial Parque,1786336.08966,1
6520,Platano,06/05/2011 10:11,Alto (> 8 mts),228,Grande,-68.85175775,-32.8917956308,5,Residencial Sur,2423808.92355,0
3463,Morera,19/08/2011 09:04,Medio (4 - 8 mts),180,Grande,-68.8272988206,-32.8668547882,4,Cuarta Este Área Fundacional,1822015.85685,0
9566,Fresno europeo,09/02/2011 13:28,Muy bajo (1 - 2 mts),10,Chico,-68.8555383983,-32.8647719502,6,Residencial Norte,2694682.37982,0
9087,Alamo criollo,17/02/2011 11:51,Alto (> 8 mts),133,Grande,-68.8547434784,-32.8662272135,6,Residencial Norte,2694682.37982,0
8539,Fresno europeo,17/02/2011 10:26,Alto (> 8 mts),60,Mediano,-68.8404060325,-32.8992265041,2,Barrio Civico,2366816.36021,0
48339,Olmo comun,19/08/2011 09:03,Medio (4 - 8 mts),110,Grande,-68.8272982401,-32.866822412,4,Cuarta Este Área Fundacional,1822015.85685,0
36026,Morera,18/03/2011 11:03,Alto (> 8 mts),130,Grande,-68.8559701761,-32.8751025395,6,Residencial Norte,2694682.37982,0
46438,Morera,17/08/2011 09:48,Alto (> 8 mts),145,Grande,-68.8318539663,-32.8670686493,4,Cuarta Oeste,1173332.70145,0
18172,Fresno europeo,26/07/2011 09:14,Medio (4 - 8 mts),18,Chico,-68.8397145406,-32.8694811766,4,Cuarta Oeste,1173332.70145,0
27132,Platano,27/10/2011 10:46,Alto (> 8 mts),156,Grande,-68.8391817216,-32.8902157282,3,Parque O'Higgins,1531146.02653,0
29079,Fresno americano,28/04/2011 09:29,Alto (> 8 mts),210,Grande,-68.8445342055,-32.8862611844,1,Parque Central,1655357.93265,0
22482,Paraiso,23/06/2011 12:03,Alto (> 8 mts),140,Grande,-68.8622117926,-32.8987075141,5,Residencial Sur,2423808.92355,0
23859,Perenne,28/01/2011 12:29,Medio (4 - 8 mts),35,Mediano,-68.8509668553,-32.9003659415,2,Barrio Civico,2366816.36021,0
6197,Platano,31/03/2011 15:57,Alto (> 8 mts),114,Grande,-68.8406170031,-32.888108235,3,Parque O'Higgins,1531146.02653,0
14819,Morera,07/12/2011 10:28,Medio (4 - 8 mts),50,Mediano,-68.8779485278,-32.8687414897,8,Aeroparque,2203364.73622,0
28208,Morera,14/03/2011 18:21,Alto (> 8 mts),114,Grande,-68.8480355753,-32.8934987679,2,Barrio Civico,2366816.36021,0
43895,Acacia SP,11/10/2011 09:30,Medio (4 - 8 mts),70,Grande,-68.8325763573,-32.8837827862,3,Parque O'Higgins,1531146.02653,0
2385,Fresno europeo,17/10/2011 12:49,Medio (4 - 8 mts),110,Grande,-68.8366167607,-32.8839901772,3,Parque O'Higgins,1531146.02653,0
25990,Paraiso,31/01/2011 11:20,Alto (> 8 mts),86,Grande,-68.8377569627,-32.9036033947,2,Barrio Civico,2366816.36021,0
10856,Morera,18/03/2011 10:26,Alto (> 8 mts),125,Grande,-68.852877636,-32.8788163741,6,Residencial Norte,2694682.37982,0
21272,Morera,13/06/2011 12:45,Medio (4 - 8 mts),95,Grande,-68.852663947,-32.8960901996,5,Residencial Sur,2423808.92355,0
9119,Paraiso,18/02/2011 13:42,Alto (> 8 mts),187,Grande,-68.8536489373,-32.8651011957,6,Residencial Norte,2694682.37982,0
46222,Morera,27/09/2011 12:00,Medio (4 - 8 mts),120,Grande,-68.8261579378,-32.8746247235,4,Cuarta Este Área Fundacional,1822015.85685,0
39071,Fresno europeo,22/12/2010 09:48,Medio (4 - 8 mts),55,Mediano,-68.8533192806,-32.8710370564,6,Residencial Norte,2694682.37982,0
32302,Paraiso,29/06/2011 09:28,Alto (> 8 mts),140,Grande,-68.8526714238,-32.8913982351,5,Residencial Sur,2423808.92355,0
1562,Fresno americano,21/11/2011 17:40,Bajo (2 - 4 mts),48,Mediano,-68.8735622794,-32.8788084552,7,Residencial Parque,1786336.08966,0
27818,Morera,02/11/2011 11:00,Alto (> 8 mts),110,Grande,-68.8358063669,-32.8942619187,3,Parque O'Higgins,1531146.02653,0
10814,Morera,07/04/2011 17:31,Alto (> 8 mts),68,Grande,-68.8565225722,-32.877210144,6,Residencial Norte,2694682.37982,0
30905,Prunas,17/02/2011 10:08,Medio (4 - 8 mts),20,Chico,-68.8539804422,-32.8660876707,6,Residencial Norte,2694682.37982,0
24947,Morera,09/02/2011 10:04,Alto (> 8 mts),160,Grande,-68.8369009487,-32.896902201,2,Barrio Civico,2366816.36021,1
18766,Morera,11/07/2011 11:44,Alto (> 8 mts),195,Grande,-68.8381438679,-32.8724668728,4,Cuarta Oeste,1173332.70145,0
21768,Morera,23/05/2011 09:03,Alto (> 8 mts),112,Grande,-68.8565164276,-32.895034043,5,Residencial Sur,2423808.92355,0
27283,Platano,31/10/2011 09:13,Alto (> 8 mts),175,Grande,-68.8344274005,-32.8898524542,3,Parque O'Higgins,1531146.02653,0
45222,Fresno europeo,30/09/2011 10:51,Medio (4 - 8 mts),125,Grande,-68.8221965595,-32.8729838081,4,Cuarta Este Área Fundacional,1822015.85685,0
27443,Acacia SP,25/10/2011 08:59,Alto (> 8 mts),150,Grande,-68.8352127063,-32.8911495131,3,Parque O'Higgins,1531146.02653,0
42060,Fresno europeo,12/04/2011 12:39,Bajo (2 - 4 mts),8,Chico,-68.842411419,-32.8805591099,1,Parque Central,1655357.93265,0
5749,Morera,06/05/2011 11:29,Bajo (2 - 4 mts),40,Mediano,-68.8411865512,-32.8789334069,1,Parque Central,1655357.93265,0
40689,Morera,19/04/2011 11:29,Alto (> 8 mts),180,Grande,-68.842922593,-32.8841721986,1,Parque Central,1655357.93265,0
45596,Morera,23/09/2011 09:07,Alto (> 8 mts),165,Grande,-68.8205864055,-32.871636284,4,Cuarta Este Área Fundacional,1822015.85685,1
30488,Platano,17/02/2011 09:33,Alto (> 8 mts),260,Grande,-68.8391249881,-32.8884994766,3,Parque O'Higgins,1531146.02653,1
1550,Acer,22/11/2011 17:57,Medio (4 - 8 mts),110,Grande,-68.8731181759,-32.8792231858,7,Residencial Parque,1786336.08966,0
25276,Paraiso,08/02/2011 09:44,Alto (> 8 mts),110,Grande,-68.8377437662,-32.8994668407,2,Barrio Civico,2366816.36021,0
25330,Morera,09/02/2011 10:32,Alto (> 8 mts),250,Grande,-68.8400149421,-32.8995297296,2,Barrio Civico,2366816.36021,1
14037,Paraiso sombrilla,29/11/2011 16:01,Bajo (2 - 4 mts),50,Mediano,-68.8786992895,-32.8646952629,8,Aeroparque,2203364.73622,0
45533,Fresno europeo,19/09/2011 10:22,Alto (> 8 mts),250,Grande,-68.821206839,-32.8727631416,4,Cuarta Este Área Fundacional,1822015.85685,0
5223,Platano,05/05/2011 13:02,Bajo (2 - 4 mts),16,Chico,-68.8412107171,-32.8747554404,1,Parque Central,1655357.93265,0
48375,Fresno americano,05/09/2011 08:54,Medio (4 - 8 mts),75,Grande,-68.8291643315,-32.8696337216,4,Cuarta Este Área Fundacional,1822015.85685,0
26129,Morera,11/11/2011 11:47,Medio (4 - 8 mts),130,Grande,-68.8301424344,-32.8862714681,3,Parque O'Higgins,1531146.02653,0
24600,Perenne,07/02/2011 10:41,Alto (> 8 mts),350,Grande,-68.8434450619,-32.9030822075,2,Barrio Civico,2366816.36021,0
48127,Morera,17/08/2011 11:15,Medio (4 - 8 mts),86,Grande,-68.829935913,-32.8668597732,4,Cuarta Este Área Fundacional,1822015.85685,0
2115,Fresno europeo,18/10/2011 11:23,Medio (4 - 8 mts),110,Grande,-68.8305148243,-32.8878103388,3,Parque O'Higgins,1531146.02653,0
42506,Morera,30/09/2011 07:27,Alto (> 8 mts),200,Grande,-68.8318813011,-32.8753443436,4,Cuarta Este Área Fundacional,1822015.85685,0
29762,Morera,15/03/2011 08:54,Alto (> 8 mts),152,Grande,-68.8409217371,-32.8936909598,2,Barrio Civico,2366816.36021,0
32626,Fresno europeo,21/06/2011 12:29,Medio (4 - 8 mts),41,Mediano,-68.8529428104,-32.8899554873,5,Residencial Sur,2423808.92355,0
22706,Morera,12/05/2011 12:29,Alto (> 8 mts),28,Mediano,-68.8540496776,-32.8999363392,5,Residencial Sur,2423808.92355,0
34980,Platano,04/04/2011 10:07,Medio (4 - 8 mts),137,Grande,-68.8555309826,-32.8807403602,6,Residencial Norte,2694682.37982,0
95,Morera,29/02/2012 10:39,Bajo (2 - 4 mts),44,Mediano,-68.8559778475,-32.9018181842,5,Residencial Sur,2423808.92355,0
8657,Caducifolio,02/02/2011 10:28,Bajo (2 - 4 mts),32,Mediano,-68.8393789391,-32.9037320482,2,Barrio Civico,2366816.36021,0
698,Morera,09/08/2011 09:44,Alto (> 8 mts),102,Grande,-68.8341549765,-32.8654925927,4,Cuarta Oeste,1173332.70145,0
48128,Morera,17/08/2011 11:11,Alto (> 8 mts),88,Grande,-68.8300449161,-32.8668520324,4,Cuarta Este Área Fundacional,1822015.85685,0
36912,Morera,07/04/2011 16:38,Alto (> 8 mts),150,Grande,-68.8587666868,-32.8789378361,7,Residencial Parque,1786336.08966,0
34350,Morera,28/03/2011 12:42,Medio (4 - 8 mts),100,Grande,-68.8521693293,-32.875111811,6,Residencial Norte,2694682.37982,0
36926,Morera,07/04/2011 16:10,Alto (> 8 mts),135,Grande,-68.8587304572,-32.8798640858,7,Residencial Parque,1786336.08966,0
16384,Morera,03/08/2011 09:23,Medio (4 - 8 mts),77,Grande,-68.8345852033,-32.8658865619,4,Cuarta Oeste,1173332.70145,0
18476,Morera,11/07/2011 09:36,Alto (> 8 mts),155,Grande,-68.8388034389,-32.874326523,1,Parque Central,1655357.93265,0
37146,Platano,01/04/2011 11:46,Alto (> 8 mts),150,Grande,-68.8584176602,-32.8768014197,7,Residencial Parque,1786336.08966,0
33902,Morera,14/07/2011 08:47,Medio (4 - 8 mts),105,Grande,-68.8542725555,-32.8855820558,5,Residencial Sur,2423808.92355,0
19677,Morera,12/07/2011 10:24,Alto (> 8 mts),120,Grande,-68.8356126673,-32.8711371919,4,Cuarta Oeste,1173332.70145,1
32067,Morera,09/06/2011 09:17,Alto (> 8 mts),155,Grande,-68.8601678156,-32.8869087519,5,Residencial Sur,2423808.92355,0
2419,Fresno europeo,19/10/2011 12:38,Bajo (2 - 4 mts),80,Grande,-68.83154308,-32.8887512564,3,Parque O'Higgins,1531146.02653,0
4815,Paraiso,28/07/2011 09:52,Alto (> 8 mts),210,Grande,-68.8411076749,-32.8668531984,4,Cuarta Oeste,1173332.70145,0
29538,Morera,28/02/2011 18:32,Alto (> 8 mts),210,Grande,-68.8435601106,-32.8931883874,2,Barrio Civico,2366816.36021,0
25525,Morera,17/02/2011 15:52,Medio (4 - 8 mts),72,Grande,-68.8400388689,-32.9004978822,2,Barrio Civico,2366816.36021,0
16841,Paraiso,08/08/2011 13:03,Alto (> 8 mts),170,Grande,-68.8392751218,-32.8641967291,4,Cuarta Oeste,1173332.70145,0
41005,Platano,12/04/2011 13:50,Alto (> 8 mts),176,Grande,-68.839343594,-32.8804065178,1,Parque Central,1655357.93265,0
20262,Morera,17/05/2011 10:20,Alto (> 8 mts),132,Grande,-68.8594252156,-32.8925724376,5,Residencial Sur,2423808.92355,0
38724,Morera,15/12/2010 10:07,Alto (> 8 mts),60,Mediano,-68.8510543765,-32.8711664784,6,Residencial Norte,2694682.37982,0
30279,Platano,04/03/2011 12:52,Alto (> 8 mts),225,Grande,-68.8418257926,-32.8899577001,2,Barrio Civico,2366816.36021,0
10859,Conifera,18/03/2011 09:34,Muy bajo (1 - 2 mts),20,Chico,-68.8515225449,-32.878991566,6,Residencial Norte,2694682.37982,0
15390,Paraiso,15/11/2011 12:14,Muy bajo (1 - 2 mts),15,Chico,-68.8605070316,-32.8705626063,7,Residencial Parque,1786336.08966,0
48304,Paraiso sombrilla,19/08/2011 11:16,Medio (4 - 8 mts),106,Grande,-68.8284945419,-32.8686756873,4,Cuarta Este Área Fundacional,1822015.85685,0
25953,Morera,01/02/2011 11:56,Alto (> 8 mts),110,Grande,-68.8385563114,-32.9034664357,2,Barrio Civico,2366816.36021,0
14527,Conifera,05/12/2011 17:13,Muy bajo (1 - 2 mts),16,Chico,-68.879635309,-32.8681818215,8,Aeroparque,2203364.73622,0
13016,Acer,15/02/2011 09:14,Bajo (2 - 4 mts),38,Mediano,-68.8439078456,-32.8651850577,4,Cuarta Oeste,1173332.70145,0
24651,Morera,17/01/2011 13:34,Alto (> 8 mts),160,Grande,-68.8432784711,-32.900543485,2,Barrio Civico,2366816.36021,1
42148,Acacia SP,05/05/2011 11:10,Bajo (2 - 4 mts),5,Chico,-68.8413114004,-32.8742050229,1,Parque Central,1655357.93265,0
38255,Fresno europeo,17/01/2012 08:20,Alto (> 8 mts),100,Grande,-68.8467586451,-32.8736057889,6,Residencial Norte,2694682.37982,0
34261,Morera,04/03/2011 10:35,Bajo (2 - 4 mts),80,Grande,-68.8527699585,-32.8743376939,6,Residencial Norte,2694682.37982,0
14635,Aguaribay,12/12/2011 12:41,Medio (4 - 8 mts),120,Grande,-68.8791033415,-32.8656227866,8,Aeroparque,2203364.73622,0
25705,Morera,04/02/2011 09:47,Alto (> 8 mts),125,Grande,-68.840984248,-32.9025955332,2,Barrio Civico,2366816.36021,0
21767,Morera,23/05/2011 09:05,Medio (4 - 8 mts),79,Grande,-68.8565781513,-32.8950393274,5,Residencial Sur,2423808.92355,1
12985,Morera,15/02/2011 12:35,Alto (> 8 mts),190,Grande,-68.8443603636,-32.8643646163,4,Cuarta Oeste,1173332.70145,0
46940,Morera,07/09/2011 10:18,Alto (> 8 mts),108,Grande,-68.8332953038,-32.8712971803,4,Cuarta Este Área Fundacional,1822015.85685,0
9357,Morera,16/02/2011 10:41,Medio (4 - 8 mts),82,Grande,-68.8454576628,-32.8647730162,4,Cuarta Oeste,1173332.70145,0
28040,Morera,16/03/2011 19:31,Bajo (2 - 4 mts),24,Mediano,-68.8468115293,-32.8935369118,2,Barrio Civico,2366816.36021,0
11887,Acer,02/03/2011 09:41,Bajo (2 - 4 mts),34,Mediano,-68.8510697219,-32.8655354985,6,Residencial Norte,2694682.37982,0
44500,Platano,17/10/2011 09:00,Alto (> 8 mts),200,Grande,-68.8353996874,-32.8836891411,3,Parque O'Higgins,1531146.02653,0
4433,Paraiso,29/07/2011 14:25,Medio (4 - 8 mts),80,Grande,-68.8375161023,-32.8686359477,4,Cuarta Oeste,1173332.70145,0
35948,Morera,23/03/2011 09:58,Alto (> 8 mts),160,Grande,-68.8541164096,-32.8753918187,6,Residencial Norte,2694682.37982,1
13477,Fresno europeo,02/02/2011 08:46,Alto (> 8 mts),90,Grande,-68.852128832099993,-32.8637163149,6,Residencial Norte,2694682.37982,0
25626,Paraiso,15/02/2011 15:37,Alto (> 8 mts),104,Grande,-68.8378987592,-32.9014375741,2,Barrio Civico,2366816.36021,1
36603,Platano,15/06/2011 15:02,Medio (4 - 8 mts),150,Grande,-68.8570586355,-32.8824711639,7,Residencial Parque,1786336.08966,0
39347,Acacia SP,01/12/2010 11:47,Alto (> 8 mts),90,Grande,-68.8562003833,-32.8725615599,6,Residencial Norte,2694682.37982,0
30869,Prunas,15/02/2011 12:49,Muy bajo (1 - 2 mts),20,Chico,-68.8550596589,-32.8656076269,6,Residencial Norte,2694682.37982,0
47778,Platano,15/09/2011 13:03,Alto (> 8 mts),240,Grande,-68.8275898682,-32.8730916569,4,Cuarta Este Área Fundacional,1822015.85685,0
33868,Acacia visco,13/05/2011 11:58,Medio (4 - 8 mts),110,Grande,-68.8551539764,-32.8864282143,5,Residencial Sur,2423808.92355,0
22068,Fresno americano,10/06/2011 12:16,Bajo (2 - 4 mts),54,Mediano,-68.8538480935,-32.8975279591,5,Residencial Sur,2423808.92355,0
11592,Paraiso,10/05/2010 12:28,Medio (4 - 8 mts),132,Grande,-68.8525809309,-32.866655485,6,Residencial Norte,2694682.37982,0
41895,Olmo comun,18/04/2011 09:09,Bajo (2 - 4 mts),50,Mediano,-68.8418641114,-32.8787930846,1,Parque Central,1655357.93265,0
41950,Fresno europeo,19/04/2011 11:24,Medio (4 - 8 mts),68,Grande,-68.8387742829,-32.8784923026,1,Parque Central,1655357.93265,0
2353,Prunas,03/11/2011 17:55,Bajo (2 - 4 mts),70,Grande,-68.8347382206,-32.8860548409,3,Parque O'Higgins,1531146.02653,0
32796,Fresno europeo,14/07/2011 09:48,Medio (4 - 8 mts),73,Grande,-68.8520352787,-32.8851135029,5,Residencial Sur,2423808.92355,0
24218,Prunas,26/01/2011 08:55,Medio (4 - 8 mts),64,Grande,-68.8457500224,-32.9014193015,2,Barrio Civico,2366816.36021,0
18796,Morera,07/07/2011 10:26,Alto (> 8 mts),160,Grande,-68.8374456275,-32.8727967493,4,Cuarta Oeste,1173332.70145,0
10301,Fresno europeo,02/12/2010 10:06,Alto (> 8 mts),90,Grande,-68.8460582895,-32.8722519939,6,Residencial Norte,2694682.37982,0
45394,Fresno europeo,16/09/2011 09:00,Medio (4 - 8 mts),160,Grande,-68.8250094515,-32.8712604361,4,Cuarta Este Área Fundacional,1822015.85685,0
28035,Fresno americano,16/03/2011 18:56,Alto (> 8 mts),36,Mediano,-68.8466492967,-32.8929399026,2,Barrio Civico,2366816.36021,0
31511,Fresno europeo,19/05/2011 10:02,Alto (> 8 mts),122,Grande,-68.8580450106,-32.8909696547,5,Residencial Sur,2423808.92355,0
17809,Paraiso,21/07/2011 12:49,Medio (4 - 8 mts),84,Grande,-68.8431722644,-32.8693364143,4,Cuarta Oeste,1173332.70145,0
44713,Morera,29/08/2011 08:55,Alto (> 8 mts),170,Grande,-68.823036765,-32.8680379387,4,Cuarta Este Área Fundacional,1822015.85685,0
13488,Morera,31/01/2011 12:56,Alto (> 8 mts),160,Grande,-68.8520152344,-32.8635919756,6,Residencial Norte,2694682.37982,0
11021,Paraiso,07/04/2011 12:22,Alto (> 8 mts),113,Grande,-68.8578615388,-32.8804933867,7,Residencial Parque,1786336.08966,0
29851,Platano,14/03/2011 09:35,Alto (> 8 mts),260,Grande,-68.8414037305,-32.8924754217,2,Barrio Civico,2366816.36021,0
18532,Morera,05/07/2011 12:58,Alto (> 8 mts),125,Grande,-68.8376100871,-32.8732579088,4,Cuarta Oeste,1173332.70145,1
14142,Morera,01/12/2011 12:17,Alto (> 8 mts),94,Grande,-68.8757191231,-32.866373763,8,Aeroparque,2203364.73622,0
1238,Jacaranda,29/11/2011 13:18,Alto (> 8 mts),90,Grande,-68.876386435,-32.8654323643,8,Aeroparque,2203364.73622,0
10925,Fresno americano,29/03/2011 11:00,Medio (4 - 8 mts),92,Grande,-68.8510088953,-32.8801124893,1,Parque Central,1655357.93265,0
28066,Morera,21/02/2011 17:59,Alto (> 8 mts),102,Grande,-68.8502149671,-32.891334855,5,Residencial Sur,2423808.92355,0
13347,Morera,12/01/2011 10:18,Medio (4 - 8 mts),38,Mediano,-68.8462262383,-32.8664159031,4,Cuarta Oeste,1173332.70145,0
15859,Fresno americano,30/11/2011 10:07,Bajo (2 - 4 mts),30,Mediano,-68.8728346749,-32.8767103878,7,Residencial Parque,1786336.08966,0
33682,Acacia SP,13/05/2011 10:27,Alto (> 8 mts),130,Grande,-68.8554260245,-32.886978922,5,Residencial Sur,2423808.92355,0
31670,Acer,14/06/2011 10:31,Alto (> 8 mts),150,Grande,-68.8589144398,-32.8889422919,5,Residencial Sur,2423808.92355,0
13556,Paraiso sombrilla,28/01/2011 10:24,Bajo (2 - 4 mts),40,Mediano,-68.8505210786,-32.8643864144,6,Residencial Norte,2694682.37982,0
200,Morera,24/02/2012 10:39,Bajo (2 - 4 mts),26,Mediano,-68.8583997538,-32.8644385862,6,Residencial Norte,2694682.37982,0
36951,Paraiso,08/04/2011 10:42,Alto (> 8 mts),125,Grande,-68.8581436928,-32.8782015296,7,Residencial Parque,1786336.08966,0
22115,Morera,13/06/2011 11:11,Alto (> 8 mts),106,Grande,-68.8548371939,-32.8970212259,5,Residencial Sur,2423808.92355,0
30117,Fresno europeo,26/04/2011 09:39,Muy bajo (1 - 2 mts),5,Chico,-68.8413127587,-32.886984894,3,Parque O'Higgins,1531146.02653,0
35615,Morera,16/03/2011 12:10,Medio (4 - 8 mts),84,Grande,-68.856562587,-32.8740365162,6,Residencial Norte,2694682.37982,0
26966,Fresno europeo,03/11/2011 18:06,Muy bajo (1 - 2 mts),4,Chico,-68.8351725415,-32.8860395542,3,Parque O'Higgins,1531146.02653,0
23609,Morera,21/01/2011 09:02,Medio (4 - 8 mts),72,Grande,-68.8471597815,-32.9001832458,2,Barrio Civico,2366816.36021,0
26105,Fresno europeo,04/11/2011 15:44,Alto (> 8 mts),170,Grande,-68.8336556927,-32.8875541906,3,Parque O'Higgins,1531146.02653,0
41265,Platano,11/04/2011 09:29,Alto (> 8 mts),139,Grande,-68.8408525478,-32.8812032891,1,Parque Central,1655357.93265,0
38816,Paraiso,13/12/2010 12:09,Alto (> 8 mts),130,Grande,-68.8502297164,-32.8714782916,6,Residencial Norte,2694682.37982,0
4837,Fresno europeo,26/07/2011 11:07,Medio (4 - 8 mts),25,Mediano,-68.8404943556,-32.8651037159,4,Cuarta Oeste,1173332.70145,0
34696,Morera,01/04/2011 13:57,Alto (> 8 mts),160,Grande,-68.8501845921,-32.8771078715,6,Residencial Norte,2694682.37982,0
47213,Platano,19/09/2011 10:50,Medio (4 - 8 mts),230,Grande,-68.8321776623,-32.8746363711,4,Cuarta Este Área Fundacional,1822015.85685,0
9733,Fresno europeo,19/01/2011 11:43,Medio (4 - 8 mts),90,Grande,-68.8475864541,-32.8628402063,4,Cuarta Oeste,1173332.70145,0
10303,Morera,02/12/2010 11:47,Alto (> 8 mts),190,Grande,-68.8456319115,-32.8719114802,6,Residencial Norte,2694682.37982,0
41123,Platano,02/05/2011 14:42,Alto (> 8 mts),146,Grande,-68.840039767,-32.8831588351,1,Parque Central,1655357.93265,0
40775,Fresno europeo,25/04/2011 14:42,Alto (> 8 mts),130,Grande,-68.8411611061,-32.8845773134,1,Parque Central,1655357.93265,0
12948,Prunas,12/01/2011 09:19,Medio (4 - 8 mts),80,Grande,-68.8447240998,-32.8637957099,4,Cuarta Oeste,1173332.70145,0
7784,Fresno europeo,12/05/2011 13:07,Bajo (2 - 4 mts),6,Chico,-68.856004746,-32.886364999,5,Residencial Sur,2423808.92355,0
38583,Paraiso,17/12/2010 10:20,Alto (> 8 mts),250,Grande,-68.8518886645,-32.8712942472,6,Residencial Norte,2694682.37982,0
31773,Liquidambar,27/06/2011 11:46,Muy bajo (1 - 2 mts),14,Chico,-68.8586816223,-32.8903869812,5,Residencial Sur,2423808.92355,0
31060,Fresno europeo,16/02/2011 10:13,Alto (> 8 mts),105,Grande,-68.8550398716,-32.8651576563,6,Residencial Norte,2694682.37982,0
25149,Morera,09/02/2011 15:11,Medio (4 - 8 mts),72,Grande,-68.8356073119,-32.8980213819,2,Barrio Civico,2366816.36021,1
21861,Fresno europeo,07/06/2011 09:29,Alto (> 8 mts),107,Grande,-68.8581993368,-32.8958353992,5,Residencial Sur,2423808.92355,1
1203,Fresno europeo,29/11/2011 11:18,Bajo (2 - 4 mts),28,Mediano,-68.877233202,-32.86550301,8,Aeroparque,2203364.73622,0
41864,Conifera,04/05/2011 10:52,Alto (> 8 mts),66,Grande,-68.8415473447,-32.878512708,1,Parque Central,1655357.93265,0
37405,Morera,26/11/2010 13:44,Muy bajo (1 - 2 mts),10,Chico,-68.8573711916,-32.8724749852,6,Residencial Norte,2694682.37982,0
19142,Morera,20/07/2011 10:32,Alto (> 8 mts),160,Grande,-68.8401508019,-32.8720833887,4,Cuarta Oeste,1173332.70145,0
17250,Morera,12/08/2011 09:04,Alto (> 8 mts),220,Grande,-68.8364590022,-32.8640395588,4,Cuarta Oeste,1173332.70145,0
21958,Morera,30/05/2011 12:24,Medio (4 - 8 mts),50,Mediano,-68.8573627737,-32.8945419206,5,Residencial Sur,2423808.92355,0
30319,Fresno europeo,10/03/2011 13:15,Muy bajo (1 - 2 mts),12,Chico,-68.8419909359,-32.891268337,2,Barrio Civico,2366816.36021,0
31038,Paraiso sombrilla,16/02/2011 11:06,Bajo (2 - 4 mts),44,Mediano,-68.8557774907,-32.8649706559,6,Residencial Norte,2694682.37982,0
38028,Fresno europeo,07/12/2010 10:07,Alto (> 8 mts),180,Grande,-68.847818413,-32.8719256361,6,Residencial Norte,2694682.37982,0
27758,Fresno americano,31/10/2011 09:08,Bajo (2 - 4 mts),19,Chico,-68.8347981815,-32.8955318845,3,Parque O'Higgins,1531146.02653,0
44221,Platano,14/10/2011 09:30,Muy bajo (1 - 2 mts),3,Chico,-68.8350131063,-32.8835734234,3,Parque O'Higgins,1531146.02653,0
47790,Morera,23/09/2011 12:44,Alto (> 8 mts),196,Grande,-68.8276372605,-32.8738355347,4,Cuarta Este Área Fundacional,1822015.85685,0
23246,Morera,30/01/2012 17:39,Medio (4 - 8 mts),170,Grande,-68.8527674536,-32.9021533543,2,Barrio Civico,2366816.36021,0
21717,Fresno europeo,09/06/2011 11:10,Alto (> 8 mts),145,Grande,-68.855461018,-32.8958354668,5,Residencial Sur,2423808.92355,1
35764,Morera,21/03/2011 09:05,Medio (4 - 8 mts),180,Grande,-68.8543665301,-32.8742586151,6,Residencial Norte,2694682.37982,0
38973,Morera,28/12/2010 12:20,Alto (> 8 mts),180,Grande,-68.8557721099,-32.8710503681,6,Residencial Norte,2694682.37982,0
14787,Acacia SP,06/12/2011 12:24,Bajo (2 - 4 mts),48,Mediano,-68.8794794528,-32.868445594,8,Aeroparque,2203364.73622,0
5216,Caducifolio,09/08/2011 09:44,Medio (4 - 8 mts),41,Mediano,-68.839874517,-32.8729135063,4,Cuarta Oeste,1173332.70145,0
25376,Morera,10/02/2011 09:19,Alto (> 8 mts),220,Grande,-68.8377292307,-32.9002090705,2,Barrio Civico,2366816.36021,0
28842,Fresno americano,27/04/2011 09:05,Medio (4 - 8 mts),60,Mediano,-68.847163448,-32.8848516005,1,Parque Central,1655357.93265,0
28901,Paraiso,01/03/2011 11:45,Muy bajo (1 - 2 mts),15,Chico,-68.8473266048,-32.8879687961,2,Barrio Civico,2366816.36021,0
45575,Morera,01/09/2011 10:49,Alto (> 8 mts),92,Grande,-68.8217303715,-32.8705937229,4,Cuarta Este Área Fundacional,1822015.85685,0
42106,Caducifolio,04/05/2011 10:08,Muy bajo (1 - 2 mts),12,Chico,-68.8430748149,-32.877199524,1,Parque Central,1655357.93265,1
35154,Morera,30/03/2011 10:39,Alto (> 8 mts),125,Grande,-68.8515225379,-32.8822997226,1,Parque Central,1655357.93265,0
39495,Paraiso,11/11/2010 09:59,Alto (> 8 mts),90,Grande,-68.853786323,-32.8691486432,6,Residencial Norte,2694682.37982,0
22657,Morera,21/06/2011 11:10,Alto (> 8 mts),125,Grande,-68.8602189366,-32.9004960341,5,Residencial Sur,2423808.92355,0
41976,Morera,20/04/2011 14:11,Medio (4 - 8 mts),50,Mediano,-68.8378013097,-32.8796473082,1,Parque Central,1655357.93265,0
27745,Morera,31/10/2011 09:23,Bajo (2 - 4 mts),10,Chico,-68.8356389861,-32.8957721208,2,Barrio Civico,2366816.36021,0
33086,Platano,28/06/2011 09:32,Alto (> 8 mts),125,Grande,-68.853325082,-32.8913899866,5,Residencial Sur,2423808.92355,0
34765,Morera,30/03/2011 10:33,Alto (> 8 mts),180,Grande,-68.8512266198,-32.878461805,6,Residencial Norte,2694682.37982,0
15163,Fresno europeo,21/11/2011 12:33,Bajo (2 - 4 mts),18,Chico,-68.8594663015,-32.8691473434,6,Residencial Norte,2694682.37982,0
38481,Acacia SP,03/11/2010 11:13,Alto (> 8 mts),190,Grande,-68.8511679375,-32.8703040184,6,Residencial Norte,2694682.37982,0
41565,Tipa,06/05/2011 12:22,Alto (> 8 mts),500,Grande,-68.8416613968,-32.8795757682,1,Parque Central,1655357.93265,0
40914,Morera,11/04/2011 16:21,Medio (4 - 8 mts),54,Mediano,-68.838642191899993,-32.886166167,3,Parque O'Higgins,1531146.02653,0
45204,Fresno europeo,28/09/2011 10:37,Alto (> 8 mts),170,Grande,-68.8232388753,-32.8723710877,4,Cuarta Este Área Fundacional,1822015.85685,0
15112,Morera,18/11/2011 09:07,Bajo (2 - 4 mts),27,Mediano,-68.8590073709,-32.8687901608,6,Residencial Norte,2694682.37982,0
21410,Fresno europeo,10/05/2011 12:09,Alto (> 8 mts),88,Grande,-68.8560173983,-32.8922029218,5,Residencial Sur,2423808.92355,0
30040,Fresno europeo,05/05/2011 09:31,Muy bajo (1 - 2 mts),6,Chico,-68.8398315032,-32.8867599289,3,Parque O'Higgins,1531146.02653,0
12023,Morera,07/04/2010 11:39,Medio (4 - 8 mts),135,Grande,-68.8532872232,-32.8671792019,6,Residencial Norte,2694682.37982,0
39245,Morera,28/12/2010 09:48,Alto (> 8 mts),90,Grande,-68.8549930828,-32.8718275396,6,Residencial Norte,2694682.37982,0
20380,Fresno europeo,24/05/2011 10:10,Alto (> 8 mts),94,Grande,-68.8617504222,-32.8943528649,5,Residencial Sur,2423808.92355,0
8408,Morera,16/02/2011 16:30,Medio (4 - 8 mts),36,Mediano,-68.8381669802,-32.9024972329,2,Barrio Civico,2366816.36021,0
16426,Paraiso,12/08/2011 10:20,Medio (4 - 8 mts),60,Mediano,-68.8420675194,-32.8645987823,4,Cuarta Oeste,1173332.70145,0
45499,Fresno americano,19/09/2011 11:14,Bajo (2 - 4 mts),45,Mediano,-68.8205110955,-32.8723004781,4,Cuarta Este Área Fundacional,1822015.85685,0
6576,Fresno europeo,18/05/2011 09:39,Bajo (2 - 4 mts),20,Chico,-68.8590191069,-32.8905529984,5,Residencial Sur,2423808.92355,0
20174,Fresno europeo,13/05/2011 09:35,Medio (4 - 8 mts),96,Grande,-68.8599246331,-32.8925126316,5,Residencial Sur,2423808.92355,0
12966,Morera,12/01/2011 11:48,Alto (> 8 mts),140,Grande,-68.8444763711,-32.8634118003,4,Cuarta Oeste,1173332.70145,0
3239,Fresno europeo,29/09/2011 13:37,Muy bajo (1 - 2 mts),3,Chico,-68.8272006094,-32.8672846635,4,Cuarta Este Área Fundacional,1822015.85685,0
39668,Morera,21/10/2010 13:44,Alto (> 8 mts),120,Grande,-68.8474454659,-32.8689456742,6,Residencial Norte,2694682.37982,0
42075,Morera,12/04/2011 11:03,Alto (> 8 mts),160,Grande,-68.8422128083,-32.8796291239,1,Parque Central,1655357.93265,0
8443,Morera,09/02/2011 17:47,Alto (> 8 mts),108,Grande,-68.8367421144,-32.8987575118,2,Barrio Civico,2366816.36021,1
7544,Acer,16/06/2011 09:53,Bajo (2 - 4 mts),66,Grande,-68.8568699895,-32.8835763378,5,Residencial Sur,2423808.92355,0
29271,Morera,23/02/2011 14:49,Alto (> 8 mts),220,Grande,-68.8442874672,-32.888326834,2,Barrio Civico,2366816.36021,0
43596,Platano,13/10/2011 12:12,Alto (> 8 mts),220,Grande,-68.8325568597,-32.88272236,3,Parque O'Higgins,1531146.02653,0
6749,Fresno europeo,17/05/2011 13:12,Alto (> 8 mts),120,Grande,-68.8588930589,-32.8935937683,5,Residencial Sur,2423808.92355,1
1358,Paraiso sombrilla,30/11/2011 10:56,Bajo (2 - 4 mts),35,Mediano,-68.8771860665,-32.8649305241,8,Aeroparque,2203364.73622,0
37515,Paraiso,15/11/2010 10:45,Medio (4 - 8 mts),115,Grande,-68.8563643357,-32.8699512527,6,Residencial Norte,2694682.37982,0
24394,Morera,21/01/2011 12:50,Alto (> 8 mts),135,Grande,-68.8440967845,-32.9031482826,2,Barrio Civico,2366816.36021,0
47204,Morera,20/09/2011 10:13,Medio (4 - 8 mts),235,Grande,-68.8349224458,-32.8739938699,4,Cuarta Este Área Fundacional,1822015.85685,0
15031,Morera,19/12/2011 10:02,Muy bajo (1 - 2 mts),26,Mediano,-68.8821017321,-32.8733626681,8,Aeroparque,2203364.73622,0
44488,Platano,17/10/2011 10:44,Alto (> 8 mts),220,Grande,-68.8354409492,-32.8846153929,3,Parque O'Higgins,1531146.02653,0
14596,Paraiso,14/12/2011 10:07,Medio (4 - 8 mts),58,Mediano,-68.8794456402,-32.8683096534,8,Aeroparque,2203364.73622,0
41913,Morera,18/04/2011 11:41,Medio (4 - 8 mts),150,Grande,-68.8430106137,-32.8791522305,1,Parque Central,1655357.93265,0
14396,Fresno americano,02/12/2011 10:17,Muy bajo (1 - 2 mts),8,Chico,-68.8785084935,-32.8671470423,8,Aeroparque,2203364.73622,0
35968,Morera,22/03/2011 13:47,Medio (4 - 8 mts),145,Grande,-68.8549360474,-32.876209436,6,Residencial Norte,2694682.37982,0
37531,Paraiso,17/11/2010 12:11,Medio (4 - 8 mts),80,Grande,-68.85773834,-32.8705311697,6,Residencial Norte,2694682.37982,0
37575,Morera,16/11/2010 10:21,Alto (> 8 mts),90,Grande,-68.8571442637,-32.8705268859,6,Residencial Norte,2694682.37982,0
39562,Paraiso,28/10/2010 11:57,Medio (4 - 8 mts),80,Grande,-68.8500352839,-32.8689123933,6,Residencial Norte,2694682.37982,0
34572,Morera,30/03/2011 12:49,Alto (> 8 mts),180,Grande,-68.8488347057,-32.8752889687,6,Residencial Norte,2694682.37982,0
14611,Aguaribay,13/12/2011 12:41,Medio (4 - 8 mts),180,Grande,-68.8802362308,-32.8661184093,8,Aeroparque,2203364.73622,0
5349,Morera,25/04/2011 12:50,Medio (4 - 8 mts),110,Grande,-68.8440192824,-32.8779132378,1,Parque Central,1655357.93265,0
36682,Fresno europeo,03/06/2011 15:47,Muy bajo (1 - 2 mts),3,Chico,-68.8587705769,-32.8834103156,5,Residencial Sur,2423808.92355,0
187,Morera,24/02/2012 11:24,Bajo (2 - 4 mts),48,Mediano,-68.8576696196,-32.8646360973,6,Residencial Norte,2694682.37982,0
32406,Morera,24/05/2011 13:17,Alto (> 8 mts),62,Grande,-68.8511457078,-32.8888908076,5,Residencial Sur,2423808.92355,0
11891,Morera,02/03/2011 09:26,Alto (> 8 mts),230,Grande,-68.8510425843,-32.8658853049,6,Residencial Norte,2694682.37982,0
32999,Morera,19/05/2011 09:57,Alto (> 8 mts),150,Grande,-68.8524021175,-32.8879069279,5,Residencial Sur,2423808.92355,0
44361,Fresno europeo,17/10/2011 13:01,Bajo (2 - 4 mts),25,Mediano,-68.8368362791,-32.8823465226,1,Parque Central,1655357.93265,0
12656,Fresno americano,17/01/2011 11:44,Muy bajo (1 - 2 mts),6,Chico,-68.8468321886,-32.8633977872,4,Cuarta Oeste,1173332.70145,0
9380,Morera,16/02/2011 11:51,Medio (4 - 8 mts),124,Grande,-68.8453934806,-32.8644113743,4,Cuarta Oeste,1173332.70145,0
18271,Morera,04/08/2011 10:18,Alto (> 8 mts),120,Grande,-68.8393431417,-32.8694615626,4,Cuarta Oeste,1173332.70145,0
39080,Acacia SP,22/12/2010 09:26,Alto (> 8 mts),70,Grande,-68.8533938693,-32.8714870894,6,Residencial Norte,2694682.37982,0
29352,Platano,25/04/2011 08:43,Alto (> 8 mts),195,Grande,-68.8429091394,-32.8876690393,3,Parque O'Higgins,1531146.02653,0
14980,Paraiso sombrilla,21/12/2011 13:10,Bajo (2 - 4 mts),56,Mediano,-68.8806348107,-32.8714141196,8,Aeroparque,2203364.73622,0
17309,Morera,04/08/2011 09:46,Alto (> 8 mts),132,Grande,-68.8355738284,-32.865192478,4,Cuarta Oeste,1173332.70145,0
16734,Morera,10/08/2011 13:03,Alto (> 8 mts),170,Grande,-68.8393036753,-32.863913491,4,Cuarta Oeste,1173332.70145,0
22385,Fresno europeo,16/06/2011 11:14,Bajo (2 - 4 mts),33,Mediano,-68.8583246114,-32.8982097399,5,Residencial Sur,2423808.92355,0
7168,Morera,13/05/2011 13:52,Medio (4 - 8 mts),32,Mediano,-68.8555453985,-32.8985550553,5,Residencial Sur,2423808.92355,0
30445,Platano,21/02/2011 09:08,Alto (> 8 mts),121,Grande,-68.8413490557,-32.8881603828,3,Parque O'Higgins,1531146.02653,0
43108,Fresno europeo,04/10/2011 09:40,Muy bajo (1 - 2 mts),6,Chico,-68.8294002231,-32.878360394,4,Cuarta Este Área Fundacional,1822015.85685,0
41558,Morera,06/05/2011 12:40,Medio (4 - 8 mts),130,Grande,-68.840990913,-32.8796592259,1,Parque Central,1655357.93265,0
44731,Morera,26/08/2011 07:26,Alto (> 8 mts),180,Grande,-68.8241519787,-32.8682058558,4,Cuarta Este Área Fundacional,1822015.85685,0
20404,Morera,23/05/2011 14:00,Alto (> 8 mts),170,Grande,-68.8618525926,-32.8933501014,5,Residencial Sur,2423808.92355,1
33651,Paraiso,16/05/2011 09:55,Alto (> 8 mts),136,Grande,-68.8568417799,-32.886725718,5,Residencial Sur,2423808.92355,0
37287,Fresno europeo,15/03/2011 11:33,Alto (> 8 mts),126,Grande,-68.8583977729,-32.8734481778,6,Residencial Norte,2694682.37982,0
15744,Jacaranda,22/11/2011 10:03,Medio (4 - 8 mts),52,Mediano,-68.8730169071,-32.879483062,7,Residencial Parque,1786336.08966,0
24030,Morera,21/01/2011 12:43,Alto (> 8 mts),180,Grande,-68.8439101104,-32.8989899417,2,Barrio Civico,2366816.36021,0
29462,Morera,15/03/2011 13:42,Alto (> 8 mts),240,Grande,-68.8443195638,-32.8939287218,2,Barrio Civico,2366816.36021,0
3088,Morera,09/09/2011 08:46,Medio (4 - 8 mts),100,Grande,-68.8320447982,-32.8715201908,4,Cuarta Este Área Fundacional,1822015.85685,0
7711,Caducifolio,31/05/2011 08:44,Muy bajo (1 - 2 mts),20,Chico,-68.8574277826,-32.8844194083,5,Residencial Sur,2423808.92355,0
30119,Fresno americano,26/04/2011 09:37,Alto (> 8 mts),117,Grande,-68.8414773758,-32.8869632818,3,Parque O'Higgins,1531146.02653,0
14280,Olmo bola,07/12/2011 09:48,Medio (4 - 8 mts),80,Grande,-68.877835757,-32.8686213875,8,Aeroparque,2203364.73622,0
37543,Paraiso,16/11/2010 12:22,Alto (> 8 mts),190,Grande,-68.8576146394,-32.8697763106,6,Residencial Norte,2694682.37982,0
22519,Morera,21/06/2011 10:09,Medio (4 - 8 mts),90,Grande,-68.8603000437,-32.8994126509,5,Residencial Sur,2423808.92355,1
3378,Fresno europeo,28/09/2011 12:02,Alto (> 8 mts),168,Grande,-68.8294015699,-32.8758364252,4,Cuarta Este Área Fundacional,1822015.85685,0
26079,Fresno europeo,04/11/2011 17:23,Alto (> 8 mts),210,Grande,-68.8332386736,-32.8861346429,3,Parque O'Higgins,1531146.02653,0
38902,Paraiso,26/10/2010 11:31,Alto (> 8 mts),160,Grande,-68.8491613216,-32.8704974855,6,Residencial Norte,2694682.37982,1
22045,Morera,16/05/2011 09:54,Alto (> 8 mts),145,Grande,-68.8572489345,-32.894002785,5,Residencial Sur,2423808.92355,0
9790,Morera,17/01/2011 13:36,Alto (> 8 mts),170,Grande,-68.8470254427,-32.8630342012,4,Cuarta Oeste,1173332.70145,0
43914,Platano,11/10/2011 09:01,Alto (> 8 mts),200,Grande,-68.8333817308,-32.8847850908,3,Parque O'Higgins,1531146.02653,1
42900,Olmo comun,03/10/2011 08:16,Medio (4 - 8 mts),18,Chico,-68.8335771874,-32.8774672137,4,Cuarta Este Área Fundacional,1822015.85685,0
13032,Fresno europeo,16/02/2011 09:44,Bajo (2 - 4 mts),38,Mediano,-68.8447431626,-32.8659688361,4,Cuarta Oeste,1173332.70145,0
28037,Fresno europeo,16/03/2011 19:14,Alto (> 8 mts),102,Grande,-68.8466900952,-32.8930673796,2,Barrio Civico,2366816.36021,0
30152,Platano,15/03/2011 12:11,Alto (> 8 mts),155,Grande,-68.8396149452,-32.8910160866,3,Parque O'Higgins,1531146.02653,0
29815,Platano,04/03/2011 12:49,Alto (> 8 mts),120,Grande,-68.8425343227,-32.8920928977,2,Barrio Civico,2366816.36021,0
1259,Fresno europeo,05/12/2011 11:33,Muy bajo (1 - 2 mts),19,Chico,-68.8791172307,-32.8690173313,8,Aeroparque,2203364.73622,0
39871,Morera,03/05/2011 13:00,Alto (> 8 mts),145,Grande,-68.844479909,-32.8746391969,1,Parque Central,1655357.93265,0
29238,Platano,25/02/2011 09:28,Alto (> 8 mts),140,Grande,-68.8451999844,-32.8874309403,1,Parque Central,1655357.93265,0
22401,Morera,16/06/2011 08:44,Medio (4 - 8 mts),78,Grande,-68.8609385218,-32.8981984536,5,Residencial Sur,2423808.92355,0
41733,Morera,26/04/2011 09:46,Medio (4 - 8 mts),65,Grande,-68.8374344173,-32.8774859677,1,Parque Central,1655357.93265,0
37213,Morera,14/03/2011 11:13,Bajo (2 - 4 mts),30,Mediano,-68.8585035238,-32.8727293767,6,Residencial Norte,2694682.37982,0
20608,Acacia SP,30/05/2011 10:05,Alto (> 8 mts),95,Grande,-68.8622106635,-32.897719956,5,Residencial Sur,2423808.92355,0
21687,Morera,10/06/2011 08:25,Alto (> 8 mts),148,Grande,-68.856588809,-32.8951641625,5,Residencial Sur,2423808.92355,1
9072,Paraiso sombrilla,17/02/2011 13:05,Medio (4 - 8 mts),90,Grande,-68.8541703665,-32.8659144791,6,Residencial Norte,2694682.37982,0
15371,Aguaribay,15/11/2011 14:15,Alto (> 8 mts),120,Grande,-68.8606888473,-32.8700477754,7,Residencial Parque,1786336.08966,0
47009,Alamo blanco,08/09/2011 13:01,Alto (> 8 mts),140,Grande,-68.8318766394,-32.8708427043,4,Cuarta Este Área Fundacional,1822015.85685,0
12230,Fresno europeo,18/01/2011 11:21,Medio (4 - 8 mts),34,Mediano,-68.8452874664,-32.8674456625,4,Cuarta Oeste,1173332.70145,0
33146,Platano,09/06/2011 09:32,Alto (> 8 mts),185,Grande,-68.8534291661,-32.892499226,5,Residencial Sur,2423808.92355,0
3411,Morera,19/08/2011 09:33,Alto (> 8 mts),110,Grande,-68.8333078751,-32.868229259,4,Cuarta Oeste,1173332.70145,0
13224,Morera,21/02/2011 12:51,Alto (> 8 mts),140,Grande,-68.8475445073,-32.8652608898,6,Residencial Norte,2694682.37982,0
29860,Platano,14/03/2011 09:01,Alto (> 8 mts),133,Grande,-68.8421056672,-32.8923470913,2,Barrio Civico,2366816.36021,0
15137,Paraiso,21/11/2011 12:59,Bajo (2 - 4 mts),25,Mediano,-68.8598272688,-32.8696668748,6,Residencial Norte,2694682.37982,0
3989,Fresno europeo,23/09/2011 11:51,Medio (4 - 8 mts),100,Grande,-68.8307190385,-32.8777290369,4,Cuarta Este Área Fundacional,1822015.85685,0
42162,Morera,04/05/2011 12:38,Medio (4 - 8 mts),110,Grande,-68.841586414,-32.8736921832,1,Parque Central,1655357.93265,0
14569,Aguaribay,14/12/2011 11:07,Alto (> 8 mts),140,Grande,-68.8787626183,-32.8673022876,8,Aeroparque,2203364.73622,0
21505,Fresno europeo,11/05/2011 10:45,Alto (> 8 mts),105,Grande,-68.8533687397,-32.8942125119,5,Residencial Sur,2423808.92355,0
45348,Morera,16/09/2011 09:04,Medio (4 - 8 mts),140,Grande,-68.8245160137,-32.8733231807,4,Cuarta Este Área Fundacional,1822015.85685,1
24501,Olmo comun,10/01/2011 12:16,Alto (> 8 mts),170,Grande,-68.8471774066,-32.9026167879,2,Barrio Civico,2366816.36021,0
1292,Olmo bola,30/11/2011 17:57,Bajo (2 - 4 mts),44,Mediano,-68.8774551813,-32.8694127044,8,Aeroparque,2203364.73622,0
34224,Morera,23/03/2011 10:33,Medio (4 - 8 mts),120,Grande,-68.8523275556,-32.875191888,6,Residencial Norte,2694682.37982,0
47964,Morera,02/09/2011 10:14,Alto (> 8 mts),308,Grande,-68.825688611,-32.8687387148,4,Cuarta Este Área Fundacional,1822015.85685,1
2133,Morera,09/11/2011 09:39,Muy bajo (1 - 2 mts),14,Chico,-68.8344133331,-32.8915655913,3,Parque O'Higgins,1531146.02653,0
12933,Olmo bola,12/01/2011 13:17,Medio (4 - 8 mts),130,Grande,-68.8439407887,-32.8641490961,4,Cuarta Oeste,1173332.70145,0
17184,Olmo comun,04/07/2011 10:39,Alto (> 8 mts),160,Grande,-68.8362684042,-32.8631632224,4,Cuarta Oeste,1173332.70145,0
22940,Jacaranda,19/05/2011 15:40,Medio (4 - 8 mts),36,Mediano,-68.8548960185,-32.9004473031,5,Residencial Sur,2423808.92355,0
7616,Morera,06/06/2011 12:51,Muy bajo (1 - 2 mts),9,Chico,-68.8603670597,-32.8827564197,7,Residencial Parque,1786336.08966,0
13989,Paraiso,29/11/2011 18:20,Bajo (2 - 4 mts),100,Grande,-68.8781281854,-32.8644271477,8,Aeroparque,2203364.73622,0
5696,Morera,29/04/2011 13:57,Bajo (2 - 4 mts),20,Chico,-68.8392989986,-32.8748372497,1,Parque Central,1655357.93265,0
31539,Morera,18/05/2011 10:26,Alto (> 8 mts),111,Grande,-68.8601729315,-32.8903877558,5,Residencial Sur,2423808.92355,0
41665,Fresno europeo,26/04/2011 09:58,Medio (4 - 8 mts),50,Mediano,-68.8373324484,-32.8773144476,1,Parque Central,1655357.93265,0
1663,Paraiso,23/11/2011 08:22,Bajo (2 - 4 mts),20,Chico,-68.8719667652,-32.87850746,7,Residencial Parque,1786336.08966,0
15424,Paraiso,17/11/2011 13:11,Bajo (2 - 4 mts),65,Grande,-68.8585750985,-32.8715032173,6,Residencial Norte,2694682.37982,0
6774,Perenne,23/05/2011 09:19,Bajo (2 - 4 mts),250,Grande,-68.8570148154,-32.8950694877,5,Residencial Sur,2423808.92355,0
4538,Conifera,01/08/2011 09:38,Alto (> 8 mts),70,Grande,-68.8397307906,-32.8672190278,4,Cuarta Oeste,1173332.70145,0
45760,Morera,24/08/2011 10:44,Alto (> 8 mts),140,Grande,-68.8205955338,-32.8701862084,4,Cuarta Este Área Fundacional,1822015.85685,0
32163,Fresno europeo,11/05/2011 10:16,Medio (4 - 8 mts),130,Grande,-68.8580032174,-32.8850096932,5,Residencial Sur,2423808.92355,0
9238,Paraiso,28/02/2011 12:53,Alto (> 8 mts),182,Grande,-68.8491336511,-32.8657717781,6,Residencial Norte,2694682.37982,0
22313,Fresno europeo,09/06/2011 10:36,Alto (> 8 mts),112,Grande,-68.857715107,-32.8981130177,5,Residencial Sur,2423808.92355,0
42745,Fresno europeo,26/09/2011 10:22,Medio (4 - 8 mts),80,Grande,-68.8273739863,-32.8779089316,4,Cuarta Este Área Fundacional,1822015.85685,0
23443,Paraiso,18/01/2011 15:25,Alto (> 8 mts),150,Grande,-68.8487056982,-32.9026754529,2,Barrio Civico,2366816.36021,0
22986,Paraiso,02/06/2011 11:07,Alto (> 8 mts),116,Grande,-68.8565319332,-32.9004330651,5,Residencial Sur,2423808.92355,0
28121,Fresno europeo,14/03/2011 17:27,Alto (> 8 mts),108,Grande,-68.8465353712,-32.8918585539,2,Barrio Civico,2366816.36021,0
32049,Platano,09/06/2011 13:17,Alto (> 8 mts),160,Grande,-68.8610275629,-32.8877399884,5,Residencial Sur,2423808.92355,0
44719,Paraiso,26/08/2011 13:34,Alto (> 8 mts),80,Grande,-68.823607325,-32.8680119885,4,Cuarta Este Área Fundacional,1822015.85685,0
2973,Morera,15/09/2011 16:05,Bajo (2 - 4 mts),10,Chico,-68.8258681945,-32.8717699481,4,Cuarta Este Área Fundacional,1822015.85685,0
11900,Paraiso,03/03/2011 09:36,Alto (> 8 mts),135,Grande,-68.8508078181,-32.8663480952,6,Residencial Norte,2694682.37982,0
4789,Fresno europeo,03/08/2011 09:44,Muy bajo (1 - 2 mts),2,Chico,-68.8385184638,-32.8670829567,4,Cuarta Oeste,1173332.70145,0
335,Jacaranda,07/03/2012 10:06,Medio (4 - 8 mts),48,Mediano,-68.8208082932,-32.867801711,4,Cuarta Este Área Fundacional,1822015.85685,0
8206,Platano,15/03/2011 09:52,Alto (> 8 mts),208,Grande,-68.8404944837,-32.8927801243,2,Barrio Civico,2366816.36021,0
20968,Fresno europeo,27/05/2011 10:20,Bajo (2 - 4 mts),45,Mediano,-68.8618850159,-32.8954328185,5,Residencial Sur,2423808.92355,0
31515,Platano,18/05/2011 12:31,Alto (> 8 mts),220,Grande,-68.8591287298,-32.8914575772,5,Residencial Sur,2423808.92355,0
14375,Paraiso sombrilla,30/11/2011 12:18,Bajo (2 - 4 mts),72,Grande,-68.8783311559,-32.8661210588,8,Aeroparque,2203364.73622,0
21974,Morera,30/05/2011 11:42,Alto (> 8 mts),112,Grande,-68.8580874598,-32.894976436,5,Residencial Sur,2423808.92355,1
24052,Paraiso,21/01/2011 10:14,Alto (> 8 mts),117,Grande,-68.8458502123,-32.9010208456,2,Barrio Civico,2366816.36021,0
317,Alamo criollo,05/03/2012 12:41,Alto (> 8 mts),280,Grande,-68.8215088145,-32.8671385045,4,Cuarta Este Área Fundacional,1822015.85685,0
36598,Paraiso sombrilla,15/06/2011 15:22,Medio (4 - 8 mts),100,Grande,-68.8569328356,-32.8820187309,7,Residencial Parque,1786336.08966,0
34798,Morera,30/03/2011 10:21,Alto (> 8 mts),140,Grande,-68.8507699677,-32.8761893866,6,Residencial Norte,2694682.37982,0
11984,Olmo bola,14/05/2010 11:58,Medio (4 - 8 mts),92,Grande,-68.8510072616,-32.8678917164,6,Residencial Norte,2694682.37982,0
43197,Morera,11/11/2011 09:46,Alto (> 8 mts),190,Grande,-68.8282158321,-32.8824430799,3,Parque O'Higgins,1531146.02653,0
1386,Acer,23/11/2011 11:12,Muy bajo (1 - 2 mts),8,Chico,-68.8708085716,-32.8789680399,7,Residencial Parque,1786336.08966,0
9433,Morera,11/02/2011 12:16,Medio (4 - 8 mts),80,Grande,-68.8564970089,-32.8643860196,6,Residencial Norte,2694682.37982,0
12367,Morera,13/01/2011 11:51,Alto (> 8 mts),190,Grande,-68.8474964331,-32.8673846322,6,Residencial Norte,2694682.37982,0
2179,Morera,08/11/2011 15:34,Medio (4 - 8 mts),64,Grande,-68.8341331444,-32.887469953,3,Parque O'Higgins,1531146.02653,0
17249,Morera,12/08/2011 09:06,Alto (> 8 mts),180,Grande,-68.836472167,-32.8640851116,4,Cuarta Oeste,1173332.70145,0
33275,Fresno europeo,29/06/2011 11:22,Medio (4 - 8 mts),65,Grande,-68.8547875702,-32.8911173591,5,Residencial Sur,2423808.92355,0
1690,Fresno americano,24/11/2011 12:40,Bajo (2 - 4 mts),20,Chico,-68.8719557269,-32.87794014,7,Residencial Parque,1786336.08966,0
9465,Fresno europeo,11/02/2011 13:00,Medio (4 - 8 mts),28,Mediano,-68.8566906837,-32.8649188506,6,Residencial Norte,2694682.37982,0
27839,Morera,02/11/2011 10:17,Alto (> 8 mts),110,Grande,-68.8355509627,-32.8951968004,2,Barrio Civico,2366816.36021,0
45932,Morera,29/08/2011 12:14,Alto (> 8 mts),180,Grande,-68.8188484046,-32.8702385226,4,Cuarta Este Área Fundacional,1822015.85685,0
4657,Palo borracho,12/08/2011 09:43,Bajo (2 - 4 mts),70,Grande,-68.8353616369,-32.8643049274,4,Cuarta Oeste,1173332.70145,0
43003,Morera,05/10/2011 11:53,Medio (4 - 8 mts),98,Grande,-68.8336389697,-32.8786586128,1,Parque Central,1655357.93265,0
17172,Morera,06/07/2011 09:43,Medio (4 - 8 mts),120,Grande,-68.8355384207,-32.863594718,4,Cuarta Oeste,1173332.70145,0
35865,Morera,28/03/2011 13:44,Alto (> 8 mts),197,Grande,-68.8527549458,-32.875650299,6,Residencial Norte,2694682.37982,0
46838,Platano,16/09/2011 07:58,Alto (> 8 mts),280,Grande,-68.8343135268,-32.8717625475,4,Cuarta Oeste,1173332.70145,1
18268,Morera,04/08/2011 10:25,Alto (> 8 mts),95,Grande,-68.8394033747,-32.8696977694,4,Cuarta Oeste,1173332.70145,0
27956,Morera,03/11/2011 10:03,Medio (4 - 8 mts),105,Grande,-68.8362766791,-32.8940608271,3,Parque O'Higgins,1531146.02653,1
39394,Morera,12/11/2010 10:21,Alto (> 8 mts),170,Grande,-68.856231717,-32.8696354793,6,Residencial Norte,2694682.37982,1
4987,Morera,28/06/2011 10:37,Alto (> 8 mts),70,Grande,-68.8331740756,-32.8635359341,4,Cuarta Oeste,1173332.70145,0
43144,Morera,05/10/2011 11:23,Alto (> 8 mts),160,Grande,-68.8296105365,-32.8801397206,4,Cuarta Este Área Fundacional,1822015.85685,0
47079,Fresno europeo,23/09/2011 11:47,Medio (4 - 8 mts),30,Mediano,-68.833519834,-32.8732404493,4,Cuarta Este Área Fundacional,1822015.85685,0
14580,Morera,14/12/2011 10:37,Bajo (2 - 4 mts),20,Chico,-68.8788940276,-32.8677677951,8,Aeroparque,2203364.73622,0
42670,Morera,23/09/2011 12:18,Alto (> 8 mts),205,Grande,-68.8303598843,-32.8766411787,4,Cuarta Este Área Fundacional,1822015.85685,1
25812,Paraiso,01/02/2011 13:43,Alto (> 8 mts),130,Grande,-68.8402028375,-32.9034827733,2,Barrio Civico,2366816.36021,0
21730,Acer,24/05/2011 09:47,Medio (4 - 8 mts),112,Grande,-68.855374457,-32.8945785898,5,Residencial Sur,2423808.92355,0
47212,Fresno europeo,19/09/2011 10:53,Medio (4 - 8 mts),55,Mediano,-68.8321691797,-32.8745447477,4,Cuarta Este Área Fundacional,1822015.85685,0
10033,Acacia SP,01/11/2010 12:33,Bajo (2 - 4 mts),43,Mediano,-68.8496894553,-32.8704617487,6,Residencial Norte,2694682.37982,0
22375,Morera,16/06/2011 11:31,Medio (4 - 8 mts),65,Grande,-68.8591521521,-32.8981751481,5,Residencial Sur,2423808.92355,0
14431,Morera,02/12/2011 09:05,Medio (4 - 8 mts),75,Grande,-68.8781218631,-32.8683892654,8,Aeroparque,2203364.73622,0
38024,Fresno europeo,07/12/2010 10:12,Alto (> 8 mts),140,Grande,-68.848058751,-32.8718893591,6,Residencial Norte,2694682.37982,0
5341,Morera,26/04/2011 12:45,Medio (4 - 8 mts),126,Grande,-68.8420658355,-32.8776630535,1,Parque Central,1655357.93265,0
13542,Fresno europeo,28/01/2011 12:46,Muy bajo (1 - 2 mts),5,Chico,-68.8511820317,-32.8644682999,6,Residencial Norte,2694682.37982,0
8293,Morera,02/03/2011 18:59,Medio (4 - 8 mts),48,Mediano,-68.8405435157,-32.893878184,2,Barrio Civico,2366816.36021,0
47513,Prunas,29/08/2011 14:03,Muy bajo (1 - 2 mts),10,Chico,-68.8267043883,-32.8711108602,4,Cuarta Este Área Fundacional,1822015.85685,0
18070,Fresno europeo,02/08/2011 09:37,Alto (> 8 mts),118,Grande,-68.839640992,-32.8680591957,4,Cuarta Oeste,1173332.70145,0
15929,Fresno americano,24/11/2011 12:04,Muy bajo (1 - 2 mts),20,Chico,-68.8735903214,-32.8770565963,7,Residencial Parque,1786336.08966,0
16850,Paraiso,05/08/2011 13:58,Medio (4 - 8 mts),85,Grande,-68.8399920157,-32.8640765702,4,Cuarta Oeste,1173332.70145,0
13668,Morera,28/02/2011 11:14,Alto (> 8 mts),220,Grande,-68.8523038774,-32.8649451249,6,Residencial Norte,2694682.37982,0
30191,Morera,09/03/2011 10:27,Alto (> 8 mts),140,Grande,-68.843019757,-32.8894832016,2,Barrio Civico,2366816.36021,1
29141,Fresno europeo,10/03/2011 13:16,Medio (4 - 8 mts),58,Mediano,-68.846538914,-32.888248634200004,2,Barrio Civico,2366816.36021,0
24491,Jacaranda,10/01/2011 13:09,Bajo (2 - 4 mts),18,Chico,-68.846593689,-32.902680093,2,Barrio Civico,2366816.36021,0
31090,Tilo,08/02/2011 13:37,Muy bajo (1 - 2 mts),20,Chico,-68.8541094073,-32.8649679436,6,Residencial Norte,2694682.37982,0
11745,Morera,02/06/2010 11:11,Medio (4 - 8 mts),55,Mediano,-68.8502422674,-32.8675600198,6,Residencial Norte,2694682.37982,0
43904,Acacia SP,11/10/2011 09:18,Medio (4 - 8 mts),60,Mediano,-68.8326231955,-32.8845558597,3,Parque O'Higgins,1531146.02653,1
40507,Platano,12/04/2011 10:47,Alto (> 8 mts),280,Grande,-68.8442898591,-32.8839649916,1,Parque Central,1655357.93265,0
20576,Alamo blanco,30/05/2011 11:22,Alto (> 8 mts),180,Grande,-68.8628268799,-32.8979631685,5,Residencial Sur,2423808.92355,0
31878,Morera,02/06/2011 10:02,Bajo (2 - 4 mts),50,Mediano,-68.8586277105,-32.8837540724,5,Residencial Sur,2423808.92355,0
6373,Platano,06/06/2011 12:54,Alto (> 8 mts),160,Grande,-68.8578709451,-32.8883227561,5,Residencial Sur,2423808.92355,0
34000,Platano,26/05/2011 09:43,Medio (4 - 8 mts),120,Grande,-68.8530062958,-32.8846460383,5,Residencial Sur,2423808.92355,0
5434,Conifera,15/04/2011 11:56,Muy bajo (1 - 2 mts),36,Mediano,-68.8418853484,-32.8793355078,1,Parque Central,1655357.93265,0
35524,Morera,17/06/2011 09:25,Medio (4 - 8 mts),140,Grande,-68.8558139472,-32.8822892938,5,Residencial Sur,2423808.92355,0
8986,Morera,17/01/2011 12:23,Alto (> 8 mts),150,Grande,-68.8460015406,-32.8684060631,6,Residencial Norte,2694682.37982,0
20091,Paraiso,10/08/2011 11:20,Alto (> 8 mts),113,Grande,-68.8341837323,-32.86584684,4,Cuarta Oeste,1173332.70145,1
19117,Morera,27/07/2011 08:49,Alto (> 8 mts),125,Grande,-68.8412251834,-32.871668535,4,Cuarta Oeste,1173332.70145,1
36201,Fresno europeo,31/03/2011 09:19,Alto (> 8 mts),105,Grande,-68.8558793852,-32.8782501573,6,Residencial Norte,2694682.37982,1
26463,Acacia SP,09/11/2011 10:01,Medio (4 - 8 mts),100,Grande,-68.8327759404,-32.8913089227,3,Parque O'Higgins,1531146.02653,0
41075,Platano,28/04/2011 11:53,Alto (> 8 mts),158,Grande,-68.8388274828,-32.8838190867,1,Parque Central,1655357.93265,0
37547,Paraiso,16/11/2010 12:16,Alto (> 8 mts),185,Grande,-68.8575795974,-32.8695731189,6,Residencial Norte,2694682.37982,0
43821,Fresno europeo,18/10/2011 13:03,Medio (4 - 8 mts),110,Grande,-68.8311070485,-32.8816446916,3,Parque O'Higgins,1531146.02653,0
17036,Fresno europeo,09/08/2011 10:11,Medio (4 - 8 mts),62,Grande,-68.8384258778,-32.8632372711,4,Cuarta Oeste,1173332.70145,0
28704,Morera,01/03/2011 11:58,Bajo (2 - 4 mts),20,Chico,-68.8473125964,-32.8904691963,2,Barrio Civico,2366816.36021,0
44498,Fresno europeo,17/10/2011 09:02,Muy bajo (1 - 2 mts),8,Chico,-68.8354016097,-32.8838632604,3,Parque O'Higgins,1531146.02653,0
39118,Paraiso sombrilla,15/01/2012 20:05,Muy bajo (1 - 2 mts),9,Chico,-68.8528287879,-32.8719085991,6,Residencial Norte,2694682.37982,0
27702,Morera,02/11/2011 08:19,Alto (> 8 mts),155,Grande,-68.8371628655,-32.8954971035,2,Barrio Civico,2366816.36021,0
16876,Morera,05/08/2011 11:13,Medio (4 - 8 mts),64,Grande,-68.838415707,-32.8658035625,4,Cuarta Oeste,1173332.70145,0
3053,Paraiso sombrilla,16/09/2011 09:19,Alto (> 8 mts),140,Grande,-68.8260790707,-32.8725528179,4,Cuarta Este Área Fundacional,1822015.85685,0
38832,Acacia SP,14/12/2010 11:32,Alto (> 8 mts),90,Grande,-68.8494475374,-32.8710549089,6,Residencial Norte,2694682.37982,0
6993,Morera,01/06/2011 12:40,Medio (4 - 8 mts),39,Mediano,-68.8630859031,-32.8963986103,5,Residencial Sur,2423808.92355,0
20327,Alamo criollo,13/05/2011 11:28,Alto (> 8 mts),200,Grande,-68.8622453756,-32.892211473,5,Residencial Sur,2423808.92355,0
4682,Caducifolio,05/08/2011 10:13,Alto (> 8 mts),30,Mediano,-68.8366546461,-32.8648113795,4,Cuarta Oeste,1173332.70145,0
44879,Morera,23/08/2011 10:31,Medio (4 - 8 mts),280,Grande,-68.8244135485,-32.8678444346,4,Cuarta Este Área Fundacional,1822015.85685,0
33614,Fresno europeo,17/05/2011 08:54,Medio (4 - 8 mts),134,Grande,-68.8537495917,-32.887549367,5,Residencial Sur,2423808.92355,1
161,Paraiso sombrilla,27/02/2012 17:32,Bajo (2 - 4 mts),100,Grande,-68.8571537012,-32.8641614654,6,Residencial Norte,2694682.37982,0
31490,Fresno europeo,19/05/2011 10:58,Medio (4 - 8 mts),65,Grande,-68.8588850692,-32.8909683548,5,Residencial Sur,2423808.92355,0
811,Aguaribay,16/12/2011 11:37,Bajo (2 - 4 mts),22,Mediano,-68.8825801518,-32.8666943026,8,Aeroparque,2203364.73622,0
29644,Morera,23/03/2011 18:54,Alto (> 8 mts),124,Grande,-68.8433418661,-32.893350662,2,Barrio Civico,2366816.36021,0
1875,Paraiso,15/11/2011 13:22,Medio (4 - 8 mts),52,Mediano,-68.8608776021,-32.8703688255,7,Residencial Parque,1786336.08966,0
20952,Fresno europeo,27/05/2011 12:23,Medio (4 - 8 mts),85,Grande,-68.8620534305,-32.8944160771,5,Residencial Sur,2423808.92355,0
23059,Morera,14/06/2011 13:40,Alto (> 8 mts),108,Grande,-68.8625875539,-32.9019772494,5,Residencial Sur,2423808.92355,0
31594,Perenne,10/06/2011 11:49,Medio (4 - 8 mts),150,Grande,-68.8610290328,-32.8888522272,5,Residencial Sur,2423808.92355,0
7205,Fresno europeo,15/06/2011 09:33,Alto (> 8 mts),112,Grande,-68.8596828829,-32.8991969824,5,Residencial Sur,2423808.92355,0
2559,Fresno europeo,19/10/2011 10:02,Medio (4 - 8 mts),45,Mediano,-68.8313185201,-32.8856426321,3,Parque O'Higgins,1531146.02653,0
34601,Fresno europeo,17/01/2012 12:34,Medio (4 - 8 mts),130,Grande,-68.8479370804,-32.8753133833,6,Residencial Norte,2694682.37982,0
29213,Platano,03/03/2011 09:46,Alto (> 8 mts),155,Grande,-68.8455220028,-32.8880397334,2,Barrio Civico,2366816.36021,0
41657,Fresno europeo,03/05/2011 12:03,Medio (4 - 8 mts),46,Mediano,-68.8369709634,-32.8765139036,1,Parque Central,1655357.93265,0
17898,Morera,01/08/2011 09:59,Alto (> 8 mts),88,Grande,-68.8360591702,-32.8670148613,4,Cuarta Oeste,1173332.70145,0
24607,Morera,07/02/2011 09:57,Alto (> 8 mts),184,Grande,-68.8439624056,-32.9032296845,2,Barrio Civico,2366816.36021,0
39820,Fresno americano,29/04/2011 10:16,Alto (> 8 mts),140,Grande,-68.8469847772,-32.8833538143,1,Parque Central,1655357.93265,0
1032,Aguaribay,14/12/2011 10:57,Bajo (2 - 4 mts),80,Grande,-68.882131035,-32.865001788,8,Aeroparque,2203364.73622,0
41336,Platano,19/04/2011 11:24,Alto (> 8 mts),140,Grande,-68.8402037618,-32.8831824887,1,Parque Central,1655357.93265,1
14132,Paraiso,01/12/2011 12:57,Medio (4 - 8 mts),95,Grande,-68.8768893405,-32.8677645688,8,Aeroparque,2203364.73622,0
15771,Fresno americano,21/11/2011 10:10,Muy bajo (1 - 2 mts),14,Chico,-68.8724024866,-32.8776830854,7,Residencial Parque,1786336.08966,0
1338,Fresno europeo,29/11/2011 10:34,Medio (4 - 8 mts),60,Mediano,-68.8774632973,-32.8657522046,8,Aeroparque,2203364.73622,0
19708,Platano,12/07/2011 09:27,Alto (> 8 mts),190,Grande,-68.8343394088,-32.8709762189,4,Cuarta Oeste,1173332.70145,1
44913,Paraiso,23/08/2011 11:03,Alto (> 8 mts),175,Grande,-68.8251516856,-32.8679311294,4,Cuarta Este Área Fundacional,1822015.85685,0
16284,Morera,21/07/2011 10:04,Bajo (2 - 4 mts),22,Mediano,-68.8422283598,-32.8641981808,4,Cuarta Oeste,1173332.70145,0
44485,Platano,17/10/2011 10:48,Alto (> 8 mts),210,Grande,-68.8356844059,-32.8846575723,3,Parque O'Higgins,1531146.02653,0
18010,Morera,29/07/2011 17:22,Alto (> 8 mts),220,Grande,-68.8409506939,-32.8677725058,4,Cuarta Oeste,1173332.70145,0
8423,Morera,15/02/2011 15:32,Medio (4 - 8 mts),62,Grande,-68.8378230352,-32.9011649798,2,Barrio Civico,2366816.36021,0
23165,Paraiso,19/01/2011 11:33,Alto (> 8 mts),200,Grande,-68.8486508016,-32.9017699096,2,Barrio Civico,2366816.36021,0
6537,Fresno europeo,09/05/2011 12:20,Medio (4 - 8 mts),50,Mediano,-68.8546562646,-32.8917352124,5,Residencial Sur,2423808.92355,0
23599,Tipa,14/01/2011 20:30,Bajo (2 - 4 mts),62,Grande,-68.8476407021,-32.9006565384,2,Barrio Civico,2366816.36021,0
33132,Platano,27/06/2011 10:08,Alto (> 8 mts),210,Grande,-68.8543440159,-32.8911922508,5,Residencial Sur,2423808.92355,0
2441,Fresno europeo,27/10/2011 09:48,Medio (4 - 8 mts),160,Grande,-68.8374798461,-32.8908665285,3,Parque O'Higgins,1531146.02653,0
42320,Platano,05/05/2011 12:14,Bajo (2 - 4 mts),20,Chico,-68.8417098759,-32.8734556142,4,Cuarta Oeste,1173332.70145,0
1200,Aguaribay,06/12/2011 09:47,Bajo (2 - 4 mts),48,Mediano,-68.8770304385,-32.8678310985,8,Aeroparque,2203364.73622,0
4964,Morera,15/07/2011 10:40,Alto (> 8 mts),180,Grande,-68.8447173991,-32.8701965232,4,Cuarta Oeste,1173332.70145,0
16749,Morera,10/08/2011 09:43,Alto (> 8 mts),185,Grande,-68.8387087183,-32.8630631481,4,Cuarta Oeste,1173332.70145,0
23825,Paraiso,26/01/2011 16:46,Alto (> 8 mts),108,Grande,-68.8503294578,-32.9013273069,2,Barrio Civico,2366816.36021,0
16091,Morera,19/07/2011 09:32,Alto (> 8 mts),160,Grande,-68.8440077309,-32.8717135759,4,Cuarta Oeste,1173332.70145,1
26575,Acacia SP,04/11/2011 08:28,Medio (4 - 8 mts),170,Grande,-68.8327669479,-32.8905773687,3,Parque O'Higgins,1531146.02653,1
33841,Morera,16/05/2011 13:19,Medio (4 - 8 mts),150,Grande,-68.853370753,-32.8860476961,5,Residencial Sur,2423808.92355,1
29401,Platano,02/03/2011 10:54,Alto (> 8 mts),170,Grande,-68.8452518324,-32.8917652503,2,Barrio Civico,2366816.36021,0
18303,Morera,03/08/2011 09:31,Alto (> 8 mts),145,Grande,-68.8387327586,-32.8684693479,4,Cuarta Oeste,1173332.70145,0
558,Caducifolio,09/03/2012 07:47,Muy bajo (1 - 2 mts),18,Chico,-68.8189810602,-32.8682778818,4,Cuarta Este Área Fundacional,1822015.85685,0
44579,Platano,20/10/2011 07:29,Alto (> 8 mts),195,Grande,-68.8350402778,-32.8847916752,3,Parque O'Higgins,1531146.02653,0
24079,Alamo criollo,11/01/2011 12:25,Alto (> 8 mts),174,Grande,-68.8470700611,-32.9007684628,2,Barrio Civico,2366816.36021,0
30839,Morera,14/02/2011 13:35,Alto (> 8 mts),170,Grande,-68.8554343371,-32.8666262186,6,Residencial Norte,2694682.37982,0
7506,Paraiso sombrilla,15/06/2011 14:59,Bajo (2 - 4 mts),32,Mediano,-68.8571015139,-32.8826273816,7,Residencial Parque,1786336.08966,0
18116,Paraiso,28/07/2011 09:55,Medio (4 - 8 mts),116,Grande,-68.8410854982,-32.8697949949,4,Cuarta Oeste,1173332.70145,0
14255,Morera,07/12/2011 10:37,Medio (4 - 8 mts),70,Grande,-68.8777307015,-32.8673663487,8,Aeroparque,2203364.73622,0
25125,Morera,11/02/2011 09:38,Alto (> 8 mts),250,Grande,-68.8357126527,-32.8990805681,2,Barrio Civico,2366816.36021,0
40145,Morera,14/04/2011 12:18,Alto (> 8 mts),130,Grande,-68.8433779635,-32.8794754972,1,Parque Central,1655357.93265,0
19233,Paraiso,05/07/2011 12:17,Medio (4 - 8 mts),36,Mediano,-68.839695565,-32.8727050651,4,Cuarta Oeste,1173332.70145,0
3540,Acer,07/09/2011 10:40,Bajo (2 - 4 mts),40,Mediano,-68.8331229665,-32.8694812108,4,Cuarta Oeste,1173332.70145,0
94,Morera,29/02/2012 10:41,Bajo (2 - 4 mts),40,Mediano,-68.8559767703,-32.9018780886,5,Residencial Sur,2423808.92355,0
2080,Platano,11/10/2011 15:16,Medio (4 - 8 mts),60,Mediano,-68.8286978058,-32.8803542706,4,Cuarta Este Área Fundacional,1822015.85685,0
44707,Fresno europeo,24/08/2011 09:53,Alto (> 8 mts),148,Grande,-68.8228441621,-32.8682891017,4,Cuarta Este Área Fundacional,1822015.85685,0
21517,Fresno americano,12/05/2011 10:49,Alto (> 8 mts),140,Grande,-68.8539304975,-32.8936999556,5,Residencial Sur,2423808.92355,0
3690,Morera,24/08/2011 13:32,Alto (> 8 mts),154,Grande,-68.8181212873,-32.869280149,4,Cuarta Este Área Fundacional,1822015.85685,0
44483,Platano,17/10/2011 12:24,Alto (> 8 mts),210,Grande,-68.8359031715,-32.8846520887,3,Parque O'Higgins,1531146.02653,0
8998,Morera,17/01/2011 12:34,Bajo (2 - 4 mts),20,Chico,-68.8459438664,-32.8684816596,6,Residencial Norte,2694682.37982,0
10277,Morera,07/12/2010 12:07,Alto (> 8 mts),96,Grande,-68.8480197834,-32.8711760734,6,Residencial Norte,2694682.37982,0
28922,Platano,28/02/2011 12:56,Alto (> 8 mts),260,Grande,-68.8467986119,-32.887084248,1,Parque Central,1655357.93265,0
30427,Platano,21/02/2011 12:15,Alto (> 8 mts),260,Grande,-68.8416277038,-32.8886030924,3,Parque O'Higgins,1531146.02653,0
30941,Acer,11/02/2011 13:08,Medio (4 - 8 mts),100,Grande,-68.8564282294,-32.863633319,6,Residencial Norte,2694682.37982,0
34712,Morera,01/04/2011 11:30,Alto (> 8 mts),170,Grande,-68.8506551385,-32.8771442404,6,Residencial Norte,2694682.37982,0
47109,Morera,20/09/2011 12:16,Alto (> 8 mts),135,Grande,-68.8321276422,-32.8734544903,4,Cuarta Este Área Fundacional,1822015.85685,1
38726,Morera,15/12/2010 09:53,Alto (> 8 mts),130,Grande,-68.8510709411,-32.8713047531,6,Residencial Norte,2694682.37982,0
5126,Acacia SP,08/08/2011 13:27,Medio (4 - 8 mts),18,Chico,-68.8432986906,-32.8692037198,4,Cuarta Oeste,1173332.70145,0
6351,Platano,27/06/2011 11:21,Alto (> 8 mts),102,Grande,-68.85411228,-32.8902840981,5,Residencial Sur,2423808.92355,1
27356,Fresno europeo,20/10/2011 12:12,Medio (4 - 8 mts),55,Mediano,-68.8368790282,-32.8883677904,3,Parque O'Higgins,1531146.02653,1
22059,Morera,16/05/2011 09:20,Alto (> 8 mts),130,Grande,-68.8586455473,-32.8938051626,5,Residencial Sur,2423808.92355,0
16015,Olmo comun,11/08/2011 08:37,Medio (4 - 8 mts),83,Grande,-68.8438016683,-32.8713678455,4,Cuarta Oeste,1173332.70145,0
42184,Morera,06/05/2011 10:25,Alto (> 8 mts),160,Grande,-68.840342366,-32.873942836,1,Parque Central,1655357.93265,0
35530,Morera,17/06/2011 08:55,Medio (4 - 8 mts),120,Grande,-68.8561838937,-32.8819361975,7,Residencial Parque,1786336.08966,0
10070,Acer,21/10/2010 11:50,Bajo (2 - 4 mts),25,Mediano,-68.847574778,-32.8698138986,6,Residencial Norte,2694682.37982,0
12158,Morera,19/01/2011 13:16,Alto (> 8 mts),130,Grande,-68.846758164,-32.8679806998,6,Residencial Norte,2694682.37982,0
28919,Morera,28/02/2011 13:08,Alto (> 8 mts),250,Grande,-68.8466188769,-32.8871778812,1,Parque Central,1655357.93265,0
28237,Morera,28/02/2011 17:05,Alto (> 8 mts),188,Grande,-68.8486127972,-32.8923844015,2,Barrio Civico,2366816.36021,0
43241,Morera,04/10/2011 08:43,Alto (> 8 mts),112,Grande,-68.8341019237,-32.8798417979,1,Parque Central,1655357.93265,0
14798,Prunas,05/12/2011 18:12,Bajo (2 - 4 mts),16,Chico,-68.8797791735,-32.8687632944,8,Aeroparque,2203364.73622,0
37105,Platano,06/04/2011 14:19,Medio (4 - 8 mts),45,Mediano,-68.8589824636,-32.8761123964,7,Residencial Parque,1786336.08966,0
48114,Morera,29/09/2011 09:06,Alto (> 8 mts),185,Grande,-68.8255009554,-32.8669000786,4,Cuarta Este Área Fundacional,1822015.85685,0
36670,Tipa,03/06/2011 16:25,Bajo (2 - 4 mts),60,Mediano,-68.858820401,-32.8825331275,7,Residencial Parque,1786336.08966,0
14583,Aguaribay,14/12/2011 10:33,Bajo (2 - 4 mts),35,Mediano,-68.8789406394,-32.8679398891,8,Aeroparque,2203364.73622,0
16844,Paraiso,05/08/2011 14:06,Alto (> 8 mts),160,Grande,-68.839567302,-32.8641517489,4,Cuarta Oeste,1173332.70145,0
27991,Platano,31/10/2011 09:06,Alto (> 8 mts),245,Grande,-68.8373224239,-32.893853198,2,Barrio Civico,2366816.36021,0
39351,Morera,01/12/2010 11:05,Muy bajo (1 - 2 mts),15,Chico,-68.8561461112,-32.8722915303,6,Residencial Norte,2694682.37982,0
37254,Paraiso,11/03/2011 10:46,Alto (> 8 mts),190,Grande,-68.8570052146,-32.8733462351,6,Residencial Norte,2694682.37982,0
29942,Morera,28/04/2011 12:44,Alto (> 8 mts),47,Mediano,-68.8433478582,-32.8857763069,1,Parque Central,1655357.93265,0
28452,Morera,28/02/2011 09:10,Medio (4 - 8 mts),42,Mediano,-68.8470665649,-32.8895331571,2,Barrio Civico,2366816.36021,0
37331,Morera,17/03/2011 09:09,Alto (> 8 mts),150,Grande,-68.8574277377,-32.8749317152,6,Residencial Norte,2694682.37982,0
44160,Fresno europeo,26/09/2011 11:58,Muy bajo (1 - 2 mts),3,Chico,-68.835431456,-32.8774857172,1,Parque Central,1655357.93265,0
47859,Fresno europeo,21/09/2011 08:53,Alto (> 8 mts),130,Grande,-68.8292065454,-32.8736796996,4,Cuarta Este Área Fundacional,1822015.85685,0
3428,Morera,17/08/2011 09:16,Alto (> 8 mts),153,Grande,-68.8312814731,-32.8668052031,4,Cuarta Oeste,1173332.70145,0
43903,Acacia SP,11/10/2011 09:21,Medio (4 - 8 mts),178,Grande,-68.8326069537,-32.8843843361,3,Parque O'Higgins,1531146.02653,1
2050,Morera,14/11/2011 18:00,Medio (4 - 8 mts),120,Grande,-68.8276016327,-32.8805189717,4,Cuarta Este Área Fundacional,1822015.85685,0
17727,Paraiso,18/07/2011 09:45,Medio (4 - 8 mts),105,Grande,-68.8423913938,-32.8672366485,4,Cuarta Oeste,1173332.70145,0
34273,Catalpa,04/03/2011 09:54,Medio (4 - 8 mts),80,Grande,-68.8525786823,-32.8735674219,6,Residencial Norte,2694682.37982,0
32009,Morera,03/06/2011 11:02,Muy bajo (1 - 2 mts),2,Chico,-68.8580730413,-32.8872949548,5,Residencial Sur,2423808.92355,0
38305,Paraiso,02/12/2010 09:34,Alto (> 8 mts),180,Grande,-68.8469293193,-32.8719730236,6,Residencial Norte,2694682.37982,0
43437,Morera,03/10/2011 11:07,Alto (> 8 mts),160,Grande,-68.8309830194,-32.8792032813,4,Cuarta Este Área Fundacional,1822015.85685,1
36392,Fresno europeo,21/03/2011 12:34,Medio (4 - 8 mts),65,Grande,-68.8516266501,-32.8794255582,6,Residencial Norte,2694682.37982,1
30848,Acacia SP,15/02/2011 10:12,Medio (4 - 8 mts),50,Mediano,-68.8557110682,-32.8657956782,6,Residencial Norte,2694682.37982,0
13760,Morera,27/01/2011 13:14,Alto (> 8 mts),120,Grande,-68.8498079954,-32.8645966779,6,Residencial Norte,2694682.37982,0
1966,Fresno americano,19/05/2011 10:45,Medio (4 - 8 mts),55,Mediano,-68.8588839978,-32.8905426118,5,Residencial Sur,2423808.92355,0
2631,Jacaranda,26/10/2011 13:05,Bajo (2 - 4 mts),50,Mediano,-68.8324402823,-32.8804986473,3,Parque O'Higgins,1531146.02653,0
25610,Morera,16/02/2011 19:10,Medio (4 - 8 mts),118,Grande,-68.8374686608,-32.9020336846,2,Barrio Civico,2366816.36021,1
30385,Fresno europeo,02/03/2011 13:24,Medio (4 - 8 mts),50,Mediano,-68.840118532,-32.8894216132,3,Parque O'Higgins,1531146.02653,0
40404,Platano,12/04/2011 10:34,Alto (> 8 mts),190,Grande,-68.8450357063,-32.8828688035,1,Parque Central,1655357.93265,0
37565,Morera,16/11/2010 10:54,Alto (> 8 mts),150,Grande,-68.857006277,-32.8696888736,6,Residencial Norte,2694682.37982,0
40510,Platano,12/04/2011 10:40,Alto (> 8 mts),190,Grande,-68.8442448507,-32.883791991,1,Parque Central,1655357.93265,0
23465,Caducifolio,24/01/2011 15:27,Alto (> 8 mts),124,Grande,-68.8492483481,-32.9017414167,2,Barrio Civico,2366816.36021,0
957,Fresno europeo,11/01/2012 10:16,Medio (4 - 8 mts),90,Grande,-68.8346693538,-32.8951737467,3,Parque O'Higgins,1531146.02653,0
43000,Morera,05/10/2011 12:01,Medio (4 - 8 mts),130,Grande,-68.833649067,-32.8784926218,1,Parque Central,1655357.93265,0
700,Platano,09/08/2011 10:55,Alto (> 8 mts),350,Grande,-68.833127476,-32.8647464805,4,Cuarta Oeste,1173332.70145,0
6170,Fresno europeo,26/04/2011 17:23,Bajo (2 - 4 mts),8,Chico,-68.8391582016,-32.8842271152,1,Parque Central,1655357.93265,0
27080,Platano,21/10/2011 14:35,Muy bajo (1 - 2 mts),8,Chico,-68.8386670966,-32.8883186683,3,Parque O'Higgins,1531146.02653,0
44647,Morera,25/08/2011 12:40,Alto (> 8 mts),170,Grande,-68.822970259,-32.8665561334,4,Cuarta Este Área Fundacional,1822015.85685,0
46078,Morera,21/09/2011 07:39,Alto (> 8 mts),160,Grande,-68.822953572,-32.8745262727,4,Cuarta Este Área Fundacional,1822015.85685,0
38189,Fresno europeo,21/10/2010 10:25,Alto (> 8 mts),180,Grande,-68.8459323958,-32.8702441535,6,Residencial Norte,2694682.37982,0
17526,Fresno europeo,28/07/2011 09:29,Medio (4 - 8 mts),40,Mediano,-68.8389702076,-32.8672398577,4,Cuarta Oeste,1173332.70145,0
2585,Fresno europeo,26/10/2011 10:08,Medio (4 - 8 mts),18,Chico,-68.836954472,-32.8895392916,3,Parque O'Higgins,1531146.02653,0
29232,Platano,25/02/2011 17:11,Alto (> 8 mts),290,Grande,-68.8460940373,-32.8872029265,1,Parque Central,1655357.93265,0
38352,Morera,05/11/2010 12:17,Alto (> 8 mts),180,Grande,-68.8523782368,-32.8689827008,6,Residencial Norte,2694682.37982,0
14126,Morera,01/12/2011 13:09,Alto (> 8 mts),95,Grande,-68.8762655761,-32.8673748548,8,Aeroparque,2203364.73622,0
17458,Morera,29/07/2011 09:15,Alto (> 8 mts),142,Grande,-68.8357066294,-32.8669914435,4,Cuarta Oeste,1173332.70145,1
11575,Paraiso,10/05/2010 11:59,Medio (4 - 8 mts),145,Grande,-68.8518429293,-32.8670555969,6,Residencial Norte,2694682.37982,0
44954,Fresno europeo,26/08/2011 12:12,Medio (4 - 8 mts),72,Grande,-68.8252967678,-32.868750167,4,Cuarta Este Área Fundacional,1822015.85685,0
13058,Morera,16/02/2011 10:30,Bajo (2 - 4 mts),46,Mediano,-68.8454331022,-32.8650018956,4,Cuarta Oeste,1173332.70145,0
10341,Morera,30/11/2010 11:23,Medio (4 - 8 mts),60,Mediano,-68.8554646957,-32.8728219067,6,Residencial Norte,2694682.37982,0
16698,Morera,20/07/2011 13:53,Medio (4 - 8 mts),40,Mediano,-68.8406160602,-32.8641953175,4,Cuarta Oeste,1173332.70145,0
46739,Morera,07/09/2011 10:43,Medio (4 - 8 mts),120,Grande,-68.8330997364,-32.8700590738,4,Cuarta Oeste,1173332.70145,0
44252,Morera,13/10/2011 11:15,Bajo (2 - 4 mts),30,Mediano,-68.8340832787,-32.8844576272,3,Parque O'Higgins,1531146.02653,0
48351,Morera,17/08/2011 11:15,Medio (4 - 8 mts),148,Grande,-68.8279644744,-32.866516844,4,Cuarta Este Área Fundacional,1822015.85685,0
37269,Fresno europeo,14/03/2011 13:18,Bajo (2 - 4 mts),30,Mediano,-68.8580202361,-32.8729947387,6,Residencial Norte,2694682.37982,0
8706,Fresno europeo,10/02/2011 13:30,Medio (4 - 8 mts),61,Grande,-68.8381992153,-32.9007062564,2,Barrio Civico,2366816.36021,0
129,Braquiquito,29/02/2012 10:20,Bajo (2 - 4 mts),64,Grande,-68.857172859,-32.8640514669,6,Residencial Norte,2694682.37982,0
44953,Morera,26/08/2011 12:22,Medio (4 - 8 mts),122,Grande,-68.8252259382,-32.8687509635,4,Cuarta Este Área Fundacional,1822015.85685,0
35433,Morera,23/03/2011 10:49,Alto (> 8 mts),103,Grande,-68.8554878367,-32.8816856074,6,Residencial Norte,2694682.37982,0
31173,Olmo bola,07/02/2011 12:16,Bajo (2 - 4 mts),66,Grande,-68.8549518751,-32.8639299618,6,Residencial Norte,2694682.37982,0
14689,Fresno europeo,14/12/2011 16:51,Muy bajo (1 - 2 mts),8,Chico,-68.881154659,-32.8678756003,8,Aeroparque,2203364.73622,0
9738,Acer,19/01/2011 12:08,Alto (> 8 mts),80,Grande,-68.8479432341,-32.8628892093,4,Cuarta Oeste,1173332.70145,0
1006,Aguaribay,14/12/2011 11:22,Bajo (2 - 4 mts),36,Mediano,-68.8802257504,-32.8653705122,8,Aeroparque,2203364.73622,0
36330,Morera,18/03/2011 10:32,Medio (4 - 8 mts),100,Grande,-68.8530765721,-32.8787774528,6,Residencial Norte,2694682.37982,0
16724,Paraiso,10/08/2011 13:30,Alto (> 8 mts),180,Grande,-68.8399648274,-32.8639636612,4,Cuarta Oeste,1173332.70145,0
2065,Platano,11/10/2011 16:26,Medio (4 - 8 mts),54,Mediano,-68.8282719448,-32.8814319973,3,Parque O'Higgins,1531146.02653,0
1065,Morera,05/12/2011 12:53,Muy bajo (1 - 2 mts),2,Chico,-68.8772175488,-32.8690111414,8,Aeroparque,2203364.73622,0
12365,Morera,13/01/2011 11:57,Alto (> 8 mts),170,Grande,-68.8475078349,-32.8672777051,6,Residencial Norte,2694682.37982,0
21646,Platano,10/06/2011 08:47,Alto (> 8 mts),220,Grande,-68.8544263847,-32.8961190206,5,Residencial Sur,2423808.92355,0
2794,Fresno europeo,20/10/2011 16:48,Medio (4 - 8 mts),120,Grande,-68.8353323446,-32.8809809038,1,Parque Central,1655357.93265,0
27898,Platano,04/11/2011 10:49,Alto (> 8 mts),180,Grande,-68.8399260545,-32.8931490732,2,Barrio Civico,2366816.36021,0
13044,Morera,15/02/2011 13:08,Alto (> 8 mts),200,Grande,-68.8447141381,-32.8647673761,4,Cuarta Oeste,1173332.70145,0
21963,Fresno europeo,30/05/2011 12:10,Alto (> 8 mts),90,Grande,-68.8574426236,-32.8948955674,5,Residencial Sur,2423808.92355,1
33130,Fresno europeo,27/06/2011 10:15,Medio (4 - 8 mts),40,Mediano,-68.8542800766,-32.890991587,5,Residencial Sur,2423808.92355,0
23046,Caducifolio,14/06/2011 13:22,Bajo (2 - 4 mts),8,Chico,-68.8615283545,-32.9020988929,5,Residencial Sur,2423808.92355,0
23289,Acer,18/01/2012 17:33,Bajo (2 - 4 mts),84,Grande,-68.8520173033,-32.9011342037,2,Barrio Civico,2366816.36021,0
4615,Morera,05/08/2011 09:45,Medio (4 - 8 mts),68,Grande,-68.8339463916,-32.8645470927,4,Cuarta Oeste,1173332.70145,1
31907,Morera,01/06/2011 09:57,Medio (4 - 8 mts),160,Grande,-68.8576978162,-32.8837240465,5,Residencial Sur,2423808.92355,0
42976,Platano,06/10/2011 18:12,Alto (> 8 mts),210,Grande,-68.8337481223,-32.8784484416,1,Parque Central,1655357.93265,0
11842,Paraiso,02/03/2011 12:29,Alto (> 8 mts),180,Grande,-68.8497929297,-32.8647157891,6,Residencial Norte,2694682.37982,0
24376,Fresno europeo,26/01/2011 08:53,Alto (> 8 mts),160,Grande,-68.8447197152,-32.9019877247,2,Barrio Civico,2366816.36021,0
744,Paraiso,20/12/2011 17:13,Muy bajo (1 - 2 mts),18,Chico,-68.8804494726,-32.8712233306,8,Aeroparque,2203364.73622,0
30994,Fresno europeo,09/02/2011 13:22,Muy bajo (1 - 2 mts),6,Chico,-68.8553810992,-32.8647595126,6,Residencial Norte,2694682.37982,0
15027,Acer,19/12/2011 10:10,Muy bajo (1 - 2 mts),10,Chico,-68.8803867401,-32.8726172718,8,Aeroparque,2203364.73622,0
25107,Morera,11/02/2011 10:29,Alto (> 8 mts),155,Grande,-68.8369971197,-32.8988503948,2,Barrio Civico,2366816.36021,0
1635,Paraiso sombrilla,23/11/2011 10:07,Bajo (2 - 4 mts),66,Grande,-68.8711443258,-32.8778024774,7,Residencial Parque,1786336.08966,0
31696,Alamo criollo,18/05/2011 12:23,Alto (> 8 mts),140,Grande,-68.861805055,-32.8909447245,5,Residencial Sur,2423808.92355,0
24622,Platano,07/02/2011 08:40,Alto (> 8 mts),270,Grande,-68.8428957022,-32.9036376941,2,Barrio Civico,2366816.36021,0
19007,Morera,12/07/2011 09:35,Alto (> 8 mts),145,Grande,-68.8407866234,-32.8707367078,4,Cuarta Oeste,1173332.70145,1
26744,Morera,11/01/2012 12:59,Alto (> 8 mts),140,Grande,-68.8338975386,-32.8951148317,3,Parque O'Higgins,1531146.02653,0
47559,Ailanthus,19/09/2011 08:50,Alto (> 8 mts),160,Grande,-68.8274814102,-32.8715532105,4,Cuarta Este Área Fundacional,1822015.85685,0
27317,Platano,25/10/2011 09:28,Alto (> 8 mts),210,Grande,-68.8349528859,-32.889914013,3,Parque O'Higgins,1531146.02653,0
4753,Morera,03/08/2011 09:37,Medio (4 - 8 mts),60,Mediano,-68.8344465177,-32.8660263764,4,Cuarta Oeste,1173332.70145,0
36088,Fresno europeo,06/04/2011 09:27,Alto (> 8 mts),116,Grande,-68.8547160091,-32.876378974,6,Residencial Norte,2694682.37982,0
21281,Fresno americano,13/06/2011 12:23,Alto (> 8 mts),94,Grande,-68.852077544,-32.8967831545,5,Residencial Sur,2423808.92355,0
41722,Morera,28/04/2011 09:07,Medio (4 - 8 mts),35,Mediano,-68.8376237351,-32.878417916,1,Parque Central,1655357.93265,0
32201,Fresno americano,10/05/2011 11:02,Bajo (2 - 4 mts),80,Grande,-68.8589163306,-32.8851851139,5,Residencial Sur,2423808.92355,0
16999,Paraiso,15/08/2011 11:09,Medio (4 - 8 mts),142,Grande,-68.8372469189,-32.8645297558,4,Cuarta Oeste,1173332.70145,0
23193,Morera,18/01/2011 12:49,Alto (> 8 mts),150,Grande,-68.8483871673,-32.901047066,2,Barrio Civico,2366816.36021,0
30002,Platano,28/04/2011 09:09,Alto (> 8 mts),144,Grande,-68.8411372565,-32.8867588181,3,Parque O'Higgins,1531146.02653,1
15810,Aguaribay,21/11/2011 16:46,Medio (4 - 8 mts),130,Grande,-68.8734148977,-32.8783957786,7,Residencial Parque,1786336.08966,0
9246,Paraiso,01/03/2011 12:59,Alto (> 8 mts),140,Grande,-68.849448237,-32.8660535598,6,Residencial Norte,2694682.37982,0
39891,Morera,02/05/2011 12:40,Medio (4 - 8 mts),150,Grande,-68.8435614258,-32.8737054296,1,Parque Central,1655357.93265,0
41298,Fresno europeo,11/04/2011 10:19,Medio (4 - 8 mts),92,Grande,-68.8400796962,-32.8819305104,1,Parque Central,1655357.93265,0
27199,Platano,26/10/2011 12:27,Alto (> 8 mts),197,Grande,-68.8356719627,-32.8900096375,3,Parque O'Higgins,1531146.02653,0
2456,Fresno americano,26/10/2011 10:26,Alto (> 8 mts),155,Grande,-68.8357975643,-32.8927337079,3,Parque O'Higgins,1531146.02653,0
26997,Platano,02/11/2011 16:48,Alto (> 8 mts),180,Grande,-68.835431589,-32.8873552491,3,Parque O'Higgins,1531146.02653,0
1434,Acer,22/11/2011 14:23,Bajo (2 - 4 mts),38,Mediano,-68.8709963589,-32.878187009,7,Residencial Parque,1786336.08966,0
44934,Morera,23/08/2011 10:15,Alto (> 8 mts),130,Grande,-68.824933377,-32.8686490236,4,Cuarta Este Área Fundacional,1822015.85685,1
12037,Fresno europeo,03/05/2010 12:57,Medio (4 - 8 mts),92,Grande,-68.8536842022,-32.8666619514,6,Residencial Norte,2694682.37982,0
34518,Morera,29/03/2011 13:03,Alto (> 8 mts),160,Grande,-68.8493048207,-32.8756140843,6,Residencial Norte,2694682.37982,0
25969,Perenne,31/01/2011 13:05,Medio (4 - 8 mts),96,Grande,-68.8393063876,-32.9033694884,2,Barrio Civico,2366816.36021,0
22088,Fresno americano,10/06/2011 11:10,Medio (4 - 8 mts),56,Mediano,-68.8546038252,-32.8974954036,5,Residencial Sur,2423808.92355,0
12771,Morera,21/01/2011 10:32,Alto (> 8 mts),140,Grande,-68.8476150076,-32.8642663174,4,Cuarta Oeste,1173332.70145,0
9172,Morera,28/02/2011 14:12,Alto (> 8 mts),60,Mediano,-68.8514482329,-32.8648627049,6,Residencial Norte,2694682.37982,0
21615,Platano,11/05/2011 11:33,Alto (> 8 mts),205,Grande,-68.8545807633,-32.8949174725,5,Residencial Sur,2423808.92355,0
29223,Platano,03/03/2011 10:11,Alto (> 8 mts),240,Grande,-68.845350623,-32.887401214,1,Parque Central,1655357.93265,1
23961,Morera,12/01/2011 11:31,Alto (> 8 mts),113,Grande,-68.8464735256,-32.9003983995,2,Barrio Civico,2366816.36021,0
33570,Fresno europeo,01/06/2011 11:01,Alto (> 8 mts),85,Grande,-68.8544944221,-32.8889548915,5,Residencial Sur,2423808.92355,0
40977,Morera,14/04/2011 09:30,Alto (> 8 mts),168,Grande,-68.83914067,-32.8809358212,1,Parque Central,1655357.93265,0
30341,Acacia SP,04/03/2011 10:18,Alto (> 8 mts),186,Grande,-68.8407057029,-32.8901123612,3,Parque O'Higgins,1531146.02653,0
28621,Platano,23/02/2011 12:14,Alto (> 8 mts),210,Grande,-68.847796407,-32.8912904786,2,Barrio Civico,2366816.36021,0
36401,Platano,21/03/2011 11:57,Alto (> 8 mts),290,Grande,-68.8520246499,-32.8791013155,6,Residencial Norte,2694682.37982,0
11097,Morera,29/03/2011 09:27,Medio (4 - 8 mts),75,Grande,-68.8535254935,-32.8810930783,6,Residencial Norte,2694682.37982,0
12628,Morera,17/01/2011 09:47,Alto (> 8 mts),180,Grande,-68.8458768113,-32.8629069933,4,Cuarta Oeste,1173332.70145,0
39388,Paraiso,12/11/2010 10:39,Alto (> 8 mts),150,Grande,-68.856295371,-32.8700467531,6,Residencial Norte,2694682.37982,0
35076,Fresno europeo,22/03/2011 09:41,Medio (4 - 8 mts),47,Mediano,-68.8550053527,-32.88030618,6,Residencial Norte,2694682.37982,0
5402,Fresno europeo,20/04/2011 10:00,Medio (4 - 8 mts),70,Grande,-68.8443040378,-32.8783989326,1,Parque Central,1655357.93265,0
16289,Paraiso,22/07/2011 08:45,Alto (> 8 mts),104,Grande,-68.8425002298,-32.8630289867,4,Cuarta Oeste,1173332.70145,0
19210,Paraiso,06/07/2011 09:29,Medio (4 - 8 mts),105,Grande,-68.8387679188,-32.872799182,4,Cuarta Oeste,1173332.70145,0
5858,Fresno europeo,03/05/2011 11:59,Alto (> 8 mts),98,Grande,-68.8370298067,-32.8767367238,1,Parque Central,1655357.93265,0
22735,Morera,12/05/2011 10:59,Alto (> 8 mts),66,Grande,-68.8541697428,-32.9008941645,5,Residencial Sur,2423808.92355,0
11163,Prunas,19/01/2011 12:03,Muy bajo (1 - 2 mts),2,Chico,-68.8438713119,-32.900567034,2,Barrio Civico,2366816.36021,0
40724,Platano,18/04/2011 09:19,Alto (> 8 mts),195,Grande,-68.8431050838,-32.8853352554,1,Parque Central,1655357.93265,0
44118,Fresno europeo,04/10/2011 09:41,Alto (> 8 mts),155,Grande,-68.8360296079,-32.8797118812,1,Parque Central,1655357.93265,0
15566,Paraiso,17/11/2011 16:28,Bajo (2 - 4 mts),46,Mediano,-68.8610247988,-32.8713646935,7,Residencial Parque,1786336.08966,0
12286,Morera,13/01/2011 11:02,Alto (> 8 mts),165,Grande,-68.8461414909,-32.8673480108,4,Cuarta Oeste,1173332.70145,1
20655,Fresno europeo,03/06/2011 13:37,Medio (4 - 8 mts),25,Mediano,-68.8607732963,-32.8966372366,5,Residencial Sur,2423808.92355,0
43424,Fresno europeo,26/10/2011 16:20,Alto (> 8 mts),170,Grande,-68.8321555064,-32.8800994296,3,Parque O'Higgins,1531146.02653,0
38982,Fresno europeo,28/12/2010 13:42,Bajo (2 - 4 mts),25,Mediano,-68.8551312575,-32.8713438235,6,Residencial Norte,2694682.37982,0
14903,Morera,19/12/2011 09:12,Medio (4 - 8 mts),100,Grande,-68.8813490434,-32.8738067136,8,Aeroparque,2203364.73622,0
10446,Morera,09/03/2011 13:05,Alto (> 8 mts),110,Grande,-68.8560489977,-32.8738310415,6,Residencial Norte,2694682.37982,0
7552,Fresno europeo,17/06/2011 09:57,Bajo (2 - 4 mts),40,Mediano,-68.8559295888,-32.8827647247,5,Residencial Sur,2423808.92355,0
1867,Conifera,16/11/2011 12:27,Medio (4 - 8 mts),60,Mediano,-68.8611977499,-32.8706674861,7,Residencial Parque,1786336.08966,1
32379,Platano,06/05/2011 09:15,Alto (> 8 mts),150,Grande,-68.8528444625,-32.8920393611,5,Residencial Sur,2423808.92355,0
31579,Morera,13/06/2011 11:16,Alto (> 8 mts),115,Grande,-68.8592523202,-32.8891738574,5,Residencial Sur,2423808.92355,1
33259,Fresno europeo,30/06/2011 11:22,Alto (> 8 mts),65,Grande,-68.8560842991,-32.8900261395,5,Residencial Sur,2423808.92355,0
30755,Morera,02/02/2011 09:31,Alto (> 8 mts),150,Grande,-68.8549793033,-32.869014289,6,Residencial Norte,2694682.37982,0
33908,Platano,13/07/2011 11:42,Alto (> 8 mts),210,Grande,-68.853509132,-32.8857321758,5,Residencial Sur,2423808.92355,0
44122,Fresno europeo,04/10/2011 09:48,Medio (4 - 8 mts),120,Grande,-68.8355838451,-32.8797378058,1,Parque Central,1655357.93265,0
29694,Acacia SP,02/03/2011 15:34,Alto (> 8 mts),188,Grande,-68.8417478027,-32.8941269882,2,Barrio Civico,2366816.36021,0
31817,Morera,03/01/2012 09:40,Alto (> 8 mts),100,Grande,-68.8591700346,-32.8893053216,5,Residencial Sur,2423808.92355,0
11099,Morera,29/03/2011 09:19,Medio (4 - 8 mts),50,Mediano,-68.8532170191,-32.8811557684,6,Residencial Norte,2694682.37982,0
11897,Paraiso,02/03/2011 09:09,Alto (> 8 mts),190,Grande,-68.8510076897,-32.8663136984,6,Residencial Norte,2694682.37982,0
22089,Jacaranda,10/06/2011 11:08,Alto (> 8 mts),125,Grande,-68.8546167508,-32.897616229,5,Residencial Sur,2423808.92355,0
2281,Morera,03/11/2011 11:44,Medio (4 - 8 mts),85,Grande,-68.8381392613,-32.8942276608,2,Barrio Civico,2366816.36021,0
8062,Acacia SP,04/03/2011 10:20,Alto (> 8 mts),180,Grande,-68.8407181547,-32.890160145,3,Parque O'Higgins,1531146.02653,0
17441,Morera,29/07/2011 09:58,Alto (> 8 mts),100,Grande,-68.8347410378,-32.8672209911,4,Cuarta Oeste,1173332.70145,0
7069,Perenne,03/06/2011 08:52,Bajo (2 - 4 mts),16,Chico,-68.8590775202,-32.8969703151,5,Residencial Sur,2423808.92355,0
46023,Fresno europeo,20/09/2011 09:25,Medio (4 - 8 mts),178,Grande,-68.8218248515,-32.8734574717,4,Cuarta Este Área Fundacional,1822015.85685,0
23416,Morera,26/01/2011 19:15,Alto (> 8 mts),142,Grande,-68.8501260923,-32.9023827619,2,Barrio Civico,2366816.36021,0
19179,Morera,18/07/2011 10:05,Alto (> 8 mts),87,Grande,-68.841326862,-32.8728926235,4,Cuarta Oeste,1173332.70145,0
48333,Fresno americano,19/08/2011 09:31,Medio (4 - 8 mts),65,Grande,-68.8273294565,-32.8672543668,4,Cuarta Este Área Fundacional,1822015.85685,0
44239,Platano,13/10/2011 11:34,Alto (> 8 mts),220,Grande,-68.8343308242,-32.8836875495,3,Parque O'Higgins,1531146.02653,0
26818,Fresno europeo,09/11/2011 12:18,Alto (> 8 mts),90,Grande,-68.8341893951,-32.8938887853,3,Parque O'Higgins,1531146.02653,0
16373,Morera,12/08/2011 14:17,Alto (> 8 mts),190,Grande,-68.8419491607,-32.8629596213,4,Cuarta Oeste,1173332.70145,0
30978,Morera,10/02/2011 12:53,Muy bajo (1 - 2 mts),5,Chico,-68.8558233062,-32.8635454843,6,Residencial Norte,2694682.37982,0
2511,Fresno europeo,21/10/2011 14:29,Medio (4 - 8 mts),108,Grande,-68.8350972318,-32.8886202744,3,Parque O'Higgins,1531146.02653,0
31943,Fresno europeo,02/06/2011 13:57,Alto (> 8 mts),120,Grande,-68.8602168422,-32.8844750487,5,Residencial Sur,2423808.92355,0
13324,Acer,22/02/2011 13:42,Alto (> 8 mts),144,Grande,-68.8480930984,-32.8661923968,6,Residencial Norte,2694682.37982,0
41930,Paraiso,20/04/2011 09:29,Medio (4 - 8 mts),143,Grande,-68.8378729371,-32.8793673127,1,Parque Central,1655357.93265,0
45689,Morera,26/08/2011 11:00,Alto (> 8 mts),160,Grande,-68.8227201675,-32.870124962,4,Cuarta Este Área Fundacional,1822015.85685,0
23719,Morera,25/01/2011 12:39,Alto (> 8 mts),103,Grande,-68.8500467335,-32.9006106557,2,Barrio Civico,2366816.36021,0
33331,Fresno europeo,23/05/2011 10:33,Alto (> 8 mts),60,Mediano,-68.8565340032,-32.8912336174,5,Residencial Sur,2423808.92355,0
46218,Morera,27/09/2011 12:08,Alto (> 8 mts),200,Grande,-68.8261883918,-32.8748982495,4,Cuarta Este Área Fundacional,1822015.85685,0
29812,Platano,04/03/2011 12:57,Alto (> 8 mts),155,Grande,-68.8426201321,-32.8922607969,2,Barrio Civico,2366816.36021,0
28203,Morera,14/03/2011 18:12,Alto (> 8 mts),132,Grande,-68.8476962967,-32.8935666303,2,Barrio Civico,2366816.36021,1
21408,Olmo comun,10/05/2011 12:13,Alto (> 8 mts),95,Grande,-68.85590617,-32.8922225885,5,Residencial Sur,2423808.92355,0
13595,Paraiso,01/03/2011 12:59,Alto (> 8 mts),150,Grande,-68.8512315453,-32.8655966943,6,Residencial Norte,2694682.37982,0
28986,Morera,25/04/2011 09:16,Alto (> 8 mts),120,Grande,-68.8463732024,-32.8868767878,1,Parque Central,1655357.93265,1
26960,Fresno europeo,01/11/2011 16:23,Medio (4 - 8 mts),100,Grande,-68.8367280265,-32.8864841441,3,Parque O'Higgins,1531146.02653,0
27511,Morera,26/10/2011 10:09,Alto (> 8 mts),150,Grande,-68.8370792126,-32.8928634289,3,Parque O'Higgins,1531146.02653,0
7842,Fresno americano,10/06/2011 11:23,Bajo (2 - 4 mts),50,Mediano,-68.8491572553,-32.8855314491,1,Parque Central,1655357.93265,0
25600,Morera,07/02/2011 19:11,Medio (4 - 8 mts),88,Grande,-68.83815095,-32.9018545085,2,Barrio Civico,2366816.36021,0
21975,Morera,30/05/2011 11:40,Alto (> 8 mts),140,Grande,-68.8581858176,-32.8949607003,5,Residencial Sur,2423808.92355,0
21413,Platano,10/05/2011 12:00,Alto (> 8 mts),220,Grande,-68.8563049153,-32.8921529255,5,Residencial Sur,2423808.92355,0
48126,Morera,17/08/2011 11:16,Medio (4 - 8 mts),60,Mediano,-68.8298726157,-32.8668631812,4,Cuarta Este Área Fundacional,1822015.85685,0
46740,Morera,07/09/2011 10:42,Medio (4 - 8 mts),105,Grande,-68.8331124463,-32.8701188731,4,Cuarta Oeste,1173332.70145,0
561,Morera,09/03/2012 07:43,Alto (> 8 mts),160,Grande,-68.8190072511,-32.8684963857,4,Cuarta Este Área Fundacional,1822015.85685,1
21032,Fresno europeo,21/06/2011 11:55,Medio (4 - 8 mts),45,Mediano,-68.8639475854,-32.9015079661,5,Residencial Sur,2423808.92355,0
24546,Morera,27/01/2011 12:26,Alto (> 8 mts),204,Grande,-68.8435756876,-32.9017169558,2,Barrio Civico,2366816.36021,0
33059,Morera,18/05/2011 12:08,Alto (> 8 mts),170,Grande,-68.8535728849,-32.8879097252,5,Residencial Sur,2423808.92355,0
29527,Caducifolio,25/02/2011 13:30,Alto (> 8 mts),88,Grande,-68.8437703411,-32.8923944406,2,Barrio Civico,2366816.36021,0
9382,Morera,15/02/2011 09:47,Medio (4 - 8 mts),106,Grande,-68.843899177,-32.8653981255,4,Cuarta Oeste,1173332.70145,0
15250,Acacia SP,18/11/2011 17:07,Muy bajo (1 - 2 mts),3,Chico,-68.8589497935,-32.8710074641,6,Residencial Norte,2694682.37982,1
23800,Olmo comun,27/01/2011 18:12,Alto (> 8 mts),190,Grande,-68.8502021431,-32.9007635982,2,Barrio Civico,2366816.36021,0
24886,Morera,17/02/2011 09:13,Alto (> 8 mts),141,Grande,-68.838956138,-32.8976674739,2,Barrio Civico,2366816.36021,0
20934,Morera,30/05/2011 09:35,Alto (> 8 mts),105,Grande,-68.8619648762,-32.8955568892,5,Residencial Sur,2423808.92355,0
41370,Platano,19/04/2011 09:32,Alto (> 8 mts),160,Grande,-68.8418665635,-32.8832717345,1,Parque Central,1655357.93265,0
4991,Fresno europeo,28/06/2011 09:27,Alto (> 8 mts),148,Grande,-68.8326890739,-32.8624399133,4,Cuarta Oeste,1173332.70145,0
38995,Paraiso sombrilla,27/12/2010 13:09,Medio (4 - 8 mts),50,Mediano,-68.8548754919,-32.8705755755,6,Residencial Norte,2694682.37982,0
31629,Morera,15/06/2011 09:28,Alto (> 8 mts),7,Chico,-68.8586538421,-32.8882960472,5,Residencial Sur,2423808.92355,0
36564,Morera,07/06/2011 09:57,Bajo (2 - 4 mts),60,Mediano,-68.8583516159,-32.8835091768,5,Residencial Sur,2423808.92355,1
41664,Olmo bola,27/04/2011 13:13,Alto (> 8 mts),128,Grande,-68.838260883,-32.876401064,1,Parque Central,1655357.93265,0
31403,Platano,23/05/2011 10:35,Alto (> 8 mts),220,Grande,-68.8506977507,-32.8851020849,1,Parque Central,1655357.93265,0
15328,Paraiso,17/11/2011 12:13,Medio (4 - 8 mts),48,Mediano,-68.8603520552,-32.8704117666,7,Residencial Parque,1786336.08966,0
45047,Morera,01/09/2011 07:58,Medio (4 - 8 mts),48,Mediano,-68.8224961172,-32.8702508994,4,Cuarta Este Área Fundacional,1822015.85685,0
44124,Fresno europeo,04/10/2011 09:51,Alto (> 8 mts),100,Grande,-68.8352826747,-32.8797580583,1,Parque Central,1655357.93265,0
46001,Fresno europeo,27/09/2011 10:13,Medio (4 - 8 mts),160,Grande,-68.8215300129,-32.873589915,4,Cuarta Este Área Fundacional,1822015.85685,0
18190,Morera,22/07/2011 09:35,Alto (> 8 mts),130,Grande,-68.8405784088,-32.8697615307,4,Cuarta Oeste,1173332.70145,0
16082,Paraiso,21/07/2011 10:29,Alto (> 8 mts),110,Grande,-68.8443767374,-32.8725728568,6,Residencial Norte,2694682.37982,0
5212,Jacaranda,09/08/2011 10:03,Bajo (2 - 4 mts),40,Mediano,-68.8400963777,-32.8734777951,4,Cuarta Oeste,1173332.70145,0
17880,Fresno europeo,01/08/2011 10:47,Medio (4 - 8 mts),15,Chico,-68.8370246151,-32.8676065903,4,Cuarta Oeste,1173332.70145,0
22908,Fresno europeo,19/05/2011 16:23,Alto (> 8 mts),98,Grande,-68.8548538689,-32.8994836349,5,Residencial Sur,2423808.92355,0
4176,Morera,07/07/2011 10:03,Alto (> 8 mts),89,Grande,-68.8364405729,-32.8739198396,4,Cuarta Oeste,1173332.70145,0
18221,Morera,05/08/2011 11:47,Muy bajo (1 - 2 mts),4,Chico,-68.8387773537,-32.867644839,4,Cuarta Oeste,1173332.70145,0
35111,Fresno europeo,28/03/2011 12:19,Alto (> 8 mts),127,Grande,-68.8520938398,-32.8811902172,1,Parque Central,1655357.93265,0
17625,Morera,18/07/2011 11:58,Alto (> 8 mts),213,Grande,-68.8430144974,-32.8669869222,4,Cuarta Oeste,1173332.70145,0
42917,Morera,29/09/2011 10:58,Medio (4 - 8 mts),180,Grande,-68.8341807216,-32.8764332321,4,Cuarta Este Área Fundacional,1822015.85685,0
36667,Fresno americano,03/06/2011 16:35,Medio (4 - 8 mts),60,Mediano,-68.8591136148,-32.8824787254,7,Residencial Parque,1786336.08966,0
2725,Fresno europeo,12/10/2011 08:34,Medio (4 - 8 mts),35,Mediano,-68.8311746153,-32.8828449246,3,Parque O'Higgins,1531146.02653,0
7425,Morera,17/06/2011 17:31,Bajo (2 - 4 mts),22,Mediano,-68.8571327975,-32.9003121764,5,Residencial Sur,2423808.92355,0
39367,Fresno europeo,30/11/2010 12:27,Alto (> 8 mts),80,Grande,-68.8566873719,-32.8723222681,6,Residencial Norte,2694682.37982,0
16688,Paraiso,20/07/2011 14:32,Alto (> 8 mts),165,Grande,-68.8409192027,-32.8632682286,4,Cuarta Oeste,1173332.70145,1
325,Morera,07/03/2012 10:35,Medio (4 - 8 mts),140,Grande,-68.8202073796,-32.8677022954,4,Cuarta Este Área Fundacional,1822015.85685,0
12539,Fresno europeo,10/01/2011 13:41,Medio (4 - 8 mts),45,Mediano,-68.8443865689,-32.8626202128,4,Cuarta Oeste,1173332.70145,0
45109,Morera,31/08/2011 16:04,Medio (4 - 8 mts),100,Grande,-68.8253908347,-32.8702070691,4,Cuarta Este Área Fundacional,1822015.85685,0
6940,Acer,08/06/2011 09:25,Alto (> 8 mts),100,Grande,-68.8551374601,-32.8960682543,5,Residencial Sur,2423808.92355,0
13653,Morera,25/02/2011 12:51,Alto (> 8 mts),160,Grande,-68.851993316,-32.8655782781,6,Residencial Norte,2694682.37982,0
28314,Morera,10/03/2011 15:24,Alto (> 8 mts),142,Grande,-68.8497725553,-32.8921605026,5,Residencial Sur,2423808.92355,0
21161,Fresno europeo,06/05/2011 10:43,Alto (> 8 mts),93,Grande,-68.8529783407,-32.8933556272,5,Residencial Sur,2423808.92355,1
35515,Morera,17/06/2011 13:17,Medio (4 - 8 mts),110,Grande,-68.8560774204,-32.8833253844,5,Residencial Sur,2423808.92355,0
16779,Paraiso,11/08/2011 13:28,Medio (4 - 8 mts),50,Mediano,-68.8399007996,-32.8625261868,4,Cuarta Oeste,1173332.70145,0
41798,Paraiso,26/04/2011 13:16,Alto (> 8 mts),150,Grande,-68.8420475124,-32.877992703,1,Parque Central,1655357.93265,0
7606,Fresno europeo,03/06/2011 16:51,Muy bajo (1 - 2 mts),4,Chico,-68.8596488618,-32.8823782303,7,Residencial Parque,1786336.08966,0
35204,Fresno europeo,23/03/2011 10:16,Alto (> 8 mts),78,Grande,-68.8522940859,-32.8819716806,1,Parque Central,1655357.93265,0
47507,Morera,29/08/2011 14:16,Alto (> 8 mts),116,Grande,-68.8271386529,-32.8711025523,4,Cuarta Este Área Fundacional,1822015.85685,0
27424,Morera,25/10/2011 09:38,Alto (> 8 mts),142,Grande,-68.8349463895,-32.8927260185,3,Parque O'Higgins,1531146.02653,1
14040,Jacaranda,29/11/2011 15:55,Bajo (2 - 4 mts),20,Chico,-68.8786531486,-32.8645296227,8,Aeroparque,2203364.73622,0
26817,Platano,09/11/2011 12:22,Alto (> 8 mts),150,Grande,-68.8344469218,-32.8938347438,3,Parque O'Higgins,1531146.02653,0
44344,Platano,18/10/2011 11:20,Alto (> 8 mts),220,Grande,-68.8356078301,-32.8835535767,3,Parque O'Higgins,1531146.02653,0
3650,Morera,24/08/2011 11:43,Medio (4 - 8 mts),180,Grande,-68.8216578508,-32.8689624803,4,Cuarta Este Área Fundacional,1822015.85685,0
31842,Platano,30/06/2011 13:20,Alto (> 8 mts),180,Grande,-68.8612054989,-32.8899380683,5,Residencial Sur,2423808.92355,0
19119,Perenne,26/07/2011 12:32,Muy bajo (1 - 2 mts),22,Mediano,-68.8412704487,-32.8717506466,4,Cuarta Oeste,1173332.70145,0
46887,Platano,08/09/2011 12:37,Alto (> 8 mts),155,Grande,-68.834234137,-32.8713873349,4,Cuarta Oeste,1173332.70145,0
21018,Ligustro,21/06/2011 12:10,Alto (> 8 mts),120,Grande,-68.8631684806,-32.9004703524,5,Residencial Sur,2423808.92355,0
38881,Fresno europeo,09/12/2010 09:43,Bajo (2 - 4 mts),38,Mediano,-68.8486180545,-32.8717856381,6,Residencial Norte,2694682.37982,0
13048,Morera,15/02/2011 12:52,Medio (4 - 8 mts),154,Grande,-68.8447532418,-32.8644611187,4,Cuarta Oeste,1173332.70145,0
42053,Fresno europeo,12/04/2011 13:12,Bajo (2 - 4 mts),30,Mediano,-68.843249148,-32.880455843,1,Parque Central,1655357.93265,0
15993,Braquiquito,10/08/2011 10:16,Alto (> 8 mts),198,Grande,-68.8437548213,-32.8724312171,4,Cuarta Oeste,1173332.70145,0
13112,Paraiso,18/02/2011 09:28,Alto (> 8 mts),180,Grande,-68.8454506092,-32.8658724949,4,Cuarta Oeste,1173332.70145,0
23736,Paraiso,25/01/2011 11:50,Alto (> 8 mts),94,Grande,-68.8494930621,-32.9013555817,2,Barrio Civico,2366816.36021,0
7173,Prunas,18/05/2011 10:22,Bajo (2 - 4 mts),28,Mediano,-68.8561654783,-32.8993489268,5,Residencial Sur,2423808.92355,0
47749,Fresno americano,16/09/2011 13:34,Medio (4 - 8 mts),170,Grande,-68.8262996015,-32.8732129585,4,Cuarta Este Área Fundacional,1822015.85685,0
11572,Paraiso,10/05/2010 11:52,Medio (4 - 8 mts),162,Grande,-68.8518258619,-32.8672315876,6,Residencial Norte,2694682.37982,0
30879,Acacia SP,15/02/2011 13:05,Medio (4 - 8 mts),46,Mediano,-68.8556146137,-32.8655188349,6,Residencial Norte,2694682.37982,0
33350,Platano,19/05/2011 10:58,Alto (> 8 mts),128,Grande,-68.8564574817,-32.8909171675,5,Residencial Sur,2423808.92355,1
14957,Paraiso sombrilla,19/12/2011 09:20,Bajo (2 - 4 mts),50,Mediano,-68.8809658391,-32.8721506805,8,Aeroparque,2203364.73622,0
15336,Paraiso,16/11/2011 13:10,Bajo (2 - 4 mts),70,Grande,-68.8601656222,-32.8697713136,6,Residencial Norte,2694682.37982,0
20973,Morera,14/06/2011 13:50,Alto (> 8 mts),110,Grande,-68.862703235,-32.901838518,5,Residencial Sur,2423808.92355,0
454,Morera,05/03/2012 18:14,Medio (4 - 8 mts),140,Grande,-68.8187501176,-32.8674400925,4,Cuarta Este Área Fundacional,1822015.85685,0
23393,Fresno americano,27/01/2011 19:30,Bajo (2 - 4 mts),96,Grande,-68.8493611025,-32.9016515161,2,Barrio Civico,2366816.36021,0
19643,Caducifolio,13/07/2011 10:16,Alto (> 8 mts),142,Grande,-68.8341605983,-32.8703105245,4,Cuarta Oeste,1173332.70145,0
26749,Morera,11/01/2012 12:36,Alto (> 8 mts),120,Grande,-68.834585722,-32.894986272,3,Parque O'Higgins,1531146.02653,1
18811,Morera,10/08/2011 10:39,Medio (4 - 8 mts),70,Grande,-68.8354453485,-32.8697344154,4,Cuarta Oeste,1173332.70145,0
48295,Platano,17/08/2011 09:43,Alto (> 8 mts),248,Grande,-68.8289726252,-32.8684275644,4,Cuarta Este Área Fundacional,1822015.85685,1
23807,Morera,27/01/2011 17:26,Alto (> 8 mts),72,Grande,-68.8508782207,-32.9008123762,2,Barrio Civico,2366816.36021,0
19144,Morera,20/07/2011 10:25,Alto (> 8 mts),112,Grande,-68.8400246765,-32.8721061305,4,Cuarta Oeste,1173332.70145,1
12663,Fresno americano,17/01/2011 12:12,Bajo (2 - 4 mts),40,Mediano,-68.8464491907,-32.863081535,4,Cuarta Oeste,1173332.70145,0
16866,Morera,05/08/2011 10:56,Bajo (2 - 4 mts),40,Mediano,-68.8383216626,-32.8649659395,4,Cuarta Oeste,1173332.70145,0
2300,Morera,04/11/2011 10:26,Medio (4 - 8 mts),55,Mediano,-68.8384297251,-32.8939123229,2,Barrio Civico,2366816.36021,0
35212,Fresno europeo,23/03/2011 09:50,Alto (> 8 mts),130,Grande,-68.8525714888,-32.8814966597,1,Parque Central,1655357.93265,0
36813,Platano,07/04/2011 12:39,Alto (> 8 mts),180,Grande,-68.8580423042,-32.8811385,7,Residencial Parque,1786336.08966,0
32214,Morera,10/05/2011 09:49,Medio (4 - 8 mts),200,Grande,-68.8596286429,-32.8856999703,5,Residencial Sur,2423808.92355,0
42721,Fresno europeo,26/09/2011 11:28,Medio (4 - 8 mts),80,Grande,-68.8270821804,-32.8768282435,4,Cuarta Este Área Fundacional,1822015.85685,0
37818,Olmo bola,10/12/2010 09:49,Alto (> 8 mts),200,Grande,-68.8484341681,-32.8722284638,6,Residencial Norte,2694682.37982,1
47743,Morera,16/09/2011 13:49,Alto (> 8 mts),168,Grande,-68.8269867406,-32.8731735149,4,Cuarta Este Área Fundacional,1822015.85685,0
44511,Fresno americano,18/10/2011 10:14,Alto (> 8 mts),150,Grande,-68.8357157429,-32.8859181789,3,Parque O'Higgins,1531146.02653,0
30563,Fresno europeo,09/02/2011 10:20,Bajo (2 - 4 mts),20,Chico,-68.8571444078,-32.8661955524,6,Residencial Norte,2694682.37982,0
6634,Fresno europeo,11/05/2011 10:59,Alto (> 8 mts),115,Grande,-68.8575402178,-32.8929243355,5,Residencial Sur,2423808.92355,0
34265,Fresno europeo,04/03/2011 10:23,Bajo (2 - 4 mts),20,Chico,-68.852709452,-32.874095608,6,Residencial Norte,2694682.37982,0
31056,Fresno europeo,16/02/2011 10:21,Medio (4 - 8 mts),63,Grande,-68.8550528257,-32.8650036707,6,Residencial Norte,2694682.37982,0
47808,Prunas,23/09/2011 15:36,Bajo (2 - 4 mts),30,Mediano,-68.8267225507,-32.8742622453,4,Cuarta Este Área Fundacional,1822015.85685,0
46916,Morera,08/09/2011 08:59,Alto (> 8 mts),170,Grande,-68.8320257315,-32.8711712285,4,Cuarta Este Área Fundacional,1822015.85685,1
8522,Morera,09/02/2011 08:43,Alto (> 8 mts),180,Grande,-68.8390571902,-32.8981186989,2,Barrio Civico,2366816.36021,0
33310,Fresno europeo,24/06/2011 10:41,Alto (> 8 mts),125,Grande,-68.8577348248,-32.8902975942,5,Residencial Sur,2423808.92355,0
38773,Paraiso,01/11/2010 11:34,Alto (> 8 mts),230,Grande,-68.8498648745,-32.8695193901,6,Residencial Norte,2694682.37982,0
27937,Fresno americano,03/11/2011 11:12,Medio (4 - 8 mts),100,Grande,-68.8378975525,-32.8932577288,2,Barrio Civico,2366816.36021,0
24594,Platano,27/01/2011 09:19,Alto (> 8 mts),200,Grande,-68.8423521648,-32.9015294907,2,Barrio Civico,2366816.36021,0
44908,Morera,23/08/2011 13:27,Alto (> 8 mts),180,Grande,-68.8254513726,-32.8676670809,4,Cuarta Este Área Fundacional,1822015.85685,0
16143,Morera,21/07/2011 09:32,Alto (> 8 mts),180,Grande,-68.8452760184,-32.8727904348,6,Residencial Norte,2694682.37982,0
27564,Morera,28/10/2011 11:37,Medio (4 - 8 mts),55,Mediano,-68.8395054165,-32.8928369998,2,Barrio Civico,2366816.36021,1
47959,Olmo comun,02/09/2011 10:21,Medio (4 - 8 mts),199,Grande,-68.8259747164,-32.8688642683,4,Cuarta Este Área Fundacional,1822015.85685,0
33295,Platano,24/06/2011 11:26,Alto (> 8 mts),72,Grande,-68.8569353729,-32.889727473,5,Residencial Sur,2423808.92355,0
44175,Morera,26/09/2011 11:30,Alto (> 8 mts),130,Grande,-68.8349022548,-32.8764704346,4,Cuarta Este Área Fundacional,1822015.85685,0
22399,Fresno europeo,16/06/2011 08:50,Medio (4 - 8 mts),65,Grande,-68.8607726677,-32.8981580789,5,Residencial Sur,2423808.92355,0
19077,Morera,27/07/2011 10:45,Alto (> 8 mts),180,Grande,-68.8429032397,-32.8727189631,4,Cuarta Oeste,1173332.70145,0
13617,Morera,28/02/2011 11:58,Alto (> 8 mts),170,Grande,-68.8517953053,-32.8659821348,6,Residencial Norte,2694682.37982,0
21981,Paraiso,27/05/2011 13:25,Alto (> 8 mts),92,Grande,-68.8582262228,-32.8944120671,5,Residencial Sur,2423808.92355,0
32281,Fresno europeo,28/06/2011 10:24,Alto (> 8 mts),160,Grande,-68.8505075159,-32.8910998852,5,Residencial Sur,2423808.92355,0
8721,Morera,11/02/2011 09:11,Alto (> 8 mts),126,Grande,-68.8374991903,-32.89984215,2,Barrio Civico,2366816.36021,0
6564,Braquiquito,19/05/2011 11:36,Alto (> 8 mts),57,Mediano,-68.8569410228,-32.8911502029,5,Residencial Sur,2423808.92355,0
34607,Fresno europeo,17/01/2012 12:04,Medio (4 - 8 mts),100,Grande,-68.8474859615,-32.8752283643,6,Residencial Norte,2694682.37982,0
21573,Fresno europeo,07/06/2011 13:11,Medio (4 - 8 mts),96,Grande,-68.8553200707,-32.8958187127,5,Residencial Sur,2423808.92355,0
41582,Braquiquito,05/05/2011 12:06,Medio (4 - 8 mts),92,Grande,-68.8411396107,-32.877471817199996,1,Parque Central,1655357.93265,0
11702,Morera,31/01/2011 09:51,Alto (> 8 mts),160,Grande,-68.8508646208,-32.8685120459,6,Residencial Norte,2694682.37982,0
43703,Platano,11/10/2011 09:33,Alto (> 8 mts),260,Grande,-68.8315167367,-32.8836797056,3,Parque O'Higgins,1531146.02653,0
29707,Morera,02/03/2011 14:59,Alto (> 8 mts),142,Grande,-68.8425525169,-32.893502656,2,Barrio Civico,2366816.36021,0
18712,Fresno americano,04/07/2011 10:12,Alto (> 8 mts),130,Grande,-68.8352049113,-32.8741971234,4,Cuarta Este Área Fundacional,1822015.85685,0
43030,Morera,04/10/2011 11:31,Medio (4 - 8 mts),120,Grande,-68.832508217,-32.8777328684,4,Cuarta Este Área Fundacional,1822015.85685,1
5785,Conifera,04/05/2011 10:56,Alto (> 8 mts),58,Mediano,-68.8415376725,-32.8784762953,1,Parque Central,1655357.93265,0
26875,Platano,28/10/2011 18:21,Alto (> 8 mts),170,Grande,-68.8381212821,-32.8860673898,3,Parque O'Higgins,1531146.02653,0
48171,Fresno europeo,17/08/2011 09:47,Medio (4 - 8 mts),103,Grande,-68.8290815957,-32.8680552558,4,Cuarta Este Área Fundacional,1822015.85685,0
11828,Palo borracho,02/03/2011 13:14,Medio (4 - 8 mts),160,Grande,-68.8496716563,-32.865390693,6,Residencial Norte,2694682.37982,0
30684,Morera,03/02/2011 09:55,Alto (> 8 mts),60,Mediano,-68.8551995613,-32.8667408528,6,Residencial Norte,2694682.37982,0
32649,Acer,24/06/2011 13:49,Alto (> 8 mts),126,Grande,-68.850930763,-32.890720304,5,Residencial Sur,2423808.92355,0
2866,Morera,04/11/2011 08:42,Alto (> 8 mts),105,Grande,-68.8352533327,-32.8940573767,3,Parque O'Higgins,1531146.02653,1
45544,Paraiso,16/09/2011 13:43,Alto (> 8 mts),176,Grande,-68.8202529147,-32.8726318405,4,Cuarta Este Área Fundacional,1822015.85685,0
24096,Acacia visco,11/01/2011 11:17,Alto (> 8 mts),190,Grande,-68.8465110946,-32.9010516299,2,Barrio Civico,2366816.36021,0
20811,Morera,31/05/2011 11:39,Alto (> 8 mts),140,Grande,-68.8625977886,-32.8956444191,5,Residencial Sur,2423808.92355,1
41415,Fresno europeo,18/04/2011 14:24,Bajo (2 - 4 mts),28,Mediano,-68.842606308,-32.8829319793,1,Parque Central,1655357.93265,0
19211,Fresno europeo,06/07/2011 09:27,Medio (4 - 8 mts),77,Grande,-68.8387530468,-32.8727509222,4,Cuarta Oeste,1173332.70145,0
40887,Acacia SP,20/04/2011 19:34,Medio (4 - 8 mts),58,Mediano,-68.8391061084,-32.8845401933,1,Parque Central,1655357.93265,1
46058,Fresno europeo,19/09/2011 11:40,Medio (4 - 8 mts),169,Grande,-68.8220448996,-32.8729190979,4,Cuarta Este Área Fundacional,1822015.85685,0
14796,Prunas,05/12/2011 18:18,Bajo (2 - 4 mts),18,Chico,-68.8797627405,-32.8686847771,8,Aeroparque,2203364.73622,0
35585,Morera,17/03/2011 09:40,Medio (4 - 8 mts),114,Grande,-68.8570416232,-32.8740296707,6,Residencial Norte,2694682.37982,0
13057,Morera,16/02/2011 10:32,Bajo (2 - 4 mts),32,Mediano,-68.8454370285,-32.8649558239,4,Cuarta Oeste,1173332.70145,0
32594,Platano,17/06/2011 09:24,Alto (> 8 mts),160,Grande,-68.8539606023,-32.8891609875,5,Residencial Sur,2423808.92355,0
36718,Morera,14/06/2011 10:28,Medio (4 - 8 mts),120,Grande,-68.8601182334,-32.8814635549,7,Residencial Parque,1786336.08966,0
43623,Platano,12/10/2011 15:06,Alto (> 8 mts),140,Grande,-68.8337222902,-32.8836071901,3,Parque O'Higgins,1531146.02653,0
15509,Acacia SP,21/11/2011 13:31,Medio (4 - 8 mts),85,Grande,-68.8602302655,-32.8709686181,7,Residencial Parque,1786336.08966,0
26952,Fresno europeo,01/11/2011 16:43,Alto (> 8 mts),130,Grande,-68.8367850917,-32.8872655859,3,Parque O'Higgins,1531146.02653,1
1196,Paraiso,01/12/2011 07:55,Bajo (2 - 4 mts),35,Mediano,-68.8763051557,-32.8659597794,8,Aeroparque,2203364.73622,0
34658,Morera,01/04/2011 13:19,Alto (> 8 mts),160,Grande,-68.8507902311,-32.8767900749,6,Residencial Norte,2694682.37982,0
22701,Paraiso,12/05/2011 12:35,Alto (> 8 mts),102,Grande,-68.8540193743,-32.8995521621,5,Residencial Sur,2423808.92355,1
25645,Morera,07/02/2011 12:23,Alto (> 8 mts),180,Grande,-68.8419568658,-32.9028383344,2,Barrio Civico,2366816.36021,0
39232,Morera,28/12/2010 14:04,Alto (> 8 mts),140,Grande,-68.8541920115,-32.871767818,6,Residencial Norte,2694682.37982,0
31236,Morera,04/02/2011 12:09,Bajo (2 - 4 mts),26,Mediano,-68.8540341063,-32.8643387348,6,Residencial Norte,2694682.37982,0
17000,Morera,15/08/2011 11:08,Medio (4 - 8 mts),149,Grande,-68.8371684337,-32.8645455344,4,Cuarta Oeste,1173332.70145,0
23926,Morera,19/01/2012 09:32,Alto (> 8 mts),100,Grande,-68.8514527346,-32.8987170703,2,Barrio Civico,2366816.36021,1
8450,Morera,09/02/2011 18:49,Medio (4 - 8 mts),22,Mediano,-68.8361599258,-32.8981446776,2,Barrio Civico,2366816.36021,0
39445,Paraiso,11/11/2010 10:24,Alto (> 8 mts),210,Grande,-68.8547238843,-32.8697256543,6,Residencial Norte,2694682.37982,0
45621,Morera,22/09/2011 08:42,Alto (> 8 mts),125,Grande,-68.8209799243,-32.8713612244,4,Cuarta Este Área Fundacional,1822015.85685,0
32543,Acer,23/06/2011 10:57,Medio (4 - 8 mts),150,Grande,-68.8505681867,-32.8894563813,5,Residencial Sur,2423808.92355,0
3783,Morera,23/08/2011 12:46,Alto (> 8 mts),90,Grande,-68.8191305837,-32.870412039,4,Cuarta Este Área Fundacional,1822015.85685,0
39778,Fresno europeo,13/07/2011 12:48,Medio (4 - 8 mts),44,Mediano,-68.851511173,-32.8830168073,1,Parque Central,1655357.93265,0
32282,Fresno europeo,28/06/2011 10:22,Alto (> 8 mts),160,Grande,-68.8504911518,-32.8910353316,5,Residencial Sur,2423808.92355,0
22991,Morera,02/06/2011 11:02,Alto (> 8 mts),98,Grande,-68.8561466012,-32.9004294691,5,Residencial Sur,2423808.92355,1
1914,Paraiso,18/11/2011 12:06,Bajo (2 - 4 mts),28,Mediano,-68.8596849531,-32.871235306,6,Residencial Norte,2694682.37982,0
11200,Caducifolio,26/01/2011 10:54,Bajo (2 - 4 mts),38,Mediano,-68.8441886229,-32.9028267779,2,Barrio Civico,2366816.36021,0
44682,Morera,19/08/2011 10:16,Bajo (2 - 4 mts),40,Mediano,-68.8240132066,-32.8672779732,4,Cuarta Este Área Fundacional,1822015.85685,0
29928,Platano,14/03/2011 12:23,Alto (> 8 mts),123,Grande,-68.8408574237,-32.892585082,2,Barrio Civico,2366816.36021,1
37112,Morera,07/04/2011 10:52,Medio (4 - 8 mts),65,Grande,-68.8591635373,-32.8769270562,7,Residencial Parque,1786336.08966,0
46682,Morera,02/09/2011 10:19,Alto (> 8 mts),188,Grande,-68.8305057019,-32.8702052673,4,Cuarta Este Área Fundacional,1822015.85685,0
41401,Fresno americano,15/04/2011 11:02,Alto (> 8 mts),82,Grande,-68.8423394118,-32.8819296408,1,Parque Central,1655357.93265,0
1707,Paraiso,24/11/2011 12:11,Alto (> 8 mts),130,Grande,-68.8722028229,-32.8787475573,7,Residencial Parque,1786336.08966,0
972,Fresno europeo,22/02/2012 07:51,Medio (4 - 8 mts),50,Mediano,-68.8487707679,-32.8726052402,6,Residencial Norte,2694682.37982,0
5933,Morera,02/05/2011 11:22,Alto (> 8 mts),155,Grande,-68.8449500484,-32.8759286921,1,Parque Central,1655357.93265,0
8190,Morera,15/03/2011 09:19,Alto (> 8 mts),180,Grande,-68.8403981346,-32.8916805071,2,Barrio Civico,2366816.36021,0
32588,Fresno europeo,17/06/2011 09:59,Alto (> 8 mts),120,Grande,-68.8533056728,-32.8892892026,5,Residencial Sur,2423808.92355,0
6812,Ailanthus,26/05/2011 10:00,Bajo (2 - 4 mts),20,Chico,-68.8605713699,-32.8936343903,5,Residencial Sur,2423808.92355,0
6248,Morera,14/07/2011 10:00,Bajo (2 - 4 mts),13,Chico,-68.8533186881,-32.8851790339,5,Residencial Sur,2423808.92355,0
24204,Morera,26/01/2011 12:12,Alto (> 8 mts),180,Grande,-68.8450120574,-32.9015806958,2,Barrio Civico,2366816.36021,0
27055,Fresno americano,21/10/2011 10:06,Medio (4 - 8 mts),122,Grande,-68.8372327703,-32.8885282159,3,Parque O'Higgins,1531146.02653,0
22688,Morera,11/05/2011 09:41,Muy bajo (1 - 2 mts),4,Chico,-68.8528939011,-32.8996966681,2,Barrio Civico,2366816.36021,0
12586,Fresno europeo,11/01/2011 11:17,Medio (4 - 8 mts),88,Grande,-68.8452125468,-32.863045798,4,Cuarta Oeste,1173332.70145,0
9093,Fresno europeo,17/02/2011 11:08,Alto (> 8 mts),50,Mediano,-68.8544759195,-32.8665741724,6,Residencial Norte,2694682.37982,0
42975,Morera,06/10/2011 18:16,Bajo (2 - 4 mts),82,Grande,-68.8337519638,-32.8785206236,1,Parque Central,1655357.93265,1
33486,Fresno europeo,16/06/2011 09:42,Alto (> 8 mts),147,Grande,-68.8559817425,-32.8896226929,5,Residencial Sur,2423808.92355,0
13625,Morera,28/02/2011 12:43,Alto (> 8 mts),125,Grande,-68.8518399938,-32.8655002776,6,Residencial Norte,2694682.37982,0
38953,Morera,03/01/2011 09:30,Medio (4 - 8 mts),55,Mediano,-68.8558876825,-32.8709424783,6,Residencial Norte,2694682.37982,0
19296,Morera,13/07/2011 20:40,Alto (> 8 mts),120,Grande,-68.8354414579,-32.86998968,4,Cuarta Oeste,1173332.70145,0
7568,Fresno americano,16/06/2011 13:11,Bajo (2 - 4 mts),36,Mediano,-68.8570226537,-32.882935482,5,Residencial Sur,2423808.92355,0
39692,Fresno europeo,19/10/2010 11:27,Medio (4 - 8 mts),25,Mediano,-68.8463555066,-32.8698221985,6,Residencial Norte,2694682.37982,0
46265,Morera,30/09/2011 15:11,Alto (> 8 mts),200,Grande,-68.8230455411,-32.8735087751,4,Cuarta Este Área Fundacional,1822015.85685,1
31169,Morera,07/02/2011 12:29,Muy bajo (1 - 2 mts),5,Chico,-68.854968948,-32.8637804931,6,Residencial Norte,2694682.37982,0
2148,Morera,07/11/2011 10:39,Alto (> 8 mts),142,Grande,-68.8397727645,-32.8950127702,2,Barrio Civico,2366816.36021,1
15653,Paraiso,15/11/2011 17:23,Bajo (2 - 4 mts),26,Mediano,-68.8621416894,-32.871556333,7,Residencial Parque,1786336.08966,0
28047,Morera,23/03/2011 18:01,Alto (> 8 mts),122,Grande,-68.8462345132,-32.8938150435,2,Barrio Civico,2366816.36021,1
31713,Morera,18/05/2011 10:10,Medio (4 - 8 mts),100,Grande,-68.8611380792,-32.890061427,5,Residencial Sur,2423808.92355,1
32487,Morera,27/05/2011 10:58,Alto (> 8 mts),190,Grande,-68.8532014132,-32.8891955748,5,Residencial Sur,2423808.92355,0
13875,Paraiso,16/12/2011 12:33,Bajo (2 - 4 mts),76,Grande,-68.8760540238,-32.8681789521,8,Aeroparque,2203364.73622,0
27096,Fresno europeo,27/10/2011 09:27,Muy bajo (1 - 2 mts),4,Chico,-68.8370750937,-32.8895437661,3,Parque O'Higgins,1531146.02653,0
36139,Morera,04/04/2011 09:33,Alto (> 8 mts),130,Grande,-68.8514091681,-32.8779910099,6,Residencial Norte,2694682.37982,0
28215,Morera,10/03/2011 19:23,Alto (> 8 mts),168,Grande,-68.84800271,-32.8930297584,2,Barrio Civico,2366816.36021,0
18431,Paraiso,11/07/2011 10:51,Medio (4 - 8 mts),100,Grande,-68.8389494096,-32.8730047315,4,Cuarta Oeste,1173332.70145,0
2654,Morera,07/10/2011 08:40,Bajo (2 - 4 mts),30,Mediano,-68.8311393948,-32.8847327599,3,Parque O'Higgins,1531146.02653,0
22786,Platano,17/06/2011 19:17,Alto (> 8 mts),218,Grande,-68.8585250396,-32.9016911308,5,Residencial Sur,2423808.92355,0
32806,Morera,14/07/2011 09:21,Alto (> 8 mts),180,Grande,-68.8528744317,-32.8851579544,5,Residencial Sur,2423808.92355,0
46799,Morera,07/09/2011 10:51,Bajo (2 - 4 mts),30,Mediano,-68.8325080734,-32.8718425553,4,Cuarta Este Área Fundacional,1822015.85685,0
7371,Paraiso,23/06/2011 12:03,Alto (> 8 mts),105,Grande,-68.8613198692,-32.9005711184,5,Residencial Sur,2423808.92355,1
43769,Acacia SP,14/10/2011 19:06,Alto (> 8 mts),160,Grande,-68.8336170175,-32.882400969,3,Parque O'Higgins,1531146.02653,0
36852,Platano,28/03/2011 16:39,Alto (> 8 mts),198,Grande,-68.8573423043,-32.8795034749,7,Residencial Parque,1786336.08966,0
3747,Fresno americano,25/08/2011 13:11,Muy bajo (1 - 2 mts),5,Chico,-68.8194067566,-32.8696299922,4,Cuarta Este Área Fundacional,1822015.85685,0
26005,Fresno europeo,09/11/2011 18:10,Medio (4 - 8 mts),60,Mediano,-68.8381697823,-32.9044168577,2,Barrio Civico,2366816.36021,0
14672,Aguaribay,15/12/2011 17:09,Muy bajo (1 - 2 mts),3,Chico,-68.8816282073,-32.8673271675,8,Aeroparque,2203364.73622,0
29477,Morera,16/03/2011 12:41,Alto (> 8 mts),218,Grande,-68.8451442899,-32.8930348174,2,Barrio Civico,2366816.36021,0
20751,Prunas,01/06/2011 11:13,Bajo (2 - 4 mts),30,Mediano,-68.8619164541,-32.8965938705,5,Residencial Sur,2423808.92355,0
21770,Morera,23/05/2011 08:59,Medio (4 - 8 mts),84,Grande,-68.8563227215,-32.8950260435,5,Residencial Sur,2423808.92355,1
19592,Morera,11/07/2011 10:09,Alto (> 8 mts),108,Grande,-68.835905118,-32.8717644624,4,Cuarta Oeste,1173332.70145,1
2647,Caducifolio,24/10/2011 09:02,Alto (> 8 mts),120,Grande,-68.834252509,-32.8799397311,1,Parque Central,1655357.93265,0
8249,Morera,18/02/2011 12:21,Alto (> 8 mts),142,Grande,-68.8438932934,-32.8922644558,2,Barrio Civico,2366816.36021,1
25846,Fresno europeo,03/02/2011 16:40,Bajo (2 - 4 mts),58,Mediano,-68.8401575128,-32.9016789997,2,Barrio Civico,2366816.36021,0
37943,Fresno europeo,27/08/2010 09:11,Alto (> 8 mts),152,Grande,-68.848361144,-32.87341714,6,Residencial Norte,2694682.37982,0
39555,Morera,28/10/2010 13:07,Alto (> 8 mts),160,Grande,-68.8495012888,-32.8688187414,6,Residencial Norte,2694682.37982,0
18950,Morera,04/08/2011 11:46,Alto (> 8 mts),240,Grande,-68.836568155,-32.8692452755,4,Cuarta Oeste,1173332.70145,0
17507,Fresno europeo,28/07/2011 14:45,Medio (4 - 8 mts),110,Grande,-68.8392842805,-32.8664534941,4,Cuarta Oeste,1173332.70145,0
41986,Platano,25/04/2011 12:18,Alto (> 8 mts),198,Grande,-68.8366439335,-32.8796619197,1,Parque Central,1655357.93265,0
32768,Fresno americano,17/05/2011 08:58,Medio (4 - 8 mts),150,Grande,-68.8530630684,-32.8859250655,5,Residencial Sur,2423808.92355,0
33036,Morera,18/05/2011 09:38,Alto (> 8 mts),109,Grande,-68.8526331494,-32.8871020443,5,Residencial Sur,2423808.92355,0
35702,Morera,17/03/2011 12:32,Bajo (2 - 4 mts),60,Mediano,-68.8553250109,-32.8750416727,6,Residencial Norte,2694682.37982,0
15666,Acacia SP,15/11/2011 11:38,Alto (> 8 mts),120,Grande,-68.8618846113,-32.8706649398,7,Residencial Parque,1786336.08966,0
16902,Braquiquito,27/07/2011 13:09,Medio (4 - 8 mts),48,Mediano,-68.8385278389,-32.8655975799,4,Cuarta Oeste,1173332.70145,0
42831,Morera,30/09/2011 13:49,Alto (> 8 mts),80,Grande,-68.8314777506,-32.8765947756,4,Cuarta Este Área Fundacional,1822015.85685,0
39326,Morera,30/12/2010 10:09,Alto (> 8 mts),85,Grande,-68.8562631989,-32.8712539823,6,Residencial Norte,2694682.37982,0
20254,Fresno europeo,17/05/2011 10:31,Medio (4 - 8 mts),78,Grande,-68.860189424,-32.8926116162,5,Residencial Sur,2423808.92355,0
8414,Fresno europeo,16/02/2011 18:12,Bajo (2 - 4 mts),52,Mediano,-68.8369934985,-32.9012969689,2,Barrio Civico,2366816.36021,0
6649,Acer,12/05/2011 11:44,Medio (4 - 8 mts),34,Mediano,-68.8603295189,-32.8924891698,5,Residencial Sur,2423808.92355,0
9828,Jacaranda,10/01/2011 10:51,Alto (> 8 mts),120,Grande,-68.8444076369,-32.8633029911,4,Cuarta Oeste,1173332.70145,0
10073,Morera,21/10/2010 11:34,Bajo (2 - 4 mts),45,Mediano,-68.8471966124,-32.8698877017,6,Residencial Norte,2694682.37982,0
7253,Fresno europeo,11/05/2011 09:48,Medio (4 - 8 mts),42,Mediano,-68.8534157624,-32.9021921727,2,Barrio Civico,2366816.36021,0
26672,Morera,14/11/2011 12:37,Alto (> 8 mts),65,Grande,-68.8318470325,-32.8931615655,3,Parque O'Higgins,1531146.02653,0
21330,Fresno americano,15/06/2011 11:25,Bajo (2 - 4 mts),55,Mediano,-68.852645074,-32.8989866546,2,Barrio Civico,2366816.36021,0
21739,Fresno europeo,24/05/2011 09:29,Medio (4 - 8 mts),53,Mediano,-68.8562975762,-32.8943533738,5,Residencial Sur,2423808.92355,0
37136,Caducifolio,01/04/2011 12:05,Medio (4 - 8 mts),60,Mediano,-68.8580279383,-32.8772126913,7,Residencial Parque,1786336.08966,0
18045,Morera,01/08/2011 09:37,Alto (> 8 mts),190,Grande,-68.8406473866,-32.8685329697,4,Cuarta Oeste,1173332.70145,0
8602,Morera,07/02/2011 10:16,Alto (> 8 mts),94,Grande,-68.8412147216,-32.9014990079,2,Barrio Civico,2366816.36021,0
4077,Fresno europeo,29/09/2011 10:06,Medio (4 - 8 mts),96,Grande,-68.8341908559,-32.877546751,4,Cuarta Este Área Fundacional,1822015.85685,0
15947,Morera,25/11/2011 09:25,Medio (4 - 8 mts),100,Grande,-68.8733144611,-32.8764619846,7,Residencial Parque,1786336.08966,0
19043,Morera,12/07/2011 10:34,Alto (> 8 mts),140,Grande,-68.8409820582,-32.8718104233,4,Cuarta Oeste,1173332.70145,0
29413,Platano,09/03/2011 19:09,Alto (> 8 mts),98,Grande,-68.8453884848,-32.8918759955,2,Barrio Civico,2366816.36021,0
6842,Fresno europeo,07/06/2011 13:02,Alto (> 8 mts),119,Grande,-68.854970421,-32.8959871348,5,Residencial Sur,2423808.92355,0
12262,Morera,10/01/2011 09:48,Alto (> 8 mts),65,Grande,-68.8450555774,-32.8683294845,4,Cuarta Oeste,1173332.70145,0
43593,Acacia SP,13/10/2011 12:16,Alto (> 8 mts),115,Grande,-68.8325665756,-32.8830594761,3,Parque O'Higgins,1531146.02653,1
2856,Acacia SP,07/11/2011 08:31,Alto (> 8 mts),158,Grande,-68.834655509,-32.8934424235,3,Parque O'Higgins,1531146.02653,0
36016,Morera,18/03/2011 11:27,Alto (> 8 mts),115,Grande,-68.8561428111,-32.8757905502,6,Residencial Norte,2694682.37982,0
18207,Morera,22/07/2011 09:00,Alto (> 8 mts),116,Grande,-68.8403021482,-32.8687204426,4,Cuarta Oeste,1173332.70145,1
6357,Fresno europeo,27/06/2011 11:04,Alto (> 8 mts),105,Grande,-68.8541078074,-32.8903773053,5,Residencial Sur,2423808.92355,0
9759,Palo borracho,19/01/2011 08:40,Bajo (2 - 4 mts),100,Grande,-68.8456742319,-32.8639079032,4,Cuarta Oeste,1173332.70145,0
9219,Caducifolio,28/02/2011 09:45,Muy bajo (1 - 2 mts),8,Chico,-68.8491883147,-32.864675177,6,Residencial Norte,2694682.37982,0
4829,Braquiquito,22/07/2011 10:04,Muy bajo (1 - 2 mts),4,Chico,-68.8399270747,-32.8663368373,4,Cuarta Oeste,1173332.70145,0
1498,Fresno europeo,24/11/2011 11:24,Bajo (2 - 4 mts),30,Mediano,-68.8719912587,-32.876403186,7,Residencial Parque,1786336.08966,0
35307,Morera,23/06/2011 15:59,Medio (4 - 8 mts),170,Grande,-68.852731654,-32.8825754507,1,Parque Central,1655357.93265,0
31422,Morera,14/07/2011 10:13,Alto (> 8 mts),230,Grande,-68.8501386041,-32.8852223899,1,Parque Central,1655357.93265,1
40020,Fresno americano,19/04/2011 10:00,Medio (4 - 8 mts),110,Grande,-68.8442669486,-32.8788319165,1,Parque Central,1655357.93265,0
12250,Paraiso,14/01/2011 13:36,Alto (> 8 mts),180,Grande,-68.8459819455,-32.86782594,4,Cuarta Oeste,1173332.70145,0
5225,Platano,05/05/2011 12:53,Bajo (2 - 4 mts),26,Mediano,-68.8412966815,-32.8746996806,1,Parque Central,1655357.93265,0
8781,Fresno europeo,02/06/2010 10:47,Muy bajo (1 - 2 mts),5,Chico,-68.8509374325,-32.8675364466,6,Residencial Norte,2694682.37982,0
46851,Morera,15/09/2011 13:22,Alto (> 8 mts),85,Grande,-68.8343966835,-32.8726373882,4,Cuarta Este Área Fundacional,1822015.85685,1
31430,Morera,14/07/2011 09:56,Alto (> 8 mts),142,Grande,-68.8494221787,-32.8853576714,1,Parque Central,1655357.93265,0
14540,Paraiso,05/12/2011 12:58,Medio (4 - 8 mts),120,Grande,-68.8795009442,-32.8677123543,8,Aeroparque,2203364.73622,0
29059,Platano,18/04/2011 10:08,Alto (> 8 mts),170,Grande,-68.8449401131,-32.8864328295,1,Parque Central,1655357.93265,1
10020,Paraiso sombrilla,02/11/2010 12:31,Medio (4 - 8 mts),168,Grande,-68.8507593211,-32.8691019532,6,Residencial Norte,2694682.37982,0
8377,Acer,04/02/2011 12:41,Medio (4 - 8 mts),102,Grande,-68.8392379533,-32.9023890583,2,Barrio Civico,2366816.36021,0
24939,Morera,09/02/2011 10:34,Alto (> 8 mts),180,Grande,-68.8370207732,-32.8973812828,2,Barrio Civico,2366816.36021,0
45998,Fresno europeo,27/09/2011 10:16,Medio (4 - 8 mts),118,Grande,-68.8213045284,-32.8736021267,4,Cuarta Este Área Fundacional,1822015.85685,0
9536,Morera,07/02/2011 08:39,Medio (4 - 8 mts),70,Grande,-68.8535417086,-32.8641644955,6,Residencial Norte,2694682.37982,0
48191,Fresno europeo,02/09/2011 12:26,Alto (> 8 mts),128,Grande,-68.8288190526,-32.869390454,4,Cuarta Este Área Fundacional,1822015.85685,1
29721,Morera,02/03/2011 18:16,Alto (> 8 mts),122,Grande,-68.8426709893,-32.8944832128,2,Barrio Civico,2366816.36021,1
12949,Fresno europeo,12/01/2011 09:03,Medio (4 - 8 mts),80,Grande,-68.8445065897,-32.8637879232,4,Cuarta Oeste,1173332.70145,0
48291,Morera,17/08/2011 09:56,Medio (4 - 8 mts),140,Grande,-68.8289445335,-32.8680333052,4,Cuarta Este Área Fundacional,1822015.85685,0
20700,Paraiso,31/05/2011 11:48,Bajo (2 - 4 mts),94,Grande,-68.862038752,-32.8980089368,5,Residencial Sur,2423808.92355,0
24873,Platano,16/02/2011 13:42,Alto (> 8 mts),280,Grande,-68.8393398973,-32.896490258,2,Barrio Civico,2366816.36021,0
28581,Morera,22/02/2011 09:50,Alto (> 8 mts),145,Grande,-68.8487569582,-32.8901478735,5,Residencial Sur,2423808.92355,0
27050,Fresno americano,21/10/2011 10:19,Bajo (2 - 4 mts),90,Grande,-68.8384989514,-32.8884842318,3,Parque O'Higgins,1531146.02653,1
15988,Conifera,10/08/2011 10:27,Alto (> 8 mts),103,Grande,-68.8437993722,-32.8722629318,4,Cuarta Oeste,1173332.70145,0
21984,Paraiso,27/05/2011 13:18,Alto (> 8 mts),88,Grande,-68.8581721885,-32.8942577382,5,Residencial Sur,2423808.92355,0
26062,Morera,08/11/2011 15:25,Medio (4 - 8 mts),160,Grande,-68.8341204467,-32.8872321492,3,Parque O'Higgins,1531146.02653,0
36613,Morera,15/06/2011 10:02,Medio (4 - 8 mts),110,Grande,-68.8578705013,-32.8828822133,7,Residencial Parque,1786336.08966,1
28904,Fresno americano,28/02/2011 13:44,Medio (4 - 8 mts),120,Grande,-68.84711293,-32.8880087767,2,Barrio Civico,2366816.36021,0
3808,Morera,02/09/2011 10:28,Alto (> 8 mts),200,Grande,-68.8305195369,-32.8705870958,4,Cuarta Este Área Fundacional,1822015.85685,0
47695,Morera,09/09/2011 14:18,Alto (> 8 mts),215,Grande,-68.8303410067,-32.8719659622,4,Cuarta Este Área Fundacional,1822015.85685,0
20502,Jacaranda,01/06/2011 12:18,Bajo (2 - 4 mts),20,Chico,-68.8609028539,-32.8979249952,5,Residencial Sur,2423808.92355,0
43272,Fresno europeo,21/10/2011 18:36,Alto (> 8 mts),100,Grande,-68.8339381399,-32.881084564,3,Parque O'Higgins,1531146.02653,0
43784,Paraiso,19/10/2011 08:43,Bajo (2 - 4 mts),17,Chico,-68.8323601936,-32.8815495357,3,Parque O'Higgins,1531146.02653,0
10570,Paraiso sombrilla,23/03/2011 10:57,Medio (4 - 8 mts),144,Grande,-68.8550153569,-32.8759148787,6,Residencial Norte,2694682.37982,0
11894,Paraiso,02/03/2011 09:18,Alto (> 8 mts),128,Grande,-68.8510274555,-32.8660512881,6,Residencial Norte,2694682.37982,0
26094,Morera,04/11/2011 16:28,Medio (4 - 8 mts),90,Grande,-68.8327465261,-32.8872828312,3,Parque O'Higgins,1531146.02653,0
19686,Fresno europeo,12/07/2011 10:07,Medio (4 - 8 mts),35,Mediano,-68.8354926394,-32.8715074798,4,Cuarta Oeste,1173332.70145,0
23776,Morera,26/01/2011 14:30,Alto (> 8 mts),128,Grande,-68.8502258632,-32.8998161306,2,Barrio Civico,2366816.36021,0
40184,Platano,14/04/2011 12:31,Alto (> 8 mts),200,Grande,-68.8455305637,-32.8827973956,1,Parque Central,1655357.93265,0
35296,Fresno europeo,23/06/2011 16:26,Medio (4 - 8 mts),66,Grande,-68.8525936634,-32.8831095194,1,Parque Central,1655357.93265,0
2906,Paraiso,19/09/2011 11:30,Bajo (2 - 4 mts),68,Grande,-68.8220816627,-32.8731788443,4,Cuarta Este Área Fundacional,1822015.85685,0
23692,Olmo comun,24/01/2011 19:57,Medio (4 - 8 mts),62,Grande,-68.8491535067,-32.9000582978,2,Barrio Civico,2366816.36021,0
40055,Fresno europeo,19/04/2011 12:35,Medio (4 - 8 mts),140,Grande,-68.8451146276,-32.8791228435,1,Parque Central,1655357.93265,1
33800,Fresno europeo,13/05/2011 08:37,Medio (4 - 8 mts),90,Grande,-68.8566912327,-32.8861924795,5,Residencial Sur,2423808.92355,0
26018,Morera,09/11/2011 17:14,Medio (4 - 8 mts),160,Grande,-68.8325757016,-32.8864553906,3,Parque O'Higgins,1531146.02653,0
34337,Fresno europeo,09/03/2011 08:42,Medio (4 - 8 mts),100,Grande,-68.8510719566,-32.8738169392,6,Residencial Norte,2694682.37982,0
31590,Platano,10/06/2011 11:55,Alto (> 8 mts),92,Grande,-68.860473907,-32.8889483516,5,Residencial Sur,2423808.92355,0
588,Morera,08/03/2012 09:38,Alto (> 8 mts),170,Grande,-68.8201188853,-32.8682252464,4,Cuarta Este Área Fundacional,1822015.85685,0
42504,Fresno europeo,30/09/2011 07:30,Medio (4 - 8 mts),80,Grande,-68.8317373915,-32.8753529524,4,Cuarta Este Área Fundacional,1822015.85685,0
37622,Morera,13/12/2010 11:34,Alto (> 8 mts),150,Grande,-68.850421913900007,-32.8721941963,6,Residencial Norte,2694682.37982,1
2229,Perenne,04/11/2011 08:24,Bajo (2 - 4 mts),15,Chico,-68.832777073,-32.8907970297,3,Parque O'Higgins,1531146.02653,0
29382,Platano,03/03/2011 09:08,Alto (> 8 mts),134,Grande,-68.8461446247,-32.8910166794,2,Barrio Civico,2366816.36021,0
42437,Morera,26/09/2011 10:33,Medio (4 - 8 mts),110,Grande,-68.8327808307,-32.8764064385,4,Cuarta Este Área Fundacional,1822015.85685,0
9352,Jacaranda,18/02/2011 13:16,Bajo (2 - 4 mts),30,Mediano,-68.8468372578,-32.8645063719,4,Cuarta Oeste,1173332.70145,0
25839,Fresno europeo,03/02/2011 16:25,Medio (4 - 8 mts),110,Grande,-68.8395356921,-32.9017922508,2,Barrio Civico,2366816.36021,0
20759,Fresno europeo,01/06/2011 09:46,Bajo (2 - 4 mts),71,Grande,-68.8618443018,-32.8961168865,5,Residencial Sur,2423808.92355,0
44037,Acacia SP,18/10/2011 12:52,Medio (4 - 8 mts),55,Mediano,-68.8325270006,-32.8850065463,3,Parque O'Higgins,1531146.02653,0
2139,Fresno europeo,09/11/2011 10:14,Medio (4 - 8 mts),60,Mediano,-68.8331674334,-32.8912858844,3,Parque O'Higgins,1531146.02653,0
14646,Acer,12/12/2011 12:25,Medio (4 - 8 mts),50,Mediano,-68.8798964944,-32.8654292721,8,Aeroparque,2203364.73622,0
45279,Fresno europeo,16/09/2011 10:02,Medio (4 - 8 mts),75,Grande,-68.8243530667,-32.8712708279,4,Cuarta Este Área Fundacional,1822015.85685,0
9399,Fresno americano,08/02/2011 09:23,Medio (4 - 8 mts),55,Mediano,-68.8577175165,-32.866762177,6,Residencial Norte,2694682.37982,0
47626,Morera,08/09/2011 10:33,Alto (> 8 mts),170,Grande,-68.8304254098,-32.8711024523,4,Cuarta Este Área Fundacional,1822015.85685,1
23539,Paraiso,01/02/2011 14:56,Alto (> 8 mts),114,Grande,-68.8508198758,-32.9024656751,2,Barrio Civico,2366816.36021,0
24529,Morera,27/01/2011 13:34,Medio (4 - 8 mts),79,Grande,-68.8426466299,-32.9012315826,2,Barrio Civico,2366816.36021,0
36866,Morera,07/04/2011 16:18,Medio (4 - 8 mts),102,Grande,-68.8582531164,-32.8802128401,7,Residencial Parque,1786336.08966,0
15279,Acacia SP,18/11/2011 12:22,Medio (4 - 8 mts),100,Grande,-68.8598954474,-32.8709049843,6,Residencial Norte,2694682.37982,0
2018,Ailanthus,02/11/2011 08:52,Bajo (2 - 4 mts),13,Chico,-68.8329460332,-32.8948947338,3,Parque O'Higgins,1531146.02653,0
47727,Morera,15/09/2011 10:21,Alto (> 8 mts),237,Grande,-68.8288042924,-32.8720672027,4,Cuarta Este Área Fundacional,1822015.85685,1
6982,Olmo comun,30/05/2011 10:26,Alto (> 8 mts),98,Grande,-68.8620571223,-32.8966040318,5,Residencial Sur,2423808.92355,0
22347,Morera,17/06/2011 10:21,Bajo (2 - 4 mts),50,Mediano,-68.8583471998,-32.8992620572,5,Residencial Sur,2423808.92355,0
46012,Paraiso,27/09/2011 09:56,Medio (4 - 8 mts),170,Grande,-68.8218976946,-32.8741482519,4,Cuarta Este Área Fundacional,1822015.85685,1
28746,Platano,11/03/2011 13:10,Alto (> 8 mts),176,Grande,-68.8486907366,-32.8867340467,1,Parque Central,1655357.93265,0
34226,Morera,23/03/2011 10:28,Medio (4 - 8 mts),140,Grande,-68.8522933754,-32.8750549705,6,Residencial Norte,2694682.37982,0
28371,Morera,15/03/2011 12:32,Alto (> 8 mts),125,Grande,-68.8485284511,-32.8888657683,5,Residencial Sur,2423808.92355,0
26365,Fresno europeo,20/10/2011 11:45,Medio (4 - 8 mts),100,Grande,-68.8339630116,-32.8886637698,3,Parque O'Higgins,1531146.02653,0
10512,Paraiso sombrilla,11/03/2011 10:28,Medio (4 - 8 mts),90,Grande,-68.8502354141,-32.8746557457,6,Residencial Norte,2694682.37982,0
44415,Fresno europeo,18/10/2011 10:58,Alto (> 8 mts),155,Grande,-68.8368446928,-32.8858613173,3,Parque O'Higgins,1531146.02653,0
36459,Fresno europeo,18/03/2011 12:49,Bajo (2 - 4 mts),14,Chico,-68.8540377034,-32.8787307378,6,Residencial Norte,2694682.37982,0
31893,Fresno europeo,01/06/2011 13:39,Bajo (2 - 4 mts),18,Chico,-68.8587162538,-32.8843420761,5,Residencial Sur,2423808.92355,0
609,Fresno europeo,08/03/2012 08:13,Muy bajo (1 - 2 mts),20,Chico,-68.8192709078,-32.8679854648,4,Cuarta Este Área Fundacional,1822015.85685,0
15217,Paraiso,16/11/2011 12:50,Bajo (2 - 4 mts),36,Mediano,-68.8605660501,-32.8692872322,6,Residencial Norte,2694682.37982,0
45162,Fresno europeo,31/08/2011 14:11,Alto (> 8 mts),152,Grande,-68.8234870492,-32.871162448,4,Cuarta Este Área Fundacional,1822015.85685,0
10193,Morera,17/12/2010 10:25,Alto (> 8 mts),70,Grande,-68.8518628642,-32.8711202329,6,Residencial Norte,2694682.37982,0
18557,Paraiso,07/07/2011 11:18,Alto (> 8 mts),102,Grande,-68.8374554683,-32.8733766414,4,Cuarta Oeste,1173332.70145,0
38849,Perenne,09/12/2010 11:18,Muy bajo (1 - 2 mts),30,Mediano,-68.8492790554,-32.8710206273,6,Residencial Norte,2694682.37982,0
4286,Fresno europeo,12/07/2011 11:50,Bajo (2 - 4 mts),30,Mediano,-68.8388111814,-32.8706937875,4,Cuarta Oeste,1173332.70145,0
34753,Platano,30/03/2011 12:10,Alto (> 8 mts),300,Grande,-68.8504004241,-32.878299173,6,Residencial Norte,2694682.37982,0
4998,Morera,30/06/2011 09:13,Medio (4 - 8 mts),52,Mediano,-68.8336738948,-32.8627066847,4,Cuarta Oeste,1173332.70145,0
42400,Morera,29/09/2011 10:49,Alto (> 8 mts),160,Grande,-68.8343317296,-32.8752162363,4,Cuarta Este Área Fundacional,1822015.85685,0
28065,Morera,21/02/2011 17:57,Alto (> 8 mts),98,Grande,-68.8502031427,-32.8912795257,5,Residencial Sur,2423808.92355,1
36409,Acer,21/03/2011 11:33,Bajo (2 - 4 mts),30,Mediano,-68.8526617242,-32.878983182,6,Residencial Norte,2694682.37982,0
31618,Platano,10/06/2011 09:28,Alto (> 8 mts),180,Grande,-68.8603403329,-32.8879793434,5,Residencial Sur,2423808.92355,0
8396,Morera,04/02/2011 12:57,Bajo (2 - 4 mts),52,Mediano,-68.8388273097,-32.9025178689,2,Barrio Civico,2366816.36021,0
17754,Paraiso,21/07/2011 09:34,Bajo (2 - 4 mts),46,Mediano,-68.8424276158,-32.8661483485,4,Cuarta Oeste,1173332.70145,0
3032,Caducifolio,15/09/2011 12:46,Muy bajo (1 - 2 mts),10,Chico,-68.8277138224,-32.8730663097,4,Cuarta Este Área Fundacional,1822015.85685,0
8929,Morera,24/01/2011 12:38,Alto (> 8 mts),198,Grande,-68.8488785419,-32.8667988786,6,Residencial Norte,2694682.37982,0
5195,Perenne,08/08/2011 09:40,Alto (> 8 mts),86,Grande,-68.8391387301,-32.8691806304,4,Cuarta Oeste,1173332.70145,0
18736,Paraiso,12/07/2011 18:21,Alto (> 8 mts),220,Grande,-68.8367553504,-32.8730366026,4,Cuarta Oeste,1173332.70145,0
27608,Platano,07/11/2011 08:51,Alto (> 8 mts),165,Grande,-68.8401700039,-32.8942874824,2,Barrio Civico,2366816.36021,0
1515,Acacia SP,24/11/2011 10:30,Bajo (2 - 4 mts),50,Mediano,-68.8735081561,-32.8777025435,7,Residencial Parque,1786336.08966,0
38012,Fresno europeo,10/01/2012 12:28,Bajo (2 - 4 mts),60,Mediano,-68.8479476604,-32.8727523862,6,Residencial Norte,2694682.37982,0
19617,Morera,11/07/2011 09:16,Alto (> 8 mts),93,Grande,-68.8371703645,-32.8722771058,4,Cuarta Oeste,1173332.70145,1
11426,Acacia SP,31/01/2011 16:51,Bajo (2 - 4 mts),24,Mediano,-68.8510096072,-32.9020257099,2,Barrio Civico,2366816.36021,0
41886,Fresno americano,18/04/2011 11:59,Medio (4 - 8 mts),120,Grande,-68.8420065166,-32.879537522,1,Parque Central,1655357.93265,0
25602,Morera,07/02/2011 19:14,Alto (> 8 mts),98,Grande,-68.8381130687,-32.9017143901,2,Barrio Civico,2366816.36021,0
39353,Morera,01/12/2010 10:07,Alto (> 8 mts),140,Grande,-68.8561220252,-32.8721826879,6,Residencial Norte,2694682.37982,0
16617,Paraiso,26/07/2011 09:28,Alto (> 8 mts),105,Grande,-68.8402536687,-32.865903306,4,Cuarta Oeste,1173332.70145,0
8439,Morera,07/02/2011 19:21,Medio (4 - 8 mts),72,Grande,-68.8380633394,-32.9015376783,2,Barrio Civico,2366816.36021,1
2537,Fresno europeo,17/10/2011 11:45,Medio (4 - 8 mts),55,Mediano,-68.8366637561,-32.8849775203,3,Parque O'Higgins,1531146.02653,0
26169,Morera,14/11/2011 17:03,Medio (4 - 8 mts),100,Grande,-68.8299070708,-32.8874707914,3,Parque O'Higgins,1531146.02653,0
45737,Paraiso,24/08/2011 11:17,Alto (> 8 mts),310,Grande,-68.8223507512,-32.8687140918,4,Cuarta Este Área Fundacional,1822015.85685,0
37352,Platano,29/11/2010 11:41,Alto (> 8 mts),100,Grande,-68.8583282207,-32.8719038962,6,Residencial Norte,2694682.37982,0
19413,Paraiso,04/07/2011 11:56,Bajo (2 - 4 mts),40,Mediano,-68.83598633,-32.8727093197,4,Cuarta Oeste,1173332.70145,0
31846,Platano,30/06/2011 10:02,Alto (> 8 mts),180,Grande,-68.86154984,-32.8898685608,5,Residencial Sur,2423808.92355,0
13406,Acer,06/04/2011 12:55,Bajo (2 - 4 mts),50,Mediano,-68.8437518879,-32.8656353219,4,Cuarta Oeste,1173332.70145,0
23142,Fresno europeo,19/01/2011 16:31,Medio (4 - 8 mts),85,Grande,-68.8478671456,-32.9023689691,2,Barrio Civico,2366816.36021,0
35466,Fresno europeo,23/03/2011 13:20,Medio (4 - 8 mts),95,Grande,-68.8541627044,-32.8821277409,6,Residencial Norte,2694682.37982,0
26742,Fresno europeo,11/01/2012 13:02,Alto (> 8 mts),105,Grande,-68.8337350874,-32.8951477376,3,Parque O'Higgins,1531146.02653,0
23410,Morera,26/01/2011 19:04,Alto (> 8 mts),82,Grande,-68.8500846644,-32.9019756894,2,Barrio Civico,2366816.36021,0
15755,Morera,22/11/2011 09:23,Medio (4 - 8 mts),118,Grande,-68.8728212799,-32.8787978196,7,Residencial Parque,1786336.08966,0
39835,Morera,02/05/2011 11:54,Alto (> 8 mts),160,Grande,-68.8454150971,-32.8776569719,1,Parque Central,1655357.93265,0
17872,Morera,01/08/2011 13:40,Alto (> 8 mts),160,Grande,-68.8370719909,-32.8665617321,4,Cuarta Oeste,1173332.70145,0
19057,Jacaranda,26/07/2011 10:03,Bajo (2 - 4 mts),30,Mediano,-68.8412821379,-32.8719067446,4,Cuarta Oeste,1173332.70145,0
9373,Morera,16/02/2011 09:07,Medio (4 - 8 mts),110,Grande,-68.8446493094,-32.8653433129,4,Cuarta Oeste,1173332.70145,0
44460,Platano,17/10/2011 13:08,Alto (> 8 mts),320,Grande,-68.8359672213,-32.8836459743,3,Parque O'Higgins,1531146.02653,1
21987,Platano,27/05/2011 13:11,Muy bajo (1 - 2 mts),16,Chico,-68.8581672324,-32.8940143878,5,Residencial Sur,2423808.92355,0
39173,Fresno europeo,25/11/2010 12:20,Alto (> 8 mts),180,Grande,-68.853594217,-32.8724606128,6,Residencial Norte,2694682.37982,0
19755,Morera,12/08/2011 09:27,Muy bajo (1 - 2 mts),5,Chico,-68.8343147489,-32.8690664898,4,Cuarta Oeste,1173332.70145,0
28712,Morera,01/03/2011 11:34,Alto (> 8 mts),180,Grande,-68.8474729344,-32.8910261296,2,Barrio Civico,2366816.36021,0
2151,Morera,07/11/2011 09:52,Bajo (2 - 4 mts),35,Mediano,-68.8376922169,-32.8948353367,2,Barrio Civico,2366816.36021,0
24768,Platano,15/02/2011 12:19,Alto (> 8 mts),270,Grande,-68.8406379746,-32.8958411338,2,Barrio Civico,2366816.36021,0
2603,Platano,27/10/2011 17:13,Alto (> 8 mts),156,Grande,-68.829713216,-32.8813216576,3,Parque O'Higgins,1531146.02653,0
3661,Paraiso,26/08/2011 11:05,Medio (4 - 8 mts),120,Grande,-68.8204317553,-32.8693636556,4,Cuarta Este Área Fundacional,1822015.85685,0
1045,Aguaribay,15/12/2011 18:23,Bajo (2 - 4 mts),150,Grande,-68.8813777606,-32.8679517898,8,Aeroparque,2203364.73622,0
1487,Paraiso,24/11/2011 14:31,Bajo (2 - 4 mts),42,Mediano,-68.8720769212,-32.8771152764,7,Residencial Parque,1786336.08966,0
47458,Morera,20/09/2011 10:13,Alto (> 8 mts),158,Grande,-68.8306326216,-32.8748225623,4,Cuarta Este Área Fundacional,1822015.85685,0
30448,Platano,21/02/2011 09:30,Alto (> 8 mts),156,Grande,-68.8414384549,-32.8884989173,3,Parque O'Higgins,1531146.02653,0
25836,Morera,03/02/2011 16:18,Alto (> 8 mts),180,Grande,-68.8394772518,-32.9019343885,2,Barrio Civico,2366816.36021,0
26706,Morera,09/11/2011 10:18,Alto (> 8 mts),122,Grande,-68.8328778204,-32.8930582493,3,Parque O'Higgins,1531146.02653,0
32318,Ailanthus,28/06/2011 13:33,Alto (> 8 mts),120,Grande,-68.8514443805,-32.8914083252,5,Residencial Sur,2423808.92355,0
29566,Morera,04/03/2011 10:31,Alto (> 8 mts),185,Grande,-68.8447817136,-32.8912169686,2,Barrio Civico,2366816.36021,1
13393,Olmo bola,11/01/2011 10:43,Alto (> 8 mts),98,Grande,-68.8440590112,-32.8660460043,4,Cuarta Oeste,1173332.70145,0
4443,Paraiso sombrilla,01/08/2011 10:59,Bajo (2 - 4 mts),50,Mediano,-68.8364145638,-32.8686531926,4,Cuarta Oeste,1173332.70145,0
13471,Fresno europeo,03/02/2011 09:24,Bajo (2 - 4 mts),26,Mediano,-68.8522270482,-32.8633677191,6,Residencial Norte,2694682.37982,0
18019,Morera,29/07/2011 13:40,Alto (> 8 mts),240,Grande,-68.8412330614,-32.8673079506,4,Cuarta Oeste,1173332.70145,0
19679,Morera,12/07/2011 10:19,Alto (> 8 mts),178,Grande,-68.8356415982,-32.8712570425,4,Cuarta Oeste,1173332.70145,1
22774,Morera,29/06/2011 16:31,Alto (> 8 mts),98,Grande,-68.8543868215,-32.9018126085,5,Residencial Sur,2423808.92355,0
7029,Morera,13/06/2011 10:52,Alto (> 8 mts),78,Grande,-68.85472582,-32.898056599,5,Residencial Sur,2423808.92355,1
40292,Morera,11/04/2011 08:57,Medio (4 - 8 mts),60,Mediano,-68.8448685973,-32.8805562305,1,Parque Central,1655357.93265,0
10443,Fresno europeo,09/03/2011 13:16,Bajo (2 - 4 mts),32,Mediano,-68.8557201086,-32.8738907533,6,Residencial Norte,2694682.37982,0
11511,Fresno europeo,22/02/2011 10:53,Alto (> 8 mts),186,Grande,-68.8527575887,-32.8664663686,6,Residencial Norte,2694682.37982,0
2472,Fresno americano,25/10/2011 10:12,Medio (4 - 8 mts),60,Mediano,-68.8356664577,-32.8922969585,3,Parque O'Higgins,1531146.02653,0
6884,Fresno europeo,26/05/2011 11:16,Muy bajo (1 - 2 mts),17,Chico,-68.8595900744,-32.8956953796,5,Residencial Sur,2423808.92355,0
23240,Morera,31/01/2012 17:27,Medio (4 - 8 mts),160,Grande,-68.8522692908,-32.901776065,2,Barrio Civico,2366816.36021,1
27913,Morera,03/11/2011 11:59,Alto (> 8 mts),145,Grande,-68.8375354945,-32.8939968258,2,Barrio Civico,2366816.36021,1
45203,Fresno europeo,28/09/2011 10:37,Alto (> 8 mts),165,Grande,-68.8232420014,-32.8724111273,4,Cuarta Este Área Fundacional,1822015.85685,0
23600,Fresno europeo,14/01/2011 20:28,Alto (> 8 mts),97,Grande,-68.8475959409,-32.9006425978,2,Barrio Civico,2366816.36021,0
30985,Fresno americano,11/02/2011 09:41,Medio (4 - 8 mts),100,Grande,-68.8558826475,-32.8637775725,6,Residencial Norte,2694682.37982,0
32882,Fresno europeo,10/06/2011 10:20,Medio (4 - 8 mts),100,Grande,-68.8510545216,-32.8855199938,5,Residencial Sur,2423808.92355,0
33020,Acacia SP,19/05/2011 10:56,Alto (> 8 mts),145,Grande,-68.8511768279,-32.8879835623,5,Residencial Sur,2423808.92355,0
31627,Morera,10/06/2011 08:35,Alto (> 8 mts),165,Grande,-68.8593000107,-32.8881723982,5,Residencial Sur,2423808.92355,0
38391,Morera,04/11/2010 12:36,Alto (> 8 mts),270,Grande,-68.8516628319,-32.8689545332,6,Residencial Norte,2694682.37982,1
46365,Morera,19/09/2011 13:13,Alto (> 8 mts),140,Grande,-68.8248104042,-32.8741325026,4,Cuarta Este Área Fundacional,1822015.85685,0
37084,Platano,06/04/2011 09:33,Medio (4 - 8 mts),120,Grande,-68.8577874311,-32.8762996841,6,Residencial Norte,2694682.37982,0
11480,Acer,06/01/2011 10:53,Alto (> 8 mts),156,Grande,-68.8435884634,-32.8625722185,4,Cuarta Oeste,1173332.70145,0
4219,Morera,11/07/2011 11:27,Medio (4 - 8 mts),50,Mediano,-68.8391113815,-32.8740111869,4,Cuarta Oeste,1173332.70145,0
7033,Ailanthus,13/06/2011 10:28,Alto (> 8 mts),105,Grande,-68.8554919993,-32.8979602232,5,Residencial Sur,2423808.92355,0
23786,Paraiso,27/01/2011 19:11,Medio (4 - 8 mts),104,Grande,-68.8502195808,-32.9002484005,2,Barrio Civico,2366816.36021,0
16540,Platano,19/07/2011 10:41,Alto (> 8 mts),220,Grande,-68.8408409453,-32.8649112883,4,Cuarta Oeste,1173332.70145,0
24150,Morera,25/01/2011 11:29,Alto (> 8 mts),180,Grande,-68.8461798338,-32.9020164413,2,Barrio Civico,2366816.36021,0
35054,Morera,22/03/2011 12:58,Alto (> 8 mts),160,Grande,-68.8537088273,-32.8799065304,6,Residencial Norte,2694682.37982,1
7541,Morera,14/06/2011 10:26,Medio (4 - 8 mts),120,Grande,-68.8601021371,-32.8813755551,7,Residencial Parque,1786336.08966,1
42584,Paraiso sombrilla,26/09/2011 10:23,Medio (4 - 8 mts),30,Mediano,-68.8278338856,-32.8765919214,4,Cuarta Este Área Fundacional,1822015.85685,0
42837,Morera,30/09/2011 13:58,Alto (> 8 mts),164,Grande,-68.8319522238,-32.8765684109,4,Cuarta Este Área Fundacional,1822015.85685,1
37979,Olmo bola,10/01/2012 17:41,Medio (4 - 8 mts),100,Grande,-68.8484949059,-32.8729766216,6,Residencial Norte,2694682.37982,0
45883,Morera,25/08/2011 12:39,Alto (> 8 mts),140,Grande,-68.8203208318,-32.8697023042,4,Cuarta Este Área Fundacional,1822015.85685,1
29312,Fresno americano,22/02/2011 10:29,Alto (> 8 mts),138,Grande,-68.8437557619,-32.8886255117,2,Barrio Civico,2366816.36021,0
30075,Morera,11/04/2011 15:17,Medio (4 - 8 mts),44,Mediano,-68.838490083600007,-32.8866725746,3,Parque O'Higgins,1531146.02653,0
39144,Fresno europeo,15/01/2012 10:31,Bajo (2 - 4 mts),60,Mediano,-68.8541064636,-32.8722654535,6,Residencial Norte,2694682.37982,0
24440,Fresno europeo,20/01/2011 12:10,Alto (> 8 mts),150,Grande,-68.8450398407,-32.903056616,2,Barrio Civico,2366816.36021,0
17452,Morera,29/07/2011 09:29,Alto (> 8 mts),150,Grande,-68.8351986593,-32.8669719534,4,Cuarta Oeste,1173332.70145,0
26695,Morera,10/11/2011 09:11,Alto (> 8 mts),152,Grande,-68.8319740805,-32.8931674954,3,Parque O'Higgins,1531146.02653,0
3793,Paraiso,07/09/2011 10:49,Alto (> 8 mts),144,Grande,-68.8330665578,-32.8699335922,4,Cuarta Oeste,1173332.70145,0
29957,Morera,28/04/2011 10:13,Alto (> 8 mts),165,Grande,-68.8423367173,-32.8862958536,1,Parque Central,1655357.93265,0
17255,Morera,12/08/2011 08:57,Alto (> 8 mts),207,Grande,-68.8364019993,-32.863779255,4,Cuarta Oeste,1173332.70145,0
23973,Olmo comun,12/01/2011 13:55,Alto (> 8 mts),145,Grande,-68.8468663576,-32.899818567,2,Barrio Civico,2366816.36021,0
26340,Acacia SP,20/10/2011 11:19,Alto (> 8 mts),180,Grande,-68.832701333,-32.8891527889,3,Parque O'Higgins,1531146.02653,1
48283,Platano,17/08/2011 10:21,Alto (> 8 mts),268,Grande,-68.8288868479,-32.8669146743,4,Cuarta Este Área Fundacional,1822015.85685,1
6797,Fresno europeo,26/05/2011 11:57,Muy bajo (1 - 2 mts),15,Chico,-68.8590311798,-32.8939512563,5,Residencial Sur,2423808.92355,0
46900,Morera,09/09/2011 09:16,Medio (4 - 8 mts),75,Grande,-68.8330234486,-32.8717110559,4,Cuarta Este Área Fundacional,1822015.85685,1
10334,Morera,30/11/2010 10:36,Alto (> 8 mts),90,Grande,-68.8559900006,-32.8722044967,6,Residencial Norte,2694682.37982,0
29192,Fresno americano,25/02/2011 18:25,Alto (> 8 mts),180,Grande,-68.8466706726,-32.8879806877,2,Barrio Civico,2366816.36021,0
10944,Paraiso,21/03/2011 16:44,Alto (> 8 mts),62,Grande,-68.8574576324,-32.8805574847,7,Residencial Parque,1786336.08966,0
46428,Morera,16/08/2011 13:13,Alto (> 8 mts),220,Grande,-68.832244706,-32.8668852958,4,Cuarta Oeste,1173332.70145,1
4773,Paraiso,01/08/2011 13:57,Medio (4 - 8 mts),110,Grande,-68.8365695213,-32.8661273525,4,Cuarta Oeste,1173332.70145,0
45062,Fresno europeo,31/08/2011 12:31,Alto (> 8 mts),130,Grande,-68.822942073,-32.8711724972,4,Cuarta Este Área Fundacional,1822015.85685,0
4080,Morera,29/09/2011 11:03,Medio (4 - 8 mts),85,Grande,-68.8338023754,-32.8764569044,4,Cuarta Este Área Fundacional,1822015.85685,1
47505,Morera,29/08/2011 14:20,Alto (> 8 mts),132,Grande,-68.8273661453,-32.8711015013,4,Cuarta Este Área Fundacional,1822015.85685,1
3197,Acer,26/09/2011 09:22,Medio (4 - 8 mts),60,Mediano,-68.8269410992,-32.8743457345,4,Cuarta Este Área Fundacional,1822015.85685,0
42230,Morera,02/05/2011 10:23,Alto (> 8 mts),120,Grande,-68.8402277777,-32.8746211241,1,Parque Central,1655357.93265,0
29601,Morera,03/03/2011 13:22,Alto (> 8 mts),107,Grande,-68.8440834055,-32.8910058282,2,Barrio Civico,2366816.36021,0
4306,Ailanthus,22/07/2011 08:58,Medio (4 - 8 mts),51,Mediano,-68.8441289334,-32.8705664798,4,Cuarta Oeste,1173332.70145,1
45184,Fresno europeo,30/09/2011 09:23,Alto (> 8 mts),66,Grande,-68.8221293905,-32.8725538212,4,Cuarta Este Área Fundacional,1822015.85685,0
40548,Fresno europeo,18/04/2011 09:44,Alto (> 8 mts),120,Grande,-68.8468905033,-32.8837999466,1,Parque Central,1655357.93265,0
20765,Morera,31/05/2011 11:47,Alto (> 8 mts),100,Grande,-68.8617896954,-32.8957666995,5,Residencial Sur,2423808.92355,0
38959,Morera,27/12/2010 13:10,Alto (> 8 mts),90,Grande,-68.854948856,-32.8705105294,6,Residencial Norte,2694682.37982,0
20483,Fresno europeo,02/06/2011 12:45,Muy bajo (1 - 2 mts),15,Chico,-68.8595309751,-32.8976816281,5,Residencial Sur,2423808.92355,0
34668,Morera,31/03/2011 09:01,Alto (> 8 mts),180,Grande,-68.8504304496,-32.8760833928,6,Residencial Norte,2694682.37982,0
31248,Morera,04/02/2011 10:40,Alto (> 8 mts),120,Grande,-68.8541019462,-32.863521409,6,Residencial Norte,2694682.37982,0
4341,Morera,26/07/2011 10:14,Medio (4 - 8 mts),80,Grande,-68.8397384983,-32.8701593833,4,Cuarta Oeste,1173332.70145,1
26390,Fresno americano,25/10/2011 10:07,Medio (4 - 8 mts),78,Grande,-68.8328643178,-32.8898894236,3,Parque O'Higgins,1531146.02653,1
30206,Platano,09/03/2011 09:18,Alto (> 8 mts),200,Grande,-68.8417635962,-32.8891518635,3,Parque O'Higgins,1531146.02653,0
36391,Fresno europeo,21/03/2011 12:40,Alto (> 8 mts),102,Grande,-68.8516590919,-32.8795415878,6,Residencial Norte,2694682.37982,0
37644,Morera,29/02/2012 08:48,Alto (> 8 mts),180,Grande,-68.8527352036,-32.8720125301,6,Residencial Norte,2694682.37982,0
434,Morera,06/03/2012 11:26,Medio (4 - 8 mts),150,Grande,-68.8174709993,-32.8680080918,4,Cuarta Este Área Fundacional,1822015.85685,0
4340,Fresno americano,03/08/2011 12:44,Muy bajo (1 - 2 mts),20,Chico,-68.8375134072,-32.8699273681,4,Cuarta Oeste,1173332.70145,0
10780,Caducifolio,31/03/2011 10:16,Muy bajo (1 - 2 mts),6,Chico,-68.8500102333,-32.8778779864,6,Residencial Norte,2694682.37982,0
16624,Morera,26/07/2011 15:08,Alto (> 8 mts),175,Grande,-68.8400253652,-32.8655935526,4,Cuarta Oeste,1173332.70145,0
5838,Paraiso,03/05/2011 11:23,Medio (4 - 8 mts),90,Grande,-68.843511435,-32.8734788454,1,Parque Central,1655357.93265,0
33657,Paraiso,16/05/2011 09:38,Alto (> 8 mts),142,Grande,-68.8569719168,-32.887160497000004,5,Residencial Sur,2423808.92355,0
34409,Morera,10/03/2011 09:55,Medio (4 - 8 mts),98,Grande,-68.8505781054,-32.8748210176,6,Residencial Norte,2694682.37982,0
47122,Morera,20/09/2011 11:20,Alto (> 8 mts),138,Grande,-68.8329354879,-32.8738310912,4,Cuarta Este Área Fundacional,1822015.85685,0
29843,Morera,03/03/2011 19:48,Medio (4 - 8 mts),62,Grande,-68.8421944088,-32.8934475306,2,Barrio Civico,2366816.36021,0
21291,Paraiso,15/06/2011 09:23,Alto (> 8 mts),160,Grande,-68.8525607074,-32.8982932463,5,Residencial Sur,2423808.92355,0
29210,Platano,09/03/2011 13:49,Alto (> 8 mts),220,Grande,-68.8455711852,-32.8882340962,2,Barrio Civico,2366816.36021,0
2613,Braquiquito,27/10/2011 16:35,Bajo (2 - 4 mts),32,Mediano,-68.8296523562,-32.8806566468,3,Parque O'Higgins,1531146.02653,0
10582,Fresno europeo,29/03/2011 10:55,Medio (4 - 8 mts),38,Mediano,-68.8526774853,-32.8765035986,6,Residencial Norte,2694682.37982,0
6994,Morera,01/06/2011 12:37,Muy bajo (1 - 2 mts),3,Chico,-68.8630676653,-32.8963108712,5,Residencial Sur,2423808.92355,0
20334,Morera,13/05/2011 11:08,Alto (> 8 mts),150,Grande,-68.8617033025,-32.8915238759,5,Residencial Sur,2423808.92355,1
16444,Morera,16/08/2011 09:07,Alto (> 8 mts),120,Grande,-68.8417812955,-32.8645348511,4,Cuarta Oeste,1173332.70145,0
37450,Alamo blanco,04/01/2011 10:51,Medio (4 - 8 mts),70,Grande,-68.8582445016,-32.8712641051,6,Residencial Norte,2694682.37982,0
24575,Morera,28/01/2011 10:07,Alto (> 8 mts),252,Grande,-68.8431738377,-32.9030153852,2,Barrio Civico,2366816.36021,0
47108,Fresno europeo,20/09/2011 12:17,Alto (> 8 mts),140,Grande,-68.8321250342,-32.8733692686,4,Cuarta Este Área Fundacional,1822015.85685,0
30865,Fresno europeo,15/02/2011 12:59,Medio (4 - 8 mts),40,Mediano,-68.8555543694,-32.8656332211,6,Residencial Norte,2694682.37982,0
38788,Morera,14/12/2010 09:33,Alto (> 8 mts),230,Grande,-68.8495347641,-32.8706142178,6,Residencial Norte,2694682.37982,0
15401,Conifera,15/11/2011 13:07,Alto (> 8 mts),70,Grande,-68.8607639068,-32.8697536017,7,Residencial Parque,1786336.08966,0
16402,Platano,02/08/2011 10:38,Alto (> 8 mts),230,Grande,-68.8357066807,-32.8664137539,4,Cuarta Oeste,1173332.70145,0
28626,Morera,23/02/2011 12:00,Bajo (2 - 4 mts),18,Chico,-68.8476404696,-32.8910795301,2,Barrio Civico,2366816.36021,0
4376,Conifera,09/08/2011 12:00,Alto (> 8 mts),99,Grande,-68.8352662177,-32.8692376473,4,Cuarta Oeste,1173332.70145,0
33332,Fresno europeo,23/05/2011 10:28,Alto (> 8 mts),36,Mediano,-68.8567222091,-32.891182388,5,Residencial Sur,2423808.92355,0
16230,Palo borracho,20/07/2011 10:14,Bajo (2 - 4 mts),30,Mediano,-68.8428502793,-32.8658524028,4,Cuarta Oeste,1173332.70145,0
24299,Paraiso,28/01/2011 07:41,Alto (> 8 mts),170,Grande,-68.8436604515,-32.9014721628,2,Barrio Civico,2366816.36021,0
42317,Platano,05/05/2011 12:10,Bajo (2 - 4 mts),38,Mediano,-68.8417056364,-32.8732629782,4,Cuarta Oeste,1173332.70145,0
36436,Morera,18/03/2011 12:32,Alto (> 8 mts),140,Grande,-68.8527317411,-32.8799380674,6,Residencial Norte,2694682.37982,0
16906,Fresno europeo,27/07/2011 11:03,Medio (4 - 8 mts),20,Chico,-68.8385421767,-32.8661167943,4,Cuarta Oeste,1173332.70145,0
24434,Morera,20/01/2011 12:26,Alto (> 8 mts),63,Grande,-68.8451316656,-32.9027820147,2,Barrio Civico,2366816.36021,0
11520,Fresno europeo,22/02/2011 11:49,Medio (4 - 8 mts),180,Grande,-68.8533035968,-32.8662287723,6,Residencial Norte,2694682.37982,0
42560,Morera,26/09/2011 11:22,Muy bajo (1 - 2 mts),3,Chico,-68.8267416313,-32.8755852056,4,Cuarta Este Área Fundacional,1822015.85685,0
37525,Paraiso,17/11/2010 11:47,Bajo (2 - 4 mts),60,Mediano,-68.8574011113,-32.8706052657,6,Residencial Norte,2694682.37982,0
2994,Fresno europeo,16/09/2011 09:10,Medio (4 - 8 mts),52,Mediano,-68.8246503773,-32.8713285756,4,Cuarta Este Área Fundacional,1822015.85685,0
15820,Morera,21/11/2011 16:21,Medio (4 - 8 mts),120,Grande,-68.8731567893,-32.8776141517,7,Residencial Parque,1786336.08966,0
23537,Morera,01/02/2011 15:02,Alto (> 8 mts),122,Grande,-68.8509905752,-32.9024614306,2,Barrio Civico,2366816.36021,0
8210,Ligustro,03/03/2011 19:31,Medio (4 - 8 mts),68,Grande,-68.8426281279,-32.8931008161,2,Barrio Civico,2366816.36021,0
3052,Fresno europeo,16/09/2011 09:32,Muy bajo (1 - 2 mts),5,Chico,-68.8261188902,-32.873010407,4,Cuarta Este Área Fundacional,1822015.85685,0
25046,Fresno europeo,14/02/2011 12:31,Alto (> 8 mts),102,Grande,-68.8366068782,-32.8963392533,2,Barrio Civico,2366816.36021,0
3389,Morera,19/08/2011 09:10,Alto (> 8 mts),144,Grande,-68.8322745513,-32.8683154865,4,Cuarta Oeste,1173332.70145,0
31625,Platano,10/06/2011 08:39,Alto (> 8 mts),186,Grande,-68.8595076804,-32.8881306164,5,Residencial Sur,2423808.92355,0
24133,Fresno americano,25/01/2011 13:28,Alto (> 8 mts),124,Grande,-68.8464525841,-32.9023777636,2,Barrio Civico,2366816.36021,0
29680,Platano,02/03/2011 19:14,Alto (> 8 mts),158,Grande,-68.8405333507,-32.8945677148,2,Barrio Civico,2366816.36021,0
13012,Morera,15/02/2011 09:50,Medio (4 - 8 mts),84,Grande,-68.8439005517,-32.8654465194,4,Cuarta Oeste,1173332.70145,0
34316,Fresno europeo,09/03/2011 09:52,Medio (4 - 8 mts),90,Grande,-68.8519871666,-32.874389429,6,Residencial Norte,2694682.37982,0
2036,Morera,01/11/2011 10:27,Medio (4 - 8 mts),110,Grande,-68.8330566906,-32.8949833329,3,Parque O'Higgins,1531146.02653,0
47625,Morera,08/09/2011 10:35,Medio (4 - 8 mts),50,Mediano,-68.8304195219,-32.8710151305,4,Cuarta Este Área Fundacional,1822015.85685,0
22512,Fresno europeo,21/06/2011 10:23,Bajo (2 - 4 mts),35,Mediano,-68.8597307712,-32.8996946962,5,Residencial Sur,2423808.92355,0
18093,Morera,01/08/2011 10:06,Alto (> 8 mts),145,Grande,-68.8399508375,-32.8679484136,4,Cuarta Oeste,1173332.70145,0
4143,Morera,04/10/2011 10:24,Medio (4 - 8 mts),50,Mediano,-68.8279505123,-32.8780389692,4,Cuarta Este Área Fundacional,1822015.85685,0
33444,Platano,15/06/2011 12:02,Alto (> 8 mts),190,Grande,-68.8562384826,-32.8887421255,5,Residencial Sur,2423808.92355,0
20041,Paraiso,09/08/2011 11:08,Medio (4 - 8 mts),125,Grande,-68.8329587776,-32.8647422176,4,Cuarta Oeste,1173332.70145,1
32128,Morera,10/05/2011 09:23,Medio (4 - 8 mts),41,Mediano,-68.8610766214,-32.8863196594,5,Residencial Sur,2423808.92355,0
16505,Morera,20/07/2011 10:02,Muy bajo (1 - 2 mts),8,Chico,-68.8401351429,-32.8647918155,4,Cuarta Oeste,1173332.70145,0
2661,Morera,07/10/2011 09:53,Medio (4 - 8 mts),110,Grande,-68.8306670594,-32.8849505255,3,Parque O'Higgins,1531146.02653,0
23614,Fresno europeo,21/01/2011 09:16,Alto (> 8 mts),250,Grande,-68.8473150798,-32.8998127904,2,Barrio Civico,2366816.36021,0
45125,Paraiso,01/09/2011 14:07,Alto (> 8 mts),145,Grande,-68.8233606472,-32.8702352371,4,Cuarta Este Área Fundacional,1822015.85685,0
30078,Platano,11/04/2011 15:09,Alto (> 8 mts),172,Grande,-68.838634365,-32.8872416049,3,Parque O'Higgins,1531146.02653,0
30400,Morera,04/03/2011 09:40,Alto (> 8 mts),160,Grande,-68.8401658907,-32.8904278983,3,Parque O'Higgins,1531146.02653,0
29166,Morera,10/03/2011 09:39,Alto (> 8 mts),140,Grande,-68.8459393717,-32.8893433435,2,Barrio Civico,2366816.36021,1
36658,Fresno europeo,06/06/2011 09:38,Medio (4 - 8 mts),100,Grande,-68.8600142271,-32.8823120299,7,Residencial Parque,1786336.08966,0
13964,Paraiso sombrilla,29/11/2011 12:30,Muy bajo (1 - 2 mts),15,Chico,-68.8779663584,-32.8647380606,8,Aeroparque,2203364.73622,0
23760,Fresno americano,25/01/2011 10:14,Alto (> 8 mts),122,Grande,-68.8492575985,-32.8997846044,2,Barrio Civico,2366816.36021,0
5934,Morera,02/05/2011 11:20,Alto (> 8 mts),165,Grande,-68.8449335409,-32.8758650716,1,Parque Central,1655357.93265,0
43057,Acacia SP,03/10/2011 10:09,Alto (> 8 mts),236,Grande,-68.8322114099,-32.8781629388,4,Cuarta Este Área Fundacional,1822015.85685,1
23198,Paraiso,18/01/2011 12:31,Medio (4 - 8 mts),90,Grande,-68.848732663,-32.9012123134,2,Barrio Civico,2366816.36021,0
24164,Morera,24/01/2011 11:04,Alto (> 8 mts),130,Grande,-68.8452750739,-32.9021798338,2,Barrio Civico,2366816.36021,0
15277,Fresno europeo,18/11/2011 17:17,Bajo (2 - 4 mts),30,Mediano,-68.8584409382,-32.8708951693,6,Residencial Norte,2694682.37982,0
42647,Morera,26/09/2011 08:41,Medio (4 - 8 mts),40,Mediano,-68.8292905152,-32.875944311,4,Cuarta Este Área Fundacional,1822015.85685,0
35947,Paraiso,23/03/2011 09:56,Muy bajo (1 - 2 mts),2,Chico,-68.8540457611,-32.8754022861,6,Residencial Norte,2694682.37982,0
36639,Morera,14/06/2011 18:41,Medio (4 - 8 mts),62,Grande,-68.8573943571,-32.8817048728,7,Residencial Parque,1786336.08966,0
37544,Paraiso,16/11/2010 12:21,Muy bajo (1 - 2 mts),10,Chico,-68.8576060664,-32.8697251747,6,Residencial Norte,2694682.37982,0
27100,Fresno europeo,27/10/2011 09:19,Alto (> 8 mts),115,Grande,-68.8370472782,-32.8891507727,3,Parque O'Higgins,1531146.02653,0
16141,Morera,21/07/2011 09:34,Alto (> 8 mts),140,Grande,-68.8452460865,-32.8726781729,6,Residencial Norte,2694682.37982,1
16894,Paraiso,27/07/2011 14:01,Alto (> 8 mts),220,Grande,-68.8391266004,-32.8653551641,4,Cuarta Oeste,1173332.70145,0
32062,Morera,09/06/2011 09:29,Alto (> 8 mts),128,Grande,-68.8605972334,-32.8868293413,5,Residencial Sur,2423808.92355,0
17132,Morera,15/08/2011 13:41,Alto (> 8 mts),160,Grande,-68.8365752634,-32.8624873521,4,Cuarta Oeste,1173332.70145,1
5690,Alamo criollo,29/04/2011 13:09,Alto (> 8 mts),95,Grande,-68.8393663537,-32.8753691569,1,Parque Central,1655357.93265,0
23226,Perenne,24/01/2011 11:23,Muy bajo (1 - 2 mts),2,Chico,-68.851484897,-32.9015406179,2,Barrio Civico,2366816.36021,0
6870,Fresno europeo,07/06/2011 10:29,Medio (4 - 8 mts),100,Grande,-68.8582393024,-32.8950845388,5,Residencial Sur,2423808.92355,1
24787,Fresno europeo,15/02/2011 09:12,Alto (> 8 mts),208,Grande,-68.8396857588,-32.8957805304,2,Barrio Civico,2366816.36021,1
41525,Morera,04/05/2011 09:23,Medio (4 - 8 mts),47,Mediano,-68.838779107,-32.8777753726,1,Parque Central,1655357.93265,0
40427,Fresno europeo,11/04/2011 12:26,Alto (> 8 mts),80,Grande,-68.8445717105,-32.8839553046,1,Parque Central,1655357.93265,0
30736,Morera,04/02/2011 12:48,Alto (> 8 mts),180,Grande,-68.8555261917,-32.8686351937,6,Residencial Norte,2694682.37982,0
41037,Morera,12/04/2011 10:26,Alto (> 8 mts),142,Grande,-68.8398328322,-32.8808667381,1,Parque Central,1655357.93265,0
36485,Morera,18/03/2011 09:56,Alto (> 8 mts),165,Grande,-68.8540173286,-32.8797105444,6,Residencial Norte,2694682.37982,0
29026,Fresno europeo,20/04/2011 11:06,Muy bajo (1 - 2 mts),12,Chico,-68.8461054984,-32.8860990748,1,Parque Central,1655357.93265,0
42678,Paraiso sombrilla,23/09/2011 11:57,Bajo (2 - 4 mts),25,Mediano,-68.8307748544,-32.8774666097,4,Cuarta Este Área Fundacional,1822015.85685,0
26073,Fresno americano,04/11/2011 17:46,Bajo (2 - 4 mts),120,Grande,-68.8338533676,-32.8861019848,3,Parque O'Higgins,1531146.02653,0
16021,Morera,10/08/2011 14:32,Alto (> 8 mts),150,Grande,-68.843639968,-32.8707434168,4,Cuarta Oeste,1173332.70145,0
10243,Paraiso,10/12/2010 10:25,Bajo (2 - 4 mts),15,Chico,-68.8493411074,-32.8723897815,6,Residencial Norte,2694682.37982,0
28141,Morera,14/03/2011 16:25,Medio (4 - 8 mts),52,Mediano,-68.8476484969,-32.8917065039,2,Barrio Civico,2366816.36021,0
39810,Morera,29/04/2011 10:46,Alto (> 8 mts),150,Grande,-68.8471832705,-32.8841369064,1,Parque Central,1655357.93265,1
23153,Morera,19/01/2011 16:53,Alto (> 8 mts),270,Grande,-68.8479071366,-32.9029886328,2,Barrio Civico,2366816.36021,1
31718,Platano,18/05/2011 10:00,Alto (> 8 mts),210,Grande,-68.8606925026,-32.8901446084,5,Residencial Sur,2423808.92355,0
45418,Fresno americano,09/09/2011 15:54,Medio (4 - 8 mts),190,Grande,-68.8255397263,-32.87219984,4,Cuarta Este Área Fundacional,1822015.85685,0
34393,Fresno europeo,23/03/2011 13:24,Bajo (2 - 4 mts),22,Mediano,-68.8505489587,-32.8752871693,6,Residencial Norte,2694682.37982,0
8330,Morera,23/03/2011 18:03,Medio (4 - 8 mts),38,Mediano,-68.8460255677,-32.8938515528,2,Barrio Civico,2366816.36021,0
6007,Morera,02/05/2011 11:45,Alto (> 8 mts),142,Grande,-68.845309979,-32.877259361,1,Parque Central,1655357.93265,0
13995,Fresno americano,29/11/2011 17:58,Bajo (2 - 4 mts),12,Chico,-68.8781017882,-32.8648049848,8,Aeroparque,2203364.73622,0
25283,Morera,08/02/2011 09:20,Alto (> 8 mts),131,Grande,-68.8374774956,-32.8991441452,2,Barrio Civico,2366816.36021,0
12760,Caducifolio,24/01/2011 13:53,Medio (4 - 8 mts),50,Mediano,-68.8481315665,-32.8638015274,6,Residencial Norte,2694682.37982,0
12725,Paraiso,25/01/2011 08:32,Alto (> 8 mts),120,Grande,-68.8481537027,-32.8636493481,6,Residencial Norte,2694682.37982,0
11343,Liquidambar,19/01/2011 16:03,Medio (4 - 8 mts),60,Mediano,-68.8485782853,-32.9023809808,2,Barrio Civico,2366816.36021,0
39786,Fresno europeo,13/07/2011 12:20,Alto (> 8 mts),183,Grande,-68.8512318375,-32.8838453644,1,Parque Central,1655357.93265,0
2060,Caducifolio,11/10/2011 16:40,Muy bajo (1 - 2 mts),18,Chico,-68.8287405158,-32.8814652044,3,Parque O'Higgins,1531146.02653,0
5812,Paraiso,03/05/2011 11:35,Medio (4 - 8 mts),93,Grande,-68.8429976089,-32.8753065867,1,Parque Central,1655357.93265,0
11744,Morera,02/06/2010 11:02,Medio (4 - 8 mts),132,Grande,-68.8503115869,-32.867648394,6,Residencial Norte,2694682.37982,0
24468,Olmo comun,20/01/2011 08:38,Alto (> 8 mts),120,Grande,-68.8464985898,-32.9032196376,2,Barrio Civico,2366816.36021,0
44493,Platano,17/10/2011 10:27,Alto (> 8 mts),220,Grande,-68.835420389,-32.8842258556,3,Parque O'Higgins,1531146.02653,1
38904,Paraiso sombrilla,26/10/2010 11:36,Muy bajo (1 - 2 mts),15,Chico,-68.8489046462,-32.8706055712,6,Residencial Norte,2694682.37982,0
22494,Morera,27/06/2011 14:47,Alto (> 8 mts),140,Grande,-68.8596639365,-32.9001893796,5,Residencial Sur,2423808.92355,0
10702,Acacia SP,30/03/2011 12:43,Medio (4 - 8 mts),120,Grande,-68.8490543043,-32.8752653038,6,Residencial Norte,2694682.37982,0
12895,Fresno europeo,18/01/2011 09:38,Muy bajo (1 - 2 mts),8,Chico,-68.8461463602,-32.8634692616,4,Cuarta Oeste,1173332.70145,0
36399,Morera,21/03/2011 12:06,Alto (> 8 mts),110,Grande,-68.8518313016,-32.8791420632,6,Residencial Norte,2694682.37982,0
34255,Morera,04/03/2011 12:12,Alto (> 8 mts),144,Grande,-68.8523597833,-32.8745084421,6,Residencial Norte,2694682.37982,0
21471,Platano,12/05/2011 09:24,Muy bajo (1 - 2 mts),8,Chico,-68.8585744565,-32.8917146911,5,Residencial Sur,2423808.92355,0
5208,Morera,08/08/2011 09:52,Muy bajo (1 - 2 mts),2,Chico,-68.8390247366,-32.8686440937,4,Cuarta Oeste,1173332.70145,0
40285,Caducifolio,11/04/2011 09:18,Bajo (2 - 4 mts),50,Mediano,-68.8450196723,-32.8811244843,1,Parque Central,1655357.93265,1
28447,Morera,28/02/2011 09:20,Alto (> 8 mts),160,Grande,-68.8468279607,-32.8893847776,2,Barrio Civico,2366816.36021,1
47352,Platano,23/09/2011 09:07,Alto (> 8 mts),230,Grande,-68.8278570195,-32.8751270623,4,Cuarta Este Área Fundacional,1822015.85685,1
43701,Morera,11/10/2011 09:36,Alto (> 8 mts),145,Grande,-68.8313180587,-32.8836907603,3,Parque O'Higgins,1531146.02653,1
37790,Fresno europeo,24/02/2012 08:16,Medio (4 - 8 mts),140,Grande,-68.8491971405,-32.8731568216,6,Residencial Norte,2694682.37982,0
2867,Morera,04/11/2011 08:39,Alto (> 8 mts),105,Grande,-68.8352632464,-32.8939610784,3,Parque O'Higgins,1531146.02653,0
38636,Morera,16/12/2010 10:25,Alto (> 8 mts),80,Grande,-68.8511990514,-32.8713586213,6,Residencial Norte,2694682.37982,0
4330,Morera,13/07/2011 09:48,Medio (4 - 8 mts),38,Mediano,-68.8363249028,-32.8704259524,4,Cuarta Oeste,1173332.70145,0
32876,Morera,10/06/2011 10:34,Medio (4 - 8 mts),120,Grande,-68.8505944837,-32.8853767974,5,Residencial Sur,2423808.92355,0
24801,Platano,18/02/2011 08:39,Alto (> 8 mts),250,Grande,-68.840979118800007,-32.8971518497,2,Barrio Civico,2366816.36021,0
42084,Morera,12/04/2011 10:27,Alto (> 8 mts),120,Grande,-68.8431497191,-32.8796523938,1,Parque Central,1655357.93265,1
35448,Morera,28/03/2011 10:39,Alto (> 8 mts),165,Grande,-68.8543760298,-32.8811557535,6,Residencial Norte,2694682.37982,0
31872,Morera,29/06/2011 10:24,Alto (> 8 mts),145,Grande,-68.8602457229,-32.8896321293,5,Residencial Sur,2423808.92355,1
17430,Morera,29/07/2011 10:26,Alto (> 8 mts),185,Grande,-68.8349155307,-32.8678654967,4,Cuarta Oeste,1173332.70145,0
11026,Prunas,07/04/2011 11:53,Medio (4 - 8 mts),80,Grande,-68.8584754184,-32.8804374682,7,Residencial Parque,1786336.08966,0
44720,Morera,26/08/2011 13:33,Alto (> 8 mts),70,Grande,-68.8236654408,-32.868009873,4,Cuarta Este Área Fundacional,1822015.85685,0
14260,Morera,07/12/2011 10:30,Bajo (2 - 4 mts),50,Mediano,-68.8777950104,-32.8676237671,8,Aeroparque,2203364.73622,0
39837,Morera,02/05/2011 11:09,Alto (> 8 mts),140,Grande,-68.8442660644,-32.8732500518,6,Residencial Norte,2694682.37982,1
31831,Olmo comun,03/01/2012 09:03,Medio (4 - 8 mts),70,Grande,-68.8590240683,-32.8902369655,5,Residencial Sur,2423808.92355,0
34005,Morera,27/05/2011 10:33,Bajo (2 - 4 mts),90,Grande,-68.8532522839,-32.8850462278,5,Residencial Sur,2423808.92355,0
8328,Morera,16/03/2011 19:36,Alto (> 8 mts),132,Grande,-68.8467703704,-32.8937259505,2,Barrio Civico,2366816.36021,0
36553,Fresno europeo,04/04/2011 10:41,Muy bajo (1 - 2 mts),8,Chico,-68.8551486441,-32.8794868449,6,Residencial Norte,2694682.37982,0
37423,Morera,04/01/2011 10:08,Medio (4 - 8 mts),80,Grande,-68.857001034,-32.8706920029,6,Residencial Norte,2694682.37982,0
33118,Platano,27/06/2011 11:45,Alto (> 8 mts),195,Grande,-68.8537414437,-32.8903173846,5,Residencial Sur,2423808.92355,0
9835,Fresno europeo,11/01/2011 12:05,Medio (4 - 8 mts),85,Grande,-68.8452261818,-32.8628003545,4,Cuarta Oeste,1173332.70145,0
16671,Morera,19/07/2011 10:55,Alto (> 8 mts),120,Grande,-68.8414409628,-32.8633564456,4,Cuarta Oeste,1173332.70145,1
45255,Fresno europeo,29/09/2011 11:12,Medio (4 - 8 mts),110,Grande,-68.8228135064,-32.8728319916,4,Cuarta Este Área Fundacional,1822015.85685,1
37530,Paraiso,17/11/2010 12:09,Medio (4 - 8 mts),80,Grande,-68.8577430087,-32.8705516435,6,Residencial Norte,2694682.37982,0
31603,Olmo comun,10/06/2011 10:01,Alto (> 8 mts),142,Grande,-68.8615038489,-32.8884641057,5,Residencial Sur,2423808.92355,0
6616,Liquidambar,11/05/2011 09:55,Alto (> 8 mts),52,Mediano,-68.8548716137,-32.8925622531,5,Residencial Sur,2423808.92355,0
42189,Fresno europeo,04/05/2011 11:09,Medio (4 - 8 mts),34,Mediano,-68.840452665,-32.8736896008,4,Cuarta Oeste,1173332.70145,0
1119,Prunas,01/12/2011 12:30,Bajo (2 - 4 mts),48,Mediano,-68.8761650469,-32.8661427193,8,Aeroparque,2203364.73622,0
39217,Perenne,26/11/2010 09:39,Muy bajo (1 - 2 mts),20,Chico,-68.8551075755,-32.8728131682,6,Residencial Norte,2694682.37982,0
44553,Fresno europeo,17/10/2011 11:30,Alto (> 8 mts),140,Grande,-68.836699848,-32.8857077505,3,Parque O'Higgins,1531146.02653,1
42241,Morera,28/04/2011 14:08,Medio (4 - 8 mts),81,Grande,-68.839145766,-32.8746236146,1,Parque Central,1655357.93265,0
26438,Fresno europeo,09/11/2011 09:47,Medio (4 - 8 mts),72,Grande,-68.8343927375,-32.891250661,3,Parque O'Higgins,1531146.02653,0
24086,Morera,11/01/2011 12:47,Alto (> 8 mts),140,Grande,-68.8470995971,-32.9013076194,2,Barrio Civico,2366816.36021,0
21700,Morera,09/06/2011 11:51,Alto (> 8 mts),125,Grande,-68.8571430544,-32.8957198643,5,Residencial Sur,2423808.92355,1
17701,Perenne,15/07/2011 10:29,Alto (> 8 mts),250,Grande,-68.8422528882,-32.8705747275,4,Cuarta Oeste,1173332.70145,0
33103,Platano,27/06/2011 12:18,Alto (> 8 mts),185,Grande,-68.8526434041,-32.8907638621,5,Residencial Sur,2423808.92355,0
34248,Morera,22/03/2011 13:10,Alto (> 8 mts),130,Grande,-68.8529439456,-32.875485304,6,Residencial Norte,2694682.37982,0
24452,Fresno americano,20/01/2011 10:56,Alto (> 8 mts),108,Grande,-68.8456276125,-32.9028777265,2,Barrio Civico,2366816.36021,0
33577,Platano,31/05/2011 14:04,Alto (> 8 mts),165,Grande,-68.8552909571,-32.888810463,5,Residencial Sur,2423808.92355,0
31291,Acer,25/02/2011 13:10,Alto (> 8 mts),80,Grande,-68.8484544554,-32.86466079,6,Residencial Norte,2694682.37982,0
21849,Liquidambar,07/06/2011 09:58,Medio (4 - 8 mts),48,Mediano,-68.8574467431,-32.8961665028,5,Residencial Sur,2423808.92355,0
12406,Morera,21/01/2011 09:06,Alto (> 8 mts),90,Grande,-68.8483088719,-32.8673312478,6,Residencial Norte,2694682.37982,0
32539,Acacia SP,23/06/2011 11:02,Alto (> 8 mts),160,Grande,-68.8502526118,-32.8894452737,5,Residencial Sur,2423808.92355,0
1612,Morera,24/11/2011 10:10,Muy bajo (1 - 2 mts),10,Chico,-68.8715423098,-32.8789707757,7,Residencial Parque,1786336.08966,0
30745,Fresno americano,02/02/2011 10:18,Muy bajo (1 - 2 mts),10,Chico,-68.8547492049,-32.8681418334,6,Residencial Norte,2694682.37982,0
42836,Platano,30/09/2011 13:55,Alto (> 8 mts),195,Grande,-68.8318717139,-32.8765739699,4,Cuarta Este Área Fundacional,1822015.85685,0
26305,Platano,21/10/2011 08:55,Alto (> 8 mts),133,Grande,-68.8315275847,-32.8889704241,3,Parque O'Higgins,1531146.02653,1
33589,Acacia SP,16/05/2011 10:37,Alto (> 8 mts),137,Grande,-68.8552713799,-32.8869161657,5,Residencial Sur,2423808.92355,0
13918,Jacaranda,30/11/2011 12:18,Bajo (2 - 4 mts),66,Grande,-68.8757359767,-32.8660742825,8,Aeroparque,2203364.73622,0
15561,Fresno europeo,17/11/2011 16:37,Muy bajo (1 - 2 mts),6,Chico,-68.8610747076,-32.8716771076,7,Residencial Parque,1786336.08966,0
38445,Morera,03/11/2010 10:07,Alto (> 8 mts),180,Grande,-68.8508696467,-32.8690975213,6,Residencial Norte,2694682.37982,0
42465,Fresno europeo,30/09/2011 17:20,Medio (4 - 8 mts),78,Grande,-68.8321297628,-32.8760690076,4,Cuarta Este Área Fundacional,1822015.85685,0
20280,Morera,17/05/2011 10:12,Alto (> 8 mts),110,Grande,-68.8593977405,-32.8936600268,5,Residencial Sur,2423808.92355,0
13818,Fresno europeo,26/01/2011 09:27,Medio (4 - 8 mts),70,Grande,-68.8497085944,-32.8632354665,6,Residencial Norte,2694682.37982,0
12003,Paraiso,12/05/2010 10:55,Alto (> 8 mts),158,Grande,-68.8523974311,-32.8685543283,6,Residencial Norte,2694682.37982,0
3234,Morera,22/09/2011 08:18,Alto (> 8 mts),150,Grande,-68.821845438,-32.8714425611,4,Cuarta Este Área Fundacional,1822015.85685,0
45679,Morera,26/08/2011 11:26,Alto (> 8 mts),100,Grande,-68.8225589923,-32.8695359552,4,Cuarta Este Área Fundacional,1822015.85685,0
32381,Platano,06/05/2011 09:11,Alto (> 8 mts),190,Grande,-68.8529043781,-32.8922584525,5,Residencial Sur,2423808.92355,0
21049,Fresno americano,24/06/2011 09:54,Alto (> 8 mts),90,Grande,-68.8637782478,-32.8999210772,5,Residencial Sur,2423808.92355,0
21441,Morera,10/05/2011 10:21,Alto (> 8 mts),300,Grande,-68.8556437763,-32.8932752837,5,Residencial Sur,2423808.92355,0
29577,Platano,04/03/2011 09:58,Alto (> 8 mts),143,Grande,-68.8446204928,-32.891882387,2,Barrio Civico,2366816.36021,0
15882,Conifera,28/11/2011 20:38,Muy bajo (1 - 2 mts),30,Mediano,-68.8722097998,-32.8765914622,7,Residencial Parque,1786336.08966,0
4967,Morera,15/07/2011 10:30,Bajo (2 - 4 mts),28,Mediano,-68.8446874361,-32.8700876128,4,Cuarta Oeste,1173332.70145,0
40705,Morera,19/04/2011 09:30,Alto (> 8 mts),200,Grande,-68.8417155531,-32.8839166755,1,Parque Central,1655357.93265,1
5965,Paraiso,05/05/2011 09:33,Alto (> 8 mts),140,Grande,-68.8480952375,-32.8841319842,1,Parque Central,1655357.93265,0
15568,Paraiso,17/11/2011 16:24,Muy bajo (1 - 2 mts),12,Chico,-68.8610157383,-32.8712692454,7,Residencial Parque,1786336.08966,0
47550,Morera,19/09/2011 09:05,Alto (> 8 mts),120,Grande,-68.8272125508,-32.8712180721,4,Cuarta Este Área Fundacional,1822015.85685,1
16128,Morera,21/07/2011 10:08,Alto (> 8 mts),200,Grande,-68.8443435844,-32.8727061905,6,Residencial Norte,2694682.37982,0
3436,Morera,19/08/2011 09:26,Medio (4 - 8 mts),90,Grande,-68.8290438572,-32.8671249549,4,Cuarta Este Área Fundacional,1822015.85685,0
25184,Morera,09/02/2011 17:23,Medio (4 - 8 mts),106,Grande,-68.8363083684,-32.8982738371,2,Barrio Civico,2366816.36021,0
42258,Fresno europeo,03/05/2011 11:01,Alto (> 8 mts),160,Grande,-68.8381249575,-32.8754161326,1,Parque Central,1655357.93265,0
7051,Morera,14/06/2011 10:43,Alto (> 8 mts),190,Grande,-68.8558083273,-32.8970084076,5,Residencial Sur,2423808.92355,1
416,Morera,06/03/2012 12:32,Medio (4 - 8 mts),120,Grande,-68.81825797,-32.8673255017,4,Cuarta Este Área Fundacional,1822015.85685,0
4160,Morera,21/07/2011 09:23,Alto (> 8 mts),90,Grande,-68.845365977,-32.8731316307,6,Residencial Norte,2694682.37982,0
48249,Morera,02/09/2011 10:27,Alto (> 8 mts),98,Grande,-68.8301313251,-32.8698993746,4,Cuarta Este Área Fundacional,1822015.85685,0
7313,Morera,29/06/2011 14:30,Bajo (2 - 4 mts),38,Mediano,-68.8583883263,-32.9014833547,5,Residencial Sur,2423808.92355,0
22877,Platano,10/05/2011 09:56,Alto (> 8 mts),172,Grande,-68.8558733612,-32.9008368582,5,Residencial Sur,2423808.92355,0
5723,Morera,04/05/2011 13:03,Medio (4 - 8 mts),80,Grande,-68.8404085179,-32.8789570428,1,Parque Central,1655357.93265,0
40683,Morera,19/04/2011 12:05,Alto (> 8 mts),164,Grande,-68.8428232418,-32.8837769423,1,Parque Central,1655357.93265,0
28165,Tipa,22/02/2011 09:34,Alto (> 8 mts),258,Grande,-68.8477952655,-32.8916530744,2,Barrio Civico,2366816.36021,0
10927,Fresno europeo,29/03/2011 11:03,Alto (> 8 mts),104,Grande,-68.8509411229,-32.8799631576,1,Parque Central,1655357.93265,0
16447,Morera,16/08/2011 09:13,Alto (> 8 mts),155,Grande,-68.841761064,-32.8643157136,4,Cuarta Oeste,1173332.70145,0
20701,Acacia SP,31/05/2011 11:46,Alto (> 8 mts),120,Grande,-68.8620992465,-32.8979564368,5,Residencial Sur,2423808.92355,0
18475,Paraiso,11/07/2011 09:34,Bajo (2 - 4 mts),50,Mediano,-68.8389034506,-32.874252346,1,Parque Central,1655357.93265,0
25663,Perenne,07/02/2011 10:00,Bajo (2 - 4 mts),12,Chico,-68.8419877089,-32.9013682287,2,Barrio Civico,2366816.36021,0
23017,Fresno europeo,17/06/2011 18:06,Medio (4 - 8 mts),54,Mediano,-68.8582819048,-32.9001268657,5,Residencial Sur,2423808.92355,0
17050,Paraiso,16/08/2011 10:05,Alto (> 8 mts),210,Grande,-68.8376131586,-32.8643624263,4,Cuarta Oeste,1173332.70145,0
20471,Olmo comun,02/06/2011 13:25,Medio (4 - 8 mts),130,Grande,-68.8601656016,-32.8969597732,5,Residencial Sur,2423808.92355,0
34320,Morera,09/03/2011 09:38,Alto (> 8 mts),164,Grande,-68.8517998165,-32.8746029988,6,Residencial Norte,2694682.37982,0
7137,Paraiso,15/06/2011 09:36,Muy bajo (1 - 2 mts),12,Chico,-68.8531440893,-32.8982721299,5,Residencial Sur,2423808.92355,0
31147,Morera,07/02/2011 09:45,Alto (> 8 mts),126,Grande,-68.8542222302,-32.8636826254,6,Residencial Norte,2694682.37982,0
22153,Fresno americano,13/05/2011 13:35,Medio (4 - 8 mts),38,Mediano,-68.8546176597,-32.8983370009,5,Residencial Sur,2423808.92355,0
15441,Acacia SP,18/11/2011 12:17,Medio (4 - 8 mts),20,Chico,-68.8593925859,-32.8711202857,6,Residencial Norte,2694682.37982,0
40900,Platano,26/04/2011 16:06,Bajo (2 - 4 mts),38,Mediano,-68.8381880771,-32.8841255019,3,Parque O'Higgins,1531146.02653,0
20964,Morera,27/05/2011 10:30,Alto (> 8 mts),140,Grande,-68.861818369,-32.894990285,5,Residencial Sur,2423808.92355,0
4844,Palo borracho,27/07/2011 13:01,Medio (4 - 8 mts),50,Mediano,-68.8385324596,-32.8656472404,4,Cuarta Oeste,1173332.70145,0
12818,Paraiso,20/01/2011 12:38,Alto (> 8 mts),180,Grande,-68.8470693543,-32.8637463274,4,Cuarta Oeste,1173332.70145,0
5329,Fresno europeo,27/04/2011 10:26,Medio (4 - 8 mts),110,Grande,-68.8420084694,-32.8783746848,1,Parque Central,1655357.93265,0
15614,Paraiso,16/11/2011 12:54,Medio (4 - 8 mts),100,Grande,-68.8617538854,-32.871634099,7,Residencial Parque,1786336.08966,0
7656,Morera,30/05/2011 09:21,Bajo (2 - 4 mts),60,Mediano,-68.8561113879,-32.8840168495,5,Residencial Sur,2423808.92355,0
42132,Braquiquito,04/05/2011 11:08,Medio (4 - 8 mts),55,Mediano,-68.8413091055,-32.8772270603,1,Parque Central,1655357.93265,0
32222,Morera,10/05/2011 09:31,Alto (> 8 mts),180,Grande,-68.8602491855,-32.885588134,5,Residencial Sur,2423808.92355,0
45910,Morera,25/08/2011 12:42,Medio (4 - 8 mts),230,Grande,-68.8195565238,-32.8687990898,4,Cuarta Este Área Fundacional,1822015.85685,1
10928,Fresno europeo,29/03/2011 11:08,Medio (4 - 8 mts),28,Mediano,-68.8508764414,-32.879799664,1,Parque Central,1655357.93265,0
22946,Platano,19/05/2011 17:03,Alto (> 8 mts),152,Grande,-68.8558326986,-32.9003803099,5,Residencial Sur,2423808.92355,0
48393,Morera,01/09/2011 11:45,Alto (> 8 mts),170,Grande,-68.8303604501,-32.8696672098,4,Cuarta Este Área Fundacional,1822015.85685,0
19547,Fresno americano,26/07/2011 10:08,Medio (4 - 8 mts),60,Mediano,-68.8376980462,-32.8706082147,4,Cuarta Oeste,1173332.70145,0
25922,Paraiso,16/02/2011 16:52,Alto (> 8 mts),58,Mediano,-68.8378617113,-32.9021009875,2,Barrio Civico,2366816.36021,0
46204,Morera,28/09/2011 09:44,Medio (4 - 8 mts),150,Grande,-68.8249572611,-32.8755259146,4,Cuarta Este Área Fundacional,1822015.85685,0
29272,Morera,23/02/2011 14:32,Alto (> 8 mts),140,Grande,-68.8441900235,-32.8879476414,1,Parque Central,1655357.93265,1
22483,Paraiso,23/06/2011 12:00,Alto (> 8 mts),144,Grande,-68.8622004528,-32.8985850268,5,Residencial Sur,2423808.92355,0
216,Fresno europeo,06/03/2012 10:01,Bajo (2 - 4 mts),18,Chico,-68.8388720729,-32.8699760145,4,Cuarta Oeste,1173332.70145,0
28232,Morera,28/02/2011 17:13,Medio (4 - 8 mts),172,Grande,-68.8490603985,-32.8923034676,2,Barrio Civico,2366816.36021,1
32631,Olmo comun,21/06/2011 12:07,Alto (> 8 mts),162,Grande,-68.8530324672,-32.8902706772,5,Residencial Sur,2423808.92355,0
28120,Morera,14/03/2011 17:15,Alto (> 8 mts),104,Grande,-68.8465786991,-32.8920311096,2,Barrio Civico,2366816.36021,0
43017,Fresno europeo,05/10/2011 09:21,Medio (4 - 8 mts),112,Grande,-68.8323585738,-32.8785498723,4,Cuarta Este Área Fundacional,1822015.85685,0
27765,Morera,03/11/2011 11:00,Muy bajo (1 - 2 mts),12,Chico,-68.8347374868,-32.8946615827,3,Parque O'Higgins,1531146.02653,0
15332,Paraiso,16/11/2011 13:15,Alto (> 8 mts),130,Grande,-68.860316932999993,-32.8701703581,6,Residencial Norte,2694682.37982,0
12342,Acer,14/01/2011 10:03,Bajo (2 - 4 mts),45,Mediano,-68.8468885983,-32.8664645901,6,Residencial Norte,2694682.37982,0
10205,Caducifolio,16/12/2010 10:04,Bajo (2 - 4 mts),40,Mediano,-68.8513973393,-32.8718152406,6,Residencial Norte,2694682.37982,0
28349,Morera,11/03/2011 09:29,Medio (4 - 8 mts),39,Mediano,-68.8468800807,-32.8882367515,2,Barrio Civico,2366816.36021,0
19629,Fresno europeo,07/07/2011 12:05,Medio (4 - 8 mts),77,Grande,-68.8365296316,-32.8726542602,4,Cuarta Oeste,1173332.70145,0
36968,Paraiso,07/04/2011 17:14,Alto (> 8 mts),117,Grande,-68.8571058676,-32.8781433612,7,Residencial Parque,1786336.08966,0
15737,Jacaranda,24/11/2011 12:29,Medio (4 - 8 mts),40,Mediano,-68.8720397053,-32.878263355,7,Residencial Parque,1786336.08966,0
4228,Morera,11/07/2011 11:33,Alto (> 8 mts),155,Grande,-68.839313319,-32.873961379,4,Cuarta Oeste,1173332.70145,0
3000,Caducifolio,16/09/2011 08:38,Bajo (2 - 4 mts),50,Mediano,-68.8257125993,-32.8712543457,4,Cuarta Este Área Fundacional,1822015.85685,0
29455,Morera,15/03/2011 13:19,Alto (> 8 mts),160,Grande,-68.844701046,-32.8940990485,2,Barrio Civico,2366816.36021,0
31207,Fresno europeo,07/02/2011 08:30,Medio (4 - 8 mts),70,Grande,-68.8535198884,-32.864323695,6,Residencial Norte,2694682.37982,0
5739,Morera,04/05/2011 11:18,Medio (4 - 8 mts),43,Mediano,-68.8394530577,-32.8786114508,1,Parque Central,1655357.93265,0
28140,Morera,14/03/2011 16:08,Bajo (2 - 4 mts),32,Mediano,-68.8476343295,-32.8916428696,2,Barrio Civico,2366816.36021,0
3851,Morera,29/08/2011 12:13,Medio (4 - 8 mts),230,Grande,-68.828151493,-32.8710436875,4,Cuarta Este Área Fundacional,1822015.85685,0
36338,Tilo,18/03/2011 10:07,Bajo (2 - 4 mts),22,Mediano,-68.8522269921,-32.87893515,6,Residencial Norte,2694682.37982,0
44592,Platano,19/10/2011 13:15,Alto (> 8 mts),180,Grande,-68.8353673398,-32.8856943717,3,Parque O'Higgins,1531146.02653,0
13836,Fresno europeo,25/01/2011 09:22,Medio (4 - 8 mts),100,Grande,-68.8489168547,-32.8630373959,6,Residencial Norte,2694682.37982,0
45213,Fresno americano,28/09/2011 10:12,Alto (> 8 mts),106,Grande,-68.8225164534,-32.8722741038,4,Cuarta Este Área Fundacional,1822015.85685,0
17054,Morera,16/08/2011 09:59,Alto (> 8 mts),158,Grande,-68.8373145647,-32.8644046885,4,Cuarta Oeste,1173332.70145,0
12481,Prunas,25/01/2011 10:04,Bajo (2 - 4 mts),35,Mediano,-68.849384808,-32.8669535789,6,Residencial Norte,2694682.37982,0
18623,Paraiso,06/07/2011 11:15,Alto (> 8 mts),133,Grande,-68.8376385661,-32.8740478295,4,Cuarta Oeste,1173332.70145,0
5094,Acacia SP,09/08/2011 10:08,Bajo (2 - 4 mts),12,Chico,-68.8429427903,-32.8677276169,4,Cuarta Oeste,1173332.70145,0
48086,Paraiso,29/09/2011 11:08,Alto (> 8 mts),60,Mediano,-68.8270440992,-32.8677303207,4,Cuarta Este Área Fundacional,1822015.85685,0
44352,Platano,17/10/2011 13:25,Alto (> 8 mts),175,Grande,-68.8365128491,-32.8835244454,3,Parque O'Higgins,1531146.02653,0
16435,Paraiso,12/08/2011 10:07,Medio (4 - 8 mts),70,Grande,-68.8418958532,-32.8638596262,4,Cuarta Oeste,1173332.70145,0
29296,Platano,22/02/2011 12:41,Alto (> 8 mts),250,Grande,-68.8437700435,-32.8876381185,1,Parque Central,1655357.93265,1
2007,Morera,14/11/2011 13:43,Alto (> 8 mts),105,Grande,-68.832531561,-32.8946328172,3,Parque O'Higgins,1531146.02653,0
2968,Fresno europeo,16/09/2011 09:50,Medio (4 - 8 mts),118,Grande,-68.8245152697,-32.8714248854,4,Cuarta Este Área Fundacional,1822015.85685,0
14742,Aguaribay,05/12/2011 12:00,Muy bajo (1 - 2 mts),15,Chico,-68.8792908977,-32.8697065897,8,Aeroparque,2203364.73622,0
48355,Morera,17/08/2011 11:01,Bajo (2 - 4 mts),40,Mediano,-68.8281831869,-32.8665210218,4,Cuarta Este Área Fundacional,1822015.85685,0
6790,Fresno europeo,27/05/2011 10:21,Medio (4 - 8 mts),33,Mediano,-68.85873273,-32.8948808651,5,Residencial Sur,2423808.92355,0
29539,Jacaranda,28/02/2011 18:30,Muy bajo (1 - 2 mts),8,Chico,-68.8434265848,-32.8932081458,2,Barrio Civico,2366816.36021,0
16232,Morera,20/07/2011 10:09,Alto (> 8 mts),93,Grande,-68.8425942889,-32.8657877,4,Cuarta Oeste,1173332.70145,0
15627,Tipa,15/11/2011 19:11,Muy bajo (1 - 2 mts),16,Chico,-68.8618844466,-32.8716987775,7,Residencial Parque,1786336.08966,0
47552,Morera,19/09/2011 09:02,Alto (> 8 mts),155,Grande,-68.8273133756,-32.8712164755,4,Cuarta Este Área Fundacional,1822015.85685,0
35361,Jacaranda,21/06/2011 15:33,Bajo (2 - 4 mts),46,Mediano,-68.8544481145,-32.8832218781,5,Residencial Sur,2423808.92355,0
4928,Morera,18/07/2011 10:32,Medio (4 - 8 mts),23,Mediano,-68.8430294402,-32.8676040357,4,Cuarta Oeste,1173332.70145,0
21241,Fresno europeo,10/05/2011 12:15,Medio (4 - 8 mts),90,Grande,-68.8533480646,-32.8948933545,5,Residencial Sur,2423808.92355,0
10287,Morera,06/12/2010 11:50,Bajo (2 - 4 mts),35,Mediano,-68.8469188725,-32.8714301783,6,Residencial Norte,2694682.37982,0
22099,Paraiso,13/06/2011 10:21,Alto (> 8 mts),180,Grande,-68.8554856885,-32.8979236749,5,Residencial Sur,2423808.92355,0
25800,Olmo comun,02/02/2011 09:27,Alto (> 8 mts),122,Grande,-68.8407367402,-32.9041231374,2,Barrio Civico,2366816.36021,0
4322,Ligustro,13/07/2011 10:43,Medio (4 - 8 mts),48,Mediano,-68.8346599907,-32.8699203687,4,Cuarta Oeste,1173332.70145,0
19356,Paraiso sombrilla,19/07/2011 10:28,Medio (4 - 8 mts),60,Mediano,-68.8368037337,-32.870854908,4,Cuarta Oeste,1173332.70145,0
35569,Morera,09/03/2011 10:07,Alto (> 8 mts),160,Grande,-68.8557226924,-32.8734579251,6,Residencial Norte,2694682.37982,1
7342,Fresno europeo,21/06/2011 10:53,Medio (4 - 8 mts),55,Mediano,-68.8610222761,-32.9004925492,5,Residencial Sur,2423808.92355,0
22568,Fresno americano,16/06/2011 10:50,Alto (> 8 mts),108,Grande,-68.8616814752,-32.90035839,5,Residencial Sur,2423808.92355,0
12402,Morera,21/01/2011 09:31,Alto (> 8 mts),95,Grande,-68.8483304334,-32.8669671695,6,Residencial Norte,2694682.37982,0
1894,Morera,17/11/2011 12:19,Alto (> 8 mts),70,Grande,-68.8587242006,-32.8698305828,6,Residencial Norte,2694682.37982,0
33876,Acacia visco,13/05/2011 11:35,Medio (4 - 8 mts),150,Grande,-68.8550061301,-32.8858665592,5,Residencial Sur,2423808.92355,0
43373,Morera,25/10/2011 17:00,Muy bajo (1 - 2 mts),8,Chico,-68.8337429057,-32.8807395875,3,Parque O'Higgins,1531146.02653,0
47691,Paraiso,09/09/2011 14:28,Alto (> 8 mts),195,Grande,-68.8297863961,-32.8719937023,4,Cuarta Este Área Fundacional,1822015.85685,0
19283,Morera,13/07/2011 21:27,Alto (> 8 mts),200,Grande,-68.8364107684,-32.8698851826,4,Cuarta Oeste,1173332.70145,0
44821,Morera,26/08/2011 10:19,Alto (> 8 mts),168,Grande,-68.8239218857,-32.8695524541,4,Cuarta Este Área Fundacional,1822015.85685,0
5654,Platano,02/05/2011 11:40,Medio (4 - 8 mts),42,Mediano,-68.8396620493,-32.8761821767,1,Parque Central,1655357.93265,0
35709,Morera,18/03/2011 10:22,Medio (4 - 8 mts),120,Grande,-68.855782632,-32.8749129677,6,Residencial Norte,2694682.37982,1
34839,Fresno europeo,30/03/2011 09:35,Muy bajo (1 - 2 mts),5,Chico,-68.8519513656,-32.8767709401,6,Residencial Norte,2694682.37982,0
11907,Paraiso,02/03/2011 13:24,Medio (4 - 8 mts),170,Grande,-68.8503886814,-32.8662391244,6,Residencial Norte,2694682.37982,0
47021,Fresno europeo,15/09/2011 12:48,Medio (4 - 8 mts),70,Grande,-68.8307533332,-32.8729081254,4,Cuarta Este Área Fundacional,1822015.85685,0
29410,Morera,02/03/2011 10:21,Alto (> 8 mts),120,Grande,-68.8449778278,-32.8909371971,2,Barrio Civico,2366816.36021,1
28178,Tipa,23/02/2011 14:46,Alto (> 8 mts),136,Grande,-68.8486645015,-32.8912623444,2,Barrio Civico,2366816.36021,0
35318,Olmo comun,23/06/2011 11:11,Bajo (2 - 4 mts),44,Mediano,-68.8537115483,-32.8823964884,1,Parque Central,1655357.93265,0
39749,Platano,26/10/2010 10:25,Alto (> 8 mts),180,Grande,-68.8461616116,-32.8790772476,1,Parque Central,1655357.93265,0
13034,Fresno europeo,16/02/2011 09:35,Bajo (2 - 4 mts),40,Mediano,-68.8446385573,-32.8659587993,4,Cuarta Oeste,1173332.70145,0
45178,Fresno europeo,31/08/2011 10:10,Muy bajo (1 - 2 mts),2,Chico,-68.8231221837,-32.8703309306,4,Cuarta Este Área Fundacional,1822015.85685,0
10022,Fresno americano,02/11/2010 12:12,Medio (4 - 8 mts),80,Grande,-68.850810155,-32.8694835101,6,Residencial Norte,2694682.37982,0
9639,Morera,26/01/2011 12:47,Alto (> 8 mts),100,Grande,-68.8492064551,-32.8643439205,6,Residencial Norte,2694682.37982,0
47608,Perenne,08/09/2011 11:18,Medio (4 - 8 mts),150,Grande,-68.8292458431,-32.8712876183,4,Cuarta Este Área Fundacional,1822015.85685,0
44685,Morera,19/08/2011 10:12,Bajo (2 - 4 mts),16,Chico,-68.8239289814,-32.8672871502,4,Cuarta Este Área Fundacional,1822015.85685,0
47574,Morera,19/09/2011 08:16,Alto (> 8 mts),75,Grande,-68.8264877671,-32.8720619371,4,Cuarta Este Área Fundacional,1822015.85685,0
42717,Fresno europeo,30/09/2011 11:39,Alto (> 8 mts),125,Grande,-68.8280113357,-32.8774520516,4,Cuarta Este Área Fundacional,1822015.85685,0
44141,Morera,06/10/2011 17:03,Alto (> 8 mts),190,Grande,-68.8350391649,-32.8782444261,1,Parque Central,1655357.93265,1
45481,Morera,19/09/2011 10:22,Alto (> 8 mts),142,Grande,-68.8223812581,-32.872169787,4,Cuarta Este Área Fundacional,1822015.85685,0
22637,Paraiso,22/06/2011 09:23,Medio (4 - 8 mts),65,Grande,-68.8609509223,-32.9015454258,5,Residencial Sur,2423808.92355,1
10540,Morera,18/03/2011 11:34,Alto (> 8 mts),135,Grande,-68.8561552477,-32.875840347,6,Residencial Norte,2694682.37982,0
3206,Morera,23/09/2011 14:23,Medio (4 - 8 mts),20,Chico,-68.8276326046,-32.8754513322,4,Cuarta Este Área Fundacional,1822015.85685,0
19012,Platano,12/07/2011 09:56,Alto (> 8 mts),160,Grande,-68.8399716246,-32.8707613679,4,Cuarta Oeste,1173332.70145,0
7453,Fresno europeo,16/06/2011 11:56,Bajo (2 - 4 mts),50,Mediano,-68.8602503859,-32.9003800821,5,Residencial Sur,2423808.92355,0
25897,Morera,04/02/2011 13:41,Medio (4 - 8 mts),68,Grande,-68.8386049852,-32.9025608416,2,Barrio Civico,2366816.36021,0
11206,Morera,24/01/2011 11:38,Bajo (2 - 4 mts),27,Mediano,-68.8454165149,-32.9019207801,2,Barrio Civico,2366816.36021,0
11911,Paraiso,12/05/2010 12:19,Medio (4 - 8 mts),140,Grande,-68.8515494325,-32.8665311667,6,Residencial Norte,2694682.37982,0
10542,Morera,18/03/2011 11:10,Muy bajo (1 - 2 mts),5,Chico,-68.8560192076,-32.875295516,6,Residencial Norte,2694682.37982,0
10353,Paraiso,26/08/2010 09:34,Alto (> 8 mts),187,Grande,-68.8476697081,-32.8735384397,6,Residencial Norte,2694682.37982,0
21164,Fresno americano,06/05/2011 10:38,Alto (> 8 mts),100,Grande,-68.8526808393,-32.8933620758,5,Residencial Sur,2423808.92355,0
12124,Paraiso,20/01/2011 11:21,Alto (> 8 mts),135,Grande,-68.8475809846,-32.8677954825,6,Residencial Norte,2694682.37982,0
23567,Paraiso,01/02/2011 15:48,Alto (> 8 mts),240,Grande,-68.8517837902,-32.9027646586,2,Barrio Civico,2366816.36021,0
30788,Fresno europeo,14/02/2011 12:29,Alto (> 8 mts),130,Grande,-68.8562215847,-32.8649046201,6,Residencial Norte,2694682.37982,0
1802,Liquidambar,24/11/2011 13:24,Medio (4 - 8 mts),30,Mediano,-68.8702877159,-32.8795362259,7,Residencial Parque,1786336.08966,0
29182,Platano,09/03/2011 13:50,Alto (> 8 mts),240,Grande,-68.8456257377,-32.8884304744,2,Barrio Civico,2366816.36021,0
5730,Morera,04/05/2011 12:09,Bajo (2 - 4 mts),11,Chico,-68.8400432864,-32.8788508094,1,Parque Central,1655357.93265,0
11428,Morera,31/01/2011 15:44,Medio (4 - 8 mts),72,Grande,-68.8504643348,-32.9014385123,2,Barrio Civico,2366816.36021,1
45211,Fresno europeo,28/09/2011 10:19,Alto (> 8 mts),80,Grande,-68.8227638286,-32.8722687044,4,Cuarta Este Área Fundacional,1822015.85685,0
40794,Platano,19/04/2011 10:21,Alto (> 8 mts),164,Grande,-68.8409051599,-32.8836354915,1,Parque Central,1655357.93265,0
10772,Morera,01/04/2011 14:03,Muy bajo (1 - 2 mts),3,Chico,-68.8512388763,-32.8779533385,6,Residencial Norte,2694682.37982,0
43563,Platano,12/10/2011 08:00,Alto (> 8 mts),170,Grande,-68.8305237826,-32.8837268119,3,Parque O'Higgins,1531146.02653,1
396,Morera,05/03/2012 11:24,Alto (> 8 mts),185,Grande,-68.8200295583,-32.8675016291,4,Cuarta Este Área Fundacional,1822015.85685,0
41056,Fresno europeo,28/04/2011 10:58,Alto (> 8 mts),148,Grande,-68.8382805311,-32.8822025361,1,Parque Central,1655357.93265,0
25770,Fresno europeo,03/02/2011 09:14,Medio (4 - 8 mts),34,Mediano,-68.8411218123,-32.9040593666,2,Barrio Civico,2366816.36021,0
32551,Morera,21/06/2011 09:33,Medio (4 - 8 mts),80,Grande,-68.8540976422,-32.8893903972,5,Residencial Sur,2423808.92355,0
25118,Paraiso,11/02/2011 09:54,Alto (> 8 mts),100,Grande,-68.8362268882,-32.8989912332,2,Barrio Civico,2366816.36021,0
38909,Platano,26/10/2010 10:19,Alto (> 8 mts),170,Grande,-68.8482048191,-32.8698309799,6,Residencial Norte,2694682.37982,0
23571,Morera,24/01/2011 11:46,Alto (> 8 mts),102,Grande,-68.8515254409,-32.9018355484,2,Barrio Civico,2366816.36021,0
8991,Jacaranda,14/01/2011 14:07,Bajo (2 - 4 mts),25,Mediano,-68.8459194145,-32.867852096,4,Cuarta Oeste,1173332.70145,0
14897,Paraiso,16/12/2011 11:12,Bajo (2 - 4 mts),22,Mediano,-68.8813665739,-32.8742101862,8,Aeroparque,2203364.73622,0
46393,Morera,19/08/2011 11:50,Alto (> 8 mts),240,Grande,-68.8328897028,-32.8667253463,4,Cuarta Oeste,1173332.70145,0
24927,Morera,10/02/2011 08:46,Alto (> 8 mts),120,Grande,-68.8380762635,-32.8974632156,2,Barrio Civico,2366816.36021,0
9634,Morera,26/01/2011 11:50,Alto (> 8 mts),150,Grande,-68.8496387076,-32.8640580578,6,Residencial Norte,2694682.37982,0
33297,Platano,24/06/2011 11:23,Alto (> 8 mts),190,Grande,-68.8570645532,-32.8897013445,5,Residencial Sur,2423808.92355,0
35022,Platano,23/03/2011 10:14,Alto (> 8 mts),198,Grande,-68.8552066744,-32.8807856604,6,Residencial Norte,2694682.37982,0
9946,Morera,15/11/2010 10:41,Medio (4 - 8 mts),55,Mediano,-68.8563551676,-32.8698501712,6,Residencial Norte,2694682.37982,0
34592,Morera,17/01/2012 18:57,Medio (4 - 8 mts),140,Grande,-68.848803512,-32.8751545497,6,Residencial Norte,2694682.37982,0
22792,Platano,17/06/2011 18:14,Alto (> 8 mts),176,Grande,-68.8590614,-32.9016899251,5,Residencial Sur,2423808.92355,0
35752,Morera,04/03/2011 12:26,Alto (> 8 mts),160,Grande,-68.8552993139,-32.8731456302,6,Residencial Norte,2694682.37982,0
16057,Perenne,15/07/2011 09:06,Muy bajo (1 - 2 mts),18,Chico,-68.8444881896,-32.8714409229,6,Residencial Norte,2694682.37982,0
25072,Fresno europeo,14/02/2011 18:16,Medio (4 - 8 mts),72,Grande,-68.8362513136,-32.8969742464,2,Barrio Civico,2366816.36021,0
18990,Caducifolio,13/07/2011 09:54,Muy bajo (1 - 2 mts),8,Chico,-68.8410549068,-32.8717919915,4,Cuarta Oeste,1173332.70145,0
24302,Fresno europeo,28/01/2011 07:33,Alto (> 8 mts),98,Grande,-68.8436991098,-32.9016135961,2,Barrio Civico,2366816.36021,0
9122,Acacia SP,21/02/2011 09:57,Medio (4 - 8 mts),42,Mediano,-68.8528326608,-32.865502571,6,Residencial Norte,2694682.37982,0
23328,Morera,31/01/2011 15:28,Alto (> 8 mts),300,Grande,-68.8501730324,-32.9016112421,2,Barrio Civico,2366816.36021,1
21935,Fresno europeo,06/06/2011 10:10,Medio (4 - 8 mts),64,Grande,-68.8575067245,-32.8954187087,5,Residencial Sur,2423808.92355,0
23149,Morera,19/01/2011 16:47,Alto (> 8 mts),110,Grande,-68.8478700667,-32.9026710099,2,Barrio Civico,2366816.36021,0
28932,Platano,28/02/2011 12:26,Alto (> 8 mts),220,Grande,-68.8475990015,-32.8869330203,1,Parque Central,1655357.93265,0
17010,Morera,10/08/2011 09:08,Alto (> 8 mts),160,Grande,-68.8390192747,-32.8633399583,4,Cuarta Oeste,1173332.70145,0
17780,Paraiso,22/07/2011 10:32,Medio (4 - 8 mts),78,Grande,-68.8427521332,-32.8675229397,4,Cuarta Oeste,1173332.70145,0
9340,Fresno europeo,18/02/2011 09:54,Medio (4 - 8 mts),112,Grande,-68.8466013628,-32.8660989373,4,Cuarta Oeste,1173332.70145,0
10345,Conifera,30/11/2010 09:28,Medio (4 - 8 mts),60,Mediano,-68.8554675421,-32.872787083,6,Residencial Norte,2694682.37982,0
23301,Morera,18/01/2012 17:04,Medio (4 - 8 mts),110,Grande,-68.8521330686,-32.9006819898,2,Barrio Civico,2366816.36021,0
10329,Fresno europeo,30/11/2010 13:26,Medio (4 - 8 mts),35,Mediano,-68.8566459997,-32.8720914239,6,Residencial Norte,2694682.37982,0
22314,Braquiquito,09/06/2011 10:34,Medio (4 - 8 mts),56,Mediano,-68.8576002772,-32.8981179906,5,Residencial Sur,2423808.92355,0
27627,Morera,07/11/2011 10:15,Alto (> 8 mts),138,Grande,-68.8384965794,-32.8952503912,2,Barrio Civico,2366816.36021,0
18332,Morera,02/08/2011 10:19,Alto (> 8 mts),160,Grande,-68.8382610374,-32.8674883597,4,Cuarta Oeste,1173332.70145,1
44375,Fresno europeo,19/10/2011 09:37,Alto (> 8 mts),110,Grande,-68.8368031987,-32.8853876107,3,Parque O'Higgins,1531146.02653,0
18694,Morera,04/07/2011 11:25,Alto (> 8 mts),93,Grande,-68.8355210175,-32.8736586873,4,Cuarta Oeste,1173332.70145,1
838,Aguaribay,14/12/2011 11:35,Bajo (2 - 4 mts),30,Mediano,-68.881038295,-32.8672944535,8,Aeroparque,2203364.73622,0
36600,Platano,15/06/2011 15:18,Medio (4 - 8 mts),130,Grande,-68.8569651634,-32.8821175033,7,Residencial Parque,1786336.08966,0
31006,Fresno europeo,10/02/2011 12:24,Alto (> 8 mts),124,Grande,-68.8551281641,-32.8642576069,6,Residencial Norte,2694682.37982,0
43907,Platano,11/10/2011 09:14,Alto (> 8 mts),280,Grande,-68.8326507063,-32.8848218397,3,Parque O'Higgins,1531146.02653,0
16461,Morera,16/08/2011 09:37,Medio (4 - 8 mts),94,Grande,-68.8415371708,-32.8633276231,4,Cuarta Oeste,1173332.70145,0
8482,Morera,14/02/2011 15:38,Alto (> 8 mts),130,Grande,-68.8352279796,-32.8980930278,2,Barrio Civico,2366816.36021,1
21572,Fresno europeo,07/06/2011 13:13,Medio (4 - 8 mts),80,Grande,-68.8553146186,-32.8957537414,5,Residencial Sur,2423808.92355,0
3562,Morera,05/09/2011 13:53,Alto (> 8 mts),122,Grande,-68.832829906,-32.8689900642,4,Cuarta Oeste,1173332.70145,1
30160,Platano,31/03/2011 15:04,Alto (> 8 mts),92,Grande,-68.8400415031,-32.887577594,3,Parque O'Higgins,1531146.02653,0
20930,Morera,24/05/2011 12:37,Medio (4 - 8 mts),60,Mediano,-68.860762474,-32.8951516887,5,Residencial Sur,2423808.92355,0
40108,Paraiso,14/04/2011 13:02,Muy bajo (1 - 2 mts),4,Chico,-68.8445922789,-32.8795074106,1,Parque Central,1655357.93265,0
33263,Morera,29/06/2011 12:02,Medio (4 - 8 mts),80,Grande,-68.8562558428,-32.8906986363,5,Residencial Sur,2423808.92355,0
39226,Paraiso,25/11/2010 13:54,Medio (4 - 8 mts),70,Grande,-68.8545143898,-32.873005408,6,Residencial Norte,2694682.37982,0
34459,Fresno europeo,11/03/2011 10:16,Medio (4 - 8 mts),120,Grande,-68.8501761558,-32.8744810491,6,Residencial Norte,2694682.37982,0
30758,Morera,02/02/2011 09:22,Alto (> 8 mts),125,Grande,-68.8553185589,-32.8690331674,6,Residencial Norte,2694682.37982,0
866,Aguaribay,15/12/2011 08:08,Medio (4 - 8 mts),81,Grande,-68.8803986173,-32.8661779179,8,Aeroparque,2203364.73622,0
5598,Fresno europeo,19/04/2011 09:47,Muy bajo (1 - 2 mts),3,Chico,-68.8369588246,-32.8800365719,1,Parque Central,1655357.93265,0
9658,Caducifolio,25/01/2011 09:56,Bajo (2 - 4 mts),40,Mediano,-68.8491676547,-32.8633167516,6,Residencial Norte,2694682.37982,1
806,Aguaribay,13/12/2011 12:56,Medio (4 - 8 mts),55,Mediano,-68.8801049837,-32.8656480665,8,Aeroparque,2203364.73622,0
4743,Morera,10/08/2011 10:53,Medio (4 - 8 mts),83,Grande,-68.8333640794,-32.8657465375,4,Cuarta Oeste,1173332.70145,1
42798,Fresno europeo,04/10/2011 13:34,Medio (4 - 8 mts),60,Mediano,-68.8320495251,-32.8776588447,4,Cuarta Este Área Fundacional,1822015.85685,0
926,Fresno europeo,15/01/2012 19:35,Muy bajo (1 - 2 mts),2,Chico,-68.8533221847,-32.8717768911,6,Residencial Norte,2694682.37982,0
34229,Fresno europeo,23/03/2011 10:19,Medio (4 - 8 mts),140,Grande,-68.8522371081,-32.8748344399,6,Residencial Norte,2694682.37982,0
31000,Fresno europeo,10/02/2011 12:41,Alto (> 8 mts),110,Grande,-68.855095365,-32.8645701524,6,Residencial Norte,2694682.37982,0
24854,Morera,16/02/2011 12:51,Alto (> 8 mts),126,Grande,-68.8384006498,-32.8954788837,2,Barrio Civico,2366816.36021,0
13843,Morera,26/01/2011 08:39,Medio (4 - 8 mts),104,Grande,-68.8487524242,-32.8633614523,6,Residencial Norte,2694682.37982,0
22733,Paraiso,12/05/2011 11:03,Alto (> 8 mts),162,Grande,-68.8539506106,-32.9008329527,5,Residencial Sur,2423808.92355,0
21350,Fresno americano,09/05/2011 09:15,Alto (> 8 mts),118,Grande,-68.8532501942,-32.8933806529,5,Residencial Sur,2423808.92355,0
29514,Morera,18/02/2011 11:55,Alto (> 8 mts),172,Grande,-68.8445798103,-32.8930107633,2,Barrio Civico,2366816.36021,0
2214,Platano,28/10/2011 11:57,Medio (4 - 8 mts),70,Grande,-68.8389703122,-32.8919511975,3,Parque O'Higgins,1531146.02653,0
31299,Morera,25/02/2011 12:49,Medio (4 - 8 mts),80,Grande,-68.8484635413,-32.865057868,6,Residencial Norte,2694682.37982,0
6408,Morera,16/05/2011 13:45,Alto (> 8 mts),138,Grande,-68.854076412,-32.8878307962,5,Residencial Sur,2423808.92355,0
13170,Morera,18/02/2011 10:05,Medio (4 - 8 mts),130,Grande,-68.8464919099,-32.8659777613,4,Cuarta Oeste,1173332.70145,0
6380,Fresno americano,03/06/2011 12:29,Alto (> 8 mts),134,Grande,-68.8589342387,-32.8877061378,5,Residencial Sur,2423808.92355,0
28945,Fresno americano,25/04/2011 12:56,Medio (4 - 8 mts),140,Grande,-68.8460419723,-32.8859745081,1,Parque Central,1655357.93265,0
28994,Platano,25/04/2011 08:54,Alto (> 8 mts),220,Grande,-68.8458148033,-32.8871283039,1,Parque Central,1655357.93265,0
43648,Olmo comun,14/10/2011 17:18,Medio (4 - 8 mts),78,Grande,-68.8339732193,-32.8811924755,3,Parque O'Higgins,1531146.02653,0
43473,Prunas,03/10/2011 09:34,Bajo (2 - 4 mts),50,Mediano,-68.8316095353,-32.8789902962,4,Cuarta Este Área Fundacional,1822015.85685,0
6526,Platano,08/06/2011 12:12,Alto (> 8 mts),210,Grande,-68.8545434918,-32.8922986393,5,Residencial Sur,2423808.92355,0
20597,Acacia SP,30/05/2011 10:28,Alto (> 8 mts),160,Grande,-68.862112255,-32.8969908125,5,Residencial Sur,2423808.92355,1
23239,Morera,31/01/2012 17:33,Medio (4 - 8 mts),124,Grande,-68.8521935241,-32.9017733867,2,Barrio Civico,2366816.36021,0
23903,Morera,28/02/2012 12:14,Alto (> 8 mts),140,Grande,-68.8521400103,-32.8995244577,2,Barrio Civico,2366816.36021,1
43709,Platano,11/10/2011 09:20,Alto (> 8 mts),168,Grande,-68.8319791905,-32.883665026,3,Parque O'Higgins,1531146.02653,0
16027,Morera,15/08/2011 14:50,Alto (> 8 mts),140,Grande,-68.8458866188,-32.8734204051,6,Residencial Norte,2694682.37982,0
32944,Morera,23/05/2011 10:28,Alto (> 8 mts),157,Grande,-68.8506588993,-32.8884501115,5,Residencial Sur,2423808.92355,1
15259,Alamo blanco,18/11/2011 16:47,Medio (4 - 8 mts),60,Mediano,-68.8590022013,-32.869894832,6,Residencial Norte,2694682.37982,0
47741,Morera,16/09/2011 13:56,Alto (> 8 mts),180,Grande,-68.827357569,-32.8731477879,4,Cuarta Este Área Fundacional,1822015.85685,0
31177,Fresno europeo,07/02/2011 10:28,Medio (4 - 8 mts),80,Grande,-68.854736676,-32.8639842304,6,Residencial Norte,2694682.37982,0
38555,Morera,21/12/2010 12:45,Alto (> 8 mts),180,Grande,-68.8526003014,-32.8712862512,6,Residencial Norte,2694682.37982,0
9144,Paraiso sombrilla,23/02/2011 12:29,Bajo (2 - 4 mts),46,Mediano,-68.8526496124,-32.8658204051,6,Residencial Norte,2694682.37982,0
5234,Platano,05/05/2011 12:35,Bajo (2 - 4 mts),22,Mediano,-68.8417189797,-32.8743751037,1,Parque Central,1655357.93265,0
18666,Morera,05/07/2011 10:18,Alto (> 8 mts),150,Grande,-68.836515425,-32.8747476138,4,Cuarta Oeste,1173332.70145,1
10280,Morera,07/12/2010 13:02,Alto (> 8 mts),190,Grande,-68.8481028176,-32.8715358376,6,Residencial Norte,2694682.37982,0
30141,Morera,16/03/2011 08:12,Alto (> 8 mts),165,Grande,-68.8402842496,-32.8915752281,2,Barrio Civico,2366816.36021,0
25741,Morera,03/02/2011 10:55,Alto (> 8 mts),123,Grande,-68.8407970281,-32.9027557857,2,Barrio Civico,2366816.36021,0
38708,Acer,14/12/2010 13:08,Medio (4 - 8 mts),35,Mediano,-68.8503801011,-32.8705602761,6,Residencial Norte,2694682.37982,0
19741,Morera,12/08/2011 10:09,Alto (> 8 mts),150,Grande,-68.8348725441,-32.8682876133,4,Cuarta Oeste,1173332.70145,0
3171,Fresno europeo,19/09/2011 10:17,Alto (> 8 mts),139,Grande,-68.8331293262,-32.875177233,4,Cuarta Este Área Fundacional,1822015.85685,0
2588,Fresno europeo,26/10/2011 09:09,Muy bajo (1 - 2 mts),3,Chico,-68.8362287195,-32.8886824297,3,Parque O'Higgins,1531146.02653,1
41286,Platano,11/04/2011 11:55,Alto (> 8 mts),197,Grande,-68.8397087192,-32.8812487165,1,Parque Central,1655357.93265,0
12108,Morera,20/01/2011 13:33,Bajo (2 - 4 mts),34,Mediano,-68.8480087184,-32.8686048799,6,Residencial Norte,2694682.37982,0
46432,Morera,16/08/2011 13:07,Alto (> 8 mts),120,Grande,-68.8319784576,-32.8667766089,4,Cuarta Oeste,1173332.70145,0
18346,Platano,29/07/2011 14:20,Alto (> 8 mts),205,Grande,-68.8373209854,-32.8686651949,4,Cuarta Oeste,1173332.70145,1
37539,Paraiso,16/11/2010 13:53,Alto (> 8 mts),170,Grande,-68.8576475468,-32.8699781473,6,Residencial Norte,2694682.37982,0
46726,Morera,08/09/2011 10:29,Muy bajo (1 - 2 mts),2,Chico,-68.8327874259,-32.8703390837,4,Cuarta Este Área Fundacional,1822015.85685,0
40598,Olmo bola,15/04/2011 10:44,Alto (> 8 mts),130,Grande,-68.845746781,-32.8844450546,1,Parque Central,1655357.93265,0
43362,Platano,25/10/2011 17:54,Alto (> 8 mts),180,Grande,-68.8334819627,-32.879989573,1,Parque Central,1655357.93265,1
24883,Morera,17/02/2011 09:18,Alto (> 8 mts),144,Grande,-68.8391399562,-32.8979174102,2,Barrio Civico,2366816.36021,0
32815,Morera,14/07/2011 09:00,Alto (> 8 mts),104,Grande,-68.8531082284,-32.8855638105,5,Residencial Sur,2423808.92355,0
15243,Paraiso,16/11/2011 12:20,Muy bajo (1 - 2 mts),10,Chico,-68.860335632,-32.8695485198,6,Residencial Norte,2694682.37982,0
46343,Morera,19/09/2011 14:19,Alto (> 8 mts),165,Grande,-68.8260551623,-32.8736303734,4,Cuarta Este Área Fundacional,1822015.85685,0
2261,Morera,27/10/2011 10:20,Medio (4 - 8 mts),100,Grande,-68.8377692321,-32.8929128784,3,Parque O'Higgins,1531146.02653,0
24008,Morera,13/01/2011 10:13,Alto (> 8 mts),125,Grande,-68.8455998353,-32.9005290606,2,Barrio Civico,2366816.36021,0
17417,Morera,04/08/2011 12:27,Alto (> 8 mts),180,Grande,-68.8360066132,-32.8675923657,4,Cuarta Oeste,1173332.70145,1
2165,Morera,07/11/2011 08:55,Medio (4 - 8 mts),77,Grande,-68.8400603244,-32.8942882087,2,Barrio Civico,2366816.36021,0
11483,Ailanthus,06/01/2011 10:17,Alto (> 8 mts),106,Grande,-68.843258027,-32.8625465737,4,Cuarta Oeste,1173332.70145,0
43968,Platano,14/10/2011 11:18,Alto (> 8 mts),200,Grande,-68.8337300766,-32.8848632802,3,Parque O'Higgins,1531146.02653,0
33817,Acacia visco,12/05/2011 12:24,Medio (4 - 8 mts),130,Grande,-68.8551805342,-32.8860005724,5,Residencial Sur,2423808.92355,0
40530,Platano,12/04/2011 09:55,Bajo (2 - 4 mts),14,Chico,-68.8431424763,-32.8832183091,1,Parque Central,1655357.93265,0
25943,Morera,16/02/2011 17:18,Alto (> 8 mts),98,Grande,-68.8375856885,-32.9029196565,2,Barrio Civico,2366816.36021,1
31061,Fresno europeo,16/02/2011 12:26,Alto (> 8 mts),65,Grande,-68.8550998909,-32.8652711861,6,Residencial Norte,2694682.37982,0
47754,Morera,16/09/2011 09:26,Alto (> 8 mts),183,Grande,-68.8261027139,-32.8728083655,4,Cuarta Este Área Fundacional,1822015.85685,0
43663,Morera,13/10/2011 17:53,Medio (4 - 8 mts),140,Grande,-68.8351456423,-32.8811636168,1,Parque Central,1655357.93265,0
11488,Fresno europeo,18/02/2011 14:02,Muy bajo (1 - 2 mts),8,Chico,-68.8538982839,-32.8654063918,6,Residencial Norte,2694682.37982,0
27625,Morera,07/11/2011 10:18,Alto (> 8 mts),162,Grande,-68.8387503389,-32.8951951222,2,Barrio Civico,2366816.36021,1
27867,Paraiso,07/11/2011 08:47,Medio (4 - 8 mts),85,Grande,-68.8352424493,-32.8929753252,3,Parque O'Higgins,1531146.02653,0
39570,Paraiso,28/10/2010 11:31,Alto (> 8 mts),140,Grande,-68.8501045732,-32.8693081725,6,Residencial Norte,2694682.37982,0
33881,Morera,14/07/2011 10:03,Alto (> 8 mts),220,Grande,-68.8532084562,-32.8851761616,5,Residencial Sur,2423808.92355,0
46196,Morera,28/09/2011 11:24,Medio (4 - 8 mts),130,Grande,-68.8256292204,-32.8750723141,4,Cuarta Este Área Fundacional,1822015.85685,0
26971,Fresno americano,03/11/2011 17:45,Medio (4 - 8 mts),170,Grande,-68.8345822611,-32.8860614479,3,Parque O'Higgins,1531146.02653,0
30882,Paraiso,17/02/2011 09:32,Medio (4 - 8 mts),42,Mediano,-68.854018077,-32.8657139484,6,Residencial Norte,2694682.37982,0
21484,Platano,11/05/2011 11:40,Alto (> 8 mts),180,Grande,-68.8587784975,-32.8926821995,5,Residencial Sur,2423808.92355,0
20533,Caducifolio,03/06/2011 09:20,Muy bajo (1 - 2 mts),15,Chico,-68.8593829308,-32.8975543234,5,Residencial Sur,2423808.92355,0
15492,Morera,22/11/2011 12:13,Muy bajo (1 - 2 mts),6,Chico,-68.8603084627,-32.871833985,7,Residencial Parque,1786336.08966,0
17363,Morera,04/08/2011 07:51,Alto (> 8 mts),111,Grande,-68.8351396038,-32.8648376432,4,Cuarta Oeste,1173332.70145,0
43041,Morera,03/10/2011 10:34,Medio (4 - 8 mts),76,Grande,-68.8312710001,-32.8777966684,4,Cuarta Este Área Fundacional,1822015.85685,0
31868,Morera,29/06/2011 10:39,Alto (> 8 mts),87,Grande,-68.8602126058,-32.8892833179,5,Residencial Sur,2423808.92355,0
7288,Morera,11/05/2011 09:59,Alto (> 8 mts),46,Mediano,-68.8533262632,-32.9017546219,2,Barrio Civico,2366816.36021,0
25206,Morera,11/02/2011 14:43,Alto (> 8 mts),110,Grande,-68.8371386838,-32.8983631968,2,Barrio Civico,2366816.36021,0
28785,Morera,19/04/2011 12:37,Alto (> 8 mts),150,Grande,-68.8477646994,-32.8865908496,1,Parque Central,1655357.93265,0
25431,Morera,11/02/2011 10:12,Alto (> 8 mts),206,Grande,-68.8363184753,-32.8997520811,2,Barrio Civico,2366816.36021,1
30949,Fresno europeo,11/02/2011 09:20,Medio (4 - 8 mts),80,Grande,-68.8556427325,-32.8640490083,6,Residencial Norte,2694682.37982,0
46787,Fresno europeo,07/09/2011 11:12,Medio (4 - 8 mts),123,Grande,-68.8320856207,-32.8725602783,4,Cuarta Este Área Fundacional,1822015.85685,0
21425,Morera,10/05/2011 11:04,Alto (> 8 mts),195,Grande,-68.8567747636,-32.8927332593,5,Residencial Sur,2423808.92355,1
28571,Morera,22/02/2011 10:29,Alto (> 8 mts),160,Grande,-68.848944201,-32.891030093,5,Residencial Sur,2423808.92355,0
10813,Jacaranda,07/04/2011 17:16,Alto (> 8 mts),38,Mediano,-68.8575424985,-32.8769527699,7,Residencial Parque,1786336.08966,0
27349,Fresno europeo,25/10/2011 09:48,Alto (> 8 mts),186,Grande,-68.8344686852,-32.8908572031,3,Parque O'Higgins,1531146.02653,0
26039,Morera,09/11/2011 16:27,Medio (4 - 8 mts),60,Mediano,-68.8313795267,-32.8866559744,3,Parque O'Higgins,1531146.02653,1
44927,Morera,23/08/2011 10:31,Medio (4 - 8 mts),165,Grande,-68.8254184703,-32.8686453734,4,Cuarta Este Área Fundacional,1822015.85685,0
3233,Paraiso,22/09/2011 08:14,Medio (4 - 8 mts),111,Grande,-68.8218873821,-32.8717018334,4,Cuarta Este Área Fundacional,1822015.85685,1
46140,Jacaranda,27/09/2011 11:13,Muy bajo (1 - 2 mts),40,Mediano,-68.8236448779,-32.874049817,4,Cuarta Este Área Fundacional,1822015.85685,0
29490,Platano,18/02/2011 10:48,Alto (> 8 mts),154,Grande,-68.8439860928,-32.8921452914,2,Barrio Civico,2366816.36021,0
35946,Morera,23/03/2011 09:55,Alto (> 8 mts),145,Grande,-68.8539966241,-32.8754574124,6,Residencial Norte,2694682.37982,0
36414,Morera,21/03/2011 09:33,Alto (> 8 mts),154,Grande,-68.8530700511,-32.8789085513,6,Residencial Norte,2694682.37982,0
47194,Morera,20/09/2011 10:41,Medio (4 - 8 mts),158,Grande,-68.8348657244,-32.8750793439,4,Cuarta Este Área Fundacional,1822015.85685,1
42810,Morera,07/10/2011 18:16,Bajo (2 - 4 mts),5,Chico,-68.8309187752,-32.8776385769,4,Cuarta Este Área Fundacional,1822015.85685,0
6678,Morera,10/05/2011 11:10,Alto (> 8 mts),112,Grande,-68.8521982749,-32.8959431551,5,Residencial Sur,2423808.92355,0
45938,Olmo comun,29/08/2011 11:44,Alto (> 8 mts),165,Grande,-68.8183619782,-32.8698393209,4,Cuarta Este Área Fundacional,1822015.85685,0
48028,Morera,05/09/2011 10:03,Medio (4 - 8 mts),149,Grande,-68.8266402428,-32.8678717912,4,Cuarta Este Área Fundacional,1822015.85685,0
43686,Acacia SP,13/10/2011 16:38,Medio (4 - 8 mts),110,Grande,-68.8342756623,-32.8823774076,3,Parque O'Higgins,1531146.02653,0
40282,Fresno europeo,11/04/2011 09:26,Medio (4 - 8 mts),130,Grande,-68.8450613579,-32.8813033416,1,Parque Central,1655357.93265,1
6368,Acer,24/06/2011 12:15,Medio (4 - 8 mts),66,Grande,-68.8515734209,-32.8907179991,5,Residencial Sur,2423808.92355,0
28969,Caducifolio,26/04/2011 09:59,Muy bajo (1 - 2 mts),15,Chico,-68.8450246108,-32.8851638025,1,Parque Central,1655357.93265,0
13781,Morera,27/01/2011 10:28,Medio (4 - 8 mts),80,Grande,-68.8496423286,-32.864021237,6,Residencial Norte,2694682.37982,0
34155,Fresno europeo,10/03/2011 13:33,Medio (4 - 8 mts),50,Mediano,-68.8565702748,-32.8727559985,6,Residencial Norte,2694682.37982,0
37956,Paraiso,26/08/2010 09:14,Muy bajo (1 - 2 mts),4,Chico,-68.8475006368,-32.8737817542,6,Residencial Norte,2694682.37982,0
14114,Caducifolio,02/12/2011 07:33,Bajo (2 - 4 mts),45,Mediano,-68.876362326,-32.8672139698,8,Aeroparque,2203364.73622,1
46822,Morera,16/09/2011 08:30,Alto (> 8 mts),110,Grande,-68.833462218,-32.8723144945,4,Cuarta Este Área Fundacional,1822015.85685,0
32509,Morera,27/05/2011 10:00,Alto (> 8 mts),170,Grande,-68.8533455107,-32.8881738312,5,Residencial Sur,2423808.92355,0
15881,Paraiso sombrilla,28/11/2011 20:42,Bajo (2 - 4 mts),70,Grande,-68.8722214049,-32.8766209595,7,Residencial Parque,1786336.08966,0
16428,Paraiso,12/08/2011 10:17,Medio (4 - 8 mts),85,Grande,-68.8420333752,-32.8644526646,4,Cuarta Oeste,1173332.70145,0
45703,Morera,26/08/2011 10:31,Alto (> 8 mts),190,Grande,-68.8217774375,-32.8698268037,4,Cuarta Este Área Fundacional,1822015.85685,0
680,Morera,31/01/2012 17:18,Bajo (2 - 4 mts),60,Mediano,-68.8525667727,-32.9017699591,2,Barrio Civico,2366816.36021,0
36867,Platano,07/04/2011 16:27,Alto (> 8 mts),98,Grande,-68.8584227261,-32.8801840977,7,Residencial Parque,1786336.08966,0
215,Platano,06/03/2012 10:03,Alto (> 8 mts),200,Grande,-68.8389727497,-32.8699815525,4,Cuarta Oeste,1173332.70145,0
6164,Morera,18/04/2011 15:30,Medio (4 - 8 mts),58,Mediano,-68.8406798569,-32.8849997049,1,Parque Central,1655357.93265,0
12526,Paraiso,10/01/2011 09:43,Medio (4 - 8 mts),130,Grande,-68.8439784542,-32.862963714,4,Cuarta Oeste,1173332.70145,0
5024,Perenne,22/07/2011 09:13,Bajo (2 - 4 mts),18,Chico,-68.840265703,-32.8635410596,4,Cuarta Oeste,1173332.70145,0
39536,Morera,28/10/2010 10:43,Muy bajo (1 - 2 mts),5,Chico,-68.8492331474,-32.869505269,6,Residencial Norte,2694682.37982,0
3212,Prunas,28/09/2011 11:46,Bajo (2 - 4 mts),50,Mediano,-68.8323193484,-32.8753218311,4,Cuarta Este Área Fundacional,1822015.85685,0
35960,Paraiso,23/03/2011 10:30,Alto (> 8 mts),45,Mediano,-68.8548819968,-32.8754109234,6,Residencial Norte,2694682.37982,0
2114,Fresno europeo,18/10/2011 11:24,Muy bajo (1 - 2 mts),5,Chico,-68.8306139979,-32.8878057744,3,Parque O'Higgins,1531146.02653,0
38400,Paraiso,04/11/2010 12:05,Alto (> 8 mts),95,Grande,-68.8522380236,-32.8694750319,6,Residencial Norte,2694682.37982,0
15159,Paraiso,21/11/2011 12:38,Bajo (2 - 4 mts),22,Mediano,-68.8594057108,-32.8687989921,6,Residencial Norte,2694682.37982,0
40882,Fresno americano,25/04/2011 17:37,Medio (4 - 8 mts),78,Grande,-68.8391910466,-32.8848757411,3,Parque O'Higgins,1531146.02653,0
17466,Fresno europeo,16/01/2012 10:08,Alto (> 8 mts),112,Grande,-68.8362580276,-32.8685774357,4,Cuarta Oeste,1173332.70145,1
12908,Perenne,14/01/2011 10:29,Bajo (2 - 4 mts),28,Mediano,-68.844759488,-32.8638710192,4,Cuarta Oeste,1173332.70145,0
18426,Paraiso,11/07/2011 10:59,Alto (> 8 mts),190,Grande,-68.8389159605,-32.8733025179,4,Cuarta Oeste,1173332.70145,0
45088,Ailanthus,01/09/2011 10:18,Bajo (2 - 4 mts),30,Mediano,-68.8251959244,-32.8711260126,4,Cuarta Este Área Fundacional,1822015.85685,0
12064,Morera,04/02/2010 13:35,Medio (4 - 8 mts),161,Grande,-68.8535298342,-32.8672733346,6,Residencial Norte,2694682.37982,0
33593,Morera,17/05/2011 11:46,Alto (> 8 mts),170,Grande,-68.8551766318,-32.8866258013,5,Residencial Sur,2423808.92355,0
17535,Fresno europeo,28/07/2011 09:17,Medio (4 - 8 mts),55,Mediano,-68.838695219,-32.8667926542,4,Cuarta Oeste,1173332.70145,0
19967,Morera,05/08/2011 09:16,Alto (> 8 mts),165,Grande,-68.8333582272,-32.8646241233,4,Cuarta Oeste,1173332.70145,1
23371,Caducifolio,27/01/2011 15:40,Alto (> 8 mts),145,Grande,-68.8494432581,-32.9031617228,2,Barrio Civico,2366816.36021,0
36411,Prunas,21/03/2011 11:26,Medio (4 - 8 mts),99,Grande,-68.8528544147,-32.8789455396,6,Residencial Norte,2694682.37982,0
10357,Fresno europeo,27/08/2010 10:45,Muy bajo (1 - 2 mts),9,Chico,-68.8479059404,-32.8742140382,6,Residencial Norte,2694682.37982,0
39989,Alamo blanco,25/04/2011 09:32,Medio (4 - 8 mts),60,Mediano,-68.8449942077,-32.8770142713,1,Parque Central,1655357.93265,0
40592,Morera,15/04/2011 10:57,Alto (> 8 mts),180,Grande,-68.845625185,-32.8840033458,1,Parque Central,1655357.93265,1
39384,Palo borracho,12/11/2010 10:53,Medio (4 - 8 mts),95,Grande,-68.8563196934,-32.8702035858,6,Residencial Norte,2694682.37982,0
35684,Morera,18/03/2011 09:27,Medio (4 - 8 mts),140,Grande,-68.8547827956,-32.8741898246,6,Residencial Norte,2694682.37982,0
40594,Morera,15/04/2011 10:54,Alto (> 8 mts),180,Grande,-68.8456628658,-32.8841513601,1,Parque Central,1655357.93265,1
28159,Tipa,22/02/2011 09:24,Alto (> 8 mts),286,Grande,-68.8479394089,-32.8922341193,2,Barrio Civico,2366816.36021,0
4142,Braquiquito,27/09/2011 12:09,Bajo (2 - 4 mts),25,Mediano,-68.8261906592,-32.8749223991,4,Cuarta Este Área Fundacional,1822015.85685,0
28142,Morera,14/03/2011 16:24,Medio (4 - 8 mts),28,Mediano,-68.8476639332,-32.8917681506,2,Barrio Civico,2366816.36021,0
47684,Fresno europeo,15/09/2011 09:30,Medio (4 - 8 mts),30,Mediano,-68.8292863971,-32.8724111157,4,Cuarta Este Área Fundacional,1822015.85685,0
21532,Fresno europeo,08/06/2011 11:19,Alto (> 8 mts),110,Grande,-68.8535221926,-32.8952011254,5,Residencial Sur,2423808.92355,0
45755,Paraiso,24/08/2011 10:56,Medio (4 - 8 mts),40,Mediano,-68.8208959866,-32.8701778051,4,Cuarta Este Área Fundacional,1822015.85685,0
23761,Acer,25/01/2011 08:04,Alto (> 8 mts),98,Grande,-68.8493563716,-32.8997176981,2,Barrio Civico,2366816.36021,0
24371,Fresno europeo,26/01/2011 09:17,Alto (> 8 mts),170,Grande,-68.845071449,-32.9020932899,2,Barrio Civico,2366816.36021,0
31477,Paraiso sombrilla,19/05/2011 11:36,Alto (> 8 mts),170,Grande,-68.8587531516,-32.8915124633,5,Residencial Sur,2423808.92355,1
46047,Fresno europeo,19/09/2011 13:30,Medio (4 - 8 mts),175,Grande,-68.8212846711,-32.8728478317,4,Cuarta Este Área Fundacional,1822015.85685,0
40165,Morera,14/04/2011 09:58,Medio (4 - 8 mts),140,Grande,-68.8446366176,-32.8802404402,1,Parque Central,1655357.93265,0
36427,Fresno europeo,18/03/2011 12:52,Alto (> 8 mts),94,Grande,-68.8533961308,-32.8797861913,6,Residencial Norte,2694682.37982,0
48153,Morera,17/08/2011 10:27,Alto (> 8 mts),175,Grande,-68.8302953629,-32.8684418091,4,Cuarta Este Área Fundacional,1822015.85685,0
7614,Fresno europeo,07/06/2011 09:35,Bajo (2 - 4 mts),22,Mediano,-68.8595432578,-32.8834711275,7,Residencial Parque,1786336.08966,0
41979,Fresno europeo,20/04/2011 14:15,Alto (> 8 mts),195,Grande,-68.8377807651,-32.879870575,1,Parque Central,1655357.93265,0
39598,Morera,25/10/2010 10:14,Medio (4 - 8 mts),95,Grande,-68.8477194648,-32.8687130958,6,Residencial Norte,2694682.37982,0
40016,Fresno americano,19/04/2011 10:22,Bajo (2 - 4 mts),44,Mediano,-68.8443656488,-32.8791832289,1,Parque Central,1655357.93265,0
10289,Fresno americano,02/12/2010 13:00,Bajo (2 - 4 mts),45,Mediano,-68.8470030336,-32.8722972657,6,Residencial Norte,2694682.37982,0
47436,Morera,26/09/2011 09:13,Alto (> 8 mts),195,Grande,-68.8265708876,-32.8743720111,4,Cuarta Este Área Fundacional,1822015.85685,0
35068,Fresno europeo,22/03/2011 10:06,Alto (> 8 mts),120,Grande,-68.8549780021,-32.879708708,6,Residencial Norte,2694682.37982,0
4790,Fresno europeo,03/08/2011 09:34,Medio (4 - 8 mts),30,Mediano,-68.8385372492,-32.8671502492,4,Cuarta Oeste,1173332.70145,0
11133,Morera,28/01/2011 13:40,Alto (> 8 mts),180,Grande,-68.843738532,-32.902310988,2,Barrio Civico,2366816.36021,0
34137,Paraiso,11/03/2011 10:08,Medio (4 - 8 mts),120,Grande,-68.8564153033,-32.8737295008,6,Residencial Norte,2694682.37982,0
35470,Fresno americano,23/03/2011 13:10,Alto (> 8 mts),120,Grande,-68.8544237251,-32.8821248756,6,Residencial Norte,2694682.37982,0
839,Aguaribay,14/12/2011 11:34,Medio (4 - 8 mts),140,Grande,-68.8809604112,-32.867309472,8,Aeroparque,2203364.73622,0
425,Tilo,06/03/2012 12:13,Medio (4 - 8 mts),90,Grande,-68.8174822062,-32.8675111033,4,Cuarta Este Área Fundacional,1822015.85685,0
26467,Fresno europeo,09/11/2011 09:55,Muy bajo (1 - 2 mts),2,Chico,-68.832358846,-32.8913464157,3,Parque O'Higgins,1531146.02653,0
440,Morera,06/03/2012 11:06,Medio (4 - 8 mts),130,Grande,-68.8179191002,-32.8679704535,4,Cuarta Este Área Fundacional,1822015.85685,0
41362,Fresno americano,19/04/2011 09:06,Medio (4 - 8 mts),71,Grande,-68.8408942452,-32.8819689695,1,Parque Central,1655357.93265,1
7595,Morera,01/06/2011 13:05,Bajo (2 - 4 mts),50,Mediano,-68.8578287882,-32.8849220787,5,Residencial Sur,2423808.92355,0
13241,Morera,21/02/2011 12:05,Medio (4 - 8 mts),100,Grande,-68.8475568092,-32.8660121755,6,Residencial Norte,2694682.37982,0
47813,Morera,23/09/2011 15:26,Alto (> 8 mts),115,Grande,-68.8262367344,-32.8742182594,4,Cuarta Este Área Fundacional,1822015.85685,1
2187,Morera,04/11/2011 17:01,Bajo (2 - 4 mts),60,Mediano,-68.832707831,-32.8863340473,3,Parque O'Higgins,1531146.02653,0
26762,Olmo bola,11/01/2012 09:25,Alto (> 8 mts),120,Grande,-68.8334319691,-32.895749549,3,Parque O'Higgins,1531146.02653,0
9313,Fresno europeo,16/02/2011 12:51,Bajo (2 - 4 mts),50,Mediano,-68.8461524044,-32.8660997439,4,Cuarta Oeste,1173332.70145,0
10468,Fresno europeo,04/03/2011 10:01,Muy bajo (1 - 2 mts),3,Chico,-68.855475606,-32.8738014639,6,Residencial Norte,2694682.37982,0
2525,Fresno europeo,19/10/2011 12:46,Medio (4 - 8 mts),90,Grande,-68.834637406,-32.8876236775,3,Parque O'Higgins,1531146.02653,0
39121,Fresno europeo,15/01/2012 19:57,Muy bajo (1 - 2 mts),3,Chico,-68.8530088531,-32.8718310848,6,Residencial Norte,2694682.37982,0
5394,Paraiso sombrilla,19/04/2011 12:48,Medio (4 - 8 mts),60,Mediano,-68.8455994498,-32.8788945445,1,Parque Central,1655357.93265,0
22814,Fresno americano,14/06/2011 12:20,Medio (4 - 8 mts),46,Mediano,-68.8588296426,-32.9022456457,5,Residencial Sur,2423808.92355,0
33465,Platano,15/06/2011 10:17,Alto (> 8 mts),152,Grande,-68.8573312183,-32.8895205965,5,Residencial Sur,2423808.92355,0
6006,Morera,02/05/2011 11:47,Alto (> 8 mts),160,Grande,-68.8453360978,-32.8773426557,1,Parque Central,1655357.93265,1
43433,Morera,26/10/2011 15:35,Bajo (2 - 4 mts),70,Grande,-68.8323388581,-32.8809623249,3,Parque O'Higgins,1531146.02653,0
41371,Platano,19/04/2011 09:34,Alto (> 8 mts),164,Grande,-68.8417890181,-32.8832868002,1,Parque Central,1655357.93265,0
9873,Tilo,09/02/2011 13:38,Medio (4 - 8 mts),35,Mediano,-68.858193118,-32.8662625124,6,Residencial Norte,2694682.37982,0
47468,Fresno europeo,20/09/2011 10:26,Bajo (2 - 4 mts),18,Chico,-68.8303826917,-32.8753259998,4,Cuarta Este Área Fundacional,1822015.85685,0
46920,Morera,08/09/2011 08:48,Alto (> 8 mts),117,Grande,-68.8320134111,-32.8708485859,4,Cuarta Este Área Fundacional,1822015.85685,1
22244,Fresno europeo,14/06/2011 10:55,Alto (> 8 mts),95,Grande,-68.8555568373,-32.8970686604,5,Residencial Sur,2423808.92355,0
38926,Morera,26/10/2010 11:51,Alto (> 8 mts),180,Grande,-68.8485290942,-32.8706723915,6,Residencial Norte,2694682.37982,1
15479,Paraiso,21/11/2011 13:09,Medio (4 - 8 mts),132,Grande,-68.8601240045,-32.8714951376,7,Residencial Parque,1786336.08966,0
11605,Paraiso,10/05/2010 11:00,Medio (4 - 8 mts),140,Grande,-68.8525212685,-32.8673914683,6,Residencial Norte,2694682.37982,0
32045,Platano,09/06/2011 13:26,Alto (> 8 mts),170,Grande,-68.8606318179,-32.8878113227,5,Residencial Sur,2423808.92355,0
8154,Perenne,02/03/2011 10:47,Medio (4 - 8 mts),76,Grande,-68.8451744595,-32.8916820989,2,Barrio Civico,2366816.36021,0
26171,Fresno europeo,20/10/2011 10:35,Medio (4 - 8 mts),173,Grande,-68.8326665256,-32.8883393264,3,Parque O'Higgins,1531146.02653,0
18949,Morera,04/08/2011 11:47,Alto (> 8 mts),180,Grande,-68.8366016066,-32.8694155591,4,Cuarta Oeste,1173332.70145,0
3855,Acacia SP,31/08/2011 11:37,Bajo (2 - 4 mts),23,Mediano,-68.8275228393,-32.870392618,4,Cuarta Este Área Fundacional,1822015.85685,0
29885,Morera,11/03/2011 12:24,Medio (4 - 8 mts),22,Mediano,-68.8414295583,-32.8914914073,2,Barrio Civico,2366816.36021,0
11936,Fresno europeo,12/05/2010 11:28,Muy bajo (1 - 2 mts),20,Chico,-68.8514661104,-32.8677106562,6,Residencial Norte,2694682.37982,0
37584,Acer,17/11/2010 10:20,Alto (> 8 mts),110,Grande,-68.8577977761,-32.8702305943,6,Residencial Norte,2694682.37982,0
47965,Morera,02/09/2011 10:07,Medio (4 - 8 mts),123,Grande,-68.825682457,-32.8686620622,4,Cuarta Este Área Fundacional,1822015.85685,0
25772,Perenne,02/02/2011 13:12,Alto (> 8 mts),300,Grande,-68.8409555827,-32.9040217541,2,Barrio Civico,2366816.36021,0
10057,Prunas,25/10/2010 13:49,Muy bajo (1 - 2 mts),25,Mediano,-68.8488998108,-32.8695045873,6,Residencial Norte,2694682.37982,0
11527,Olmo bola,23/02/2011 09:31,Alto (> 8 mts),50,Mediano,-68.8533244227,-32.8661594338,6,Residencial Norte,2694682.37982,0
37805,Fresno europeo,10/12/2010 13:00,Alto (> 8 mts),80,Grande,-68.8492301533,-32.8717795191,6,Residencial Norte,2694682.37982,0
26611,Acacia SP,03/11/2011 11:14,Alto (> 8 mts),200,Grande,-68.8328810985,-32.8901987523,3,Parque O'Higgins,1531146.02653,1
33168,Jacaranda,08/06/2011 13:00,Medio (4 - 8 mts),32,Mediano,-68.8537353222,-32.8914393198,5,Residencial Sur,2423808.92355,0
13219,Fresno europeo,21/02/2011 13:20,Alto (> 8 mts),160,Grande,-68.8475421212,-32.8650193894,6,Residencial Norte,2694682.37982,0
22322,Fresno europeo,09/06/2011 09:14,Medio (4 - 8 mts),95,Grande,-68.8569443277,-32.897943973,5,Residencial Sur,2423808.92355,0
39943,Morera,28/04/2011 10:18,Medio (4 - 8 mts),140,Grande,-68.8449010275,-32.8762316599,1,Parque Central,1655357.93265,0
19606,Morera,11/07/2011 09:35,Alto (> 8 mts),127,Grande,-68.8369667852,-32.8715177756,4,Cuarta Oeste,1173332.70145,0
12696,Morera,20/01/2011 10:01,Medio (4 - 8 mts),110,Grande,-68.8480489183,-32.863445618,4,Cuarta Oeste,1173332.70145,0
45935,Morera,29/08/2011 11:56,Alto (> 8 mts),180,Grande,-68.8185743378,-32.870046502,4,Cuarta Este Área Fundacional,1822015.85685,0
17166,Morera,06/07/2011 10:11,Medio (4 - 8 mts),180,Grande,-68.8351552494,-32.8634032382,4,Cuarta Oeste,1173332.70145,0
27950,Morera,03/11/2011 12:00,Alto (> 8 mts),138,Grande,-68.8375324142,-32.8939277523,2,Barrio Civico,2366816.36021,0
29306,Morera,22/02/2011 12:09,Alto (> 8 mts),200,Grande,-68.8440017595,-32.8882288247,2,Barrio Civico,2366816.36021,0
18822,Morera,09/08/2011 11:48,Alto (> 8 mts),180,Grande,-68.8353758901,-32.8690442574,4,Cuarta Oeste,1173332.70145,0
28748,Platano,11/03/2011 13:06,Alto (> 8 mts),200,Grande,-68.8488281699,-32.8867026447,5,Residencial Sur,2423808.92355,0
4100,Fresno europeo,06/10/2011 21:12,Muy bajo (1 - 2 mts),16,Chico,-68.834122235,-32.8787074185,1,Parque Central,1655357.93265,0
8382,Fresno europeo,04/02/2011 13:07,Medio (4 - 8 mts),46,Mediano,-68.838609918,-32.902502533,2,Barrio Civico,2366816.36021,0
16934,Morera,16/08/2011 13:30,Alto (> 8 mts),210,Grande,-68.8368061923,-32.8648810231,4,Cuarta Oeste,1173332.70145,1
2063,Fresno europeo,11/10/2011 16:32,Medio (4 - 8 mts),48,Mediano,-68.8284761785,-32.8814807156,3,Parque O'Higgins,1531146.02653,0
24613,Morera,07/02/2011 09:23,Medio (4 - 8 mts),50,Mediano,-68.8439296234,-32.9038100954,2,Barrio Civico,2366816.36021,0
43860,Platano,07/10/2011 09:05,Alto (> 8 mts),250,Grande,-68.8305684765,-32.8838264193,3,Parque O'Higgins,1531146.02653,1
26593,Platano,03/11/2011 11:43,Alto (> 8 mts),170,Grande,-68.831659131,-32.8911811876,3,Parque O'Higgins,1531146.02653,0
33082,Morera,18/05/2011 09:40,Alto (> 8 mts),187,Grande,-68.8523671796,-32.8871927465,5,Residencial Sur,2423808.92355,0
40304,Morera,11/04/2011 12:53,Medio (4 - 8 mts),110,Grande,-68.8455726766,-32.8802956559,1,Parque Central,1655357.93265,0
33136,Platano,27/06/2011 10:00,Alto (> 8 mts),185,Grande,-68.8539473484,-32.8912739287,5,Residencial Sur,2423808.92355,0
29028,Platano,20/04/2011 10:27,Alto (> 8 mts),185,Grande,-68.8450200726,-32.887274906,1,Parque Central,1655357.93265,0
2345,Morera,31/10/2011 09:02,Alto (> 8 mts),115,Grande,-68.8343373369,-32.8890368948,3,Parque O'Higgins,1531146.02653,0
4202,Paraiso,06/07/2011 12:14,Alto (> 8 mts),180,Grande,-68.8377348774,-32.8738737004,4,Cuarta Oeste,1173332.70145,0
14417,Conifera,02/12/2011 09:47,Bajo (2 - 4 mts),25,Mediano,-68.878913149,-32.8682471512,8,Aeroparque,2203364.73622,0
27222,Fresno europeo,26/10/2011 09:11,Alto (> 8 mts),120,Grande,-68.8369927454,-32.8902068222,3,Parque O'Higgins,1531146.02653,0
11901,Paraiso,03/03/2011 09:34,Medio (4 - 8 mts),130,Grande,-68.850751738,-32.8663452691,6,Residencial Norte,2694682.37982,0
17140,Olmo bola,15/08/2011 11:26,Medio (4 - 8 mts),60,Mediano,-68.8373958221,-32.8624996023,4,Cuarta Oeste,1173332.70145,0
4917,Fresno europeo,20/07/2011 09:48,Bajo (2 - 4 mts),30,Mediano,-68.8424684814,-32.8652359143,4,Cuarta Oeste,1173332.70145,0
40343,Morera,08/04/2011 11:42,Alto (> 8 mts),164,Grande,-68.8447880584,-32.8807815538,1,Parque Central,1655357.93265,0
10749,Fresno europeo,06/04/2011 09:44,Bajo (2 - 4 mts),23,Mediano,-68.8544001477,-32.876442416,6,Residencial Norte,2694682.37982,0
34531,Morera,30/03/2011 09:37,Alto (> 8 mts),160,Grande,-68.8498488332,-32.8760824254,6,Residencial Norte,2694682.37982,0
40091,Paraiso,15/04/2011 09:23,Medio (4 - 8 mts),80,Grande,-68.8457983624,-32.8801454869,1,Parque Central,1655357.93265,0
19075,Morera,27/07/2011 10:49,Alto (> 8 mts),105,Grande,-68.8427665008,-32.8727009378,4,Cuarta Oeste,1173332.70145,0
2633,Fresno americano,24/10/2011 08:39,Muy bajo (1 - 2 mts),10,Chico,-68.8350603181,-32.8800120138,1,Parque Central,1655357.93265,0
46125,Morera,05/10/2011 11:03,Medio (4 - 8 mts),136,Grande,-68.8243781669,-32.8745405963,4,Cuarta Este Área Fundacional,1822015.85685,0
24424,Fresno europeo,20/01/2011 13:13,Medio (4 - 8 mts),92,Grande,-68.8455956939,-32.9031004947,2,Barrio Civico,2366816.36021,0
6779,Morera,24/05/2011 09:53,Bajo (2 - 4 mts),33,Mediano,-68.8554022748,-32.8948834973,5,Residencial Sur,2423808.92355,0
47387,Morera,21/09/2011 11:31,Medio (4 - 8 mts),228,Grande,-68.8291370982,-32.8753910145,4,Cuarta Este Área Fundacional,1822015.85685,0
3862,Conifera,31/08/2011 11:04,Bajo (2 - 4 mts),25,Mediano,-68.8274736697,-32.8695411129,4,Cuarta Este Área Fundacional,1822015.85685,0
34017,Olmo bola,27/05/2011 13:16,Bajo (2 - 4 mts),50,Mediano,-68.8556037267,-32.8838290649,5,Residencial Sur,2423808.92355,0
23672,Fresno europeo,25/01/2011 10:24,Alto (> 8 mts),140,Grande,-68.8486059028,-32.9008312861,2,Barrio Civico,2366816.36021,0
32321,Morera,28/06/2011 13:38,Alto (> 8 mts),140,Grande,-68.8514613695,-32.8912282207,5,Residencial Sur,2423808.92355,1
19159,Olmo comun,20/07/2011 09:54,Alto (> 8 mts),104,Grande,-68.8400189102,-32.8729816373,4,Cuarta Oeste,1173332.70145,0
1080,Caducifolio,14/12/2011 09:34,Bajo (2 - 4 mts),36,Mediano,-68.8808770992,-32.8680367714,8,Aeroparque,2203364.73622,0
21449,Morera,12/05/2011 10:17,Alto (> 8 mts),210,Grande,-68.8569673423,-32.8928784284,5,Residencial Sur,2423808.92355,1
17887,Morera,01/08/2011 10:30,Alto (> 8 mts),165,Grande,-68.8365310375,-32.8676954846,4,Cuarta Oeste,1173332.70145,0
2366,Fresno europeo,02/11/2011 17:01,Muy bajo (1 - 2 mts),3,Chico,-68.8352861736,-32.8874985466,3,Parque O'Higgins,1531146.02653,0
20813,Morera,30/05/2011 11:15,Alto (> 8 mts),165,Grande,-68.8623184846,-32.8956621457,5,Residencial Sur,2423808.92355,1
22759,Morera,01/06/2011 10:21,Alto (> 8 mts),146,Grande,-68.8539847281,-32.9020057035,2,Barrio Civico,2366816.36021,0
5214,Palo borracho,09/08/2011 09:47,Bajo (2 - 4 mts),80,Grande,-68.8398707171,-32.8731484089,4,Cuarta Oeste,1173332.70145,0
42368,Morera,29/09/2011 10:27,Medio (4 - 8 mts),78,Grande,-68.8347369675,-32.8758838451,4,Cuarta Este Área Fundacional,1822015.85685,0
29767,Morera,15/03/2011 09:03,Alto (> 8 mts),132,Grande,-68.8413166913,-32.8936171848,2,Barrio Civico,2366816.36021,0
47674,Fresno americano,15/09/2011 10:15,Medio (4 - 8 mts),80,Grande,-68.8295579734,-32.8729857955,4,Cuarta Este Área Fundacional,1822015.85685,0
37234,Olmo bola,11/03/2011 13:45,Medio (4 - 8 mts),90,Grande,-68.8574434551,-32.8727223121,6,Residencial Norte,2694682.37982,0
35534,Platano,16/06/2011 15:08,Medio (4 - 8 mts),120,Grande,-68.8566191422,-32.8818504765,7,Residencial Parque,1786336.08966,1
7862,Morera,21/06/2011 13:46,Alto (> 8 mts),127,Grande,-68.8528867632,-32.8897200222,5,Residencial Sur,2423808.92355,0
19183,Morera,18/07/2011 09:55,Alto (> 8 mts),113,Grande,-68.8411578868,-32.8719422589,4,Cuarta Oeste,1173332.70145,1
25521,Morera,04/03/2011 13:29,Alto (> 8 mts),68,Grande,-68.8396159846,-32.9005723882,2,Barrio Civico,2366816.36021,1
37645,Paraiso,29/02/2012 08:37,Bajo (2 - 4 mts),18,Chico,-68.8527751388,-32.872122692,6,Residencial Norte,2694682.37982,0
19514,Morera,26/07/2011 13:42,Medio (4 - 8 mts),180,Grande,-68.8373029265,-32.87224094,4,Cuarta Oeste,1173332.70145,0
28163,Tipa,22/02/2011 09:29,Alto (> 8 mts),300,Grande,-68.847871672,-32.8919710135,2,Barrio Civico,2366816.36021,1
40523,Platano,12/04/2011 10:09,Alto (> 8 mts),210,Grande,-68.8438054754,-32.8830904673,1,Parque Central,1655357.93265,0
7217,Fresno europeo,24/06/2011 10:45,Medio (4 - 8 mts),90,Grande,-68.8610916666,-32.8983449547,5,Residencial Sur,2423808.92355,0
38999,Perenne,27/12/2010 10:32,Bajo (2 - 4 mts),30,Mediano,-68.8542089978,-32.8704638073,6,Residencial Norte,2694682.37982,0
32180,Morera,11/05/2011 09:22,Medio (4 - 8 mts),200,Grande,-68.8583031486,-32.885931188,5,Residencial Sur,2423808.92355,0
40670,Platano,12/04/2011 12:44,Alto (> 8 mts),210,Grande,-68.8443426781,-32.8842171002,1,Parque Central,1655357.93265,0
44199,Olmo bola,14/10/2011 13:48,Medio (4 - 8 mts),70,Grande,-68.834863477,-32.8824578045,3,Parque O'Higgins,1531146.02653,0
31244,Paraiso,04/02/2011 10:53,Medio (4 - 8 mts),70,Grande,-68.8540738373,-32.8638626688,6,Residencial Norte,2694682.37982,0
6160,Platano,14/04/2011 15:40,Alto (> 8 mts),56,Mediano,-68.8418227306,-32.8855631695,1,Parque Central,1655357.93265,0
42458,Fresno europeo,30/09/2011 17:29,Medio (4 - 8 mts),78,Grande,-68.8320961934,-32.8754542781,4,Cuarta Este Área Fundacional,1822015.85685,0
42013,Paraiso,08/04/2011 13:33,Alto (> 8 mts),152,Grande,-68.841816284,-32.8806323876,1,Parque Central,1655357.93265,0
46404,Morera,23/08/2011 09:50,Alto (> 8 mts),160,Grande,-68.8330784042,-32.8673033627,4,Cuarta Oeste,1173332.70145,0
40621,Platano,12/04/2011 13:56,Alto (> 8 mts),190,Grande,-68.8445640846,-32.8844499022,1,Parque Central,1655357.93265,0
30956,Fresno europeo,11/02/2011 08:58,Bajo (2 - 4 mts),84,Grande,-68.8552085795,-32.8640171276,6,Residencial Norte,2694682.37982,0
2223,Fresno europeo,31/10/2011 09:48,Medio (4 - 8 mts),80,Grande,-68.8356337211,-32.8953080201,2,Barrio Civico,2366816.36021,0
15724,Paraiso,15/11/2011 13:13,Bajo (2 - 4 mts),80,Grande,-68.8610109163,-32.8695199939,7,Residencial Parque,1786336.08966,0
47005,Paraiso,08/09/2011 13:28,Alto (> 8 mts),160,Grande,-68.8318972227,-32.8711542844,4,Cuarta Este Área Fundacional,1822015.85685,0
126,Jacaranda,29/02/2012 10:26,Bajo (2 - 4 mts),46,Mediano,-68.8569444054,-32.8640397021,6,Residencial Norte,2694682.37982,0
31824,Fresno europeo,03/01/2012 09:21,Medio (4 - 8 mts),48,Mediano,-68.8590291494,-32.8897278761,5,Residencial Sur,2423808.92355,0
28414,Morera,28/02/2011 12:32,Alto (> 8 mts),180,Grande,-68.8465831129,-32.8904096034,2,Barrio Civico,2366816.36021,0
5198,Caducifolio,08/08/2011 09:33,Bajo (2 - 4 mts),30,Mediano,-68.8391726664,-32.8693112709,4,Cuarta Oeste,1173332.70145,0
36069,Platano,18/03/2011 11:39,Alto (> 8 mts),145,Grande,-68.8564058756,-32.8759320577,6,Residencial Norte,2694682.37982,0
19392,Fresno europeo,04/07/2011 10:34,Alto (> 8 mts),150,Grande,-68.8345789263,-32.8718569427,4,Cuarta Oeste,1173332.70145,0
35393,Morera,21/06/2011 12:57,Bajo (2 - 4 mts),60,Mediano,-68.8556637087,-32.8823513373,5,Residencial Sur,2423808.92355,0
23547,Paraiso,31/01/2011 19:26,Medio (4 - 8 mts),72,Grande,-68.8503307719,-32.9028972408,2,Barrio Civico,2366816.36021,0
16222,Paraiso,20/07/2011 10:59,Alto (> 8 mts),170,Grande,-68.8434180652,-32.865501863,4,Cuarta Oeste,1173332.70145,0
23929,Morera,19/01/2012 09:37,Alto (> 8 mts),90,Grande,-68.8515255776,-32.8989298268,2,Barrio Civico,2366816.36021,0
405,Morera,05/03/2012 11:09,Alto (> 8 mts),175,Grande,-68.8196123207,-32.8672095149,4,Cuarta Este Área Fundacional,1822015.85685,0
22776,Platano,17/06/2011 19:30,Alto (> 8 mts),168,Grande,-68.8573266007,-32.9017054503,5,Residencial Sur,2423808.92355,0
41375,Morera,19/04/2011 09:40,Alto (> 8 mts),176,Grande,-68.841501325,-32.8831152505,1,Parque Central,1655357.93265,1
2718,Fresno americano,12/10/2011 14:15,Medio (4 - 8 mts),105,Grande,-68.8314825087,-32.8826249725,3,Parque O'Higgins,1531146.02653,0
8326,Morera,16/03/2011 19:27,Alto (> 8 mts),98,Grande,-68.8467946072,-32.8934631643,2,Barrio Civico,2366816.36021,0
1941,Acacia SP,18/11/2011 12:33,Medio (4 - 8 mts),135,Grande,-68.8597457841,-32.8709210092,6,Residencial Norte,2694682.37982,0
20744,Fresno europeo,01/06/2011 11:32,Medio (4 - 8 mts),53,Mediano,-68.8615255472,-32.8968281483,5,Residencial Sur,2423808.92355,0
30929,Fresno europeo,11/02/2011 13:46,Medio (4 - 8 mts),80,Grande,-68.8560439671,-32.8638385911,6,Residencial Norte,2694682.37982,0
26268,Fresno europeo,25/10/2011 10:38,Alto (> 8 mts),155,Grande,-68.8304072766,-32.8889132827,3,Parque O'Higgins,1531146.02653,0
39042,Paraiso,23/12/2010 13:39,Medio (4 - 8 mts),130,Grande,-68.8540706833,-32.8710170159,6,Residencial Norte,2694682.37982,0
36343,Fresno americano,18/03/2011 09:52,Muy bajo (1 - 2 mts),25,Mediano,-68.8517632447,-32.8790214081,6,Residencial Norte,2694682.37982,0
28032,Morera,16/03/2011 18:48,Alto (> 8 mts),58,Mediano,-68.8462922351,-32.8928164113,2,Barrio Civico,2366816.36021,1
25791,Fresno europeo,02/02/2011 10:45,Alto (> 8 mts),102,Grande,-68.8393730843,-32.9033883194,2,Barrio Civico,2366816.36021,0
6975,Jacaranda,01/06/2011 11:19,Medio (4 - 8 mts),25,Mediano,-68.8619246877,-32.8966678687,5,Residencial Sur,2423808.92355,0
4058,Platano,04/10/2011 09:28,Alto (> 8 mts),120,Grande,-68.8292364449,-32.8790375376,4,Cuarta Este Área Fundacional,1822015.85685,0
27809,Morera,03/11/2011 09:29,Alto (> 8 mts),135,Grande,-68.8352437002,-32.8943591257,3,Parque O'Higgins,1531146.02653,0
925,Fresno europeo,16/01/2012 12:46,Muy bajo (1 - 2 mts),3,Chico,-68.8528412018,-32.8719377159,6,Residencial Norte,2694682.37982,0
39441,Morera,11/11/2010 10:40,Alto (> 8 mts),120,Grande,-68.8547566588,-32.8699695944,6,Residencial Norte,2694682.37982,0
14753,Morera,05/12/2011 11:10,Medio (4 - 8 mts),100,Grande,-68.8782638769,-32.8689176591,8,Aeroparque,2203364.73622,0
25840,Fresno europeo,03/02/2011 16:27,Alto (> 8 mts),130,Grande,-68.8396272053,-32.9017787473,2,Barrio Civico,2366816.36021,0
18165,Morera,26/07/2011 09:56,Medio (4 - 8 mts),35,Mediano,-68.8396886665,-32.8688789233,4,Cuarta Oeste,1173332.70145,0
32877,Morera,10/06/2011 10:32,Medio (4 - 8 mts),140,Grande,-68.8507074905,-32.885411918,5,Residencial Sur,2423808.92355,1
39201,Fresno europeo,25/11/2010 13:17,Medio (4 - 8 mts),70,Grande,-68.8543059755,-32.8723838982,6,Residencial Norte,2694682.37982,0
22471,Morera,23/06/2011 12:35,Alto (> 8 mts),160,Grande,-68.8619856782,-32.899279941,5,Residencial Sur,2423808.92355,1
4085,Fresno europeo,30/09/2011 15:35,Bajo (2 - 4 mts),30,Mediano,-68.8306184358,-32.8789342604,4,Cuarta Este Área Fundacional,1822015.85685,0
26936,Fresno europeo,01/11/2011 17:31,Bajo (2 - 4 mts),10,Chico,-68.8355580482,-32.8874603688,3,Parque O'Higgins,1531146.02653,0
28975,Platano,26/04/2011 09:46,Alto (> 8 mts),200,Grande,-68.8457574055,-32.8850361271,1,Parque Central,1655357.93265,0
22610,Platano,23/06/2011 10:26,Alto (> 8 mts),130,Grande,-68.8624602775,-32.900803291,5,Residencial Sur,2423808.92355,0
30970,Fresno europeo,10/02/2011 13:12,Alto (> 8 mts),124,Grande,-68.8554647105,-32.8635293639,6,Residencial Norte,2694682.37982,0
6154,Platano,18/04/2011 19:10,Alto (> 8 mts),172,Grande,-68.8405430522,-32.8844758918,1,Parque Central,1655357.93265,0
1949,Morera,18/11/2011 16:58,Medio (4 - 8 mts),105,Grande,-68.8591642332,-32.8705112236,6,Residencial Norte,2694682.37982,1
10045,Platano,26/10/2010 11:16,Alto (> 8 mts),160,Grande,-68.8490949331,-32.8702821782,6,Residencial Norte,2694682.37982,0
4479,Fresno europeo,28/07/2011 13:45,Medio (4 - 8 mts),36,Mediano,-68.8395357143,-32.8682922191,4,Cuarta Oeste,1173332.70145,0
39050,Fresno europeo,23/12/2010 13:14,Bajo (2 - 4 mts),40,Mediano,-68.853993441,-32.8705543565,6,Residencial Norte,2694682.37982,0
7969,Fresno europeo,15/07/2011 09:58,Medio (4 - 8 mts),50,Mediano,-68.8427054171,-32.8888142014,3,Parque O'Higgins,1531146.02653,0
30993,Fresno europeo,09/02/2011 13:24,Medio (4 - 8 mts),90,Grande,-68.8554392111,-32.8647659818,6,Residencial Norte,2694682.37982,0
26423,Fresno americano,09/11/2011 09:18,Medio (4 - 8 mts),120,Grande,-68.8342576981,-32.8926393884,3,Parque O'Higgins,1531146.02653,0
31920,Olmo comun,01/06/2011 12:57,Bajo (2 - 4 mts),90,Grande,-68.8576543529,-32.88470741,5,Residencial Sur,2423808.92355,0
2445,Fresno europeo,27/10/2011 08:33,Muy bajo (1 - 2 mts),4,Chico,-68.8365213992,-32.8910521863,3,Parque O'Higgins,1531146.02653,0
24898,Morera,17/02/2011 08:50,Alto (> 8 mts),117,Grande,-68.8384353255,-32.896807299,2,Barrio Civico,2366816.36021,0
29706,Morera,02/03/2011 15:04,Alto (> 8 mts),104,Grande,-68.8424089828,-32.8935276009,2,Barrio Civico,2366816.36021,0
30096,Platano,26/04/2011 10:29,Alto (> 8 mts),190,Grande,-68.8422913726,-32.8877928837,3,Parque O'Higgins,1531146.02653,0
11626,Morera,27/01/2011 13:47,Alto (> 8 mts),110,Grande,-68.8501590508,-32.8664479589,6,Residencial Norte,2694682.37982,0
39459,Paraiso,11/11/2010 11:36,Medio (4 - 8 mts),107,Grande,-68.8556385923,-32.8704574564,6,Residencial Norte,2694682.37982,0
25428,Morera,11/02/2011 13:39,Medio (4 - 8 mts),47,Mediano,-68.8363067816,-32.9002451333,2,Barrio Civico,2366816.36021,0
34902,Fresno europeo,29/03/2011 09:56,Medio (4 - 8 mts),22,Mediano,-68.8519191927,-32.8810822582,1,Parque Central,1655357.93265,0
43789,Morera,19/10/2011 08:29,Alto (> 8 mts),80,Grande,-68.8323810552,-32.8819072732,3,Parque O'Higgins,1531146.02653,1
27652,Morera,01/11/2011 10:24,Alto (> 8 mts),132,Grande,-68.8362470141,-32.894441933,3,Parque O'Higgins,1531146.02653,0
39188,Morera,25/11/2010 09:07,Alto (> 8 mts),180,Grande,-68.8539848778,-32.8731060513,6,Residencial Norte,2694682.37982,0
6163,Platano,18/04/2011 15:31,Medio (4 - 8 mts),38,Mediano,-68.8406931671,-32.8850499371,1,Parque Central,1655357.93265,0
26763,Prunas,11/01/2012 09:03,Medio (4 - 8 mts),60,Mediano,-68.833409556,-32.8957189563,3,Parque O'Higgins,1531146.02653,0
20855,Fresno europeo,26/05/2011 12:20,Medio (4 - 8 mts),36,Mediano,-68.8591341387,-32.8951050509,5,Residencial Sur,2423808.92355,0
17991,Conifera,29/07/2011 17:59,Alto (> 8 mts),80,Grande,-68.8396133506,-32.8672699069,4,Cuarta Oeste,1173332.70145,0
5554,Platano,04/10/2011 10:36,Alto (> 8 mts),160,Grande,-68.8405894663,-32.8802257265,1,Parque Central,1655357.93265,0
29607,Olmo comun,03/03/2011 13:12,Alto (> 8 mts),108,Grande,-68.8446174455,-32.8909066108,2,Barrio Civico,2366816.36021,0
8252,Platano,18/02/2011 10:57,Alto (> 8 mts),152,Grande,-68.8443741218,-32.8920745629,2,Barrio Civico,2366816.36021,0
36885,Ailanthus,07/04/2011 15:55,Muy bajo (1 - 2 mts),15,Chico,-68.8589366675,-32.8800987371,7,Residencial Parque,1786336.08966,0
32943,Morera,23/05/2011 10:26,Alto (> 8 mts),163,Grande,-68.8507414599,-32.8884350715,5,Residencial Sur,2423808.92355,0
2335,Platano,28/10/2011 09:55,Alto (> 8 mts),175,Grande,-68.8340803122,-32.8898794814,3,Parque O'Higgins,1531146.02653,0
23003,Morera,24/06/2011 13:32,Medio (4 - 8 mts),36,Mediano,-68.857269765,-32.8994542211,5,Residencial Sur,2423808.92355,0
22199,Fresno europeo,18/05/2011 09:57,Alto (> 8 mts),52,Mediano,-68.8568718376,-32.8987562231,5,Residencial Sur,2423808.92355,0
6392,Morera,19/05/2011 10:28,Medio (4 - 8 mts),43,Mediano,-68.8515040926,-32.887312262,5,Residencial Sur,2423808.92355,0
22217,Fresno europeo,18/05/2011 10:26,Medio (4 - 8 mts),38,Mediano,-68.8558371979,-32.89935538,5,Residencial Sur,2423808.92355,0
42341,Morera,26/04/2011 13:57,Medio (4 - 8 mts),50,Mediano,-68.8371576215,-32.8760330041,1,Parque Central,1655357.93265,0
28019,Platano,04/11/2011 08:32,Alto (> 8 mts),180,Grande,-68.8352987685,-32.8936905855,3,Parque O'Higgins,1531146.02653,0
18983,Morera,03/08/2011 15:07,Alto (> 8 mts),180,Grande,-68.8372864461,-32.8697977782,4,Cuarta Oeste,1173332.70145,0
29667,Morera,09/03/2011 16:49,Alto (> 8 mts),90,Grande,-68.8412792831,-32.8947314623,2,Barrio Civico,2366816.36021,0
38582,Paraiso,17/12/2010 10:16,Alto (> 8 mts),185,Grande,-68.8518999793,-32.8713653141,6,Residencial Norte,2694682.37982,0
17654,Morera,20/07/2011 11:57,Alto (> 8 mts),150,Grande,-68.8415430283,-32.866162019,4,Cuarta Oeste,1173332.70145,0
36316,Fresno europeo,01/04/2011 12:37,Medio (4 - 8 mts),104,Grande,-68.8528616254,-32.8771922034,6,Residencial Norte,2694682.37982,0
6125,Morera,28/04/2011 11:42,Alto (> 8 mts),108,Grande,-68.8387679364,-32.883284915,1,Parque Central,1655357.93265,0
13192,Paraiso,22/02/2011 10:43,Alto (> 8 mts),110,Grande,-68.8471638244,-32.8646489758,4,Cuarta Oeste,1173332.70145,0
7874,Morera,17/06/2011 10:24,Alto (> 8 mts),130,Grande,-68.8530443202,-32.8897684975,5,Residencial Sur,2423808.92355,0
22427,Morera,15/06/2011 09:32,Medio (4 - 8 mts),62,Grande,-68.859670123,-32.8991130378,5,Residencial Sur,2423808.92355,0
37708,Fresno europeo,14/01/2012 17:46,Muy bajo (1 - 2 mts),3,Chico,-68.8511014298,-32.8721722446,6,Residencial Norte,2694682.37982,0
35943,Morera,23/03/2011 09:47,Alto (> 8 mts),130,Grande,-68.8540499445,-32.8756533225,6,Residencial Norte,2694682.37982,0
17990,Morera,29/07/2011 18:02,Medio (4 - 8 mts),140,Grande,-68.8396143681,-32.8672982215,4,Cuarta Oeste,1173332.70145,0
44710,Fresno europeo,24/08/2011 09:35,Alto (> 8 mts),170,Grande,-68.8228225176,-32.8681104463,4,Cuarta Este Área Fundacional,1822015.85685,0
21732,Morera,24/05/2011 09:44,Alto (> 8 mts),140,Grande,-68.8554894191,-32.894503226,5,Residencial Sur,2423808.92355,0
28078,Morera,21/02/2011 18:18,Alto (> 8 mts),142,Grande,-68.8498745379,-32.8920198711,5,Residencial Sur,2423808.92355,0
9034,Fresno americano,10/01/2011 13:01,Bajo (2 - 4 mts),140,Grande,-68.845248123,-32.8665774503,4,Cuarta Oeste,1173332.70145,0
46705,Morera,05/09/2011 10:04,Alto (> 8 mts),180,Grande,-68.8319829829,-32.8698727316,4,Cuarta Este Área Fundacional,1822015.85685,0
14863,Morera,16/12/2011 12:13,Bajo (2 - 4 mts),36,Mediano,-68.8805973818,-32.8738831374,8,Aeroparque,2203364.73622,0
47678,Fresno americano,15/09/2011 10:06,Medio (4 - 8 mts),50,Mediano,-68.8293048813,-32.8729085359,4,Cuarta Este Área Fundacional,1822015.85685,0
36272,Morera,17/03/2011 09:55,Medio (4 - 8 mts),33,Mediano,-68.8537619306,-32.8776653544,6,Residencial Norte,2694682.37982,0
13882,Aguaribay,16/12/2011 12:26,Muy bajo (1 - 2 mts),20,Chico,-68.8761273964,-32.8684641272,8,Aeroparque,2203364.73622,0
11963,Fresno europeo,14/05/2010 10:03,Medio (4 - 8 mts),100,Grande,-68.851607192,-32.8684247215,6,Residencial Norte,2694682.37982,0
11213,Fresno europeo,24/01/2011 09:05,Medio (4 - 8 mts),47,Mediano,-68.8457950866,-32.9021990429,2,Barrio Civico,2366816.36021,0
3188,Acacia SP,21/09/2011 11:43,Bajo (2 - 4 mts),72,Grande,-68.829251093,-32.8746025266,4,Cuarta Este Área Fundacional,1822015.85685,0
32081,Fresno americano,07/06/2011 13:42,Alto (> 8 mts),138,Grande,-68.859067737,-32.8873608879,5,Residencial Sur,2423808.92355,0
3933,Fresno europeo,05/09/2011 09:05,Alto (> 8 mts),70,Grande,-68.8217386717,-32.8706433243,4,Cuarta Este Área Fundacional,1822015.85685,0
13931,Tilo,29/11/2011 12:25,Medio (4 - 8 mts),30,Mediano,-68.8754822743,-32.8654754758,8,Aeroparque,2203364.73622,0
28190,Tipa,23/02/2011 15:56,Alto (> 8 mts),106,Grande,-68.8490565695,-32.8920580839,2,Barrio Civico,2366816.36021,0
23521,Morera,20/01/2011 07:23,Alto (> 8 mts),104,Grande,-68.8485382312,-32.9033505256,2,Barrio Civico,2366816.36021,1
41996,Platano,25/04/2011 14:01,Alto (> 8 mts),218,Grande,-68.836430798,-32.8788196403,1,Parque Central,1655357.93265,0
18001,Morera,29/07/2011 17:41,Alto (> 8 mts),220,Grande,-68.8402728929,-32.8678148334,4,Cuarta Oeste,1173332.70145,0
26909,Fresno europeo,28/10/2011 16:13,Bajo (2 - 4 mts),64,Grande,-68.8368642659,-32.8864357206,3,Parque O'Higgins,1531146.02653,0
12462,Paraiso,24/01/2011 14:04,Alto (> 8 mts),260,Grande,-68.8489725481,-32.8667927768,6,Residencial Norte,2694682.37982,0
37416,Acer,03/01/2011 12:44,Bajo (2 - 4 mts),40,Mediano,-68.8571781791,-32.8712991358,6,Residencial Norte,2694682.37982,0
1485,Paraiso,24/11/2011 14:34,Bajo (2 - 4 mts),33,Mediano,-68.871924665,-32.8771542099,7,Residencial Parque,1786336.08966,0
19913,Morera,28/06/2011 13:55,Alto (> 8 mts),105,Grande,-68.8336105603,-32.8630899246,4,Cuarta Oeste,1173332.70145,0
18474,Alamo blanco,11/07/2011 09:33,Alto (> 8 mts),115,Grande,-68.8389333068,-32.8742280387,1,Parque Central,1655357.93265,0
34709,Caducifolio,01/04/2011 11:41,Bajo (2 - 4 mts),40,Mediano,-68.8504671286,-32.8771783532,6,Residencial Norte,2694682.37982,0
1632,Paraiso sombrilla,23/11/2011 10:10,Medio (4 - 8 mts),100,Grande,-68.8712094711,-32.8779958947,7,Residencial Parque,1786336.08966,0
1399,Acer,23/11/2011 10:50,Bajo (2 - 4 mts),35,Mediano,-68.8710623109,-32.8797356086,7,Residencial Parque,1786336.08966,0
24559,Morera,28/01/2011 14:03,Alto (> 8 mts),138,Grande,-68.8434659389,-32.90212853,2,Barrio Civico,2366816.36021,0
4903,Morera,21/07/2011 10:11,Medio (4 - 8 mts),78,Grande,-68.8421649609,-32.8639532626,4,Cuarta Oeste,1173332.70145,0
31310,Fresno europeo,28/02/2011 10:43,Medio (4 - 8 mts),64,Grande,-68.8495588372,-32.8649300193,6,Residencial Norte,2694682.37982,0
29185,Acer,25/02/2011 18:43,Alto (> 8 mts),155,Grande,-68.846527841,-32.8874353054,1,Parque Central,1655357.93265,0
6014,Morera,12/04/2011 09:50,Muy bajo (1 - 2 mts),5,Chico,-68.8429705452,-32.8833744892,1,Parque Central,1655357.93265,0
9710,Morera,24/01/2011 10:22,Alto (> 8 mts),180,Grande,-68.8485769918,-32.864015761,6,Residencial Norte,2694682.37982,0
26126,Ailanthus,11/11/2011 11:57,Medio (4 - 8 mts),160,Grande,-68.8304325489,-32.8862483845,3,Parque O'Higgins,1531146.02653,0
2162,Morera,07/11/2011 09:10,Alto (> 8 mts),142,Grande,-68.8393654465,-32.8942994971,2,Barrio Civico,2366816.36021,0
40089,Fresno europeo,19/04/2011 12:41,Alto (> 8 mts),180,Grande,-68.845589836,-32.879059501,1,Parque Central,1655357.93265,0
38161,Paraiso,20/10/2010 12:45,Medio (4 - 8 mts),98,Grande,-68.8463672317,-32.8710728044,6,Residencial Norte,2694682.37982,0
31295,Prunas,25/02/2011 13:02,Muy bajo (1 - 2 mts),5,Chico,-68.8484580168,-32.8648496725,6,Residencial Norte,2694682.37982,0
584,Morera,08/03/2012 09:47,Medio (4 - 8 mts),100,Grande,-68.8201503,-32.8684625165,4,Cuarta Este Área Fundacional,1822015.85685,0
19284,Morera,13/07/2011 21:18,Alto (> 8 mts),180,Grande,-68.836262262,-32.869877955,4,Cuarta Oeste,1173332.70145,0
41948,Morera,19/04/2011 11:26,Medio (4 - 8 mts),55,Mediano,-68.8386216686,-32.8785031065,1,Parque Central,1655357.93265,0
16759,Morera,11/08/2011 14:08,Medio (4 - 8 mts),80,Grande,-68.8383611652,-32.8625099603,4,Cuarta Oeste,1173332.70145,0
3185,Prunas,20/09/2011 11:00,Bajo (2 - 4 mts),37,Mediano,-68.8293645498,-32.8747938918,4,Cuarta Este Área Fundacional,1822015.85685,0
6215,Fresno europeo,04/04/2011 16:18,Medio (4 - 8 mts),38,Mediano,-68.8396582154,-32.8872974543,3,Parque O'Higgins,1531146.02653,0
15482,Paraiso,21/11/2011 13:07,Bajo (2 - 4 mts),40,Mediano,-68.8601572721,-32.8716989181,7,Residencial Parque,1786336.08966,0
36687,Morera,07/06/2011 09:41,Medio (4 - 8 mts),130,Grande,-68.859199759,-32.8834849313,7,Residencial Parque,1786336.08966,0
2762,Morera,12/10/2011 16:49,Alto (> 8 mts),140,Grande,-68.8352899566,-32.8818349105,3,Parque O'Higgins,1531146.02653,0
112,Morera,29/02/2012 10:51,Bajo (2 - 4 mts),22,Mediano,-68.8569770778,-32.8635909097,6,Residencial Norte,2694682.37982,0
42518,Morera,28/09/2011 11:48,Alto (> 8 mts),190,Grande,-68.8294210981,-32.8763880591,4,Cuarta Este Área Fundacional,1822015.85685,1
4877,Paraiso,21/07/2011 10:27,Alto (> 8 mts),130,Grande,-68.8441303637,-32.872568524,6,Residencial Norte,2694682.37982,0
12095,Morera,05/05/2010 12:10,Medio (4 - 8 mts),92,Grande,-68.8529353795,-32.8683835217,6,Residencial Norte,2694682.37982,0
42663,Morera,26/09/2011 10:45,Alto (> 8 mts),230,Grande,-68.8295165417,-32.8766920616,4,Cuarta Este Área Fundacional,1822015.85685,1
24347,Catalpa,26/01/2011 12:17,Alto (> 8 mts),125,Grande,-68.8442114544,-32.9028224025,2,Barrio Civico,2366816.36021,0
9637,Paraiso,26/01/2011 12:18,Medio (4 - 8 mts),110,Grande,-68.8496032998,-32.8645236318,6,Residencial Norte,2694682.37982,0
20853,Morera,26/05/2011 12:33,Medio (4 - 8 mts),50,Mediano,-68.8591411009,-32.8949401954,5,Residencial Sur,2423808.92355,0
9979,Palo borracho,09/11/2010 12:34,Muy bajo (1 - 2 mts),25,Mediano,-68.8537978778,-32.8698835866,6,Residencial Norte,2694682.37982,0
9336,Fresno europeo,21/02/2011 10:51,Muy bajo (1 - 2 mts),12,Chico,-68.8469986264,-32.865812159,4,Cuarta Oeste,1173332.70145,0
17018,Morera,09/08/2011 11:57,Alto (> 8 mts),162,Grande,-68.8391748061,-32.8639828461,4,Cuarta Oeste,1173332.70145,0
28566,Platano,23/02/2011 08:37,Alto (> 8 mts),180,Grande,-68.8494987601,-32.8909768874,5,Residencial Sur,2423808.92355,0
5857,Ligustro,03/05/2011 11:58,Bajo (2 - 4 mts),30,Mediano,-68.837042971,-32.8767737654,1,Parque Central,1655357.93265,0
33696,Morera,10/05/2011 13:53,Alto (> 8 mts),170,Grande,-68.8576010363,-32.8861713371,5,Residencial Sur,2423808.92355,0
27619,Morera,07/11/2011 10:32,Medio (4 - 8 mts),142,Grande,-68.8394961629,-32.8950644349,2,Barrio Civico,2366816.36021,1
29962,Fresno americano,28/04/2011 10:05,Alto (> 8 mts),116,Grande,-68.8424947801,-32.8866364091,1,Parque Central,1655357.93265,0
46937,Morera,07/09/2011 10:21,Alto (> 8 mts),98,Grande,-68.8332797443,-32.8709899524,4,Cuarta Este Área Fundacional,1822015.85685,0
31643,Fresno europeo,14/06/2011 14:30,Alto (> 8 mts),108,Grande,-68.8575264495,-32.888904822,5,Residencial Sur,2423808.92355,0
32709,Morera,18/05/2011 09:13,Bajo (2 - 4 mts),12,Chico,-68.8517929679,-32.8861667532,5,Residencial Sur,2423808.92355,0
35003,Fresno americano,31/03/2011 10:18,Bajo (2 - 4 mts),76,Grande,-68.8556979199,-32.8795202942,6,Residencial Norte,2694682.37982,0
16904,Paraiso,27/07/2011 11:12,Alto (> 8 mts),163,Grande,-68.8385346423,-32.8658524978,4,Cuarta Oeste,1173332.70145,1
12705,Morera,20/01/2011 09:16,Medio (4 - 8 mts),70,Grande,-68.8473675947,-32.8634186738,4,Cuarta Oeste,1173332.70145,0
12311,Paraiso,12/01/2011 14:11,Alto (> 8 mts),160,Grande,-68.8467788328,-32.8664048113,6,Residencial Norte,2694682.37982,0
30974,Olmo comun,10/02/2011 13:03,Bajo (2 - 4 mts),36,Mediano,-68.8556392238,-32.8635404994,6,Residencial Norte,2694682.37982,0
12602,Morera,14/01/2011 13:17,Alto (> 8 mts),130,Grande,-68.8453009307,-32.8629251117,4,Cuarta Oeste,1173332.70145,0
22380,Braquiquito,16/06/2011 11:21,Alto (> 8 mts),160,Grande,-68.8586777783,-32.8981930976,5,Residencial Sur,2423808.92355,0
38748,Perenne,01/11/2010 12:40,Medio (4 - 8 mts),60,Mediano,-68.849485774,-32.8705007491,6,Residencial Norte,2694682.37982,0
45382,Fresno europeo,16/09/2011 13:39,Alto (> 8 mts),120,Grande,-68.8252781391,-32.8720984852,4,Cuarta Este Área Fundacional,1822015.85685,0
39903,Morera,02/05/2011 11:45,Medio (4 - 8 mts),150,Grande,-68.843334718,-32.8746673731,1,Parque Central,1655357.93265,0
46408,Morera,23/08/2011 09:37,Alto (> 8 mts),110,Grande,-68.8332154442,-32.8675528784,4,Cuarta Oeste,1173332.70145,1
45219,Olmo bola,28/09/2011 10:01,Medio (4 - 8 mts),74,Grande,-68.8221707514,-32.8722789076,4,Cuarta Este Área Fundacional,1822015.85685,0
39717,Morera,30/08/2010 10:47,Medio (4 - 8 mts),80,Grande,-68.8454850759,-32.8692253182,6,Residencial Norte,2694682.37982,0
41182,Morera,18/04/2011 13:18,Alto (> 8 mts),105,Grande,-68.8375382062,-32.8810908249,1,Parque Central,1655357.93265,1
10343,Morera,30/11/2010 11:23,Medio (4 - 8 mts),60,Mediano,-68.8556040378,-32.8727959158,6,Residencial Norte,2694682.37982,0
25275,Paraiso,08/02/2011 09:46,Alto (> 8 mts),96,Grande,-68.8377907654,-32.8994603319,2,Barrio Civico,2366816.36021,0
29588,Morera,04/03/2011 09:28,Alto (> 8 mts),180,Grande,-68.8437997566,-32.8919540914,2,Barrio Civico,2366816.36021,0
19934,Fresno europeo,28/06/2011 09:26,Alto (> 8 mts),152,Grande,-68.8326914268,-32.8624130234,4,Cuarta Oeste,1173332.70145,0
26378,Platano,25/10/2011 09:47,Alto (> 8 mts),300,Grande,-68.8339144549,-32.8898964014,3,Parque O'Higgins,1531146.02653,0
20297,Morera,17/05/2011 09:30,Alto (> 8 mts),170,Grande,-68.8603064024,-32.8928482606,5,Residencial Sur,2423808.92355,0
10097,Acer,09/08/2010 11:44,Medio (4 - 8 mts),35,Mediano,-68.8450267516,-32.8695915309,4,Cuarta Oeste,1173332.70145,0
21742,Morera,24/05/2011 09:22,Alto (> 8 mts),140,Grande,-68.8565615572,-32.8943091901,5,Residencial Sur,2423808.92355,0
20015,Fresno americano,11/08/2011 09:39,Medio (4 - 8 mts),160,Grande,-68.8333213909,-32.8671196652,4,Cuarta Oeste,1173332.70145,0
34713,Morera,01/04/2011 11:28,Medio (4 - 8 mts),150,Grande,-68.8507255782,-32.8771318811,6,Residencial Norte,2694682.37982,0
12692,Paraiso,20/01/2011 10:12,Bajo (2 - 4 mts),50,Mediano,-68.8485091629,-32.8634611443,6,Residencial Norte,2694682.37982,0
23911,Paraiso,19/01/2012 10:51,Alto (> 8 mts),125,Grande,-68.8524224013,-32.8997187224,2,Barrio Civico,2366816.36021,0
1039,Aguaribay,14/12/2011 10:44,Bajo (2 - 4 mts),80,Grande,-68.8825725916,-32.8649178559,8,Aeroparque,2203364.73622,0
25207,Morera,11/02/2011 13:56,Alto (> 8 mts),98,Grande,-68.8371238193,-32.898309076,2,Barrio Civico,2366816.36021,1
23207,Morera,24/01/2011 09:37,Alto (> 8 mts),110,Grande,-68.8511307619,-32.9017886664,2,Barrio Civico,2366816.36021,0
46674,Morera,02/09/2011 10:36,Medio (4 - 8 mts),122,Grande,-68.8308976857,-32.8707622197,4,Cuarta Este Área Fundacional,1822015.85685,0
801,Aguaribay,14/12/2011 10:02,Muy bajo (1 - 2 mts),12,Chico,-68.8800737018,-32.86650399,8,Aeroparque,2203364.73622,0
16601,Morera,26/07/2011 10:31,Alto (> 8 mts),170,Grande,-68.8407149899,-32.8653826243,4,Cuarta Oeste,1173332.70145,0
26616,Platano,03/11/2011 11:02,Alto (> 8 mts),180,Grande,-68.8333390619,-32.8900300024,3,Parque O'Higgins,1531146.02653,0
22172,Fresno europeo,18/05/2011 10:50,Alto (> 8 mts),108,Grande,-68.8545099792,-32.8993792704,5,Residencial Sur,2423808.92355,0
10133,Jacaranda,29/12/2010 10:05,Alto (> 8 mts),45,Mediano,-68.8553845996,-32.8714085309,6,Residencial Norte,2694682.37982,0
21528,Morera,08/06/2011 11:08,Alto (> 8 mts),160,Grande,-68.853549803,-32.8954392943,5,Residencial Sur,2423808.92355,1
18444,Morera,11/07/2011 10:00,Alto (> 8 mts),180,Grande,-68.8396794809,-32.8728741275,4,Cuarta Oeste,1173332.70145,0
491,Morera,07/03/2012 09:49,Alto (> 8 mts),138,Grande,-68.8223736288,-32.867882067,4,Cuarta Este Área Fundacional,1822015.85685,0
29461,Morera,15/03/2011 13:40,Alto (> 8 mts),240,Grande,-68.8443347705,-32.8939726531,2,Barrio Civico,2366816.36021,0
17548,Morera,28/07/2011 10:23,Alto (> 8 mts),180,Grande,-68.8399777921,-32.867096256400004,4,Cuarta Oeste,1173332.70145,0
32063,Morera,09/06/2011 09:26,Alto (> 8 mts),126,Grande,-68.8604514265,-32.8868532539,5,Residencial Sur,2423808.92355,0
23795,Olmo comun,27/01/2011 18:56,Alto (> 8 mts),102,Grande,-68.8501931987,-32.9006240058,2,Barrio Civico,2366816.36021,0
27827,Morera,02/11/2011 10:38,Alto (> 8 mts),75,Grande,-68.8362025597,-32.8947865911,2,Barrio Civico,2366816.36021,0
8002,Fresno europeo,17/02/2011 12:40,Medio (4 - 8 mts),55,Mediano,-68.8396811203,-32.8893807422,3,Parque O'Higgins,1531146.02653,0
5513,Morera,27/04/2011 13:24,Medio (4 - 8 mts),52,Mediano,-68.8383230244,-32.8766329472,1,Parque Central,1655357.93265,0
4369,Morera,11/08/2011 08:52,Muy bajo (1 - 2 mts),5,Chico,-68.8342520236,-32.8691935664,4,Cuarta Oeste,1173332.70145,0
25894,Olmo comun,04/02/2011 13:35,Medio (4 - 8 mts),98,Grande,-68.8384159155,-32.9025955676,2,Barrio Civico,2366816.36021,0
37601,Platano,17/11/2010 11:29,Alto (> 8 mts),170,Grande,-68.8582152555,-32.8705021356,6,Residencial Norte,2694682.37982,0
47886,Fresno americano,22/09/2011 09:55,Alto (> 8 mts),84,Grande,-68.8296357845,-32.873085719,4,Cuarta Este Área Fundacional,1822015.85685,1
19485,Morera,18/07/2011 10:26,Alto (> 8 mts),180,Grande,-68.8395824695,-32.8720186408,4,Cuarta Oeste,1173332.70145,0
1255,Acer,05/12/2011 11:50,Medio (4 - 8 mts),70,Grande,-68.8791641131,-32.8691923957,8,Aeroparque,2203364.73622,0
2827,Conifera,07/11/2011 08:36,Bajo (2 - 4 mts),42,Mediano,-68.8310182132,-32.8924431,3,Parque O'Higgins,1531146.02653,0
5391,Fresno americano,20/04/2011 12:05,Medio (4 - 8 mts),150,Grande,-68.8449000309,-32.8780949801,1,Parque Central,1655357.93265,0
42209,Morera,29/04/2011 14:06,Alto (> 8 mts),180,Grande,-68.8392692368,-32.8747198064,1,Parque Central,1655357.93265,0
31271,Morera,03/02/2011 12:32,Medio (4 - 8 mts),128,Grande,-68.8534074947,-32.8646835453,6,Residencial Norte,2694682.37982,0
39512,Paraiso,10/11/2010 10:49,Alto (> 8 mts),180,Grande,-68.8545125699,-32.8695228862,6,Residencial Norte,2694682.37982,0
7372,Paraiso,23/06/2011 11:59,Medio (4 - 8 mts),65,Grande,-68.861318353,-32.9005502245,5,Residencial Sur,2423808.92355,0
36333,Olmo comun,18/03/2011 10:22,Medio (4 - 8 mts),120,Grande,-68.8526432678,-32.8788511822,6,Residencial Norte,2694682.37982,0
24229,Olmo comun,27/01/2011 12:21,Medio (4 - 8 mts),88,Grande,-68.8449093351,-32.901705723,2,Barrio Civico,2366816.36021,0
23000,Morera,17/06/2011 17:18,Medio (4 - 8 mts),48,Mediano,-68.8570708276,-32.8995714887,5,Residencial Sur,2423808.92355,0
29983,Platano,28/04/2011 09:57,Alto (> 8 mts),160,Grande,-68.8418792027,-32.8857604825,1,Parque Central,1655357.93265,0
1686,Paraiso,25/11/2011 11:06,Bajo (2 - 4 mts),20,Chico,-68.8720583317,-32.877245131,7,Residencial Parque,1786336.08966,0
30832,Olmo bola,14/02/2011 13:43,Medio (4 - 8 mts),112,Grande,-68.8549167986,-32.8664710076,6,Residencial Norte,2694682.37982,0
29778,Morera,09/03/2011 10:34,Alto (> 8 mts),195,Grande,-68.8427926484,-32.8912411542,2,Barrio Civico,2366816.36021,0
44698,Paraiso,19/08/2011 09:50,Medio (4 - 8 mts),60,Mediano,-68.8231579652,-32.8673155111,4,Cuarta Este Área Fundacional,1822015.85685,1
40771,Morera,19/04/2011 09:09,Alto (> 8 mts),152,Grande,-68.8415074647,-32.8836884642,1,Parque Central,1655357.93265,0
8938,Conifera,24/01/2011 14:15,Muy bajo (1 - 2 mts),15,Chico,-68.8489247577,-32.8673987644,6,Residencial Norte,2694682.37982,0
47189,Fresno europeo,20/09/2011 10:50,Medio (4 - 8 mts),85,Grande,-68.8342698498,-32.8751071396,4,Cuarta Este Área Fundacional,1822015.85685,0
2580,Morera,20/10/2011 11:21,Muy bajo (1 - 2 mts),4,Chico,-68.8327070491,-32.889283292,3,Parque O'Higgins,1531146.02653,0
21511,Morera,12/05/2011 10:56,Alto (> 8 mts),160,Grande,-68.8534364516,-32.893787718,5,Residencial Sur,2423808.92355,0
25933,Platano,16/02/2011 16:19,Alto (> 8 mts),142,Grande,-68.8382952907,-32.9029946951,2,Barrio Civico,2366816.36021,0
35091,Fresno europeo,21/03/2011 12:09,Medio (4 - 8 mts),30,Mediano,-68.8550463053,-32.8803566321,6,Residencial Norte,2694682.37982,0
29750,Platano,15/03/2011 10:01,Alto (> 8 mts),188,Grande,-68.8400963099,-32.8929063917,2,Barrio Civico,2366816.36021,0
2377,Fresno europeo,28/10/2011 16:29,Alto (> 8 mts),190,Grande,-68.8368676164,-32.8864735131,3,Parque O'Higgins,1531146.02653,0
45903,Olmo comun,25/08/2011 13:03,Bajo (2 - 4 mts),86,Grande,-68.8190615128,-32.868950671,4,Cuarta Este Área Fundacional,1822015.85685,0
11805,Morera,02/03/2011 12:05,Alto (> 8 mts),160,Grande,-68.850588845,-32.8647823089,6,Residencial Norte,2694682.37982,0
22954,Platano,19/05/2011 16:48,Medio (4 - 8 mts),128,Grande,-68.8557853857,-32.8998006651,5,Residencial Sur,2423808.92355,0
27206,Platano,26/10/2011 12:20,Alto (> 8 mts),236,Grande,-68.8360374554,-32.8898423125,3,Parque O'Higgins,1531146.02653,0
4838,Conifera,28/07/2011 13:13,Medio (4 - 8 mts),30,Mediano,-68.8395977914,-32.8652693858,4,Cuarta Oeste,1173332.70145,0
5139,Acacia SP,08/08/2011 11:03,Bajo (2 - 4 mts),21,Mediano,-68.8434120272,-32.8697296371,4,Cuarta Oeste,1173332.70145,0
575,Morera,08/03/2012 10:58,Muy bajo (1 - 2 mts),8,Chico,-68.8197797608,-32.8686624272,4,Cuarta Este Área Fundacional,1822015.85685,0
39332,Morera,30/12/2010 10:25,Alto (> 8 mts),190,Grande,-68.8565085167,-32.8713846616,6,Residencial Norte,2694682.37982,0
23103,Morera,13/01/2011 16:18,Alto (> 8 mts),88,Grande,-68.8472586633,-32.9018773897,2,Barrio Civico,2366816.36021,0
37541,Paraiso,16/11/2010 13:45,Alto (> 8 mts),190,Grande,-68.8576272995,-32.8698774951,6,Residencial Norte,2694682.37982,0
9707,Acer,24/01/2011 09:46,Bajo (2 - 4 mts),36,Mediano,-68.8486006747,-32.8637558615,6,Residencial Norte,2694682.37982,0
33766,Fresno europeo,12/05/2011 09:15,Medio (4 - 8 mts),150,Grande,-68.8573742393,-32.8851179921,5,Residencial Sur,2423808.92355,0
7946,Morera,25/02/2011 18:59,Bajo (2 - 4 mts),30,Mediano,-68.8464784013,-32.8872429751,1,Parque Central,1655357.93265,0
12622,Morera,17/01/2011 09:24,Medio (4 - 8 mts),130,Grande,-68.8461679988,-32.8633745201,4,Cuarta Oeste,1173332.70145,0
40516,Platano,12/04/2011 10:26,Alto (> 8 mts),150,Grande,-68.8441356263,-32.8833692316,1,Parque Central,1655357.93265,0
22114,Fresno europeo,13/06/2011 12:51,Alto (> 8 mts),140,Grande,-68.8549832523,-32.8970220004,5,Residencial Sur,2423808.92355,0
29687,Platano,02/03/2011 19:03,Alto (> 8 mts),168,Grande,-68.8403667525,-32.8939632071,2,Barrio Civico,2366816.36021,0
8983,Paraiso,12/01/2011 14:16,Alto (> 8 mts),110,Grande,-68.8467933218,-32.8663396437,6,Residencial Norte,2694682.37982,0
38419,Acer,04/11/2010 10:41,Alto (> 8 mts),180,Grande,-68.851715725,-32.8700437528,6,Residencial Norte,2694682.37982,0
21083,Fresno europeo,22/06/2011 11:36,Bajo (2 - 4 mts),40,Mediano,-68.8625240718,-32.9002605436,5,Residencial Sur,2423808.92355,0
38333,Morera,10/11/2010 09:44,Alto (> 8 mts),185,Grande,-68.8534607012,-32.8690530433,6,Residencial Norte,2694682.37982,0
40820,Acacia SP,26/04/2011 17:15,Medio (4 - 8 mts),48,Mediano,-68.8392198492,-32.884430793,1,Parque Central,1655357.93265,0
27955,Morera,03/11/2011 10:01,Alto (> 8 mts),125,Grande,-68.8364147662,-32.8940334567,3,Parque O'Higgins,1531146.02653,0
44572,Platano,20/10/2011 08:51,Alto (> 8 mts),170,Grande,-68.8343828082,-32.8848271895,3,Parque O'Higgins,1531146.02653,0
39043,Fresno europeo,23/12/2010 13:36,Medio (4 - 8 mts),45,Mediano,-68.8540627424,-32.8709725531,6,Residencial Norte,2694682.37982,0
15752,Morera,22/11/2011 09:38,Medio (4 - 8 mts),105,Grande,-68.8729224971,-32.8790787152,7,Residencial Parque,1786336.08966,0
16776,Paraiso,11/08/2011 13:36,Medio (4 - 8 mts),47,Mediano,-68.8395942271,-32.8625207446,4,Cuarta Oeste,1173332.70145,0
47780,Morera,23/09/2011 13:54,Alto (> 8 mts),120,Grande,-68.8271870492,-32.8732541669,4,Cuarta Este Área Fundacional,1822015.85685,0
34500,Fresno europeo,29/03/2011 10:42,Medio (4 - 8 mts),84,Grande,-68.8505422321,-32.8758221254,6,Residencial Norte,2694682.37982,0
8084,Fresno europeo,02/03/2011 13:45,Medio (4 - 8 mts),44,Mediano,-68.8394486372,-32.8895596993,3,Parque O'Higgins,1531146.02653,0
21081,Morera,23/06/2011 09:54,Muy bajo (1 - 2 mts),15,Chico,-68.8627193072,-32.9003582308,5,Residencial Sur,2423808.92355,0
26811,Morera,01/11/2011 08:44,Medio (4 - 8 mts),70,Grande,-68.8336966651,-32.8950489469,3,Parque O'Higgins,1531146.02653,0
12937,Paraiso sombrilla,12/01/2011 13:04,Medio (4 - 8 mts),120,Grande,-68.8439438401,-32.8639196879,4,Cuarta Oeste,1173332.70145,0
47398,Paraiso,21/09/2011 11:14,Medio (4 - 8 mts),145,Grande,-68.8282486001,-32.8754263316,4,Cuarta Este Área Fundacional,1822015.85685,0
18945,Paraiso,01/08/2011 09:42,Alto (> 8 mts),240,Grande,-68.8408304906,-32.8699263208,4,Cuarta Oeste,1173332.70145,1
17936,Morera,03/08/2011 13:09,Alto (> 8 mts),180,Grande,-68.8378109686,-32.8662745468,4,Cuarta Oeste,1173332.70145,0
42791,Fresno europeo,30/09/2011 12:37,Medio (4 - 8 mts),100,Grande,-68.8304505629,-32.8778424471,4,Cuarta Este Área Fundacional,1822015.85685,0
24104,Fresno europeo,11/01/2011 09:58,Alto (> 8 mts),110,Grande,-68.8465482001,-32.9018957979,2,Barrio Civico,2366816.36021,0
2048,Morera,14/11/2011 18:05,Alto (> 8 mts),190,Grande,-68.8276662853,-32.8807799412,4,Cuarta Este Área Fundacional,1822015.85685,1
43187,Fresno europeo,11/10/2011 15:22,Medio (4 - 8 mts),80,Grande,-68.8285848526,-32.8803603141,4,Cuarta Este Área Fundacional,1822015.85685,0
32766,Perenne,17/05/2011 09:00,Medio (4 - 8 mts),220,Grande,-68.8530281054,-32.8859354841,5,Residencial Sur,2423808.92355,0
26869,Fresno americano,31/10/2011 14:51,Medio (4 - 8 mts),180,Grande,-68.8373968098,-32.8859577059,3,Parque O'Higgins,1531146.02653,0
34926,Fresno europeo,06/04/2011 10:43,Medio (4 - 8 mts),68,Grande,-68.8564496141,-32.8801537466,7,Residencial Parque,1786336.08966,0
38185,Morera,21/10/2010 09:42,Alto (> 8 mts),130,Grande,-68.8456688095,-32.8702985407,6,Residencial Norte,2694682.37982,0
10678,Morera,28/03/2011 09:14,Medio (4 - 8 mts),60,Mediano,-68.850485371,-32.8750454466,6,Residencial Norte,2694682.37982,0
47372,Paraiso,21/09/2011 12:03,Medio (4 - 8 mts),130,Grande,-68.8288546486,-32.874220967,4,Cuarta Este Área Fundacional,1822015.85685,0
27066,Fresno europeo,27/10/2011 10:40,Bajo (2 - 4 mts),20,Chico,-68.8369682734,-32.8875312315,3,Parque O'Higgins,1531146.02653,0
15847,Fresno americano,29/11/2011 07:30,Medio (4 - 8 mts),35,Mediano,-68.8729504405,-32.8771201278,7,Residencial Parque,1786336.08966,1
28537,Morera,21/02/2011 10:12,Alto (> 8 mts),160,Grande,-68.8487128317,-32.8890213927,5,Residencial Sur,2423808.92355,0
46065,Acacia SP,27/09/2011 09:28,Alto (> 8 mts),150,Grande,-68.8223604387,-32.8738631822,4,Cuarta Este Área Fundacional,1822015.85685,0
20678,Fresno europeo,01/06/2011 10:41,Medio (4 - 8 mts),120,Grande,-68.8609594758,-32.8970521314,5,Residencial Sur,2423808.92355,0
46550,Morera,07/09/2011 11:31,Bajo (2 - 4 mts),20,Chico,-68.8328155611,-32.8684420466,4,Cuarta Oeste,1173332.70145,0
11386,Jacaranda,25/01/2011 11:05,Muy bajo (1 - 2 mts),2,Chico,-68.8492854837,-32.9003569299,2,Barrio Civico,2366816.36021,0
30779,Paraiso,02/02/2011 09:02,Medio (4 - 8 mts),52,Mediano,-68.8544625896,-32.8689086415,6,Residencial Norte,2694682.37982,0
45807,Fresno europeo,01/09/2011 10:50,Medio (4 - 8 mts),132,Grande,-68.8198487633,-32.8703439984,4,Cuarta Este Área Fundacional,1822015.85685,0
10309,Morera,01/12/2010 12:17,Alto (> 8 mts),140,Grande,-68.8462200677,-32.8712333398,6,Residencial Norte,2694682.37982,1
40837,Platano,08/04/2011 10:07,Alto (> 8 mts),182,Grande,-68.8406561452,-32.885497169,1,Parque Central,1655357.93265,0
11707,Morera,31/01/2011 11:25,Alto (> 8 mts),157,Grande,-68.8505290028,-32.8687589721,6,Residencial Norte,2694682.37982,1
31779,Paraiso sombrilla,27/06/2011 11:08,Medio (4 - 8 mts),135,Grande,-68.8588908076,-32.8898657943,5,Residencial Sur,2423808.92355,0
16955,Fresno europeo,16/08/2011 09:17,Bajo (2 - 4 mts),45,Mediano,-68.8373108343,-32.8660991219,4,Cuarta Oeste,1173332.70145,0
23414,Morera,26/01/2011 19:12,Alto (> 8 mts),182,Grande,-68.8501072229,-32.9021882664,2,Barrio Civico,2366816.36021,0
10658,Ligustro,18/03/2011 11:27,Bajo (2 - 4 mts),20,Chico,-68.8540880374,-32.8752730704,6,Residencial Norte,2694682.37982,0
22012,Morera,17/05/2011 12:15,Alto (> 8 mts),140,Grande,-68.8588870059,-32.8933029228,5,Residencial Sur,2423808.92355,0
34159,Morera,10/03/2011 13:01,Alto (> 8 mts),80,Grande,-68.8567933463,-32.8728680047,6,Residencial Norte,2694682.37982,0
45716,Morera,24/08/2011 12:02,Alto (> 8 mts),197,Grande,-68.8220231298,-32.8694292106,4,Cuarta Este Área Fundacional,1822015.85685,0
33646,Morera,11/05/2011 13:43,Muy bajo (1 - 2 mts),3,Chico,-68.8566466831,-32.8863500858,5,Residencial Sur,2423808.92355,0
15099,Paraiso,18/11/2011 09:22,Bajo (2 - 4 mts),33,Mediano,-68.8593833654,-32.8694443866,6,Residencial Norte,2694682.37982,0
35603,Paraiso,16/03/2011 13:10,Medio (4 - 8 mts),150,Grande,-68.8566496342,-32.8738613267,6,Residencial Norte,2694682.37982,0
47074,Morera,23/09/2011 11:54,Alto (> 8 mts),138,Grande,-68.8335354371,-32.8736124097,4,Cuarta Este Área Fundacional,1822015.85685,1
33183,Morera,08/06/2011 11:34,Alto (> 8 mts),110,Grande,-68.8544509254,-32.891438731,5,Residencial Sur,2423808.92355,1
30859,Fresno europeo,15/02/2011 12:46,Medio (4 - 8 mts),129,Grande,-68.8549581218,-32.8660246632,6,Residencial Norte,2694682.37982,0
30199,Fresno europeo,09/03/2011 09:46,Medio (4 - 8 mts),77,Grande,-68.8426001175,-32.888964866,3,Parque O'Higgins,1531146.02653,0
38149,Morera,21/10/2010 10:53,Bajo (2 - 4 mts),20,Chico,-68.8463281495,-32.8701787959,6,Residencial Norte,2694682.37982,0
39546,Morera,28/10/2010 13:35,Bajo (2 - 4 mts),28,Mediano,-68.84890194,-32.86892517,6,Residencial Norte,2694682.37982,0
36906,Morera,07/04/2011 11:59,Medio (4 - 8 mts),60,Mediano,-68.8595637299,-32.8789466892,7,Residencial Parque,1786336.08966,0
25430,Paraiso,11/02/2011 10:14,Alto (> 8 mts),90,Grande,-68.8362201239,-32.8997616906,2,Barrio Civico,2366816.36021,1
37585,Caducifolio,17/11/2010 10:16,Bajo (2 - 4 mts),50,Mediano,-68.8578033023,-32.8702647928,6,Residencial Norte,2694682.37982,0
4517,Prunas,01/08/2011 09:23,Muy bajo (1 - 2 mts),8,Chico,-68.8414158221,-32.8684765551,4,Cuarta Oeste,1173332.70145,0
35425,Fresno europeo,23/03/2011 12:31,Medio (4 - 8 mts),70,Grande,-68.8553480998,-32.8811348721,6,Residencial Norte,2694682.37982,0
22527,Morera,17/06/2011 09:44,Medio (4 - 8 mts),130,Grande,-68.8610781353,-32.8995266556,5,Residencial Sur,2423808.92355,0
7086,Fresno europeo,02/06/2011 13:20,Bajo (2 - 4 mts),40,Mediano,-68.860101404900007,-32.8969608709,5,Residencial Sur,2423808.92355,1
33266,Platano,29/06/2011 11:49,Alto (> 8 mts),190,Grande,-68.8560141065,-32.8908894267,5,Residencial Sur,2423808.92355,0
25622,Acer,15/02/2011 15:47,Medio (4 - 8 mts),98,Grande,-68.837991709,-32.9018307619,2,Barrio Civico,2366816.36021,0
22899,Fresno europeo,19/05/2011 16:13,Alto (> 8 mts),88,Grande,-68.8541338704,-32.8996300431,5,Residencial Sur,2423808.92355,0
18300,Morera,04/08/2011 10:35,Alto (> 8 mts),128,Grande,-68.8396106937,-32.8697547934,4,Cuarta Oeste,1173332.70145,0
45280,Fresno europeo,16/09/2011 10:00,Alto (> 8 mts),175,Grande,-68.8244270998,-32.8712693584,4,Cuarta Este Área Fundacional,1822015.85685,0
9298,Morera,23/02/2011 11:54,Alto (> 8 mts),200,Grande,-68.848080464,-32.8645881846,6,Residencial Norte,2694682.37982,0
42974,Platano,06/10/2011 18:18,Alto (> 8 mts),170,Grande,-68.8337556425,-32.8786107077,1,Parque Central,1655357.93265,1
24994,Olmo comun,16/02/2011 08:37,Bajo (2 - 4 mts),60,Mediano,-68.8370628265,-32.8967049039,2,Barrio Civico,2366816.36021,0
33373,Platano,19/05/2011 09:25,Alto (> 8 mts),160,Grande,-68.8576890898,-32.8917192817,5,Residencial Sur,2423808.92355,0
30789,Fresno europeo,14/02/2011 12:26,Medio (4 - 8 mts),82,Grande,-68.8561132443,-32.8648985047,6,Residencial Norte,2694682.37982,0
43862,Platano,07/10/2011 09:02,Alto (> 8 mts),200,Grande,-68.8307929105,-32.8838176161,3,Parque O'Higgins,1531146.02653,1
11596,Paraiso,10/05/2010 10:52,Medio (4 - 8 mts),6,Chico,-68.8525565554,-32.8669227187,6,Residencial Norte,2694682.37982,0
24525,Morera,27/01/2011 13:40,Medio (4 - 8 mts),101,Grande,-68.8423825272,-32.9012843595,2,Barrio Civico,2366816.36021,0
23041,Morera,14/06/2011 13:12,Bajo (2 - 4 mts),10,Chico,-68.8614276436,-32.9017018573,5,Residencial Sur,2423808.92355,0
25396,Morera,14/02/2011 13:23,Alto (> 8 mts),150,Grande,-68.8375724168,-32.9008213172,2,Barrio Civico,2366816.36021,0
45378,Morera,16/09/2011 14:29,Alto (> 8 mts),140,Grande,-68.8257974571,-32.8720879383,4,Cuarta Este Área Fundacional,1822015.85685,1
22962,Fresno europeo,01/06/2011 13:13,Medio (4 - 8 mts),56,Mediano,-68.856111822,-32.8994635385,5,Residencial Sur,2423808.92355,0
14022,Morera,29/11/2011 16:40,Bajo (2 - 4 mts),36,Mediano,-68.878869795,-32.8653304825,8,Aeroparque,2203364.73622,0
7898,Jacaranda,16/06/2011 09:29,Bajo (2 - 4 mts),30,Mediano,-68.8560808875,-32.8894855209,5,Residencial Sur,2423808.92355,0
17581,Morera,28/07/2011 09:25,Medio (4 - 8 mts),140,Grande,-68.8402156941,-32.8664050507,4,Cuarta Oeste,1173332.70145,0
36416,Morera,21/03/2011 09:26,Alto (> 8 mts),138,Grande,-68.8531788353,-32.8789629177,6,Residencial Norte,2694682.37982,1
4953,Ailanthus,15/07/2011 12:31,Bajo (2 - 4 mts),24,Mediano,-68.8433501157,-32.8686900483,4,Cuarta Oeste,1173332.70145,0
46134,Morera,27/09/2011 11:24,Alto (> 8 mts),140,Grande,-68.8238910926,-32.8743252535,4,Cuarta Este Área Fundacional,1822015.85685,1
38521,Paraiso,02/11/2010 12:08,Alto (> 8 mts),210,Grande,-68.8508276169,-32.8695851771,6,Residencial Norte,2694682.37982,0
35721,Fresno europeo,09/03/2011 09:12,Medio (4 - 8 mts),82,Grande,-68.8544515791,-32.8732556453,6,Residencial Norte,2694682.37982,0
42901,Fresno europeo,03/10/2011 08:12,Alto (> 8 mts),115,Grande,-68.8335217281,-32.8775815648,4,Cuarta Este Área Fundacional,1822015.85685,0
38838,Platano,09/12/2010 10:07,Alto (> 8 mts),270,Grande,-68.8491454575,-32.8716945676,6,Residencial Norte,2694682.37982,0
34127,Olmo bola,10/03/2011 09:37,Medio (4 - 8 mts),42,Mediano,-68.8561250377,-32.8729015924,6,Residencial Norte,2694682.37982,0
45551,Morera,08/09/2011 09:34,Medio (4 - 8 mts),41,Mediano,-68.8206034245,-32.870491903,4,Cuarta Este Área Fundacional,1822015.85685,0
39193,Morera,25/11/2010 09:00,Medio (4 - 8 mts),45,Mediano,-68.8535001629,-32.8731902438,6,Residencial Norte,2694682.37982,0
25032,Fresno americano,15/02/2011 08:39,Medio (4 - 8 mts),53,Mediano,-68.8360664787,-32.8968888846,2,Barrio Civico,2366816.36021,0
1845,Fresno europeo,17/11/2011 12:43,Bajo (2 - 4 mts),22,Mediano,-68.8594120179,-32.8721180992,6,Residencial Norte,2694682.37982,0
14330,Paraiso,01/12/2011 12:43,Bajo (2 - 4 mts),26,Mediano,-68.878047579,-32.8671198982,8,Aeroparque,2203364.73622,0
34974,Morera,04/04/2011 10:23,Alto (> 8 mts),112,Grande,-68.8561008458,-32.8806209792,7,Residencial Parque,1786336.08966,0
31910,Morera,01/06/2011 10:03,Bajo (2 - 4 mts),70,Grande,-68.8574216621,-32.8837995914,5,Residencial Sur,2423808.92355,0
28185,Tipa,23/02/2011 15:50,Alto (> 8 mts),136,Grande,-68.8489838472,-32.8917632593,2,Barrio Civico,2366816.36021,0
13051,Olmo comun,16/02/2011 12:08,Medio (4 - 8 mts),126,Grande,-68.8449649092,-32.8643922212,4,Cuarta Oeste,1173332.70145,0
3219,Fresno europeo,28/09/2011 08:21,Medio (4 - 8 mts),45,Mediano,-68.8242044718,-32.8734568098,4,Cuarta Este Área Fundacional,1822015.85685,0
26321,Platano,20/10/2011 12:09,Alto (> 8 mts),128,Grande,-68.8316561258,-32.8900695092,3,Parque O'Higgins,1531146.02653,0
8417,Fresno europeo,16/02/2011 19:19,Bajo (2 - 4 mts),56,Mediano,-68.8372516424,-32.9017513501,2,Barrio Civico,2366816.36021,0
7105,Fresno europeo,01/06/2011 11:14,Medio (4 - 8 mts),40,Mediano,-68.8610891804,-32.8969495233,5,Residencial Sur,2423808.92355,0
14240,Morera,07/12/2011 10:07,Bajo (2 - 4 mts),22,Mediano,-68.8775548402,-32.8667270541,8,Aeroparque,2203364.73622,0
39527,Morera,28/10/2010 11:26,Medio (4 - 8 mts),78,Grande,-68.8499967113,-32.8693627273,6,Residencial Norte,2694682.37982,0
4901,Paraiso,21/07/2011 10:22,Medio (4 - 8 mts),60,Mediano,-68.8424139485,-32.8637522514,4,Cuarta Oeste,1173332.70145,0
36665,Fresno europeo,03/06/2011 16:43,Medio (4 - 8 mts),120,Grande,-68.8594715055,-32.8824038899,7,Residencial Parque,1786336.08966,1
30867,Morera,15/02/2011 12:54,Medio (4 - 8 mts),75,Grande,-68.8552603967,-32.8656180818,6,Residencial Norte,2694682.37982,0
39937,Morera,28/04/2011 12:26,Bajo (2 - 4 mts),60,Mediano,-68.8443006866,-32.8761220796,1,Parque Central,1655357.93265,0
24415,Morera,21/01/2011 09:08,Alto (> 8 mts),170,Grande,-68.8453608263,-32.9036584449,2,Barrio Civico,2366816.36021,0
40196,Fresno americano,14/04/2011 12:04,Alto (> 8 mts),160,Grande,-68.8457971998,-32.883721606,1,Parque Central,1655357.93265,0
34241,Fresno europeo,23/03/2011 09:31,Bajo (2 - 4 mts),40,Mediano,-68.8529076722,-32.8748681421,6,Residencial Norte,2694682.37982,0
36253,Morera,17/03/2011 12:37,Alto (> 8 mts),165,Grande,-68.8535000951,-32.8786885917,6,Residencial Norte,2694682.37982,0
22679,Morera,12/05/2011 11:53,Muy bajo (1 - 2 mts),10,Chico,-68.853088785,-32.9003542357,2,Barrio Civico,2366816.36021,0
27960,Morera,03/11/2011 10:12,Alto (> 8 mts),170,Grande,-68.8360887949,-32.8938249692,3,Parque O'Higgins,1531146.02653,1
38977,Paraiso,28/12/2010 13:24,Medio (4 - 8 mts),140,Grande,-68.8556277295,-32.8712528917,6,Residencial Norte,2694682.37982,0
33191,Morera,11/05/2011 12:25,Alto (> 8 mts),150,Grande,-68.8565218522,-32.8917590606,5,Residencial Sur,2423808.92355,0
45657,Morera,19/09/2011 15:25,Alto (> 8 mts),180,Grande,-68.8207896193,-32.8720783548,4,Cuarta Este Área Fundacional,1822015.85685,1
11387,Morera,25/01/2011 08:05,Alto (> 8 mts),125,Grande,-68.8493102285,-32.8997176425,2,Barrio Civico,2366816.36021,0
5099,Morera,09/08/2011 09:57,Medio (4 - 8 mts),50,Mediano,-68.8429711728,-32.8678604595,4,Cuarta Oeste,1173332.70145,0
14181,Acer,30/11/2011 09:50,Bajo (2 - 4 mts),14,Chico,-68.8765181386,-32.8663768635,8,Aeroparque,2203364.73622,0
2367,Fresno europeo,01/11/2011 18:10,Bajo (2 - 4 mts),24,Mediano,-68.8356157057,-32.8860225202,3,Parque O'Higgins,1531146.02653,0
22215,Fresno europeo,18/05/2011 10:24,Alto (> 8 mts),98,Grande,-68.8560211157,-32.8993532637,5,Residencial Sur,2423808.92355,0
25238,Morera,09/02/2011 08:59,Alto (> 8 mts),170,Grande,-68.8387432693,-32.8976440847,2,Barrio Civico,2366816.36021,0
3269,Morera,05/10/2011 13:38,Medio (4 - 8 mts),38,Mediano,-68.8328376505,-32.878899575,4,Cuarta Este Área Fundacional,1822015.85685,0
26168,Morera,14/11/2011 17:08,Medio (4 - 8 mts),50,Mediano,-68.8298952386,-32.8872871007,3,Parque O'Higgins,1531146.02653,0
42119,Acer,04/05/2011 10:36,Medio (4 - 8 mts),60,Mediano,-68.8422066983,-32.8775427957,1,Parque Central,1655357.93265,0
41440,Morera,07/04/2011 13:44,Alto (> 8 mts),123,Grande,-68.8413446189,-32.8818196803,1,Parque Central,1655357.93265,0
35145,Morera,23/03/2011 13:08,Alto (> 8 mts),154,Grande,-68.8536291652,-32.8806467903,6,Residencial Norte,2694682.37982,0
27124,Platano,27/10/2011 08:37,Alto (> 8 mts),180,Grande,-68.8389253825,-32.8893024357,3,Parque O'Higgins,1531146.02653,0
35557,Fresno europeo,16/06/2011 09:37,Medio (4 - 8 mts),130,Grande,-68.8564636813,-32.8835971693,5,Residencial Sur,2423808.92355,0
36592,Paraiso sombrilla,07/06/2011 12:59,Bajo (2 - 4 mts),36,Mediano,-68.8573276826,-32.8834940809,5,Residencial Sur,2423808.92355,0
9185,Paraiso,02/03/2011 13:17,Alto (> 8 mts),170,Grande,-68.8504143047,-32.8659407138,6,Residencial Norte,2694682.37982,0
29058,Platano,18/04/2011 10:10,Alto (> 8 mts),220,Grande,-68.84492347,-32.8863551731,1,Parque Central,1655357.93265,0
26624,Platano,03/11/2011 10:52,Alto (> 8 mts),155,Grande,-68.8341435336,-32.8899742572,3,Parque O'Higgins,1531146.02653,0
10122,Prunas,30/12/2010 11:50,Bajo (2 - 4 mts),50,Mediano,-68.8559716038,-32.871374547,6,Residencial Norte,2694682.37982,0
497,Morera,07/03/2012 09:41,Alto (> 8 mts),150,Grande,-68.8219918879,-32.8678952473,4,Cuarta Este Área Fundacional,1822015.85685,0
6849,Morera,09/06/2011 13:55,Medio (4 - 8 mts),38,Mediano,-68.8574041169,-32.8956583685,5,Residencial Sur,2423808.92355,0
19761,Morera,11/08/2011 10:00,Alto (> 8 mts),200,Grande,-68.8352206802,-32.8696131727,4,Cuarta Oeste,1173332.70145,0
20587,Alamo blanco,30/05/2011 10:59,Alto (> 8 mts),102,Grande,-68.862687612,-32.8973494656,5,Residencial Sur,2423808.92355,0
25669,Platano,07/02/2011 09:42,Alto (> 8 mts),225,Grande,-68.8422328238,-32.9019224769,2,Barrio Civico,2366816.36021,0
36210,Paraiso,30/03/2011 12:48,Alto (> 8 mts),250,Grande,-68.8545726646,-32.8776274682,6,Residencial Norte,2694682.37982,0
44973,Morera,29/08/2011 09:33,Medio (4 - 8 mts),200,Grande,-68.8246284981,-32.8694312671,4,Cuarta Este Área Fundacional,1822015.85685,0
34587,Fresno europeo,17/01/2012 19:19,Bajo (2 - 4 mts),36,Mediano,-68.8489654988,-32.8748583948,6,Residencial Norte,2694682.37982,0
40988,Morera,14/04/2011 10:05,Alto (> 8 mts),146,Grande,-68.8381590171,-32.8804759539,1,Parque Central,1655357.93265,1
27824,Morera,02/11/2011 10:48,Alto (> 8 mts),168,Grande,-68.8361060223,-32.8944321894,3,Parque O'Higgins,1531146.02653,0
38455,Paraiso sombrilla,03/11/2010 12:37,Alto (> 8 mts),210,Grande,-68.8514610878,-32.8690922531,6,Residencial Norte,2694682.37982,0
44144,Morera,06/10/2011 16:49,Alto (> 8 mts),146,Grande,-68.8350555267,-32.8785262267,1,Parque Central,1655357.93265,1
877,Morera,17/01/2012 19:37,Muy bajo (1 - 2 mts),8,Chico,-68.848816248,-32.8742788744,6,Residencial Norte,2694682.37982,0
1904,Acacia SP,16/11/2011 12:57,Muy bajo (1 - 2 mts),3,Chico,-68.8588883053,-32.8688354764,6,Residencial Norte,2694682.37982,1
44470,Fresno europeo,17/10/2011 12:53,Medio (4 - 8 mts),100,Grande,-68.8366078872,-32.8838156999,3,Parque O'Higgins,1531146.02653,0
3922,Paraiso,01/09/2011 07:36,Medio (4 - 8 mts),100,Grande,-68.8230374359,-32.8708018115,4,Cuarta Este Área Fundacional,1822015.85685,0
47062,Morera,09/09/2011 14:53,Alto (> 8 mts),96,Grande,-68.8305993048,-32.8720151715,4,Cuarta Este Área Fundacional,1822015.85685,0
45141,Fresno europeo,01/09/2011 13:23,Alto (> 8 mts),145,Grande,-68.8243925918,-32.8703455245,4,Cuarta Este Área Fundacional,1822015.85685,0
19790,Olmo comun,10/08/2011 11:45,Alto (> 8 mts),140,Grande,-68.8343196561,-32.8698555086,4,Cuarta Oeste,1173332.70145,0
19558,Paraiso,26/07/2011 09:43,Alto (> 8 mts),160,Grande,-68.8382257921,-32.8712466666,4,Cuarta Oeste,1173332.70145,0
14738,Prunas,05/12/2011 12:03,Muy bajo (1 - 2 mts),10,Chico,-68.8790141473,-32.8698686122,8,Aeroparque,2203364.73622,0
44940,Morera,23/08/2011 10:06,Medio (4 - 8 mts),122,Grande,-68.8244226224,-32.868661743,4,Cuarta Este Área Fundacional,1822015.85685,1
36188,Morera,31/03/2011 10:03,Alto (> 8 mts),140,Grande,-68.8564777485,-32.8775491474,6,Residencial Norte,2694682.37982,0
12638,Prunas,17/01/2011 08:45,Bajo (2 - 4 mts),41,Mediano,-68.8463759704,-32.8629063448,4,Cuarta Oeste,1173332.70145,0
24143,Morera,25/01/2011 12:02,Alto (> 8 mts),220,Grande,-68.8459305381,-32.9022580081,2,Barrio Civico,2366816.36021,0
44404,Platano,18/10/2011 11:16,Alto (> 8 mts),150,Grande,-68.8380032233,-32.8856394742,3,Parque O'Higgins,1531146.02653,0
7020,Fresno americano,10/06/2011 12:11,Medio (4 - 8 mts),105,Grande,-68.853825065,-32.8973540547,5,Residencial Sur,2423808.92355,0
36250,Fresno americano,17/03/2011 12:44,Alto (> 8 mts),90,Grande,-68.8538468286,-32.8786288274,6,Residencial Norte,2694682.37982,0
11388,Morera,24/01/2011 13:12,Alto (> 8 mts),124,Grande,-68.8498114166,-32.8997175187,2,Barrio Civico,2366816.36021,0
14254,Morera,07/12/2011 10:39,Medio (4 - 8 mts),100,Grande,-68.8776582417,-32.867301987,8,Aeroparque,2203364.73622,0
42,Jacaranda,01/03/2012 12:43,Medio (4 - 8 mts),40,Mediano,-68.8555384332,-32.8966506469,5,Residencial Sur,2423808.92355,0
9293,Fresno europeo,23/02/2011 10:26,Bajo (2 - 4 mts),10,Chico,-68.8483253631,-32.8647819062,6,Residencial Norte,2694682.37982,0
5141,Acacia SP,08/08/2011 10:58,Muy bajo (1 - 2 mts),5,Chico,-68.8434422937,-32.8698624711,4,Cuarta Oeste,1173332.70145,0
42783,Olmo comun,30/09/2011 12:57,Alto (> 8 mts),130,Grande,-68.8295064516,-32.8781315089,4,Cuarta Este Área Fundacional,1822015.85685,1
15741,Liquidambar,22/11/2011 10:10,Alto (> 8 mts),95,Grande,-68.8728957756,-32.8795010458,7,Residencial Parque,1786336.08966,0
39398,Paraiso,12/11/2010 10:14,Medio (4 - 8 mts),140,Grande,-68.8561845966,-32.8693675596,6,Residencial Norte,2694682.37982,1
35048,Morera,22/03/2011 13:12,Alto (> 8 mts),150,Grande,-68.8536693485,-32.8802565639,6,Residencial Norte,2694682.37982,1
30629,Paraiso,07/02/2011 13:28,Medio (4 - 8 mts),100,Grande,-68.8581107215,-32.8675723205,6,Residencial Norte,2694682.37982,0
41282,Fresno europeo,11/04/2011 13:14,Medio (4 - 8 mts),60,Mediano,-68.8398569398,-32.880976918,1,Parque Central,1655357.93265,0
44655,Fresno europeo,19/08/2011 11:22,Medio (4 - 8 mts),100,Grande,-68.8227787464,-32.8677497382,4,Cuarta Este Área Fundacional,1822015.85685,0
31386,Fresno europeo,23/05/2011 12:57,Medio (4 - 8 mts),80,Grande,-68.851436746,-32.8843274192,1,Parque Central,1655357.93265,0
8446,Morera,09/02/2011 17:16,Medio (4 - 8 mts),82,Grande,-68.8362454771,-32.8980016265,2,Barrio Civico,2366816.36021,0
31588,Morera,10/06/2011 12:14,Alto (> 8 mts),80,Grande,-68.8602284809,-32.8889986047,5,Residencial Sur,2423808.92355,0
6773,Morera,23/05/2011 10:07,Alto (> 8 mts),124,Grande,-68.8571080446,-32.8950736446,5,Residencial Sur,2423808.92355,0
26503,Olmo comun,07/11/2011 08:46,Medio (4 - 8 mts),100,Grande,-68.8315249516,-32.8917169721,3,Parque O'Higgins,1531146.02653,0
28949,Fresno americano,25/04/2011 12:48,Alto (> 8 mts),180,Grande,-68.8456354216,-32.8860504705,1,Parque Central,1655357.93265,0
39472,Morera,10/11/2010 11:33,Alto (> 8 mts),90,Grande,-68.8544998135,-32.8703595205,6,Residencial Norte,2694682.37982,0
41234,Olmo comun,15/04/2011 11:13,Alto (> 8 mts),105,Grande,-68.8384639507,-32.8811160901,1,Parque Central,1655357.93265,0
25627,Paraiso,15/02/2011 15:35,Alto (> 8 mts),108,Grande,-68.8378860117,-32.9013942764,2,Barrio Civico,2366816.36021,0
19417,Paraiso,04/07/2011 11:47,Medio (4 - 8 mts),120,Grande,-68.8359178653,-32.8723852053,4,Cuarta Oeste,1173332.70145,0
23365,Morera,28/01/2011 13:33,Alto (> 8 mts),114,Grande,-68.8507874686,-32.9024095216,2,Barrio Civico,2366816.36021,1
15655,Caducifolio,15/11/2011 17:20,Muy bajo (1 - 2 mts),14,Chico,-68.8621581255,-32.8716535078,7,Residencial Parque,1786336.08966,0
46993,Alamo blanco,08/09/2011 12:51,Alto (> 8 mts),145,Grande,-68.8316651158,-32.8717912896,4,Cuarta Este Área Fundacional,1822015.85685,0
41546,Fresno europeo,06/05/2011 10:24,Bajo (2 - 4 mts),16,Chico,-68.8392986387,-32.8796774414,1,Parque Central,1655357.93265,0
43099,Morera,04/10/2011 10:19,Muy bajo (1 - 2 mts),6,Chico,-68.8279609006,-32.8782090455,4,Cuarta Este Área Fundacional,1822015.85685,0
35019,Platano,31/03/2011 09:33,Alto (> 8 mts),143,Grande,-68.8563486725,-32.8803263951,7,Residencial Parque,1786336.08966,0
23510,Morera,17/01/2011 17:30,Alto (> 8 mts),96,Grande,-68.8483279554,-32.902111349,2,Barrio Civico,2366816.36021,0
22923,Platano,19/05/2011 15:13,Alto (> 8 mts),164,Grande,-68.8556733172,-32.899958832,5,Residencial Sur,2423808.92355,0
10722,Morera,07/04/2011 09:08,Alto (> 8 mts),124,Grande,-68.8589497378,-32.8759396896,7,Residencial Parque,1786336.08966,0
20527,Fresno europeo,03/06/2011 09:48,Medio (4 - 8 mts),57,Mediano,-68.8594256754,-32.8979424888,5,Residencial Sur,2423808.92355,0
17282,Fresno europeo,04/08/2011 13:33,Medio (4 - 8 mts),55,Mediano,-68.8368156147,-32.8654726564,4,Cuarta Oeste,1173332.70145,0
42245,Alamo blanco,28/04/2011 13:57,Alto (> 8 mts),150,Grande,-68.8390048152,-32.8744262798,1,Parque Central,1655357.93265,0
18132,Morera,27/07/2011 10:12,Alto (> 8 mts),92,Grande,-68.8417185525,-32.8691352684,4,Cuarta Oeste,1173332.70145,1
21674,Fresno europeo,07/06/2011 12:16,Alto (> 8 mts),130,Grande,-68.8548690498,-32.8969072179,5,Residencial Sur,2423808.92355,0
8688,Morera,09/02/2011 09:25,Alto (> 8 mts),70,Grande,-68.839241262,-32.9005151077,2,Barrio Civico,2366816.36021,0
32033,Morera,09/06/2011 13:58,Medio (4 - 8 mts),70,Grande,-68.8594111104,-32.8880369123,5,Residencial Sur,2423808.92355,1
15450,Aguaribay,18/11/2011 11:55,Bajo (2 - 4 mts),38,Mediano,-68.8597313469,-32.8715607633,6,Residencial Norte,2694682.37982,0
27217,Fresno europeo,26/10/2011 09:16,Medio (4 - 8 mts),60,Mediano,-68.836974458,-32.8898732032,3,Parque O'Higgins,1531146.02653,0
17195,Morera,01/07/2011 10:58,Alto (> 8 mts),190,Grande,-68.8361293197,-32.8625702658,4,Cuarta Oeste,1173332.70145,1
14241,Acer,07/12/2011 10:04,Bajo (2 - 4 mts),35,Mediano,-68.8775675264,-32.8667670829,8,Aeroparque,2203364.73622,0
44348,Platano,18/10/2011 11:15,Alto (> 8 mts),280,Grande,-68.8361688228,-32.8835348597,3,Parque O'Higgins,1531146.02653,1
5829,Paraiso,03/05/2011 11:12,Medio (4 - 8 mts),82,Grande,-68.8432271348,-32.8741179544,1,Parque Central,1655357.93265,0
17771,Paraiso,22/07/2011 09:51,Muy bajo (1 - 2 mts),28,Mediano,-68.8426404637,-32.8670477865,4,Cuarta Oeste,1173332.70145,0
4888,Caducifolio,15/07/2011 11:03,Bajo (2 - 4 mts),25,Mediano,-68.84460124,-32.8715387503,6,Residencial Norte,2694682.37982,0
33473,Platano,15/06/2011 09:57,Alto (> 8 mts),150,Grande,-68.8564520694,-32.8897004185,5,Residencial Sur,2423808.92355,0
30635,Alamo blanco,07/02/2011 13:20,Alto (> 8 mts),250,Grande,-68.8581815195,-32.8673294841,6,Residencial Norte,2694682.37982,0
29364,Morera,20/04/2011 10:42,Alto (> 8 mts),116,Grande,-68.8425337136,-32.8870599251,1,Parque Central,1655357.93265,0
43331,Acacia SP,05/10/2011 11:45,Medio (4 - 8 mts),101,Grande,-68.8323887588,-32.8793746011,4,Cuarta Este Área Fundacional,1822015.85685,1
38661,Paraiso,16/12/2010 11:27,Alto (> 8 mts),210,Grande,-68.851682229,-32.8706528077,6,Residencial Norte,2694682.37982,0
2282,Paraiso,03/11/2011 11:42,Medio (4 - 8 mts),132,Grande,-68.8382970831,-32.8942232474,2,Barrio Civico,2366816.36021,1
36977,Morera,07/04/2011 16:46,Medio (4 - 8 mts),32,Mediano,-68.8569537342,-32.8785883534,7,Residencial Parque,1786336.08966,0
6390,Fresno europeo,19/05/2011 10:48,Medio (4 - 8 mts),60,Mediano,-68.8511213341,-32.8874647601,5,Residencial Sur,2423808.92355,0
41301,Fresno europeo,11/04/2011 10:11,Medio (4 - 8 mts),60,Mediano,-68.8403078907,-32.8819072678,1,Parque Central,1655357.93265,0
4846,Fresno europeo,27/07/2011 11:10,Medio (4 - 8 mts),64,Grande,-68.8385373714,-32.8659183828,4,Cuarta Oeste,1173332.70145,0
2793,Fresno europeo,20/10/2011 16:49,Muy bajo (1 - 2 mts),9,Chico,-68.8352713866,-32.8809824547,1,Parque Central,1655357.93265,0
10163,Paraiso,23/12/2010 13:09,Bajo (2 - 4 mts),33,Mediano,-68.8548220305,-32.8713993177,6,Residencial Norte,2694682.37982,0
16483,Paraiso,05/08/2011 09:11,Alto (> 8 mts),52,Mediano,-68.8421838212,-32.8651093787,4,Cuarta Oeste,1173332.70145,0
41439,Morera,07/04/2011 13:47,Alto (> 8 mts),90,Grande,-68.8414135602,-32.8818114721,1,Parque Central,1655357.93265,0
35200,Morera,23/03/2011 10:55,Alto (> 8 mts),117,Grande,-68.8523636658,-32.882222253,1,Parque Central,1655357.93265,0
16908,Morera,27/07/2011 10:54,Medio (4 - 8 mts),41,Mediano,-68.8388182058,-32.8662830954,4,Cuarta Oeste,1173332.70145,0
84,Fresno americano,29/02/2012 11:01,Bajo (2 - 4 mts),24,Mediano,-68.8566761685,-32.9018764604,5,Residencial Sur,2423808.92355,0
42710,Paraiso,30/09/2011 11:59,Alto (> 8 mts),190,Grande,-68.8287921578,-32.8778245888,4,Cuarta Este Área Fundacional,1822015.85685,0
2031,Morera,01/11/2011 08:55,Medio (4 - 8 mts),100,Grande,-68.8343861031,-32.8949244421,3,Parque O'Higgins,1531146.02653,0
7694,Paraiso,24/05/2011 11:45,Medio (4 - 8 mts),150,Grande,-68.852802659,-32.8843827093,5,Residencial Sur,2423808.92355,0
17230,Fresno americano,12/08/2011 09:34,Medio (4 - 8 mts),110,Grande,-68.8355601318,-32.8646959471,4,Cuarta Oeste,1173332.70145,0
12718,Morera,19/01/2011 11:29,Alto (> 8 mts),160,Grande,-68.8472897383,-32.8628016333,4,Cuarta Oeste,1173332.70145,0
20772,Paraiso,31/05/2011 11:23,Medio (4 - 8 mts),62,Grande,-68.861208452,-32.8957325417,5,Residencial Sur,2423808.92355,0
26750,Morera,11/01/2012 12:30,Alto (> 8 mts),130,Grande,-68.8346684662,-32.8951348844,3,Parque O'Higgins,1531146.02653,0
13182,Acer,21/02/2011 10:53,Muy bajo (1 - 2 mts),12,Chico,-68.8469982106,-32.8658321509,4,Cuarta Oeste,1173332.70145,0
24729,Morera,17/02/2011 10:12,Alto (> 8 mts),170,Grande,-68.8399461989,-32.8991229794,2,Barrio Civico,2366816.36021,0
24366,Acer,26/01/2011 09:42,Alto (> 8 mts),60,Mediano,-68.8452287679,-32.9024116009,2,Barrio Civico,2366816.36021,0
39528,Paraiso,28/10/2010 11:22,Alto (> 8 mts),220,Grande,-68.8498633768,-32.8693886237,6,Residencial Norte,2694682.37982,0
364,Morera,06/03/2012 12:58,Medio (4 - 8 mts),130,Grande,-68.8202869224,-32.8671893997,4,Cuarta Este Área Fundacional,1822015.85685,0
40756,Platano,15/04/2011 10:57,Alto (> 8 mts),195,Grande,-68.8425689475,-32.8854467522,1,Parque Central,1655357.93265,0
43887,Platano,11/10/2011 09:42,Alto (> 8 mts),310,Grande,-68.8333906425,-32.8837347215,3,Parque O'Higgins,1531146.02653,0
34095,Paraiso sombrilla,31/05/2011 08:49,Bajo (2 - 4 mts),110,Grande,-68.8574153548,-32.8843348289,5,Residencial Sur,2423808.92355,0
993,Paraiso,16/01/2012 08:59,Medio (4 - 8 mts),78,Grande,-68.8356736335,-32.8679594505,4,Cuarta Oeste,1173332.70145,0
19980,Paraiso,05/08/2011 08:41,Medio (4 - 8 mts),117,Grande,-68.8325477814,-32.8639620689,4,Cuarta Oeste,1173332.70145,0
3301,Fresno europeo,29/09/2011 14:13,Bajo (2 - 4 mts),40,Mediano,-68.8228792267,-32.8733952933,4,Cuarta Este Área Fundacional,1822015.85685,0
36431,Morera,18/03/2011 12:43,Alto (> 8 mts),145,Grande,-68.853156089,-32.8798709394,6,Residencial Norte,2694682.37982,0
31952,Morera,02/06/2011 13:34,Medio (4 - 8 mts),130,Grande,-68.8606463321,-32.8841371227,5,Residencial Sur,2423808.92355,0
3753,Paraiso,29/08/2011 12:00,Muy bajo (1 - 2 mts),8,Chico,-68.8186279385,-32.870097428,4,Cuarta Este Área Fundacional,1822015.85685,0
30718,Morera,07/02/2011 09:06,Alto (> 8 mts),150,Grande,-68.856175607,-32.8667951038,6,Residencial Norte,2694682.37982,1
19116,Caducifolio,27/07/2011 08:50,Muy bajo (1 - 2 mts),8,Chico,-68.8412122487,-32.871611802,4,Cuarta Oeste,1173332.70145,0
21006,Fresno europeo,22/06/2011 09:21,Medio (4 - 8 mts),70,Grande,-68.8625997951,-32.9009212953,5,Residencial Sur,2423808.92355,0
36327,Morera,01/04/2011 13:02,Bajo (2 - 4 mts),60,Mediano,-68.8533181565,-32.8776245606,6,Residencial Norte,2694682.37982,0
48115,Morera,29/09/2011 09:04,Alto (> 8 mts),134,Grande,-68.8254904749,-32.8667959183,4,Cuarta Este Área Fundacional,1822015.85685,0
14339,Paraiso sombrilla,01/12/2011 12:53,Bajo (2 - 4 mts),36,Mediano,-68.8777263151,-32.8669368678,8,Aeroparque,2203364.73622,0
1593,Morera,24/11/2011 10:35,Medio (4 - 8 mts),60,Mediano,-68.8722476815,-32.879616824,7,Residencial Parque,1786336.08966,0
9410,Morera,14/02/2011 12:43,Medio (4 - 8 mts),84,Grande,-68.8564280185,-32.8649200246,6,Residencial Norte,2694682.37982,0
40100,Morera,15/04/2011 08:54,Medio (4 - 8 mts),120,Grande,-68.8449524767,-32.8802532755,1,Parque Central,1655357.93265,0
34444,Morera,09/03/2011 12:21,Alto (> 8 mts),144,Grande,-68.8503343078,-32.8744764595,6,Residencial Norte,2694682.37982,0
17903,Morera,01/08/2011 09:48,Alto (> 8 mts),135,Grande,-68.8363252474,-32.8670244404,4,Cuarta Oeste,1173332.70145,0
36731,Morera,09/06/2011 13:29,Medio (4 - 8 mts),100,Grande,-68.8587201647,-32.8814555166,7,Residencial Parque,1786336.08966,0
6901,Morera,24/05/2011 12:31,Muy bajo (1 - 2 mts),13,Chico,-68.8607903736,-32.8954141858,5,Residencial Sur,2423808.92355,0
14386,Paraiso sombrilla,02/12/2011 10:28,Medio (4 - 8 mts),90,Grande,-68.8779619188,-32.8672470989,8,Aeroparque,2203364.73622,0
18732,Morera,12/07/2011 19:15,Alto (> 8 mts),140,Grande,-68.8362106954,-32.8729936914,4,Cuarta Oeste,1173332.70145,0
9453,Morera,09/02/2011 12:17,Bajo (2 - 4 mts),10,Chico,-68.8581107492,-32.8659077652,6,Residencial Norte,2694682.37982,0
44753,Fresno europeo,24/08/2011 12:03,Bajo (2 - 4 mts),30,Mediano,-68.8229780711,-32.8686584801,4,Cuarta Este Área Fundacional,1822015.85685,0
32007,Morera,03/06/2011 11:07,Alto (> 8 mts),150,Grande,-68.858237508,-32.8872676163,5,Residencial Sur,2423808.92355,0
19312,Perenne,13/07/2011 09:56,Muy bajo (1 - 2 mts),200,Grande,-68.8361594432,-32.8704255194,4,Cuarta Oeste,1173332.70145,0
21182,Platano,06/05/2011 09:43,Alto (> 8 mts),190,Grande,-68.8516965345,-32.8930052349,5,Residencial Sur,2423808.92355,0
2022,Morera,02/11/2011 08:46,Bajo (2 - 4 mts),22,Mediano,-68.8329436474,-32.894617018,3,Parque O'Higgins,1531146.02653,0
39372,Morera,30/11/2010 11:50,Alto (> 8 mts),160,Grande,-68.8567172564,-32.8726091313,6,Residencial Norte,2694682.37982,0
39655,Morera,22/10/2010 10:09,Alto (> 8 mts),110,Grande,-68.8465264143,-32.8686486048,6,Residencial Norte,2694682.37982,0
18317,Platano,03/08/2011 08:57,Alto (> 8 mts),240,Grande,-68.837655201,-32.8683792608,4,Cuarta Oeste,1173332.70145,0
17792,Paraiso,22/07/2011 13:15,Medio (4 - 8 mts),53,Mediano,-68.8429065341,-32.868184617,4,Cuarta Oeste,1173332.70145,0
38121,Fresno europeo,03/12/2010 11:48,Alto (> 8 mts),230,Grande,-68.8460704012,-32.8729834748,6,Residencial Norte,2694682.37982,0
7608,Morera,03/06/2011 16:41,Bajo (2 - 4 mts),26,Mediano,-68.8593803539,-32.8824201856,7,Residencial Parque,1786336.08966,0
5638,Platano,02/05/2011 13:47,Bajo (2 - 4 mts),18,Chico,-68.8388984743,-32.8768961618,1,Parque Central,1655357.93265,0
27767,Acacia SP,03/11/2011 10:53,Alto (> 8 mts),115,Grande,-68.8347261837,-32.894379958,3,Parque O'Higgins,1531146.02653,0
21807,Morera,13/05/2011 10:17,Alto (> 8 mts),160,Grande,-68.8568958994,-32.8941184372,5,Residencial Sur,2423808.92355,1
12042,Morera,05/05/2010 10:53,Medio (4 - 8 mts),147,Grande,-68.85375102,-32.8668980636,6,Residencial Norte,2694682.37982,0
21053,Olmo comun,24/06/2011 09:44,Alto (> 8 mts),160,Grande,-68.8637193645,-32.8996352674,5,Residencial Sur,2423808.92355,0
46931,Morera,07/09/2011 10:36,Alto (> 8 mts),105,Grande,-68.8330390064,-32.8706459335,4,Cuarta Este Área Fundacional,1822015.85685,1
27372,Maiten,20/10/2011 12:50,Bajo (2 - 4 mts),60,Mediano,-68.8355740681,-32.8876367977,3,Parque O'Higgins,1531146.02653,0
21044,Alamo criollo,24/06/2011 10:06,Alto (> 8 mts),160,Grande,-68.863891188,-32.9002863244,5,Residencial Sur,2423808.92355,1
33460,Fresno europeo,15/06/2011 10:54,Alto (> 8 mts),140,Grande,-68.8574468333,-32.8891698287,5,Residencial Sur,2423808.92355,0
29041,Morera,18/04/2011 12:28,Alto (> 8 mts),185,Grande,-68.8439684709,-32.8871608193,1,Parque Central,1655357.93265,1
34268,Morera,04/03/2011 10:11,Medio (4 - 8 mts),124,Grande,-68.8526546625,-32.8738858094,6,Residencial Norte,2694682.37982,0
31995,Fresno americano,03/06/2011 12:23,Alto (> 8 mts),95,Grande,-68.8589375617,-32.887496123,5,Residencial Sur,2423808.92355,0
8225,Olmo comun,03/03/2011 20:07,Alto (> 8 mts),138,Grande,-68.8414353566,-32.8929089227,2,Barrio Civico,2366816.36021,0
16004,Morera,11/08/2011 08:59,Alto (> 8 mts),140,Grande,-68.8437222068,-32.8722625596,4,Cuarta Oeste,1173332.70145,0
10336,Catalpa,30/11/2010 10:42,Bajo (2 - 4 mts),45,Mediano,-68.8560035989,-32.8722836108,6,Residencial Norte,2694682.37982,0
2593,Fresno europeo,27/10/2011 17:41,Bajo (2 - 4 mts),40,Mediano,-68.8309017428,-32.8813142829,3,Parque O'Higgins,1531146.02653,0
9280,Fresno europeo,22/02/2011 13:33,Medio (4 - 8 mts),66,Grande,-68.8478416181,-32.8661735289,6,Residencial Norte,2694682.37982,0
232,Paraiso,06/03/2012 09:35,Medio (4 - 8 mts),90,Grande,-68.8381238125,-32.8703090495,4,Cuarta Oeste,1173332.70145,0
20165,Fresno europeo,13/05/2011 09:53,Medio (4 - 8 mts),86,Grande,-68.859153206,-32.8924742647,5,Residencial Sur,2423808.92355,0
14516,Acacia SP,30/11/2011 16:39,Bajo (2 - 4 mts),100,Grande,-68.8789596912,-32.8656652888,8,Aeroparque,2203364.73622,0
10007,Paraiso,04/11/2010 09:49,Alto (> 8 mts),75,Grande,-68.8516124117,-32.8692823242,6,Residencial Norte,2694682.37982,0
11495,Acer,18/02/2011 12:48,Alto (> 8 mts),180,Grande,-68.8534211221,-32.8650793451,6,Residencial Norte,2694682.37982,0
10766,Fresno europeo,04/04/2011 12:23,Medio (4 - 8 mts),100,Grande,-68.8528473826,-32.8767366962,6,Residencial Norte,2694682.37982,0
36289,Morera,04/04/2011 10:04,Medio (4 - 8 mts),160,Grande,-68.8543050083,-32.8771672777,6,Residencial Norte,2694682.37982,0
45107,Morera,31/08/2011 16:07,Alto (> 8 mts),168,Grande,-68.8251925537,-32.8702077146,4,Cuarta Este Área Fundacional,1822015.85685,1
3869,Morera,31/08/2011 10:37,Bajo (2 - 4 mts),45,Mediano,-68.828513936,-32.8694688226,4,Cuarta Este Área Fundacional,1822015.85685,0
42102,Paraiso,04/05/2011 10:00,Medio (4 - 8 mts),85,Grande,-68.8430272258,-32.8769304179,1,Parque Central,1655357.93265,0
14749,Paraiso sombrilla,05/12/2011 11:14,Bajo (2 - 4 mts),66,Grande,-68.8783003669,-32.8686709611,8,Aeroparque,2203364.73622,0
21602,Caducifolio,12/05/2011 09:27,Muy bajo (1 - 2 mts),15,Chico,-68.855233053,-32.8944495746,5,Residencial Sur,2423808.92355,0
26403,Morera,28/10/2011 09:44,Alto (> 8 mts),168,Grande,-68.8342616405,-32.8896231149,3,Parque O'Higgins,1531146.02653,0
37596,Platano,17/11/2010 11:21,Bajo (2 - 4 mts),105,Grande,-68.8581546201,-32.8701320114,6,Residencial Norte,2694682.37982,1
24524,Olmo comun,10/01/2011 09:18,Alto (> 8 mts),164,Grande,-68.846612075,-32.9030036301,2,Barrio Civico,2366816.36021,0
36334,Olmo comun,18/03/2011 10:21,Medio (4 - 8 mts),120,Grande,-68.852621355,-32.8788558262,6,Residencial Norte,2694682.37982,0
43822,Fresno europeo,18/10/2011 13:01,Medio (4 - 8 mts),100,Grande,-68.8311030327,-32.8815646159,3,Parque O'Higgins,1531146.02653,0
10975,Fresno europeo,08/04/2011 10:40,Medio (4 - 8 mts),33,Mediano,-68.8565816994,-32.8812474174,7,Residencial Parque,1786336.08966,0
33720,Morera,11/05/2011 10:03,Alto (> 8 mts),187,Grande,-68.8578549365,-32.8871202062,5,Residencial Sur,2423808.92355,0
27598,Morera,07/11/2011 09:24,Alto (> 8 mts),119,Grande,-68.8386186785,-32.8943029097,2,Barrio Civico,2366816.36021,0
31083,Morera,09/02/2011 09:38,Medio (4 - 8 mts),140,Grande,-68.8544815134,-32.8651345666,6,Residencial Norte,2694682.37982,0
39460,Paraiso,11/11/2010 11:41,Medio (4 - 8 mts),107,Grande,-68.8556822171,-32.870410422,6,Residencial Norte,2694682.37982,1
36128,Morera,04/04/2011 09:54,Alto (> 8 mts),134,Grande,-68.8524221785,-32.8778021322,6,Residencial Norte,2694682.37982,0
46846,Platano,15/09/2011 13:36,Alto (> 8 mts),160,Grande,-68.8344848475,-32.8723984884,4,Cuarta Este Área Fundacional,1822015.85685,0
2099,Ailanthus,19/10/2011 09:43,Medio (4 - 8 mts),95,Grande,-68.8305769597,-32.8887812941,3,Parque O'Higgins,1531146.02653,0
33649,Paraiso,16/05/2011 10:00,Medio (4 - 8 mts),127,Grande,-68.8567930025,-32.8865524597,5,Residencial Sur,2423808.92355,0
37723,Fresno europeo,14/01/2012 10:17,Medio (4 - 8 mts),80,Grande,-68.8512738716,-32.8727792241,6,Residencial Norte,2694682.37982,0
34684,Morera,31/03/2011 10:22,Alto (> 8 mts),133,Grande,-68.8495560443,-32.8766315062,6,Residencial Norte,2694682.37982,0
7841,Acer,13/06/2011 09:44,Medio (4 - 8 mts),90,Grande,-68.8498648404,-32.8863910857,5,Residencial Sur,2423808.92355,1
28398,Fresno americano,14/03/2011 09:58,Alto (> 8 mts),79,Grande,-68.8493362018,-32.8880435319,5,Residencial Sur,2423808.92355,0
29575,Morera,04/03/2011 10:10,Alto (> 8 mts),64,Grande,-68.8447865522,-32.8918473984,2,Barrio Civico,2366816.36021,0
38095,Fresno europeo,06/12/2010 11:16,Alto (> 8 mts),160,Grande,-68.8480171747,-32.872628705,6,Residencial Norte,2694682.37982,0
16042,Paraiso,15/08/2011 13:14,Alto (> 8 mts),160,Grande,-68.8453371012,-32.8713123776,6,Residencial Norte,2694682.37982,0
37797,Morera,10/12/2010 10:48,Alto (> 8 mts),195,Grande,-68.8495427795,-32.8719809733,6,Residencial Norte,2694682.37982,0
36896,Morera,07/04/2011 13:00,Alto (> 8 mts),140,Grande,-68.8597632155,-32.8798329124,7,Residencial Parque,1786336.08966,1
34705,Fresno europeo,01/04/2011 12:07,Alto (> 8 mts),180,Grande,-68.8498678694,-32.8772908601,6,Residencial Norte,2694682.37982,0
29874,Platano,11/03/2011 12:59,Alto (> 8 mts),200,Grande,-68.8422566159,-32.8915831282,2,Barrio Civico,2366816.36021,0
22338,Morera,17/06/2011 10:54,Alto (> 8 mts),100,Grande,-68.858297135,-32.8984762133,5,Residencial Sur,2423808.92355,0
8266,Platano,09/03/2011 19:08,Alto (> 8 mts),110,Grande,-68.8453443167,-32.8918863753,2,Barrio Civico,2366816.36021,0
8951,Jacaranda,21/01/2011 13:50,Muy bajo (1 - 2 mts),30,Mediano,-68.8476220021,-32.8671355766,6,Residencial Norte,2694682.37982,0
43106,Fresno europeo,04/10/2011 09:46,Bajo (2 - 4 mts),35,Mediano,-68.8293847471,-32.8780718312,4,Cuarta Este Área Fundacional,1822015.85685,0
44210,Platano,14/10/2011 09:56,Alto (> 8 mts),230,Grande,-68.835237311,-32.8828863436,3,Parque O'Higgins,1531146.02653,0
2672,Acacia SP,12/10/2011 14:45,Medio (4 - 8 mts),120,Grande,-68.8325117137,-32.8847177427,3,Parque O'Higgins,1531146.02653,0
7686,Morera,26/05/2011 13:03,Bajo (2 - 4 mts),80,Grande,-68.8545244216,-32.8840353586,5,Residencial Sur,2423808.92355,0
27746,Morera,31/10/2011 09:21,Medio (4 - 8 mts),126,Grande,-68.8355660708,-32.8957847388,2,Barrio Civico,2366816.36021,0
27293,Fresno americano,01/11/2011 09:33,Bajo (2 - 4 mts),90,Grande,-68.8350352455,-32.8887240693,3,Parque O'Higgins,1531146.02653,0
35166,Platano,30/03/2011 10:03,Alto (> 8 mts),194,Grande,-68.8516875204,-32.8816715845,1,Parque Central,1655357.93265,1
16523,Paraiso,19/07/2011 11:29,Alto (> 8 mts),165,Grande,-68.8415118546,-32.8642859127,4,Cuarta Oeste,1173332.70145,0
20206,Fresno europeo,26/05/2011 13:23,Medio (4 - 8 mts),80,Grande,-68.8599896477,-32.8946658963,5,Residencial Sur,2423808.92355,0
31867,Morera,29/06/2011 10:41,Alto (> 8 mts),57,Mediano,-68.8602034828,-32.8891719487,5,Residencial Sur,2423808.92355,0
22768,Morera,29/06/2011 15:32,Alto (> 8 mts),152,Grande,-68.8550848281,-32.9017259555,5,Residencial Sur,2423808.92355,1
27572,Morera,28/10/2011 11:19,Medio (4 - 8 mts),77,Grande,-68.8382766447,-32.8929633667,2,Barrio Civico,2366816.36021,0
2172,Paraiso sombrilla,09/11/2011 17:46,Medio (4 - 8 mts),80,Grande,-68.8326246509,-32.8875057124,3,Parque O'Higgins,1531146.02653,0
17332,Morera,08/08/2011 10:01,Alto (> 8 mts),140,Grande,-68.8345891556,-32.8657719617,4,Cuarta Oeste,1173332.70145,0
47551,Morera,19/09/2011 09:03,Alto (> 8 mts),185,Grande,-68.8272660081,-32.8712174579,4,Cuarta Este Área Fundacional,1822015.85685,0
13425,Morera,28/02/2011 12:03,Alto (> 8 mts),160,Grande,-68.8493172157,-32.8653683329,6,Residencial Norte,2694682.37982,0
35140,Olmo comun,23/03/2011 13:18,Alto (> 8 mts),150,Grande,-68.8535276753,-32.8802759882,6,Residencial Norte,2694682.37982,0
8153,Platano,02/03/2011 13:27,Alto (> 8 mts),144,Grande,-68.8460536911,-32.8916197431,2,Barrio Civico,2366816.36021,0
9482,Morera,02/02/2011 12:47,Alto (> 8 mts),84,Grande,-68.8528235235,-32.8638284691,6,Residencial Norte,2694682.37982,0
24058,Morera,21/01/2011 09:31,Alto (> 8 mts),140,Grande,-68.8459278853,-32.9006412036,2,Barrio Civico,2366816.36021,0
34715,Paraiso sombrilla,31/03/2011 13:27,Alto (> 8 mts),160,Grande,-68.8508861976,-32.8771504898,6,Residencial Norte,2694682.37982,0
14239,Acer,07/12/2011 10:12,Bajo (2 - 4 mts),25,Mediano,-68.8775446047,-32.8666918446,8,Aeroparque,2203364.73622,0
34251,Morera,22/03/2011 13:04,Alto (> 8 mts),170,Grande,-68.85271724,-32.8755247118,6,Residencial Norte,2694682.37982,0
16560,Morera,27/07/2011 09:46,Alto (> 8 mts),200,Grande,-68.8409822954,-32.8658707814,4,Cuarta Oeste,1173332.70145,0
48144,Fresno europeo,17/08/2011 10:42,Medio (4 - 8 mts),115,Grande,-68.8302499901,-32.8678659995,4,Cuarta Este Área Fundacional,1822015.85685,0
23381,Fresno americano,28/01/2011 09:35,Alto (> 8 mts),210,Grande,-68.8494100309,-32.9025212126,2,Barrio Civico,2366816.36021,0
12434,Morera,24/01/2011 12:28,Alto (> 8 mts),210,Grande,-68.8488956452,-32.866602575899996,6,Residencial Norte,2694682.37982,0
37891,Fresno europeo,24/11/2010 09:30,Alto (> 8 mts),115,Grande,-68.8507589147,-32.8730923255,6,Residencial Norte,2694682.37982,0
3037,Fresno europeo,15/09/2011 12:33,Bajo (2 - 4 mts),55,Mediano,-68.8277578221,-32.8721102675,4,Cuarta Este Área Fundacional,1822015.85685,0
3758,Fresno europeo,29/08/2011 11:42,Medio (4 - 8 mts),30,Mediano,-68.8183474659,-32.8698210757,4,Cuarta Este Área Fundacional,1822015.85685,0
41978,Morera,20/04/2011 14:13,Medio (4 - 8 mts),52,Mediano,-68.8378412656,-32.8798006252,1,Parque Central,1655357.93265,0
43406,Fresno europeo,27/10/2011 13:34,Bajo (2 - 4 mts),70,Grande,-68.8312469767,-32.881287776,3,Parque O'Higgins,1531146.02653,0
9053,Fresno europeo,15/02/2011 12:13,Alto (> 8 mts),60,Mediano,-68.8555006964,-32.8661452021,6,Residencial Norte,2694682.37982,0
33260,Morera,29/06/2011 12:14,Alto (> 8 mts),145,Grande,-68.8561615714,-32.890307193700004,5,Residencial Sur,2423808.92355,0
14452,Paraiso sombrilla,02/12/2011 08:41,Bajo (2 - 4 mts),60,Mediano,-68.8778274629,-32.8673322789,8,Aeroparque,2203364.73622,0
40561,Platano,18/04/2011 09:12,Alto (> 8 mts),230,Grande,-68.8467501723,-32.8846789248,1,Parque Central,1655357.93265,0
20908,Morera,27/05/2011 09:12,Alto (> 8 mts),108,Grande,-68.8616706214,-32.8949479225,5,Residencial Sur,2423808.92355,0
40707,Morera,19/04/2011 09:27,Alto (> 8 mts),154,Grande,-68.841659226,-32.8837414054,1,Parque Central,1655357.93265,0
6425,Conifera,11/05/2011 13:38,Medio (4 - 8 mts),33,Mediano,-68.8588681521,-32.8860275838,5,Residencial Sur,2423808.92355,0
2381,Fresno europeo,31/10/2011 15:07,Bajo (2 - 4 mts),26,Mediano,-68.8369591169,-32.8859683369,3,Parque O'Higgins,1531146.02653,0
46502,Prunas,17/08/2011 09:56,Muy bajo (1 - 2 mts),20,Chico,-68.8303467891,-32.8673023174,4,Cuarta Este Área Fundacional,1822015.85685,0
7840,Platano,13/06/2011 10:03,Medio (4 - 8 mts),150,Grande,-68.8508536347,-32.8862196245,5,Residencial Sur,2423808.92355,0
33894,Morera,14/07/2011 09:11,Alto (> 8 mts),114,Grande,-68.8546733142,-32.8852297585,5,Residencial Sur,2423808.92355,0
30288,Morera,04/03/2011 12:11,Alto (> 8 mts),155,Grande,-68.8410215481,-32.8902720018,3,Parque O'Higgins,1531146.02653,1
40040,Morera,18/04/2011 13:20,Medio (4 - 8 mts),160,Grande,-68.8430291543,-32.8786972594,1,Parque Central,1655357.93265,0
15452,Paraiso,22/11/2011 13:39,Medio (4 - 8 mts),100,Grande,-68.8598978998,-32.8718702681,7,Residencial Parque,1786336.08966,0
11310,Morera,19/01/2011 15:40,Muy bajo (1 - 2 mts),9,Chico,-68.8472253765,-32.9013538495,2,Barrio Civico,2366816.36021,0
19472,Morera,11/07/2011 12:37,Alto (> 8 mts),150,Grande,-68.8395332361,-32.870989195600004,4,Cuarta Oeste,1173332.70145,0
6451,Fresno europeo,26/05/2011 09:37,Alto (> 8 mts),45,Mediano,-68.8506119821,-32.8889008662,5,Residencial Sur,2423808.92355,0
19010,Platano,12/07/2011 09:48,Medio (4 - 8 mts),100,Grande,-68.8401651741,-32.8707573504,4,Cuarta Oeste,1173332.70145,0
19015,Platano,12/07/2011 09:59,Alto (> 8 mts),209,Grande,-68.8397889888,-32.8707647355,4,Cuarta Oeste,1173332.70145,0
19792,Fresno americano,10/08/2011 11:35,Bajo (2 - 4 mts),34,Mediano,-68.8344357708,-32.8698312778,4,Cuarta Oeste,1173332.70145,0
12053,Morera,04/02/2010 13:59,Bajo (2 - 4 mts),48,Mediano,-68.8526482717,-32.867648005,6,Residencial Norte,2694682.37982,0
42996,Morera,05/10/2011 12:13,Medio (4 - 8 mts),68,Grande,-68.8336081314,-32.8780630937,4,Cuarta Este Área Fundacional,1822015.85685,0
33827,Platano,16/05/2011 13:56,Alto (> 8 mts),220,Grande,-68.8545712325,-32.8856367539,5,Residencial Sur,2423808.92355,0
31211,Olmo comun,04/02/2011 13:18,Medio (4 - 8 mts),102,Grande,-68.8534907406,-32.8646142872,6,Residencial Norte,2694682.37982,0
6426,Conifera,11/05/2011 13:36,Medio (4 - 8 mts),30,Mediano,-68.8588706631,-32.886062933,5,Residencial Sur,2423808.92355,0
21937,Fresno europeo,06/06/2011 10:02,Medio (4 - 8 mts),80,Grande,-68.8574983843,-32.8952875032,5,Residencial Sur,2423808.92355,0
33815,Acacia SP,12/05/2011 12:31,Medio (4 - 8 mts),120,Grande,-68.8552292649,-32.8861984601,5,Residencial Sur,2423808.92355,1
26391,Fresno americano,25/10/2011 10:20,Medio (4 - 8 mts),120,Grande,-68.8328196219,-32.8888779312,3,Parque O'Higgins,1531146.02653,0
45416,Fresno europeo,09/09/2011 15:57,Medio (4 - 8 mts),227,Grande,-68.8253420414,-32.872204794,4,Cuarta Este Área Fundacional,1822015.85685,0
1243,Acacia SP,07/12/2011 10:37,Alto (> 8 mts),60,Mediano,-68.8774369233,-32.8662902088,8,Aeroparque,2203364.73622,0
21636,Fresno europeo,10/06/2011 09:49,Medio (4 - 8 mts),35,Mediano,-68.8537785674,-32.8967040662,5,Residencial Sur,2423808.92355,0
23297,Morera,18/01/2012 17:13,Medio (4 - 8 mts),100,Grande,-68.8518173099,-32.9006821696,2,Barrio Civico,2366816.36021,0
23724,Morera,25/01/2011 12:25,Alto (> 8 mts),90,Grande,-68.8500251822,-32.9010234334,2,Barrio Civico,2366816.36021,0
34315,Fresno europeo,09/03/2011 09:54,Medio (4 - 8 mts),80,Grande,-68.8519716354,-32.874347572,6,Residencial Norte,2694682.37982,0
21569,Fresno europeo,08/06/2011 09:15,Bajo (2 - 4 mts),50,Mediano,-68.8553009141,-32.8954397098,5,Residencial Sur,2423808.92355,0
46285,Morera,21/09/2011 09:48,Alto (> 8 mts),158,Grande,-68.8230164626,-32.8740656866,4,Cuarta Este Área Fundacional,1822015.85685,0
13522,Morera,01/02/2011 11:48,Alto (> 8 mts),100,Grande,-68.8519286414,-32.8645991201,6,Residencial Norte,2694682.37982,1
26280,Platano,21/10/2011 13:30,Alto (> 8 mts),170,Grande,-68.8314118683,-32.8890438425,3,Parque O'Higgins,1531146.02653,0
1276,Acacia SP,05/12/2011 11:18,Bajo (2 - 4 mts),40,Mediano,-68.8785008073,-32.8686331954,8,Aeroparque,2203364.73622,0
28891,Fresno americano,01/03/2011 12:37,Alto (> 8 mts),145,Grande,-68.847841552,-32.8874261904,1,Parque Central,1655357.93265,0
11969,Morera,14/05/2010 10:22,Medio (4 - 8 mts),134,Grande,-68.8515308628,-32.8688119224,6,Residencial Norte,2694682.37982,0
20545,Fresno europeo,03/06/2011 08:47,Alto (> 8 mts),113,Grande,-68.858821224,-32.8969746246,5,Residencial Sur,2423808.92355,0
38764,Morera,01/11/2010 10:37,Alto (> 8 mts),215,Grande,-68.8492022204,-32.8696414454,6,Residencial Norte,2694682.37982,1
24723,Olmo comun,17/02/2011 10:40,Alto (> 8 mts),93,Grande,-68.8408096148,-32.8992376044,2,Barrio Civico,2366816.36021,0
16950,Morera,16/08/2011 10:29,Alto (> 8 mts),140,Grande,-68.8370073866,-32.8656935322,4,Cuarta Oeste,1173332.70145,0
26347,Fresno europeo,21/10/2011 10:12,Medio (4 - 8 mts),160,Grande,-68.8330052942,-32.8876910455,3,Parque O'Higgins,1531146.02653,0
23559,Fresno europeo,01/02/2011 16:11,Alto (> 8 mts),112,Grande,-68.8511579646,-32.9030775112,2,Barrio Civico,2366816.36021,0
5052,Morera,10/08/2011 09:18,Medio (4 - 8 mts),60,Mediano,-68.8389942103,-32.8632315116,4,Cuarta Oeste,1173332.70145,0
23709,Morera,24/01/2011 19:24,Alto (> 8 mts),108,Grande,-68.849204667,-32.9012157689,2,Barrio Civico,2366816.36021,1
34936,Fresno europeo,06/04/2011 10:00,Alto (> 8 mts),100,Grande,-68.8563120162,-32.8794009452,6,Residencial Norte,2694682.37982,0
24455,Fresno europeo,20/01/2011 09:48,Medio (4 - 8 mts),100,Grande,-68.8459148889,-32.9026535602,2,Barrio Civico,2366816.36021,0
28502,Morera,25/02/2011 09:21,Alto (> 8 mts),200,Grande,-68.8483305574,-32.889302252,5,Residencial Sur,2423808.92355,0
29842,Morera,03/03/2011 19:46,Medio (4 - 8 mts),58,Mediano,-68.8423491124,-32.8934177896,2,Barrio Civico,2366816.36021,0
25035,Fresno europeo,15/02/2011 08:33,Alto (> 8 mts),125,Grande,-68.8362993529,-32.8968414903,2,Barrio Civico,2366816.36021,0
29480,Morera,16/03/2011 12:22,Alto (> 8 mts),190,Grande,-68.84534936,-32.8933917036,2,Barrio Civico,2366816.36021,0
15995,Morera,10/08/2011 10:31,Medio (4 - 8 mts),48,Mediano,-68.8439692748,-32.8722921532,4,Cuarta Oeste,1173332.70145,0
40875,Fresno europeo,20/04/2011 19:18,Alto (> 8 mts),58,Mediano,-68.8386278442,-32.8850444328,3,Parque O'Higgins,1531146.02653,0
28124,Platano,14/03/2011 15:41,Alto (> 8 mts),98,Grande,-68.8465275609,-32.8916681405,2,Barrio Civico,2366816.36021,0
34532,Morera,29/03/2011 13:17,Alto (> 8 mts),200,Grande,-68.849964156,-32.8760587329,6,Residencial Norte,2694682.37982,0
42096,Paraiso,04/05/2011 10:12,Medio (4 - 8 mts),80,Grande,-68.8429560667,-32.8765247784,1,Parque Central,1655357.93265,0
27595,Morera,07/11/2011 09:33,Medio (4 - 8 mts),72,Grande,-68.8380695122,-32.8943178892,2,Barrio Civico,2366816.36021,0
42378,Morera,29/09/2011 11:49,Alto (> 8 mts),160,Grande,-68.8343894023,-32.8763237725,4,Cuarta Este Área Fundacional,1822015.85685,1
35342,Fresno europeo,22/06/2011 15:30,Bajo (2 - 4 mts),70,Grande,-68.8542544116,-32.8837180344,5,Residencial Sur,2423808.92355,0
5168,Morera,10/08/2011 12:20,Alto (> 8 mts),174,Grande,-68.8436544794,-32.8728918339,4,Cuarta Oeste,1173332.70145,0
25128,Morera,11/02/2011 09:22,Alto (> 8 mts),122,Grande,-68.8363272634,-32.8996230608,2,Barrio Civico,2366816.36021,0
1439,Acer,22/11/2011 12:43,Bajo (2 - 4 mts),33,Mediano,-68.8707478633,-32.8782466114,7,Residencial Parque,1786336.08966,0
1903,Acacia SP,16/11/2011 12:58,Muy bajo (1 - 2 mts),2,Chico,-68.858893972,-32.8688688086,6,Residencial Norte,2694682.37982,0
17176,Morera,04/07/2011 11:43,Alto (> 8 mts),200,Grande,-68.8359568308,-32.8635256564,4,Cuarta Oeste,1173332.70145,0
47910,Morera,29/08/2011 12:30,Muy bajo (1 - 2 mts),15,Chico,-68.8290921244,-32.8707994539,4,Cuarta Este Área Fundacional,1822015.85685,0
28860,Fresno americano,26/04/2011 12:43,Alto (> 8 mts),160,Grande,-68.8466690631,-32.8858566158,1,Parque Central,1655357.93265,0
9046,Platano,11/01/2011 10:28,Alto (> 8 mts),260,Grande,-68.8444972101,-32.8660800937,4,Cuarta Oeste,1173332.70145,0
188,Paraiso sombrilla,24/02/2012 11:23,Bajo (2 - 4 mts),100,Grande,-68.857935699,-32.8646507998,6,Residencial Norte,2694682.37982,0
45103,Morera,01/09/2011 09:23,Alto (> 8 mts),156,Grande,-68.824657308,-32.8702171069,4,Cuarta Este Área Fundacional,1822015.85685,0
17405,Paraiso,22/07/2011 09:43,Medio (4 - 8 mts),85,Grande,-68.8408686266,-32.8661626057,4,Cuarta Oeste,1173332.70145,0
9276,Morera,23/02/2011 12:58,Alto (> 8 mts),146,Grande,-68.8476819272,-32.8651206551,6,Residencial Norte,2694682.37982,0
43131,Fresno europeo,04/10/2011 08:44,Medio (4 - 8 mts),90,Grande,-68.8289287397,-32.8779269375,4,Cuarta Este Área Fundacional,1822015.85685,0
45561,Morera,07/09/2011 08:46,Alto (> 8 mts),120,Grande,-68.82067042,-32.8711814342,4,Cuarta Este Área Fundacional,1822015.85685,0
29943,Morera,28/04/2011 12:37,Alto (> 8 mts),175,Grande,-68.8433231437,-32.885670778,1,Parque Central,1655357.93265,1
1781,Prunas,25/11/2011 09:46,Medio (4 - 8 mts),16,Chico,-68.8699783529,-32.8784296873,7,Residencial Parque,1786336.08966,0
35907,Morera,28/03/2011 09:25,Alto (> 8 mts),80,Grande,-68.8534542024,-32.8755186144,6,Residencial Norte,2694682.37982,0
6367,Acacia visco,24/06/2011 12:23,Alto (> 8 mts),128,Grande,-68.851485082,-32.8909000648,5,Residencial Sur,2423808.92355,0
1665,Morera,23/11/2011 08:09,Medio (4 - 8 mts),66,Grande,-68.8719847274,-32.8785608045,7,Residencial Parque,1786336.08966,0
45841,Morera,26/08/2011 10:46,Medio (4 - 8 mts),250,Grande,-68.8205937553,-32.8687580965,4,Cuarta Este Área Fundacional,1822015.85685,0
20689,Morera,31/05/2011 12:14,Alto (> 8 mts),130,Grande,-68.8611118628,-32.8980212576,5,Residencial Sur,2423808.92355,0
44367,Acacia SP,17/10/2011 12:44,Alto (> 8 mts),195,Grande,-68.8360183355,-32.8823957258,3,Parque O'Higgins,1531146.02653,1
5080,Morera,10/08/2011 09:41,Alto (> 8 mts),50,Mediano,-68.8386191814,-32.8630780423,4,Cuarta Oeste,1173332.70145,0
26646,Fresno europeo,02/11/2011 09:47,Muy bajo (1 - 2 mts),4,Chico,-68.8333042507,-32.8911786124,3,Parque O'Higgins,1531146.02653,0
10558,Fresno europeo,22/03/2011 09:52,Bajo (2 - 4 mts),40,Mediano,-68.8550722898,-32.8756160657,6,Residencial Norte,2694682.37982,0
35694,Fresno europeo,17/03/2011 13:00,Medio (4 - 8 mts),140,Grande,-68.8548552922,-32.8748151433,6,Residencial Norte,2694682.37982,0
47736,Morera,15/09/2011 09:51,Medio (4 - 8 mts),95,Grande,-68.829169684,-32.8726451469,4,Cuarta Este Área Fundacional,1822015.85685,1
27895,Olmo bola,04/11/2011 10:45,Medio (4 - 8 mts),142,Grande,-68.8396045181,-32.8929404608,2,Barrio Civico,2366816.36021,0
13912,Morera,30/11/2011 12:27,Alto (> 8 mts),63,Grande,-68.8761046161,-32.8660072365,8,Aeroparque,2203364.73622,1
47015,Morera,15/09/2011 13:04,Alto (> 8 mts),170,Grande,-68.8306264489,-32.8724565333,4,Cuarta Este Área Fundacional,1822015.85685,1
46637,Platano,02/09/2011 11:04,Alto (> 8 mts),170,Grande,-68.8308107875,-32.8685884673,4,Cuarta Este Área Fundacional,1822015.85685,0
24951,Paraiso,16/02/2011 12:15,Alto (> 8 mts),93,Grande,-68.8368220364,-32.8966427132,2,Barrio Civico,2366816.36021,0
44679,Fresno europeo,19/08/2011 10:21,Alto (> 8 mts),120,Grande,-68.8240715275,-32.8674147476,4,Cuarta Este Área Fundacional,1822015.85685,0
32411,Paraiso,24/05/2011 13:35,Alto (> 8 mts),160,Grande,-68.8510867665,-32.8892432088,5,Residencial Sur,2423808.92355,0
46801,Morera,07/09/2011 10:48,Alto (> 8 mts),196,Grande,-68.8326862201,-32.8718321131,4,Cuarta Este Área Fundacional,1822015.85685,0
21970,Morera,30/05/2011 11:53,Alto (> 8 mts),160,Grande,-68.8578097249,-32.8950189733,5,Residencial Sur,2423808.92355,0
5731,Morera,04/05/2011 11:26,Bajo (2 - 4 mts),11,Chico,-68.8399943458,-32.8788317933,1,Parque Central,1655357.93265,0
9109,Fresno europeo,22/02/2011 10:51,Muy bajo (1 - 2 mts),2,Chico,-68.8527618475,-32.8664055841,6,Residencial Norte,2694682.37982,0
30153,Platano,15/03/2011 12:09,Alto (> 8 mts),147,Grande,-68.8395924108,-32.8909407647,3,Parque O'Higgins,1531146.02653,0
46906,Morera,09/09/2011 09:08,Alto (> 8 mts),120,Grande,-68.832281272,-32.8717628122,4,Cuarta Este Área Fundacional,1822015.85685,1
8631,Morera,01/02/2011 11:35,Alto (> 8 mts),73,Grande,-68.8386809543,-32.9039087509,2,Barrio Civico,2366816.36021,0
29662,Acacia SP,04/03/2011 10:52,Alto (> 8 mts),108,Grande,-68.8416825717,-32.8944708439,2,Barrio Civico,2366816.36021,0
2173,Paraiso sombrilla,09/11/2011 17:42,Muy bajo (1 - 2 mts),24,Mediano,-68.8326208512,-32.8874349552,3,Parque O'Higgins,1531146.02653,0
20455,Fresno europeo,17/05/2011 09:50,Medio (4 - 8 mts),50,Mediano,-68.8607815855,-32.8926361717,5,Residencial Sur,2423808.92355,0
28608,Morera,25/02/2011 08:33,Alto (> 8 mts),115,Grande,-68.8487256744,-32.8911219691,2,Barrio Civico,2366816.36021,0
29145,Paraiso,10/03/2011 13:03,Alto (> 8 mts),125,Grande,-68.8467646523,-32.8883569436,2,Barrio Civico,2366816.36021,1
40838,Platano,08/04/2011 10:01,Alto (> 8 mts),210,Grande,-68.8405944927,-32.885252822,1,Parque Central,1655357.93265,0
9908,Fresno europeo,11/02/2011 11:28,Medio (4 - 8 mts),60,Mediano,-68.8579342008,-32.8647648671,6,Residencial Norte,2694682.37982,0
17280,Morera,04/08/2011 13:35,Alto (> 8 mts),130,Grande,-68.8367844069,-32.8653419412,4,Cuarta Oeste,1173332.70145,0
44870,Paraiso,23/08/2011 10:48,Medio (4 - 8 mts),210,Grande,-68.8252106851,-32.8678118275,4,Cuarta Este Área Fundacional,1822015.85685,0
13715,Caducifolio,31/01/2011 11:32,Muy bajo (1 - 2 mts),4,Chico,-68.8512690749,-32.8634831723,6,Residencial Norte,2694682.37982,0
13690,Fresno americano,18/02/2011 12:43,Alto (> 8 mts),180,Grande,-68.8532469386,-32.8650557365,6,Residencial Norte,2694682.37982,0
40209,Morera,14/04/2011 10:12,Alto (> 8 mts),160,Grande,-68.8467919563,-32.8833751287,1,Parque Central,1655357.93265,0
5413,Morera,18/04/2011 13:13,Medio (4 - 8 mts),170,Grande,-68.8430871141,-32.878880833,1,Parque Central,1655357.93265,0
15055,Acacia SP,21/12/2011 12:54,Bajo (2 - 4 mts),40,Mediano,-68.8809418343,-32.8712109457,8,Aeroparque,2203364.73622,0
7920,Morera,10/06/2011 12:55,Alto (> 8 mts),80,Grande,-68.8601323209,-32.8890136132,5,Residencial Sur,2423808.92355,0
39177,Paraiso,25/11/2010 11:49,Muy bajo (1 - 2 mts),10,Chico,-68.8541994075,-32.8725369718,6,Residencial Norte,2694682.37982,0
22763,Fresno europeo,29/06/2011 16:21,Alto (> 8 mts),48,Mediano,-68.8546028574,-32.9023136585,5,Residencial Sur,2423808.92355,0
15422,Paraiso,17/11/2011 13:13,Bajo (2 - 4 mts),70,Grande,-68.8585412578,-32.8713249015,6,Residencial Norte,2694682.37982,0
34651,Alamo criollo,01/04/2011 09:31,Alto (> 8 mts),197,Grande,-68.8494300572,-32.8766926472,6,Residencial Norte,2694682.37982,0
46733,Morera,07/09/2011 13:52,Alto (> 8 mts),140,Grande,-68.8329236777,-32.8696452317,4,Cuarta Oeste,1173332.70145,0
1714,Paraiso,23/11/2011 08:06,Bajo (2 - 4 mts),4,Chico,-68.8723254734,-32.8790930249,7,Residencial Parque,1786336.08966,0
48256,Morera,02/09/2011 10:08,Alto (> 8 mts),140,Grande,-68.8303835238,-32.8703996873,4,Cuarta Este Área Fundacional,1822015.85685,1
27975,Morera,31/10/2011 09:37,Alto (> 8 mts),180,Grande,-68.8365238108,-32.8930450503,3,Parque O'Higgins,1531146.02653,1
17168,Morera,06/07/2011 10:06,Alto (> 8 mts),170,Grande,-68.8351854001,-32.8635463734,4,Cuarta Oeste,1173332.70145,1
23796,Olmo comun,27/01/2011 18:59,Alto (> 8 mts),132,Grande,-68.8501968234,-32.9005813602,2,Barrio Civico,2366816.36021,0
47353,Morera,23/09/2011 09:05,Medio (4 - 8 mts),110,Grande,-68.8278549736,-32.8750799009,4,Cuarta Este Área Fundacional,1822015.85685,0
34110,Fresno europeo,30/05/2011 13:16,Medio (4 - 8 mts),100,Grande,-68.8568076288,-32.8851190579,5,Residencial Sur,2423808.92355,0
20407,Morera,23/05/2011 13:56,Alto (> 8 mts),180,Grande,-68.8615960807,-32.893396777,5,Residencial Sur,2423808.92355,0
12491,Morera,25/01/2011 13:48,Alto (> 8 mts),70,Grande,-68.8493034699,-32.8680427148,6,Residencial Norte,2694682.37982,0
11037,Morera,28/03/2011 16:48,Medio (4 - 8 mts),38,Mediano,-68.8575068805,-32.879181749,7,Residencial Parque,1786336.08966,0
26055,Fresno americano,08/11/2011 15:48,Bajo (2 - 4 mts),22,Mediano,-68.8337409249,-32.8875522923,3,Parque O'Higgins,1531146.02653,0
5600,Fresno europeo,03/05/2011 11:00,Medio (4 - 8 mts),50,Mediano,-68.8381086281,-32.8753542589,1,Parque Central,1655357.93265,0
3396,Perenne,16/08/2011 13:48,Bajo (2 - 4 mts),40,Mediano,-68.8319066754,-32.8681536444,4,Cuarta Oeste,1173332.70145,0
18159,Morera,26/07/2011 09:46,Alto (> 8 mts),195,Grande,-68.8399836844,-32.8686925466,4,Cuarta Oeste,1173332.70145,0
22815,Morera,14/06/2011 12:19,Alto (> 8 mts),96,Grande,-68.8587525947,-32.9022342875,5,Residencial Sur,2423808.92355,0
42839,Morera,30/09/2011 14:00,Muy bajo (1 - 2 mts),5,Chico,-68.8320566832,-32.8765613323,4,Cuarta Este Área Fundacional,1822015.85685,0
28348,Morera,11/03/2011 09:31,Alto (> 8 mts),160,Grande,-68.8468956929,-32.8883017412,2,Barrio Civico,2366816.36021,0
13736,Acer,27/01/2011 09:25,Alto (> 8 mts),100,Grande,-68.8499046921,-32.8631561155,6,Residencial Norte,2694682.37982,0
29889,Acacia SP,11/03/2011 10:22,Alto (> 8 mts),142,Grande,-68.8410898369,-32.8916506845,2,Barrio Civico,2366816.36021,0
31252,Fresno europeo,03/02/2011 09:58,Medio (4 - 8 mts),90,Grande,-68.8529662513,-32.8639376492,6,Residencial Norte,2694682.37982,0
20487,Morera,02/06/2011 09:58,Medio (4 - 8 mts),85,Grande,-68.8595603978,-32.8980012204,5,Residencial Sur,2423808.92355,0
47710,Fresno europeo,15/09/2011 12:50,Muy bajo (1 - 2 mts),40,Mediano,-68.8280105374,-32.8730963892,4,Cuarta Este Área Fundacional,1822015.85685,0
1280,Morera,02/12/2011 09:52,Bajo (2 - 4 mts),67,Grande,-68.8788039804,-32.8678780547,8,Aeroparque,2203364.73622,0
18364,Fresno europeo,01/08/2011 10:30,Medio (4 - 8 mts),90,Grande,-68.8367714698,-32.8677556395,4,Cuarta Oeste,1173332.70145,0
11767,Morera,25/01/2011 11:08,Medio (4 - 8 mts),120,Grande,-68.8491007933,-32.86412205,6,Residencial Norte,2694682.37982,0
15399,Morera,15/11/2011 13:04,Medio (4 - 8 mts),56,Mediano,-68.8609639681,-32.8696741288,7,Residencial Parque,1786336.08966,0
28942,Morera,26/04/2011 10:14,Alto (> 8 mts),160,Grande,-68.8460800823,-32.8857514764,1,Parque Central,1655357.93265,1
12130,Paraiso,20/01/2011 12:52,Alto (> 8 mts),150,Grande,-68.847935579,-32.8676929874,6,Residencial Norte,2694682.37982,0
31507,Fresno europeo,19/05/2011 10:19,Medio (4 - 8 mts),81,Grande,-68.8579834956,-32.8907408257,5,Residencial Sur,2423808.92355,0
47822,Fresno europeo,21/09/2011 10:26,Medio (4 - 8 mts),45,Mediano,-68.8291582376,-32.8741073024,4,Cuarta Este Área Fundacional,1822015.85685,0
47140,Platano,20/09/2011 10:38,Alto (> 8 mts),195,Grande,-68.8333808898,-32.8730115948,4,Cuarta Este Área Fundacional,1822015.85685,0
45882,Morera,25/08/2011 12:42,Alto (> 8 mts),160,Grande,-68.8203154849,-32.8696600432,4,Cuarta Este Área Fundacional,1822015.85685,1
1228,Jacaranda,29/11/2011 09:26,Medio (4 - 8 mts),98,Grande,-68.8766399364,-32.8658996765,8,Aeroparque,2203364.73622,0
40583,Morera,15/04/2011 11:57,Alto (> 8 mts),140,Grande,-68.8458621769,-32.8838389891,1,Parque Central,1655357.93265,0
9140,Paraiso,23/02/2011 13:03,Bajo (2 - 4 mts),50,Mediano,-68.8526341083,-32.8660090007,6,Residencial Norte,2694682.37982,0
8309,Platano,23/03/2011 18:27,Alto (> 8 mts),172,Grande,-68.8429639502,-32.893793122,2,Barrio Civico,2366816.36021,0
25928,Olmo comun,16/02/2011 16:28,Medio (4 - 8 mts),88,Grande,-68.8381870418,-32.9025672444,2,Barrio Civico,2366816.36021,0
11793,Paraiso,02/03/2011 10:08,Alto (> 8 mts),127,Grande,-68.8511133614,-32.865049286,6,Residencial Norte,2694682.37982,0
38736,Fresno europeo,15/12/2010 09:21,Medio (4 - 8 mts),40,Mediano,-68.8512376095,-32.8719434159,6,Residencial Norte,2694682.37982,0
20225,Morera,26/05/2011 12:39,Alto (> 8 mts),90,Grande,-68.8604308355,-32.8936476588,5,Residencial Sur,2423808.92355,0
37398,Conifera,26/11/2010 12:01,Bajo (2 - 4 mts),35,Mediano,-68.8568705512,-32.8724996608,6,Residencial Norte,2694682.37982,0
37212,Platano,14/03/2011 11:15,Medio (4 - 8 mts),70,Grande,-68.8584758527,-32.8728037505,6,Residencial Norte,2694682.37982,0
19620,Morera,11/07/2011 09:12,Alto (> 8 mts),117,Grande,-68.8372153334,-32.8724207284,4,Cuarta Oeste,1173332.70145,1
41081,Platano,28/04/2011 12:01,Alto (> 8 mts),168,Grande,-68.8382567418,-32.8839253654,3,Parque O'Higgins,1531146.02653,0
28175,Tipa,23/02/2011 14:42,Alto (> 8 mts),310,Grande,-68.8484675798,-32.8912970915,2,Barrio Civico,2366816.36021,0
24300,Fresno americano,31/01/2011 07:39,Medio (4 - 8 mts),70,Grande,-68.843666301,-32.9015009764,2,Barrio Civico,2366816.36021,0
669,Fresno europeo,27/01/2012 12:58,Bajo (2 - 4 mts),40,Mediano,-68.8525277638,-32.9016348174,2,Barrio Civico,2366816.36021,0
26942,Fresno europeo,01/11/2011 17:15,Alto (> 8 mts),130,Grande,-68.8361311766,-32.8874651255,3,Parque O'Higgins,1531146.02653,0
1068,Aguaribay,14/12/2011 13:38,Medio (4 - 8 mts),80,Grande,-68.8800134795,-32.8682045017,8,Aeroparque,2203364.73622,1
8143,Morera,01/03/2011 12:10,Muy bajo (1 - 2 mts),6,Chico,-68.84707389,-32.8904495408,2,Barrio Civico,2366816.36021,0
34326,Fresno europeo,09/03/2011 09:16,Medio (4 - 8 mts),130,Grande,-68.8512682978,-32.8745540371,6,Residencial Norte,2694682.37982,0
44878,Paraiso,23/08/2011 10:34,Medio (4 - 8 mts),205,Grande,-68.8245396332,-32.8678412752,4,Cuarta Este Área Fundacional,1822015.85685,0
17449,Acer,29/07/2011 09:40,Alto (> 8 mts),110,Grande,-68.8348380736,-32.8669518976,4,Cuarta Oeste,1173332.70145,0
25551,Fresno europeo,15/02/2011 19:20,Alto (> 8 mts),88,Grande,-68.8387628574,-32.9007258677,2,Barrio Civico,2366816.36021,0
42226,Morera,02/05/2011 10:11,Alto (> 8 mts),139,Grande,-68.8401787162,-32.8741902267,1,Parque Central,1655357.93265,0
36138,Morera,04/04/2011 09:36,Alto (> 8 mts),133,Grande,-68.851485596,-32.8779765834,6,Residencial Norte,2694682.37982,0
43451,Platano,03/10/2011 10:20,Alto (> 8 mts),210,Grande,-68.8317564331,-32.8800152164,3,Parque O'Higgins,1531146.02653,0
3691,Morera,24/08/2011 13:26,Medio (4 - 8 mts),153,Grande,-68.8180960712,-32.8691942972,4,Cuarta Este Área Fundacional,1822015.85685,0
41784,Morera,27/04/2011 10:06,Medio (4 - 8 mts),100,Grande,-68.8426783303,-32.8785186441,1,Parque Central,1655357.93265,1
31427,Platano,14/07/2011 10:01,Alto (> 8 mts),275,Grande,-68.8496602295,-32.8853135287,1,Parque Central,1655357.93265,0
3996,Morera,26/09/2011 10:44,Alto (> 8 mts),237,Grande,-68.8295870555,-32.8766920657,4,Cuarta Este Área Fundacional,1822015.85685,1
31312,Morera,28/02/2011 10:56,Alto (> 8 mts),140,Grande,-68.8495417518,-32.8651370154,6,Residencial Norte,2694682.37982,0
2482,Fresno europeo,21/10/2011 10:14,Bajo (2 - 4 mts),35,Mediano,-68.838121366,-32.8884992266,3,Parque O'Higgins,1531146.02653,0
12716,Fresno americano,20/01/2011 08:23,Medio (4 - 8 mts),100,Grande,-68.8471706146,-32.8629262537,4,Cuarta Oeste,1173332.70145,0
38910,Platano,26/10/2010 10:17,Alto (> 8 mts),190,Grande,-68.8481535048,-32.8698467875,6,Residencial Norte,2694682.37982,0
32715,Morera,18/05/2011 08:48,Bajo (2 - 4 mts),64,Grande,-68.8520507217,-32.8865601061,5,Residencial Sur,2423808.92355,0
46423,Morera,17/08/2011 12:42,Alto (> 8 mts),175,Grande,-68.8323915354,-32.867393259399996,4,Cuarta Oeste,1173332.70145,0
4017,Jacaranda,26/09/2011 11:21,Medio (4 - 8 mts),80,Grande,-68.8268069218,-32.8755837541,4,Cuarta Este Área Fundacional,1822015.85685,0
48198,Morera,01/09/2011 13:35,Alto (> 8 mts),200,Grande,-68.8289899646,-32.8688571553,4,Cuarta Este Área Fundacional,1822015.85685,0
19721,Fresno americano,12/08/2011 11:14,Alto (> 8 mts),180,Grande,-68.8338046932,-32.8689324932,4,Cuarta Oeste,1173332.70145,0
41399,Prunas,15/04/2011 11:07,Bajo (2 - 4 mts),22,Mediano,-68.8421676935,-32.8818458157,1,Parque Central,1655357.93265,0
26487,Fresno europeo,09/11/2011 09:20,Medio (4 - 8 mts),90,Grande,-68.8319955077,-32.8925737607,3,Parque O'Higgins,1531146.02653,0
28830,Platano,27/04/2011 12:12,Alto (> 8 mts),190,Grande,-68.848153132,-32.8845969427,1,Parque Central,1655357.93265,0
23225,Fresno americano,24/01/2011 11:21,Alto (> 8 mts),108,Grande,-68.8514844681,-32.9015222391,2,Barrio Civico,2366816.36021,0
2731,Morera,14/10/2011 11:18,Medio (4 - 8 mts),35,Mediano,-68.8312085241,-32.8858802022,3,Parque O'Higgins,1531146.02653,0
37323,Morera,16/03/2011 13:29,Alto (> 8 mts),120,Grande,-68.8578404619,-32.8746988266,6,Residencial Norte,2694682.37982,0
36236,Fresno europeo,17/03/2011 13:25,Alto (> 8 mts),105,Grande,-68.8545625379,-32.878135741,6,Residencial Norte,2694682.37982,0
9615,Morera,27/01/2011 12:37,Medio (4 - 8 mts),146,Grande,-68.8503972647,-32.8644811825,6,Residencial Norte,2694682.37982,0
12525,Morera,10/01/2011 09:46,Alto (> 8 mts),180,Grande,-68.8439756243,-32.8629934664,4,Cuarta Oeste,1173332.70145,0
27544,Fresno europeo,27/10/2011 09:03,Alto (> 8 mts),140,Grande,-68.8357441858,-32.8916953667,3,Parque O'Higgins,1531146.02653,0
19766,Morera,11/08/2011 09:51,Alto (> 8 mts),160,Grande,-68.835133425,-32.8692901908,4,Cuarta Oeste,1173332.70145,0
25279,Morera,08/02/2011 09:31,Alto (> 8 mts),200,Grande,-68.8375365801,-32.8993554068,2,Barrio Civico,2366816.36021,0
39829,Morera,02/05/2011 11:36,Alto (> 8 mts),155,Grande,-68.845236001200007,-32.8769815624,1,Parque Central,1655357.93265,0
33641,Morera,11/05/2011 13:57,Alto (> 8 mts),150,Grande,-68.8562205573,-32.8864318724,5,Residencial Sur,2423808.92355,0
29003,Platano,20/04/2011 12:01,Alto (> 8 mts),155,Grande,-68.8452293576,-32.8869526525,1,Parque Central,1655357.93265,0
2420,Fresno europeo,19/10/2011 12:28,Medio (4 - 8 mts),100,Grande,-68.8316413623,-32.8887511335,3,Parque O'Higgins,1531146.02653,0
42358,Fresno europeo,05/10/2011 11:08,Alto (> 8 mts),125,Grande,-68.8348413075,-32.8751741843,4,Cuarta Este Área Fundacional,1822015.85685,0
46632,Fresno europeo,05/09/2011 07:43,Medio (4 - 8 mts),70,Grande,-68.830437594,-32.868881578,4,Cuarta Este Área Fundacional,1822015.85685,0
19772,Morera,11/08/2011 09:37,Alto (> 8 mts),160,Grande,-68.8347762583,-32.869124668,4,Cuarta Oeste,1173332.70145,0
10404,Prunas,14/03/2011 11:21,Medio (4 - 8 mts),40,Mediano,-68.8582177515,-32.8729022551,6,Residencial Norte,2694682.37982,0
25709,Morera,04/02/2011 09:14,Alto (> 8 mts),124,Grande,-68.841325347,-32.9025246492,2,Barrio Civico,2366816.36021,1
31731,Morera,18/05/2011 09:35,Alto (> 8 mts),135,Grande,-68.8603494234,-32.8907002991,5,Residencial Sur,2423808.92355,0
21236,Fresno europeo,10/05/2011 12:38,Bajo (2 - 4 mts),20,Chico,-68.8532458045,-32.894198881,5,Residencial Sur,2423808.92355,0
28943,Fresno europeo,26/04/2011 10:09,Alto (> 8 mts),150,Grande,-68.8461009979,-32.8858309412,1,Parque Central,1655357.93265,1
24866,Morera,16/02/2011 12:19,Alto (> 8 mts),170,Grande,-68.839652441,-32.8959235625,2,Barrio Civico,2366816.36021,1
30286,Morera,04/03/2011 12:16,Alto (> 8 mts),120,Grande,-68.8412104486,-32.8902407728,3,Parque O'Higgins,1531146.02653,1
29277,Morera,23/02/2011 12:43,Alto (> 8 mts),200,Grande,-68.8428706142,-32.8883645559,3,Parque O'Higgins,1531146.02653,0
8899,Paraiso,26/01/2011 12:59,Medio (4 - 8 mts),40,Mediano,-68.8500589444,-32.8684468993,6,Residencial Norte,2694682.37982,0
2320,Fresno americano,02/11/2011 10:13,Medio (4 - 8 mts),52,Mediano,-68.8355603796,-32.8951205352,2,Barrio Civico,2366816.36021,0
3561,Morera,07/09/2011 08:32,Alto (> 8 mts),200,Grande,-68.8329032922,-32.8692902236,4,Cuarta Oeste,1173332.70145,0
35347,Fresno europeo,22/06/2011 15:13,Bajo (2 - 4 mts),110,Grande,-68.8536281342,-32.8837464277,5,Residencial Sur,2423808.92355,0
45871,Morera,25/08/2011 13:29,Alto (> 8 mts),160,Grande,-68.8191976815,-32.8699393968,4,Cuarta Este Área Fundacional,1822015.85685,0
8473,Morera,14/02/2011 15:58,Alto (> 8 mts),142,Grande,-68.8351279892,-32.8976919116,2,Barrio Civico,2366816.36021,0
6383,Fresno americano,23/05/2011 10:03,Alto (> 8 mts),65,Grande,-68.8510646093,-32.8881811851,5,Residencial Sur,2423808.92355,0
15323,Acacia SP,16/11/2011 12:29,Medio (4 - 8 mts),85,Grande,-68.8603556596,-32.8708457445,7,Residencial Parque,1786336.08966,0
10754,Fresno europeo,05/04/2011 13:58,Bajo (2 - 4 mts),25,Mediano,-68.8560106952,-32.8761464392,6,Residencial Norte,2694682.37982,0
47979,Morera,29/08/2011 09:50,Alto (> 8 mts),128,Grande,-68.8265909999,-32.8700783536,4,Cuarta Este Área Fundacional,1822015.85685,0
30041,Morera,05/05/2011 09:30,Alto (> 8 mts),72,Grande,-68.8397637956,-32.8865103422,3,Parque O'Higgins,1531146.02653,0
21222,Alamo criollo,11/05/2011 09:50,Muy bajo (1 - 2 mts),140,Grande,-68.8521631473,-32.8934603002,5,Residencial Sur,2423808.92355,0
8117,Fresno europeo,16/03/2011 12:34,Alto (> 8 mts),66,Grande,-68.8407496809,-32.8908580736,2,Barrio Civico,2366816.36021,0
46912,Fresno europeo,08/09/2011 09:12,Medio (4 - 8 mts),48,Mediano,-68.8320408991,-32.8714250415,4,Cuarta Este Área Fundacional,1822015.85685,0
42694,Morera,03/10/2011 08:00,Alto (> 8 mts),118,Grande,-68.828522816,-32.876745344,4,Cuarta Este Área Fundacional,1822015.85685,0
33352,Platano,19/05/2011 10:54,Alto (> 8 mts),190,Grande,-68.8566645488,-32.8908846736,5,Residencial Sur,2423808.92355,0
27242,Platano,26/10/2011 09:46,Alto (> 8 mts),125,Grande,-68.8359565106,-32.8897283471,3,Parque O'Higgins,1531146.02653,0
42848,Morera,04/10/2011 13:10,Medio (4 - 8 mts),56,Mediano,-68.8321805525,-32.8771618928,4,Cuarta Este Área Fundacional,1822015.85685,0
25528,Morera,17/02/2011 16:28,Alto (> 8 mts),138,Grande,-68.8404301211,-32.9004608042,2,Barrio Civico,2366816.36021,1
3148,Fresno europeo,07/09/2011 11:25,Bajo (2 - 4 mts),18,Chico,-68.8325903312,-32.8727684101,4,Cuarta Este Área Fundacional,1822015.85685,0
30720,Fresno europeo,07/02/2011 09:20,Medio (4 - 8 mts),55,Mediano,-68.8563388629,-32.866797185,6,Residencial Norte,2694682.37982,0
7024,Morera,10/06/2011 11:45,Alto (> 8 mts),100,Grande,-68.8538974276,-32.8967541759,5,Residencial Sur,2423808.92355,0
25734,Paraiso,03/02/2011 11:23,Alto (> 8 mts),123,Grande,-68.8407479314,-32.9032453569,2,Barrio Civico,2366816.36021,0
37321,Morera,16/03/2011 13:33,Alto (> 8 mts),150,Grande,-68.8579397594,-32.8746802743,6,Residencial Norte,2694682.37982,0
43799,Fresno americano,18/10/2011 16:37,Medio (4 - 8 mts),116,Grande,-68.8322761711,-32.8824889037,3,Parque O'Higgins,1531146.02653,0
7696,Morera,24/05/2011 10:49,Medio (4 - 8 mts),120,Grande,-68.8518116564,-32.8849805351,5,Residencial Sur,2423808.92355,0
8808,Fresno europeo,02/02/2011 13:41,Medio (4 - 8 mts),48,Mediano,-68.8548708403,-32.8669059518,6,Residencial Norte,2694682.37982,0
48258,Paraiso,02/09/2011 09:58,Alto (> 8 mts),195,Grande,-68.8303892335,-32.8705766092,4,Cuarta Este Área Fundacional,1822015.85685,0
27665,Fresno europeo,28/10/2011 11:37,Alto (> 8 mts),105,Grande,-68.8367098039,-32.8950786809,2,Barrio Civico,2366816.36021,0
35883,Morera,28/03/2011 10:23,Medio (4 - 8 mts),60,Mediano,-68.8533193608,-32.8764391055,6,Residencial Norte,2694682.37982,0
6956,Caducifolio,02/06/2011 12:27,Bajo (2 - 4 mts),22,Mediano,-68.86002779,-32.8957929563,5,Residencial Sur,2423808.92355,0
18340,Morera,02/08/2011 09:57,Alto (> 8 mts),160,Grande,-68.8387087534,-32.8678837899,4,Cuarta Oeste,1173332.70145,0
10831,Morera,30/03/2011 13:11,Alto (> 8 mts),100,Grande,-68.8556333903,-32.8773210896,6,Residencial Norte,2694682.37982,0
46498,Fresno europeo,17/08/2011 11:20,Alto (> 8 mts),128,Grande,-68.8303617762,-32.8675117112,4,Cuarta Este Área Fundacional,1822015.85685,0
45980,Olmo comun,24/08/2011 11:40,Alto (> 8 mts),190,Grande,-68.8181919989,-32.8688404857,4,Cuarta Este Área Fundacional,1822015.85685,0
17897,Morera,01/08/2011 10:00,Alto (> 8 mts),107,Grande,-68.8360185344,-32.8670951671,4,Cuarta Oeste,1173332.70145,0
36669,Paraiso sombrilla,03/06/2011 16:30,Bajo (2 - 4 mts),100,Grande,-68.8589406551,-32.8825127948,7,Residencial Parque,1786336.08966,0
5303,Acer,28/04/2011 13:10,Bajo (2 - 4 mts),60,Mediano,-68.8431362975,-32.8765976198,1,Parque Central,1655357.93265,0
2130,Morera,14/11/2011 18:23,Medio (4 - 8 mts),130,Grande,-68.8295630084,-32.8876083972,3,Parque O'Higgins,1531146.02653,0
25824,Tipa,03/02/2011 18:16,Bajo (2 - 4 mts),42,Mediano,-68.8399954374,-32.902775523,2,Barrio Civico,2366816.36021,0
17917,Morera,04/08/2011 09:21,Alto (> 8 mts),140,Grande,-68.8375729081,-32.8668668317,4,Cuarta Oeste,1173332.70145,0
8460,Morera,17/02/2011 14:03,Alto (> 8 mts),102,Grande,-68.8367955039,-32.8970404034,2,Barrio Civico,2366816.36021,1
35919,Morera,23/03/2011 13:23,Alto (> 8 mts),120,Grande,-68.8539682342,-32.8758729627,6,Residencial Norte,2694682.37982,0
24159,Morera,24/01/2011 11:29,Medio (4 - 8 mts),86,Grande,-68.8452482914,-32.9019270948,2,Barrio Civico,2366816.36021,0
13790,Morera,26/01/2011 12:23,Medio (4 - 8 mts),70,Grande,-68.8494679219,-32.8645705068,6,Residencial Norte,2694682.37982,0
5835,Paraiso,03/05/2011 11:19,Bajo (2 - 4 mts),35,Mediano,-68.8434307889,-32.8736471881,1,Parque Central,1655357.93265,0
8988,Ligustro,17/01/2011 12:02,Bajo (2 - 4 mts),53,Mediano,-68.8459972994,-32.8683290342,6,Residencial Norte,2694682.37982,0
43232,Platano,04/10/2011 08:58,Alto (> 8 mts),220,Grande,-68.8350332575,-32.8796452407,1,Parque Central,1655357.93265,0
23183,Morera,19/01/2011 09:48,Alto (> 8 mts),140,Grande,-68.8479255037,-32.9012478527,2,Barrio Civico,2366816.36021,0
4276,Morera,26/07/2011 09:36,Medio (4 - 8 mts),40,Mediano,-68.838302278,-32.871532562,4,Cuarta Oeste,1173332.70145,0
37197,Morera,14/03/2011 12:08,Alto (> 8 mts),160,Grande,-68.8579706962,-32.8725007344,6,Residencial Norte,2694682.37982,0
38215,Fresno americano,24/08/2010 10:28,Medio (4 - 8 mts),113,Grande,-68.8467171397,-32.8741307881,6,Residencial Norte,2694682.37982,0
4247,Prunas,07/07/2011 10:24,Bajo (2 - 4 mts),40,Mediano,-68.8374372556,-32.8727663342,4,Cuarta Oeste,1173332.70145,1
10504,Morera,10/03/2011 13:15,Medio (4 - 8 mts),54,Mediano,-68.8491398599,-32.8741202946,6,Residencial Norte,2694682.37982,0
9500,Morera,04/02/2011 09:14,Medio (4 - 8 mts),120,Grande,-68.853513363,-32.8636922904,6,Residencial Norte,2694682.37982,0
17057,Paraiso,16/08/2011 09:44,Alto (> 8 mts),195,Grande,-68.8370225783,-32.8644559756,4,Cuarta Oeste,1173332.70145,0
4111,Morera,30/09/2011 12:32,Medio (4 - 8 mts),180,Grande,-68.8260680376,-32.8744284839,4,Cuarta Este Área Fundacional,1822015.85685,0
3505,Conifera,02/09/2011 10:27,Alto (> 8 mts),45,Mediano,-68.8263192604,-32.8688437277,4,Cuarta Este Área Fundacional,1822015.85685,0
16481,Paraiso,05/08/2011 09:08,Medio (4 - 8 mts),50,Mediano,-68.8422166025,-32.8652410675,4,Cuarta Oeste,1173332.70145,0
22896,Fresno europeo,02/06/2011 12:52,Alto (> 8 mts),42,Mediano,-68.8541591782,-32.8998402566,5,Residencial Sur,2423808.92355,0
37214,Platano,14/03/2011 11:11,Medio (4 - 8 mts),98,Grande,-68.8584604651,-32.8725561838,6,Residencial Norte,2694682.37982,0
40347,Olmo bola,08/04/2011 10:12,Bajo (2 - 4 mts),60,Mediano,-68.8448892226,-32.8811691367,1,Parque Central,1655357.93265,0
15364,Fresno europeo,16/11/2011 12:24,Muy bajo (1 - 2 mts),16,Chico,-68.8608018349,-32.8706918112,7,Residencial Parque,1786336.08966,0
17128,Morera,15/08/2011 13:47,Alto (> 8 mts),97,Grande,-68.8363362864,-32.8624849658,4,Cuarta Oeste,1173332.70145,1
14910,Acacia SP,19/12/2011 08:53,Bajo (2 - 4 mts),66,Grande,-68.8807455124,-32.8736033333,8,Aeroparque,2203364.73622,0
23624,Fresno americano,21/01/2011 09:55,Medio (4 - 8 mts),32,Mediano,-68.8477635701,-32.9004361346,2,Barrio Civico,2366816.36021,0
47326,Morera,21/09/2011 11:45,Bajo (2 - 4 mts),5,Chico,-68.8307150836,-32.8743321527,4,Cuarta Este Área Fundacional,1822015.85685,0
39029,Acer,23/12/2010 11:21,Alto (> 8 mts),75,Grande,-68.8543866172,-32.8714878882,6,Residencial Norte,2694682.37982,0
45318,Ailanthus,09/09/2011 12:35,Alto (> 8 mts),175,Grande,-68.8232611969,-32.8713530168,4,Cuarta Este Área Fundacional,1822015.85685,0
39295,Fresno europeo,30/11/2010 10:02,Alto (> 8 mts),90,Grande,-68.8553110919,-32.8721538181,6,Residencial Norte,2694682.37982,0
18668,Morera,05/07/2011 10:14,Alto (> 8 mts),124,Grande,-68.8365006825,-32.8746875418,4,Cuarta Oeste,1173332.70145,0
7063,Fresno europeo,09/06/2011 09:16,Medio (4 - 8 mts),110,Grande,-68.8569459286,-32.8979813283,5,Residencial Sur,2423808.92355,0
24422,Morera,12/07/2011 12:39,Alto (> 8 mts),92,Grande,-68.8456908964,-32.9033056564,2,Barrio Civico,2366816.36021,0
1395,Paraiso,23/11/2011 10:55,Muy bajo (1 - 2 mts),12,Chico,-68.8709643895,-32.8794308398,7,Residencial Parque,1786336.08966,0
25828,Morera,03/02/2011 18:30,Alto (> 8 mts),72,Grande,-68.8396789217,-32.9027201091,2,Barrio Civico,2366816.36021,1
16094,Platano,19/07/2011 09:27,Alto (> 8 mts),210,Grande,-68.844373474,-32.8715857483,6,Residencial Norte,2694682.37982,0
32945,Morera,23/05/2011 10:30,Alto (> 8 mts),175,Grande,-68.8505835645,-32.8884636911,5,Residencial Sur,2423808.92355,1
12341,Morera,14/01/2011 09:57,Alto (> 8 mts),160,Grande,-68.8468823292,-32.8665494662,6,Residencial Norte,2694682.37982,0
7294,Paraiso,10/05/2011 13:30,Alto (> 8 mts),140,Grande,-68.8532169067,-32.900928091,2,Barrio Civico,2366816.36021,0
41334,Platano,19/04/2011 11:27,Alto (> 8 mts),155,Grande,-68.8402444336,-32.8833259097,1,Parque Central,1655357.93265,0
44745,Morera,23/08/2011 13:06,Alto (> 8 mts),140,Grande,-68.8235069498,-32.8686578396,4,Cuarta Este Área Fundacional,1822015.85685,0
38808,Morera,14/12/2010 10:37,Alto (> 8 mts),140,Grande,-68.8503386317,-32.8710760859,6,Residencial Norte,2694682.37982,1
6661,Jacaranda,13/05/2011 10:34,Medio (4 - 8 mts),52,Mediano,-68.8604201393,-32.8921263735,5,Residencial Sur,2423808.92355,1
47656,Platano,08/09/2011 15:33,Alto (> 8 mts),398,Grande,-68.8281777772,-32.8711494112,4,Cuarta Este Área Fundacional,1822015.85685,0
44974,Paraiso,29/08/2011 09:31,Bajo (2 - 4 mts),123,Grande,-68.8245269888,-32.8694331085,4,Cuarta Este Área Fundacional,1822015.85685,0
11798,Morera,02/03/2011 10:49,Alto (> 8 mts),160,Grande,-68.8510685432,-32.8648266663,6,Residencial Norte,2694682.37982,0
408,Tilo,05/03/2012 11:05,Bajo (2 - 4 mts),16,Chico,-68.8193388506,-32.867224945,4,Cuarta Este Área Fundacional,1822015.85685,0
12220,Morera,17/01/2011 13:29,Medio (4 - 8 mts),120,Grande,-68.8452908648,-32.8684445398,4,Cuarta Oeste,1173332.70145,0
35685,Fresno europeo,17/03/2011 13:23,Medio (4 - 8 mts),120,Grande,-68.8547008484,-32.8742494216,6,Residencial Norte,2694682.37982,0
4610,Morera,01/08/2011 10:01,Alto (> 8 mts),80,Grande,-68.8360320058,-32.8671478158,4,Cuarta Oeste,1173332.70145,0
39477,Paraiso,10/11/2010 11:49,Alto (> 8 mts),210,Grande,-68.854097752,-32.8703428505,6,Residencial Norte,2694682.37982,0
15848,Fresno americano,29/11/2011 07:29,Medio (4 - 8 mts),30,Mediano,-68.8729315085,-32.8770752872,7,Residencial Parque,1786336.08966,0
31141,Morera,08/02/2011 09:44,Medio (4 - 8 mts),130,Grande,-68.8549058087,-32.8643994564,6,Residencial Norte,2694682.37982,0
8449,Prunas,09/02/2011 18:50,Muy bajo (1 - 2 mts),12,Chico,-68.8361579869,-32.8981296565,2,Barrio Civico,2366816.36021,0
4109,Morera,05/10/2011 11:25,Medio (4 - 8 mts),169,Grande,-68.8251099676,-32.8744617433,4,Cuarta Este Área Fundacional,1822015.85685,0
9042,Fresno europeo,11/01/2011 10:58,Medio (4 - 8 mts),46,Mediano,-68.8439557884,-32.8660378334,4,Cuarta Oeste,1173332.70145,0
30097,Platano,26/04/2011 10:26,Alto (> 8 mts),200,Grande,-68.8422009758,-32.8878113274,3,Parque O'Higgins,1531146.02653,0
38730,Fresno europeo,15/12/2010 09:37,Medio (4 - 8 mts),115,Grande,-68.8511185308,-32.8715965737,6,Residencial Norte,2694682.37982,0
32502,Morera,27/05/2011 10:13,Alto (> 8 mts),160,Grande,-68.8527131099,-32.8882946614,5,Residencial Sur,2423808.92355,0
6020,Platano,12/04/2011 10:24,Alto (> 8 mts),260,Grande,-68.8441205833,-32.8833348296,1,Parque Central,1655357.93265,0
481,Paraiso sombrilla,07/03/2012 10:43,Medio (4 - 8 mts),65,Grande,-68.8227070483,-32.8682679286,4,Cuarta Este Área Fundacional,1822015.85685,0
31168,Morera,07/02/2011 12:31,Medio (4 - 8 mts),90,Grande,-68.8549723825,-32.8637236831,6,Residencial Norte,2694682.37982,0
807,Aguaribay,13/12/2011 12:20,Alto (> 8 mts),175,Grande,-68.880207051,-32.8663406421,8,Aeroparque,2203364.73622,0
13694,Fresno europeo,18/02/2011 12:26,Bajo (2 - 4 mts),15,Chico,-68.8528733471,-32.8650604347,6,Residencial Norte,2694682.37982,0
4216,Paraiso,07/07/2011 10:35,Alto (> 8 mts),145,Grande,-68.8382317858,-32.8733893526,4,Cuarta Oeste,1173332.70145,0
489,Jacaranda,07/03/2012 09:57,Bajo (2 - 4 mts),25,Mediano,-68.8225743513,-32.8678777758,4,Cuarta Este Área Fundacional,1822015.85685,1
9320,Prunas,17/02/2011 09:31,Bajo (2 - 4 mts),80,Grande,-68.8464410841,-32.8650714782,4,Cuarta Oeste,1173332.70145,0
21948,Perenne,02/06/2011 13:12,Alto (> 8 mts),128,Grande,-68.8577629047,-32.8940872027,5,Residencial Sur,2423808.92355,0
22094,Morera,10/06/2011 10:56,Alto (> 8 mts),140,Grande,-68.8545742639,-32.8982279315,5,Residencial Sur,2423808.92355,0
9611,Morera,27/01/2011 13:22,Alto (> 8 mts),180,Grande,-68.8497284126,-32.8643909083,6,Residencial Norte,2694682.37982,0
1811,Morera,24/11/2011 13:13,Medio (4 - 8 mts),40,Mediano,-68.8706349323,-32.8799095909,7,Residencial Parque,1786336.08966,0
31404,Fresno europeo,23/05/2011 10:33,Alto (> 8 mts),110,Grande,-68.8506321749,-32.8851149143,1,Parque Central,1655357.93265,0
20184,Platano,12/05/2011 11:08,Alto (> 8 mts),220,Grande,-68.8603459707,-32.8916238078,5,Residencial Sur,2423808.92355,0
23144,Morera,19/01/2011 16:37,Alto (> 8 mts),174,Grande,-68.8478680361,-32.9024764255,2,Barrio Civico,2366816.36021,1
41681,Morera,26/04/2011 13:13,Medio (4 - 8 mts),60,Mediano,-68.8371866693,-32.8762761384,1,Parque Central,1655357.93265,0
3990,Morera,23/09/2011 11:50,Bajo (2 - 4 mts),30,Mediano,-68.8306951755,-32.8777298675,4,Cuarta Este Área Fundacional,1822015.85685,0
10388,Olmo comun,15/03/2011 11:54,Alto (> 8 mts),150,Grande,-68.8585401072,-32.8732559255,6,Residencial Norte,2694682.37982,0
22616,Fresno europeo,23/06/2011 09:58,Medio (4 - 8 mts),90,Grande,-68.8625238957,-32.9014385629,5,Residencial Sur,2423808.92355,0
40414,Platano,12/04/2011 10:14,Alto (> 8 mts),150,Grande,-68.8442036444,-32.8830823149,1,Parque Central,1655357.93265,0
16065,Prunas,15/07/2011 08:51,Medio (4 - 8 mts),80,Grande,-68.8439200588,-32.8712713587,4,Cuarta Oeste,1173332.70145,0
37743,Morera,13/01/2012 18:45,Alto (> 8 mts),140,Grande,-68.8500783773,-32.8723596273,6,Residencial Norte,2694682.37982,0
19743,Morera,12/08/2011 10:05,Medio (4 - 8 mts),86,Grande,-68.8349192767,-32.8684387088,4,Cuarta Oeste,1173332.70145,0
26181,Fresno europeo,20/10/2011 10:18,Medio (4 - 8 mts),110,Grande,-68.8321181267,-32.8877396879,3,Parque O'Higgins,1531146.02653,0
34298,Morera,04/03/2011 13:13,Alto (> 8 mts),166,Grande,-68.8514037331,-32.8736908261,6,Residencial Norte,2694682.37982,0
12164,Tilo,19/01/2011 11:31,Medio (4 - 8 mts),48,Mediano,-68.8470667023,-32.8676321007,6,Residencial Norte,2694682.37982,0
15704,Morera,18/11/2011 08:16,Bajo (2 - 4 mts),40,Mediano,-68.8606449773,-32.8690074097,6,Residencial Norte,2694682.37982,0
3671,Fresno americano,25/08/2011 13:58,Muy bajo (1 - 2 mts),8,Chico,-68.8200960312,-32.869487533,4,Cuarta Este Área Fundacional,1822015.85685,0
1297,Morera,30/11/2011 17:44,Bajo (2 - 4 mts),36,Mediano,-68.8774225543,-32.86928684,8,Aeroparque,2203364.73622,0
2945,Fresno europeo,20/09/2011 11:01,Medio (4 - 8 mts),98,Grande,-68.8306744412,-32.8736567418,4,Cuarta Este Área Fundacional,1822015.85685,0
2352,Prunas,03/11/2011 17:57,Bajo (2 - 4 mts),22,Mediano,-68.8347910617,-32.8860530415,3,Parque O'Higgins,1531146.02653,0
36243,Fresno europeo,17/03/2011 13:04,Alto (> 8 mts),127,Grande,-68.8544528979,-32.8785169126,6,Residencial Norte,2694682.37982,0
5927,Morera,02/05/2011 11:34,Alto (> 8 mts),180,Grande,-68.8450866408,-32.8764554792,1,Parque Central,1655357.93265,0
31596,Fresno americano,10/06/2011 10:10,Alto (> 8 mts),90,Grande,-68.8612464736,-32.8888109908,5,Residencial Sur,2423808.92355,0
37335,Morera,17/03/2011 09:25,Alto (> 8 mts),170,Grande,-68.8574738321,-32.8751070571,6,Residencial Norte,2694682.37982,0
45230,Fresno europeo,30/09/2011 10:42,Alto (> 8 mts),183,Grande,-68.8224407448,-32.8734175449,4,Cuarta Este Área Fundacional,1822015.85685,0
9273,Paraiso,23/02/2011 12:21,Alto (> 8 mts),160,Grande,-68.8476766508,-32.8646440387,6,Residencial Norte,2694682.37982,0
9300,Morera,23/02/2011 12:10,Alto (> 8 mts),130,Grande,-68.8478377537,-32.8645742722,6,Residencial Norte,2694682.37982,1
30489,Platano,17/02/2011 09:30,Alto (> 8 mts),180,Grande,-68.8390611618,-32.888515248,3,Parque O'Higgins,1531146.02653,1
46927,Morera,07/09/2011 10:46,Alto (> 8 mts),125,Grande,-68.8323938863,-32.8707173488,4,Cuarta Este Área Fundacional,1822015.85685,0
1220,Jacaranda,29/11/2011 12:08,Muy bajo (1 - 2 mts),3,Chico,-68.8770196599,-32.8647028917,8,Aeroparque,2203364.73622,0
311,Acer,05/03/2012 12:57,Medio (4 - 8 mts),120,Grande,-68.8220301975,-32.8671218446,4,Cuarta Este Área Fundacional,1822015.85685,0
27919,Fresno europeo,03/11/2011 11:45,Alto (> 8 mts),128,Grande,-68.8379186558,-32.8942287871,2,Barrio Civico,2366816.36021,0
27491,Morera,27/10/2011 10:07,Muy bajo (1 - 2 mts),8,Chico,-68.8372564693,-32.8926282642,3,Parque O'Higgins,1531146.02653,0
24996,Olmo comun,16/02/2011 08:33,Alto (> 8 mts),123,Grande,-68.8369735501,-32.8967217393,2,Barrio Civico,2366816.36021,0
15238,Paraiso,16/11/2011 12:26,Bajo (2 - 4 mts),25,Mediano,-68.8602939925,-32.8692736845,6,Residencial Norte,2694682.37982,0
42716,Fresno europeo,30/09/2011 11:40,Alto (> 8 mts),138,Grande,-68.8280201135,-32.8775403448,4,Cuarta Este Área Fundacional,1822015.85685,0
46762,Morera,05/09/2011 11:01,Alto (> 8 mts),186,Grande,-68.8333509505,-32.8704528891,4,Cuarta Oeste,1173332.70145,0
5788,Conifera,04/05/2011 11:03,Alto (> 8 mts),35,Mediano,-68.8414937108,-32.8783159636,1,Parque Central,1655357.93265,0
33613,Fresno europeo,17/05/2011 08:56,Muy bajo (1 - 2 mts),2,Chico,-68.8537291038,-32.8874653955,5,Residencial Sur,2423808.92355,0
31289,Morera,03/02/2011 10:10,Alto (> 8 mts),140,Grande,-68.85294893,-32.8641902415,6,Residencial Norte,2694682.37982,0
1509,Acacia SP,24/11/2011 07:29,Medio (4 - 8 mts),60,Mediano,-68.8717996608,-32.8758522125,7,Residencial Parque,1786336.08966,0
29877,Platano,11/03/2011 12:54,Alto (> 8 mts),185,Grande,-68.8422131934,-32.8914199575,2,Barrio Civico,2366816.36021,0
32749,Fresno europeo,17/05/2011 09:51,Bajo (2 - 4 mts),40,Mediano,-68.852246494,-32.8867316734,5,Residencial Sur,2423808.92355,0
15953,Morera,25/11/2011 09:17,Bajo (2 - 4 mts),20,Chico,-68.8737512553,-32.8763703695,7,Residencial Parque,1786336.08966,0
44387,Platano,19/10/2011 09:16,Alto (> 8 mts),165,Grande,-68.8369894003,-32.8846893063,3,Parque O'Higgins,1531146.02653,0
27215,Platano,26/10/2011 09:19,Alto (> 8 mts),150,Grande,-68.836932528,-32.8897761265,3,Parque O'Higgins,1531146.02653,0
27133,Platano,27/10/2011 10:44,Alto (> 8 mts),200,Grande,-68.8391336795,-32.890010171,3,Parque O'Higgins,1531146.02653,0
11581,Acer,10/05/2010 12:11,Medio (4 - 8 mts),157,Grande,-68.8518752552,-32.8666990148,6,Residencial Norte,2694682.37982,0
33363,Fresno europeo,19/05/2011 09:57,Medio (4 - 8 mts),89,Grande,-68.8578902632,-32.8908988765,5,Residencial Sur,2423808.92355,0
32817,Fresno europeo,13/07/2011 11:56,Alto (> 8 mts),85,Grande,-68.8531484899,-32.8857101122,5,Residencial Sur,2423808.92355,0
35890,Morera,28/03/2011 10:00,Medio (4 - 8 mts),63,Grande,-68.8534396288,-32.8763411422,6,Residencial Norte,2694682.37982,0
32426,Paraiso,26/05/2011 12:01,Alto (> 8 mts),180,Grande,-68.8526177688,-32.888719796,5,Residencial Sur,2423808.92355,0
3969,Paraiso,26/09/2011 10:17,Bajo (2 - 4 mts),46,Mediano,-68.8271546156,-32.8778826536,4,Cuarta Este Área Fundacional,1822015.85685,0
29753,Platano,15/03/2011 10:07,Alto (> 8 mts),162,Grande,-68.840172781,-32.8931777921,2,Barrio Civico,2366816.36021,0
18368,Caducifolio,01/08/2011 10:24,Bajo (2 - 4 mts),15,Chico,-68.8370835336,-32.8676980989,4,Cuarta Oeste,1173332.70145,0
38473,Paraiso,03/11/2010 11:30,Alto (> 8 mts),190,Grande,-68.8516164528,-32.8701778073,6,Residencial Norte,2694682.37982,0
22562,Conifera,16/06/2011 11:09,Medio (4 - 8 mts),40,Mediano,-68.8622419051,-32.9003519728,5,Residencial Sur,2423808.92355,0
13323,Paraiso,22/02/2011 13:45,Bajo (2 - 4 mts),48,Mediano,-68.8481763255,-32.8662026049,6,Residencial Norte,2694682.37982,0
36702,Fresno europeo,14/06/2011 18:13,Muy bajo (1 - 2 mts),4,Chico,-68.8591394538,-32.882357567,7,Residencial Parque,1786336.08966,0
16287,Conifera,22/07/2011 08:50,Alto (> 8 mts),110,Grande,-68.8421949927,-32.8629712353,4,Cuarta Oeste,1173332.70145,0
38676,Fresno europeo,16/12/2010 12:06,Bajo (2 - 4 mts),120,Grande,-68.8518666391,-32.8716895988,6,Residencial Norte,2694682.37982,0
32965,Ligustro,19/05/2011 11:51,Medio (4 - 8 mts),50,Mediano,-68.8498376383,-32.8876164219,5,Residencial Sur,2423808.92355,0
25306,Caducifolio,09/02/2011 13:43,Muy bajo (1 - 2 mts),12,Chico,-68.8390871391,-32.9003699619,2,Barrio Civico,2366816.36021,0
17208,Morera,30/06/2011 11:36,Alto (> 8 mts),143,Grande,-68.8351646601,-32.8624420236,4,Cuarta Oeste,1173332.70145,0
40448,Caducifolio,11/04/2011 10:41,Muy bajo (1 - 2 mts),15,Chico,-68.8453613395,-32.8829539908,1,Parque Central,1655357.93265,0
32650,Fresno europeo,24/06/2011 13:46,Medio (4 - 8 mts),25,Mediano,-68.8508312941,-32.8907390813,5,Residencial Sur,2423808.92355,0
34132,Morera,10/03/2011 09:54,Alto (> 8 mts),190,Grande,-68.8561786271,-32.8732637744,6,Residencial Norte,2694682.37982,0
13111,Fresno europeo,18/02/2011 09:29,Medio (4 - 8 mts),70,Grande,-68.8454453062,-32.8659200933,4,Cuarta Oeste,1173332.70145,0
8993,Paraiso,14/01/2011 13:38,Alto (> 8 mts),170,Grande,-68.8459821231,-32.8678969018,4,Cuarta Oeste,1173332.70145,0
25653,Morera,07/02/2011 10:36,Alto (> 8 mts),53,Mediano,-68.8413177289,-32.9020014791,2,Barrio Civico,2366816.36021,0
3799,Fresno europeo,05/09/2011 09:46,Medio (4 - 8 mts),58,Mediano,-68.8321553639,-32.8706355303,4,Cuarta Este Área Fundacional,1822015.85685,0
33547,Morera,30/05/2011 10:49,Alto (> 8 mts),130,Grande,-68.8546881515,-32.8879249337,5,Residencial Sur,2423808.92355,1
26912,Fresno americano,02/11/2011 08:29,Medio (4 - 8 mts),122,Grande,-68.8365883125,-32.8859889138,3,Parque O'Higgins,1531146.02653,0
38686,Morera,17/12/2010 09:36,Alto (> 8 mts),150,Grande,-68.851442656,-32.8720080406,6,Residencial Norte,2694682.37982,0
13584,Morera,28/02/2011 13:06,Alto (> 8 mts),180,Grande,-68.8518908525,-32.8649518853,6,Residencial Norte,2694682.37982,0
2268,Morera,27/10/2011 09:42,Alto (> 8 mts),120,Grande,-68.8371735247,-32.8912233179,3,Parque O'Higgins,1531146.02653,1
41455,Fresno europeo,07/04/2011 11:27,Alto (> 8 mts),160,Grande,-68.841286734,-32.8808234464,1,Parque Central,1655357.93265,0
42004,Morera,20/04/2011 13:15,Medio (4 - 8 mts),45,Mediano,-68.8371749511,-32.8785996802,1,Parque Central,1655357.93265,0
36297,Fresno europeo,04/04/2011 10:26,Bajo (2 - 4 mts),60,Mediano,-68.854174412,-32.8766356195,6,Residencial Norte,2694682.37982,0
34239,Fresno europeo,23/03/2011 09:37,Bajo (2 - 4 mts),64,Grande,-68.852851743,-32.874631021,6,Residencial Norte,2694682.37982,0
41724,Fresno europeo,26/04/2011 09:10,Alto (> 8 mts),130,Grande,-68.8375946974,-32.8782994373,1,Parque Central,1655357.93265,0
22925,Fresno americano,19/05/2011 15:21,Medio (4 - 8 mts),42,Mediano,-68.8556859181,-32.9001043298,5,Residencial Sur,2423808.92355,0
4535,Perenne,01/08/2011 09:07,Medio (4 - 8 mts),300,Grande,-68.8396121189,-32.8676004161,4,Cuarta Oeste,1173332.70145,0
36473,Paraiso,18/03/2011 10:31,Medio (4 - 8 mts),83,Grande,-68.8548946364,-32.8793929971,6,Residencial Norte,2694682.37982,0
1217,Caducifolio,29/11/2011 12:19,Muy bajo (1 - 2 mts),4,Chico,-68.8767214834,-32.8647031582,8,Aeroparque,2203364.73622,0
24596,Morera,07/02/2011 10:53,Alto (> 8 mts),129,Grande,-68.8428751172,-32.903188717,2,Barrio Civico,2366816.36021,1
30406,Fresno americano,15/07/2011 10:07,Alto (> 8 mts),160,Grande,-68.8424451915,-32.888867418,3,Parque O'Higgins,1531146.02653,0
47588,Morera,16/09/2011 08:47,Alto (> 8 mts),130,Grande,-68.8259713507,-32.8714673497,4,Cuarta Este Área Fundacional,1822015.85685,1
32474,Fresno americano,30/05/2011 09:24,Medio (4 - 8 mts),105,Grande,-68.8538423354,-32.8884074353,5,Residencial Sur,2423808.92355,0
44649,Morera,25/08/2011 12:37,Alto (> 8 mts),132,Grande,-68.8228879846,-32.866558181,4,Cuarta Este Área Fundacional,1822015.85685,0
22175,Morera,13/05/2011 14:18,Alto (> 8 mts),102,Grande,-68.854782666,-32.8993695678,5,Residencial Sur,2423808.92355,0
18106,Paraiso,28/07/2011 10:26,Medio (4 - 8 mts),90,Grande,-68.8406445449,-32.8694592047,4,Cuarta Oeste,1173332.70145,1
21378,Morera,10/05/2011 09:51,Alto (> 8 mts),112,Grande,-68.8548712435,-32.8930894951,5,Residencial Sur,2423808.92355,0
15809,Aguaribay,21/11/2011 16:48,Medio (4 - 8 mts),110,Grande,-68.8734251269,-32.8784276674,7,Residencial Parque,1786336.08966,0
38147,Fresno europeo,21/10/2010 10:44,Bajo (2 - 4 mts),30,Mediano,-68.8461973046,-32.8702083125,6,Residencial Norte,2694682.37982,0
39377,Paraiso,30/11/2010 11:34,Medio (4 - 8 mts),65,Grande,-68.8563708489,-32.8726713116,6,Residencial Norte,2694682.37982,0
2710,Fresno americano,12/10/2011 14:26,Alto (> 8 mts),90,Grande,-68.8320833575,-32.882588814,3,Parque O'Higgins,1531146.02653,0
43688,Fresno europeo,13/10/2011 16:35,Bajo (2 - 4 mts),60,Mediano,-68.8341335234,-32.8823828998,3,Parque O'Higgins,1531146.02653,0
8348,Morera,14/03/2011 17:38,Medio (4 - 8 mts),90,Grande,-68.8467890603,-32.8928422052,2,Barrio Civico,2366816.36021,0
13116,Morera,17/02/2011 13:34,Alto (> 8 mts),180,Grande,-68.8454766786,-32.865642373,4,Cuarta Oeste,1173332.70145,0
12396,Morera,21/01/2011 09:58,Alto (> 8 mts),100,Grande,-68.8483655406,-32.8665540554,6,Residencial Norte,2694682.37982,0
21541,Acer,08/06/2011 11:40,Medio (4 - 8 mts),67,Grande,-68.8539909003,-32.8949918906,5,Residencial Sur,2423808.92355,0
40334,Fresno europeo,08/04/2011 12:07,Bajo (2 - 4 mts),20,Chico,-68.8441960027,-32.8804657283,1,Parque Central,1655357.93265,0
47900,Morera,21/09/2011 10:36,Alto (> 8 mts),192,Grande,-68.8305858761,-32.873843221,4,Cuarta Este Área Fundacional,1822015.85685,0
14975,Acacia SP,21/12/2011 16:25,Bajo (2 - 4 mts),46,Mediano,-68.880682271,-32.8715933343,8,Aeroparque,2203364.73622,0
22087,Fresno americano,10/06/2011 11:13,Alto (> 8 mts),131,Grande,-68.8545950939,-32.8973999838,5,Residencial Sur,2423808.92355,0
31256,Morera,03/02/2011 09:34,Alto (> 8 mts),160,Grande,-68.8530009072,-32.8635083945,6,Residencial Norte,2694682.37982,0
37031,Morera,05/04/2011 10:42,Medio (4 - 8 mts),160,Grande,-68.8576427189,-32.8762754839,6,Residencial Norte,2694682.37982,0
33767,Fresno europeo,12/05/2011 09:13,Medio (4 - 8 mts),150,Grande,-68.8572052276,-32.8851522439,5,Residencial Sur,2423808.92355,0
7986,Platano,18/02/2011 13:49,Alto (> 8 mts),126,Grande,-68.8404017094,-32.8882762116,3,Parque O'Higgins,1531146.02653,0
23785,Paraiso,27/01/2011 19:10,Alto (> 8 mts),182,Grande,-68.8502183885,-32.9002886938,2,Barrio Civico,2366816.36021,0
36238,Morera,17/03/2011 13:18,Alto (> 8 mts),122,Grande,-68.8546144943,-32.8783160157,6,Residencial Norte,2694682.37982,0
33423,Platano,02/06/2011 13:59,Alto (> 8 mts),190,Grande,-68.8568059017,-32.8885185257,5,Residencial Sur,2423808.92355,0
37201,Morera,14/03/2011 12:00,Alto (> 8 mts),114,Grande,-68.8576262618,-32.8725633,6,Residencial Norte,2694682.37982,0
7779,Fresno europeo,13/05/2011 08:44,Medio (4 - 8 mts),130,Grande,-68.8566366101,-32.8860252729,5,Residencial Sur,2423808.92355,0
36475,Fresno europeo,18/03/2011 10:26,Medio (4 - 8 mts),86,Grande,-68.8549257918,-32.8794878914,6,Residencial Norte,2694682.37982,0
10994,Fresno europeo,22/03/2011 13:00,Alto (> 8 mts),100,Grande,-68.8539228157,-32.8817646432,6,Residencial Norte,2694682.37982,1
43959,Platano,12/10/2011 11:28,Alto (> 8 mts),230,Grande,-68.8319722041,-32.8848755383,3,Parque O'Higgins,1531146.02653,0
38471,Paraiso,03/11/2010 11:45,Alto (> 8 mts),185,Grande,-68.8515899285,-32.8700649738,6,Residencial Norte,2694682.37982,0
15248,Acacia SP,18/11/2011 17:11,Medio (4 - 8 mts),82,Grande,-68.8587254758,-32.871032278,6,Residencial Norte,2694682.37982,0
15965,Morera,25/11/2011 10:42,Medio (4 - 8 mts),80,Grande,-68.873200043,-32.8763451254,7,Residencial Parque,1786336.08966,0
1481,Morera,24/11/2011 14:42,Medio (4 - 8 mts),55,Mediano,-68.8716555399,-32.8771566274,7,Residencial Parque,1786336.08966,0
37765,Fresno europeo,22/02/2012 07:52,Medio (4 - 8 mts),35,Mediano,-68.8487226902,-32.8726138753,6,Residencial Norte,2694682.37982,0
19846,Platano,30/06/2011 10:04,Alto (> 8 mts),170,Grande,-68.8343859639,-32.8635964068,4,Cuarta Oeste,1173332.70145,0
33074,Morera,18/05/2011 10:05,Alto (> 8 mts),150,Grande,-68.8525240892,-32.8878226734,5,Residencial Sur,2423808.92355,0
22818,Fresno americano,14/06/2011 12:15,Alto (> 8 mts),54,Mediano,-68.8584299264,-32.902218413600004,5,Residencial Sur,2423808.92355,0
36129,Morera,04/04/2011 09:52,Alto (> 8 mts),180,Grande,-68.8523672415,-32.8778092809,6,Residencial Norte,2694682.37982,0
43339,Fresno europeo,26/10/2011 13:15,Alto (> 8 mts),140,Grande,-68.8324581173,-32.8809048666,3,Parque O'Higgins,1531146.02653,0
2138,Fresno europeo,09/11/2011 10:15,Muy bajo (1 - 2 mts),3,Chico,-68.8331109571,-32.8912919812,3,Parque O'Higgins,1531146.02653,0
48133,Acer,17/08/2011 11:01,Medio (4 - 8 mts),125,Grande,-68.8301984438,-32.8670460484,4,Cuarta Este Área Fundacional,1822015.85685,0
33421,Fresno europeo,02/06/2011 13:48,Alto (> 8 mts),65,Grande,-68.8570129695,-32.8884820638,5,Residencial Sur,2423808.92355,0
7805,Morera,12/05/2011 10:05,Medio (4 - 8 mts),100,Grande,-68.857824229,-32.8859173968,5,Residencial Sur,2423808.92355,0
35772,Fresno europeo,18/03/2011 12:35,Medio (4 - 8 mts),70,Grande,-68.8546407418,-32.8745448368,6,Residencial Norte,2694682.37982,0
32459,Morera,24/05/2011 13:47,Bajo (2 - 4 mts),22,Mediano,-68.851579606,-32.8885063009,5,Residencial Sur,2423808.92355,0
11748,Morera,02/06/2010 11:15,Medio (4 - 8 mts),157,Grande,-68.8502638824,-32.8673399654,6,Residencial Norte,2694682.37982,0
20059,Paraiso,09/08/2011 09:59,Medio (4 - 8 mts),108,Grande,-68.8340967461,-32.8652375964,4,Cuarta Oeste,1173332.70145,0
1340,Morera,29/11/2011 12:53,Medio (4 - 8 mts),60,Mediano,-68.877378555,-32.8656490983,8,Aeroparque,2203364.73622,0
4119,Tipa,28/09/2011 11:25,Bajo (2 - 4 mts),80,Grande,-68.82546021,-32.8748286347,4,Cuarta Este Área Fundacional,1822015.85685,0
9854,Paraiso,06/01/2011 14:33,Medio (4 - 8 mts),140,Grande,-68.8438075712,-32.8632559043,4,Cuarta Oeste,1173332.70145,0
14547,Morera,05/12/2011 12:40,Bajo (2 - 4 mts),34,Mediano,-68.8794269044,-32.8674381379,8,Aeroparque,2203364.73622,0
5489,Fresno europeo,08/04/2011 10:21,Medio (4 - 8 mts),170,Grande,-68.8448441058,-32.8810014633,1,Parque Central,1655357.93265,0
42933,Morera,29/09/2011 10:23,Medio (4 - 8 mts),178,Grande,-68.8348521385,-32.8773928006,1,Parque Central,1655357.93265,0
42774,Fresno americano,30/09/2011 13:11,Medio (4 - 8 mts),100,Grande,-68.8296918034,-32.8789946815,4,Cuarta Este Área Fundacional,1822015.85685,0
32984,Acacia SP,23/05/2011 09:56,Alto (> 8 mts),90,Grande,-68.8510406303,-32.8879597758,5,Residencial Sur,2423808.92355,0
19447,Perenne,08/08/2011 10:45,Medio (4 - 8 mts),64,Grande,-68.8396651341,-32.871208755,4,Cuarta Oeste,1173332.70145,0
34685,Morera,31/03/2011 10:27,Alto (> 8 mts),180,Grande,-68.8495770715,-32.8767087164,6,Residencial Norte,2694682.37982,0
30646,Acer,01/02/2011 13:09,Medio (4 - 8 mts),112,Grande,-68.854644174,-32.8671107846,6,Residencial Norte,2694682.37982,0
47725,Fresno europeo,15/09/2011 10:24,Medio (4 - 8 mts),200,Grande,-68.8285360824,-32.8720741391,4,Cuarta Este Área Fundacional,1822015.85685,0
26990,Fresno europeo,02/11/2011 17:09,Alto (> 8 mts),180,Grande,-68.8348816839,-32.8875154096,3,Parque O'Higgins,1531146.02653,0
22201,Morera,18/05/2011 10:00,Bajo (2 - 4 mts),12,Chico,-68.856884058,-32.8989334192,5,Residencial Sur,2423808.92355,0
15054,Paraiso,21/12/2011 12:56,Bajo (2 - 4 mts),80,Grande,-68.8808277492,-32.8712300792,8,Aeroparque,2203364.73622,0
38883,Olmo bola,09/12/2010 09:48,Alto (> 8 mts),95,Grande,-68.8487759664,-32.8717579614,6,Residencial Norte,2694682.37982,0
5641,Platano,02/05/2011 13:40,Medio (4 - 8 mts),36,Mediano,-68.8391022363,-32.8768497632,1,Parque Central,1655357.93265,0
13994,Fresno americano,29/11/2011 18:00,Bajo (2 - 4 mts),12,Chico,-68.8780936209,-32.8647676494,8,Aeroparque,2203364.73622,0
14212,Paraiso,30/11/2011 11:40,Medio (4 - 8 mts),65,Grande,-68.876673503,-32.8665153666,8,Aeroparque,2203364.73622,0
10161,Prunas,23/12/2010 13:06,Muy bajo (1 - 2 mts),40,Mediano,-68.8547842689,-32.8714088391,6,Residencial Norte,2694682.37982,0
20778,Morera,31/05/2011 11:01,Alto (> 8 mts),112,Grande,-68.8608408253,-32.8959272626,5,Residencial Sur,2423808.92355,0
48108,Morera,29/09/2011 09:22,Alto (> 8 mts),167,Grande,-68.8255397034,-32.8673008457,4,Cuarta Este Área Fundacional,1822015.85685,0
31321,Prunas,25/02/2011 12:38,Bajo (2 - 4 mts),50,Mediano,-68.8484613945,-32.8652043971,6,Residencial Norte,2694682.37982,0
43238,Fresno europeo,04/10/2011 08:49,Medio (4 - 8 mts),80,Grande,-68.8346074973,-32.8798084502,1,Parque Central,1655357.93265,0
39271,Morera,29/12/2010 10:20,Medio (4 - 8 mts),65,Grande,-68.8558344208,-32.8714001513,6,Residencial Norte,2694682.37982,0
34245,Morera,22/03/2011 13:23,Bajo (2 - 4 mts),16,Chico,-68.8530074049,-32.8752340765,6,Residencial Norte,2694682.37982,0
37598,Platano,17/11/2010 11:24,Muy bajo (1 - 2 mts),5,Chico,-68.8581768199,-32.870281808,6,Residencial Norte,2694682.37982,0
19445,Tipa,08/08/2011 10:50,Alto (> 8 mts),200,Grande,-68.8396775209,-32.8714506053,4,Cuarta Oeste,1173332.70145,1
17049,Paraiso,16/08/2011 10:06,Alto (> 8 mts),210,Grande,-68.8376945985,-32.8643480165,4,Cuarta Oeste,1173332.70145,0
18144,Fresno europeo,27/07/2011 09:55,Alto (> 8 mts),180,Grande,-68.8413169746,-32.8686055957,4,Cuarta Oeste,1173332.70145,0
46230,Morera,29/09/2011 12:45,Medio (4 - 8 mts),170,Grande,-68.8256849984,-32.8744073884,4,Cuarta Este Área Fundacional,1822015.85685,0
20,Fresno europeo,02/03/2012 12:55,Bajo (2 - 4 mts),36,Mediano,-68.8564561132,-32.8959077601,5,Residencial Sur,2423808.92355,0
21152,Paraiso,06/05/2011 12:12,Medio (4 - 8 mts),105,Grande,-68.8530327613,-32.8928254967,5,Residencial Sur,2423808.92355,0
5442,Olmo comun,15/04/2011 11:01,Bajo (2 - 4 mts),130,Grande,-68.8456907981,-32.8792365153,1,Parque Central,1655357.93265,0
46956,Alamo blanco,09/09/2011 11:06,Alto (> 8 mts),190,Grande,-68.8311839805,-32.8708459066,4,Cuarta Este Área Fundacional,1822015.85685,0
33912,Morera,13/07/2011 11:31,Alto (> 8 mts),136,Grande,-68.8532706578,-32.8856420426,5,Residencial Sur,2423808.92355,1
28749,Fresno americano,20/04/2011 11:09,Alto (> 8 mts),160,Grande,-68.8489795452,-32.886725451,5,Residencial Sur,2423808.92355,0
19217,Morera,06/07/2011 09:15,Alto (> 8 mts),180,Grande,-68.8386660392,-32.8724134863,4,Cuarta Oeste,1173332.70145,0
46485,Morera,17/08/2011 13:33,Medio (4 - 8 mts),110,Grande,-68.8304143238,-32.8684420101,4,Cuarta Este Área Fundacional,1822015.85685,0
20774,Platano,31/05/2011 11:17,Alto (> 8 mts),108,Grande,-68.861100361,-32.8957409589,5,Residencial Sur,2423808.92355,0
17576,Acer,28/07/2011 09:34,Medio (4 - 8 mts),160,Grande,-68.840645992,-32.8663257094,4,Cuarta Oeste,1173332.70145,0
27649,Morera,01/11/2011 10:28,Medio (4 - 8 mts),70,Grande,-68.8362004546,-32.8942462953,3,Parque O'Higgins,1531146.02653,0
45756,Paraiso,24/08/2011 10:55,Medio (4 - 8 mts),58,Mediano,-68.8208414868,-32.8701811535,4,Cuarta Este Área Fundacional,1822015.85685,0
43060,Paraiso,03/10/2011 10:05,Medio (4 - 8 mts),110,Grande,-68.8322105973,-32.8783673515,4,Cuarta Este Área Fundacional,1822015.85685,0
24754,Morera,15/02/2011 12:59,Medio (4 - 8 mts),56,Mediano,-68.8397833276,-32.8961484072,2,Barrio Civico,2366816.36021,0
39140,Fresno europeo,15/01/2012 10:43,Bajo (2 - 4 mts),80,Grande,-68.8541170958,-32.8720367962,6,Residencial Norte,2694682.37982,0
8337,Morera,16/03/2011 18:34,Alto (> 8 mts),178,Grande,-68.8457131698,-32.8929294276,2,Barrio Civico,2366816.36021,0
33248,Morera,30/06/2011 11:48,Medio (4 - 8 mts),40,Mediano,-68.855091516,-32.890069625,5,Residencial Sur,2423808.92355,0
22315,Fresno europeo,09/06/2011 10:20,Alto (> 8 mts),118,Grande,-68.8574693666,-32.8981238323,5,Residencial Sur,2423808.92355,0
24430,Fresno europeo,20/01/2011 12:47,Alto (> 8 mts),180,Grande,-68.8454084132,-32.9027615715,2,Barrio Civico,2366816.36021,0
16643,Paraiso,19/07/2011 12:32,Alto (> 8 mts),115,Grande,-68.840982283,-32.8640265778,4,Cuarta Oeste,1173332.70145,1
1879,Paraiso,15/11/2011 13:15,Medio (4 - 8 mts),60,Mediano,-68.8608199849,-32.8700780091,7,Residencial Parque,1786336.08966,0
13622,Fresno europeo,28/02/2011 12:23,Alto (> 8 mts),130,Grande,-68.8518230252,-32.8656832457,6,Residencial Norte,2694682.37982,0
21060,Morera,23/06/2011 11:16,Alto (> 8 mts),90,Grande,-68.8633028201,-32.8993748256,5,Residencial Sur,2423808.92355,0
48009,Morera,29/08/2011 08:56,Alto (> 8 mts),125,Grande,-68.8265888723,-32.8689531643,4,Cuarta Este Área Fundacional,1822015.85685,1
45658,Olmo comun,19/09/2011 15:23,Medio (4 - 8 mts),130,Grande,-68.8207825214,-32.8720192602,4,Cuarta Este Área Fundacional,1822015.85685,0
5582,Fresno europeo,15/04/2011 13:48,Medio (4 - 8 mts),50,Mediano,-68.8388791598,-32.8820360321,1,Parque Central,1655357.93265,0
41557,Morera,06/05/2011 12:42,Medio (4 - 8 mts),50,Mediano,-68.8408524988,-32.8796760017,1,Parque Central,1655357.93265,0
47069,Morera,28/09/2011 08:47,Alto (> 8 mts),65,Grande,-68.8339751135,-32.8737475358,4,Cuarta Este Área Fundacional,1822015.85685,0
22808,Morera,14/06/2011 12:29,Alto (> 8 mts),96,Grande,-68.859420988,-32.9023271106,5,Residencial Sur,2423808.92355,0
45239,Fresno europeo,29/09/2011 11:36,Muy bajo (1 - 2 mts),4,Chico,-68.8233326669,-32.8733454595,4,Cuarta Este Área Fundacional,1822015.85685,0
562,Morera,09/03/2012 07:42,Alto (> 8 mts),130,Grande,-68.8190189344,-32.8685681126,4,Cuarta Este Área Fundacional,1822015.85685,0
44216,Platano,14/10/2011 09:39,Alto (> 8 mts),130,Grande,-68.8352683079,-32.8834496202,3,Parque O'Higgins,1531146.02653,0
35012,Platano,31/03/2011 09:52,Alto (> 8 mts),170,Grande,-68.8562026423,-32.8797665463,6,Residencial Norte,2694682.37982,0
18331,Morera,02/08/2011 10:22,Alto (> 8 mts),130,Grande,-68.8381821634,-32.8675003405,4,Cuarta Oeste,1173332.70145,0
41907,Morera,18/04/2011 10:13,Alto (> 8 mts),100,Grande,-68.8429129571,-32.8787812415,1,Parque Central,1655357.93265,0
44231,Platano,13/10/2011 11:50,Alto (> 8 mts),210,Grande,-68.8351846929,-32.8836792099,3,Parque O'Higgins,1531146.02653,0
42146,Acacia SP,05/05/2011 11:12,Bajo (2 - 4 mts),6,Chico,-68.8413372229,-32.8743146944,1,Parque Central,1655357.93265,0
31622,Platano,10/06/2011 09:12,Alto (> 8 mts),170,Grande,-68.8598707171,-32.8880644789,5,Residencial Sur,2423808.92355,0
8119,Morera,16/03/2011 12:29,Alto (> 8 mts),115,Grande,-68.8407766265,-32.8909754946,2,Barrio Civico,2366816.36021,0
26242,Acer,19/10/2011 09:35,Bajo (2 - 4 mts),20,Chico,-68.8312925477,-32.8887587507,3,Parque O'Higgins,1531146.02653,0
3934,Fresno europeo,05/09/2011 13:17,Bajo (2 - 4 mts),32,Mediano,-68.8217662203,-32.8708438119,4,Cuarta Este Área Fundacional,1822015.85685,0
2645,Caducifolio,21/10/2011 18:30,Muy bajo (1 - 2 mts),10,Chico,-68.8338629966,-32.8807838777,3,Parque O'Higgins,1531146.02653,0
4759,Paraiso,01/08/2011 13:31,Medio (4 - 8 mts),25,Mediano,-68.8371396372,-32.8668219736,4,Cuarta Oeste,1173332.70145,0
15569,Paraiso,17/11/2011 16:22,Muy bajo (1 - 2 mts),10,Chico,-68.8610037264,-32.8712197948,7,Residencial Parque,1786336.08966,0
43457,Fresno europeo,03/10/2011 10:03,Alto (> 8 mts),140,Grande,-68.8322898095,-32.8799403708,3,Parque O'Higgins,1531146.02653,0
15689,Aguaribay,15/11/2011 16:54,Medio (4 - 8 mts),200,Grande,-68.8622918104,-32.8715681365,7,Residencial Parque,1786336.08966,0
39233,Fresno europeo,28/12/2010 14:08,Alto (> 8 mts),130,Grande,-68.8541833788,-32.8716889097,6,Residencial Norte,2694682.37982,0
21664,Fresno europeo,08/06/2011 09:07,Alto (> 8 mts),79,Grande,-68.8553560786,-32.8962855597,5,Residencial Sur,2423808.92355,0
1363,Aguaribay,30/11/2011 11:03,Medio (4 - 8 mts),126,Grande,-68.8771437427,-32.8647724883,8,Aeroparque,2203364.73622,0
45041,Morera,01/09/2011 08:10,Muy bajo (1 - 2 mts),45,Mediano,-68.8220654049,-32.8702629121,4,Cuarta Este Área Fundacional,1822015.85685,1
29805,Platano,09/03/2011 08:35,Alto (> 8 mts),175,Grande,-68.8431922444,-32.8921552198,2,Barrio Civico,2366816.36021,0
15703,Morera,18/11/2011 08:15,Bajo (2 - 4 mts),32,Mediano,-68.8606549068,-32.86906404,6,Residencial Norte,2694682.37982,0
19710,Platano,12/07/2011 09:22,Alto (> 8 mts),190,Grande,-68.8343027984,-32.8708333773,4,Cuarta Oeste,1173332.70145,0
42669,Morera,23/09/2011 12:20,Alto (> 8 mts),209,Grande,-68.830261571,-32.8766438406,4,Cuarta Este Área Fundacional,1822015.85685,1
19509,Morera,18/07/2011 09:01,Alto (> 8 mts),125,Grande,-68.8383498417,-32.8711897497,4,Cuarta Oeste,1173332.70145,0
22443,Paraiso,28/06/2011 09:29,Alto (> 8 mts),160,Grande,-68.8617091616,-32.8981396804,5,Residencial Sur,2423808.92355,0
24845,Morera,16/02/2011 13:19,Alto (> 8 mts),143,Grande,-68.8381347985,-32.8961908754,2,Barrio Civico,2366816.36021,1
27099,Fresno europeo,27/10/2011 09:20,Medio (4 - 8 mts),35,Mediano,-68.8370605551,-32.8892277007,3,Parque O'Higgins,1531146.02653,0
48049,Morera,27/09/2011 11:44,Medio (4 - 8 mts),70,Grande,-68.8255935628,-32.8665319557,4,Cuarta Este Área Fundacional,1822015.85685,0
39849,Morera,03/05/2011 13:18,Alto (> 8 mts),160,Grande,-68.8441953681,-32.8735306989,1,Parque Central,1655357.93265,0
33709,Paraiso,11/05/2011 09:42,Alto (> 8 mts),111,Grande,-68.8570295332,-32.8868617321,5,Residencial Sur,2423808.92355,1
15545,Paraiso,18/11/2011 17:02,Bajo (2 - 4 mts),26,Mediano,-68.8608907119,-32.8712895794,7,Residencial Parque,1786336.08966,0
20472,Fresno europeo,02/06/2011 13:18,Bajo (2 - 4 mts),32,Mediano,-68.8600559355,-32.8969622167,5,Residencial Sur,2423808.92355,0
1679,Paraiso,23/11/2011 08:00,Bajo (2 - 4 mts),60,Mediano,-68.8722693008,-32.8794056893,7,Residencial Parque,1786336.08966,0
27574,Fresno americano,28/10/2011 10:53,Bajo (2 - 4 mts),18,Chico,-68.8382853993,-32.8927919666,2,Barrio Civico,2366816.36021,0
13348,Fresno europeo,12/01/2011 10:15,Medio (4 - 8 mts),55,Mediano,-68.8462463337,-32.8663248567,4,Cuarta Oeste,1173332.70145,0
16485,Paraiso,05/08/2011 09:16,Medio (4 - 8 mts),40,Mediano,-68.8421460633,-32.8649523459,4,Cuarta Oeste,1173332.70145,0
33831,Platano,16/05/2011 13:41,Alto (> 8 mts),190,Grande,-68.8541469347,-32.8857223714,5,Residencial Sur,2423808.92355,0
27435,Morera,25/10/2011 09:14,Alto (> 8 mts),160,Grande,-68.8345462238,-32.8917027016,3,Parque O'Higgins,1531146.02653,1
32596,Paraiso,23/06/2011 10:38,Alto (> 8 mts),118,Grande,-68.8514398938,-32.8905105957,5,Residencial Sur,2423808.92355,0
19798,Morera,08/08/2011 10:44,Alto (> 8 mts),165,Grande,-68.8352416534,-32.8644637942,4,Cuarta Oeste,1173332.70145,0
35115,Paraiso,28/03/2011 12:12,Medio (4 - 8 mts),120,Grande,-68.8520132211,-32.8808955388,1,Parque Central,1655357.93265,0
27052,Fresno americano,21/10/2011 10:17,Medio (4 - 8 mts),50,Mediano,-68.8382376329,-32.8884940327,3,Parque O'Higgins,1531146.02653,0
44797,Olmo bola,23/08/2011 12:17,Medio (4 - 8 mts),63,Grande,-68.8242738488,-32.8693332963,4,Cuarta Este Área Fundacional,1822015.85685,0
5796,Conifera,04/05/2011 11:34,Medio (4 - 8 mts),25,Mediano,-68.8413501773,-32.8778004983,1,Parque Central,1655357.93265,0
11856,Morera,02/03/2011 10:53,Alto (> 8 mts),240,Grande,-68.8503289897,-32.865026099,6,Residencial Norte,2694682.37982,0
46205,Morera,28/09/2011 09:43,Medio (4 - 8 mts),140,Grande,-68.825090806,-32.8755383645,4,Cuarta Este Área Fundacional,1822015.85685,0
19781,Fresno americano,10/08/2011 12:08,Alto (> 8 mts),220,Grande,-68.8339013585,-32.8692916204,4,Cuarta Oeste,1173332.70145,0
1026,Aguaribay,14/12/2011 11:03,Medio (4 - 8 mts),120,Grande,-68.8816496779,-32.8650925491,8,Aeroparque,2203364.73622,0
31247,Olmo bola,04/02/2011 10:42,Medio (4 - 8 mts),80,Grande,-68.8540952512,-32.8636077313,6,Residencial Norte,2694682.37982,0
25327,Morera,09/02/2011 10:40,Alto (> 8 mts),168,Grande,-68.8398783944,-32.89938294,2,Barrio Civico,2366816.36021,0
10685,Caducifolio,28/03/2011 10:26,Bajo (2 - 4 mts),60,Mediano,-68.8514142393,-32.8751312387,6,Residencial Norte,2694682.37982,0
41545,Morera,06/05/2011 10:39,Alto (> 8 mts),104,Grande,-68.8392683731,-32.8795723553,1,Parque Central,1655357.93265,0
8205,Morera,15/03/2011 08:51,Alto (> 8 mts),138,Grande,-68.8407783722,-32.8937218695,2,Barrio Civico,2366816.36021,0
28683,Platano,01/03/2011 13:04,Alto (> 8 mts),145,Grande,-68.8463338846,-32.8911430939,2,Barrio Civico,2366816.36021,0
26484,Fresno europeo,09/11/2011 09:24,Medio (4 - 8 mts),80,Grande,-68.8318074045,-32.8924615179,3,Parque O'Higgins,1531146.02653,0
23849,Fresno europeo,28/01/2011 12:59,Medio (4 - 8 mts),58,Mediano,-68.8510230799,-32.9009228256,2,Barrio Civico,2366816.36021,0
41126,Platano,27/04/2011 10:09,Alto (> 8 mts),148,Grande,-68.8401307143,-32.8834718603,1,Parque Central,1655357.93265,0
10796,Morera,31/03/2011 13:04,Medio (4 - 8 mts),150,Grande,-68.8510297364,-32.8777264742,6,Residencial Norte,2694682.37982,0
19174,Morera,18/07/2011 10:23,Alto (> 8 mts),115,Grande,-68.8408884521,-32.8730692494,4,Cuarta Oeste,1173332.70145,1
43469,Acacia SP,03/10/2011 09:39,Muy bajo (1 - 2 mts),90,Grande,-68.8320156415,-32.8789578791,4,Cuarta Este Área Fundacional,1822015.85685,0
28925,Platano,28/02/2011 12:46,Alto (> 8 mts),260,Grande,-68.8470690756,-32.8870351663,1,Parque Central,1655357.93265,0
28067,Morera,21/02/2011 18:01,Alto (> 8 mts),102,Grande,-68.8502463752,-32.8914372833,5,Residencial Sur,2423808.92355,0
36318,Morera,01/04/2011 12:42,Medio (4 - 8 mts),70,Grande,-68.8528934424,-32.8773214589,6,Residencial Norte,2694682.37982,0
17883,Platano,01/08/2011 10:44,Alto (> 8 mts),175,Grande,-68.8367881953,-32.8676483912,4,Cuarta Oeste,1173332.70145,0
5279,Paraiso,03/05/2011 13:03,Alto (> 8 mts),180,Grande,-68.8447491345,-32.8756743438,1,Parque Central,1655357.93265,0
38259,Fresno europeo,17/01/2012 08:10,Alto (> 8 mts),130,Grande,-68.8463803724,-32.873676282,6,Residencial Norte,2694682.37982,0
2461,Ailanthus,26/10/2011 10:01,Alto (> 8 mts),122,Grande,-68.8371312719,-32.8925901743,3,Parque O'Higgins,1531146.02653,0
41328,Platano,19/04/2011 11:38,Alto (> 8 mts),175,Grande,-68.840588548,-32.8834995639,1,Parque Central,1655357.93265,0
23731,Paraiso,25/01/2011 12:03,Alto (> 8 mts),141,Grande,-68.8497421268,-32.901346079,2,Barrio Civico,2366816.36021,0
36897,Morera,07/04/2011 12:58,Alto (> 8 mts),150,Grande,-68.8597486645,-32.8797554009,7,Residencial Parque,1786336.08966,0
12640,Morera,17/01/2011 08:50,Medio (4 - 8 mts),120,Grande,-68.8463735822,-32.8629901996,4,Cuarta Oeste,1173332.70145,0
34533,Morera,29/03/2011 13:23,Alto (> 8 mts),170,Grande,-68.8500666986,-32.8760357067,6,Residencial Norte,2694682.37982,0
13975,Paraiso sombrilla,29/11/2011 12:13,Medio (4 - 8 mts),58,Mediano,-68.8780786862,-32.8651567003,8,Aeroparque,2203364.73622,0
8509,Paraiso,09/02/2011 11:06,Medio (4 - 8 mts),61,Grande,-68.8376800246,-32.897543139,2,Barrio Civico,2366816.36021,0
19680,Morera,12/07/2011 10:17,Alto (> 8 mts),150,Grande,-68.8356569196,-32.8713056198,4,Cuarta Oeste,1173332.70145,1
18286,Paraiso,04/08/2011 11:14,Alto (> 8 mts),180,Grande,-68.8395506999,-32.8685305274,4,Cuarta Oeste,1173332.70145,0
47355,Platano,23/09/2011 09:02,Alto (> 8 mts),240,Grande,-68.8278445,-32.8749702406,4,Cuarta Este Área Fundacional,1822015.85685,0
6733,Morera,16/05/2011 12:10,Alto (> 8 mts),150,Grande,-68.8584338417,-32.892870853,5,Residencial Sur,2423808.92355,0
1510,Morera,24/11/2011 07:27,Medio (4 - 8 mts),60,Mediano,-68.8717948007,-32.8758278871,7,Residencial Parque,1786336.08966,0
37908,Morera,18/11/2010 10:59,Alto (> 8 mts),190,Grande,-68.8498242827,-32.8738485397,6,Residencial Norte,2694682.37982,0
22901,Morera,19/05/2011 16:15,Alto (> 8 mts),162,Grande,-68.854128404,-32.8995441922,5,Residencial Sur,2423808.92355,0
24214,Morera,26/01/2011 09:24,Alto (> 8 mts),138,Grande,-68.8457692951,-32.9017356408,2,Barrio Civico,2366816.36021,0
32433,Acacia visco,26/05/2011 13:05,Alto (> 8 mts),156,Grande,-68.852754646,-32.8892259317,5,Residencial Sur,2423808.92355,0
43588,Acacia SP,13/10/2011 12:29,Alto (> 8 mts),105,Grande,-68.8325810093,-32.8834007797,3,Parque O'Higgins,1531146.02653,0
25463,Morera,08/02/2011 13:19,Alto (> 8 mts),140,Grande,-68.8406649476,-32.9006402695,2,Barrio Civico,2366816.36021,1
31966,Fresno europeo,02/06/2011 13:07,Medio (4 - 8 mts),130,Grande,-68.8597544634,-32.8836409162,7,Residencial Parque,1786336.08966,0
46216,Morera,27/09/2011 12:11,Medio (4 - 8 mts),180,Grande,-68.8262094233,-32.8750722153,4,Cuarta Este Área Fundacional,1822015.85685,0
40097,Morera,15/04/2011 09:06,Alto (> 8 mts),180,Grande,-68.845233213,-32.8802198999,1,Parque Central,1655357.93265,1
9036,Caducifolio,10/01/2011 14:16,Muy bajo (1 - 2 mts),35,Mediano,-68.8450504119,-32.8670617187,4,Cuarta Oeste,1173332.70145,0
40328,Morera,08/04/2011 12:31,Medio (4 - 8 mts),110,Grande,-68.8436135625,-32.8805404046,1,Parque Central,1655357.93265,0
15397,Paraiso,15/11/2011 13:28,Medio (4 - 8 mts),95,Grande,-68.8609240759,-32.8707208059,7,Residencial Parque,1786336.08966,1
42444,Morera,26/09/2011 10:18,Alto (> 8 mts),125,Grande,-68.8322673322,-32.8763852356,4,Cuarta Este Área Fundacional,1822015.85685,0
37646,Paraiso,29/02/2012 08:35,Alto (> 8 mts),128,Grande,-68.8527929291,-32.8721669969,6,Residencial Norte,2694682.37982,0
36660,Acacia SP,03/06/2011 16:58,Alto (> 8 mts),150,Grande,-68.8598845177,-32.8823354062,7,Residencial Parque,1786336.08966,0
2860,Morera,04/11/2011 09:09,Alto (> 8 mts),185,Grande,-68.8359537723,-32.8938545966,3,Parque O'Higgins,1531146.02653,0
4250,Morera,05/07/2011 12:24,Bajo (2 - 4 mts),20,Chico,-68.8396235986,-32.8723225437,4,Cuarta Oeste,1173332.70145,1
28661,Morera,23/02/2011 09:04,Alto (> 8 mts),160,Grande,-68.8487984725,-32.8910548307,2,Barrio Civico,2366816.36021,1
12012,Morera,07/04/2010 11:53,Medio (4 - 8 mts),90,Grande,-68.8527204646,-32.8671423915,6,Residencial Norte,2694682.37982,0
17137,Morera,15/08/2011 11:30,Alto (> 8 mts),92,Grande,-68.8372077937,-32.8624943083,4,Cuarta Oeste,1173332.70145,0
7363,Fresno americano,24/06/2011 09:11,Alto (> 8 mts),117,Grande,-68.8613551551,-32.9009595975,5,Residencial Sur,2423808.92355,0
15836,Fresno europeo,25/11/2011 10:48,Muy bajo (1 - 2 mts),18,Chico,-68.8718922192,-32.8776784124,7,Residencial Parque,1786336.08966,0
38675,Morera,16/12/2010 12:05,Alto (> 8 mts),110,Grande,-68.8518379903,-32.8716317816,6,Residencial Norte,2694682.37982,1
16616,Paraiso,26/07/2011 15:06,Alto (> 8 mts),165,Grande,-68.8402886984,-32.8659117365,4,Cuarta Oeste,1173332.70145,0
10401,Fresno europeo,14/03/2011 13:53,Medio (4 - 8 mts),50,Mediano,-68.8582647954,-32.8729707425,6,Residencial Norte,2694682.37982,0
11695,Morera,31/01/2011 09:34,Alto (> 8 mts),180,Grande,-68.8509106131,-32.8679431358,6,Residencial Norte,2694682.37982,0
30255,Morera,09/03/2011 13:31,Alto (> 8 mts),128,Grande,-68.8429354374,-32.8900717668,2,Barrio Civico,2366816.36021,1
38692,Fresno europeo,15/12/2010 13:32,Muy bajo (1 - 2 mts),2,Chico,-68.850794445,-32.8721240998,6,Residencial Norte,2694682.37982,0
32158,Platano,11/05/2011 11:23,Medio (4 - 8 mts),140,Grande,-68.8585904152,-32.8848975568,5,Residencial Sur,2423808.92355,0
358,Morera,06/03/2012 13:09,Medio (4 - 8 mts),130,Grande,-68.8205588286,-32.8671747804,4,Cuarta Este Área Fundacional,1822015.85685,0
39196,Fresno europeo,25/11/2010 13:43,Medio (4 - 8 mts),50,Mediano,-68.8543647602,-32.8728314774,6,Residencial Norte,2694682.37982,0
34330,Fresno europeo,09/03/2011 09:01,Medio (4 - 8 mts),80,Grande,-68.8511990856,-32.8742805612,6,Residencial Norte,2694682.37982,0
17904,Paraiso,01/08/2011 09:39,Alto (> 8 mts),140,Grande,-68.8363767022,-32.8670243319,4,Cuarta Oeste,1173332.70145,0
13747,Morera,27/01/2011 10:10,Alto (> 8 mts),144,Grande,-68.8504822284,-32.8634225097,6,Residencial Norte,2694682.37982,0
37042,Platano,05/04/2011 11:46,Medio (4 - 8 mts),110,Grande,-68.857143627,-32.8759210001,6,Residencial Norte,2694682.37982,0
40072,Morera,20/04/2011 09:39,Medio (4 - 8 mts),80,Grande,-68.8447316791,-32.8782472304,1,Parque Central,1655357.93265,0
21328,Fresno americano,15/06/2011 11:30,Bajo (2 - 4 mts),45,Mediano,-68.8526734626,-32.8991026869,2,Barrio Civico,2366816.36021,0
11807,Morera,02/03/2011 12:09,Alto (> 8 mts),180,Grande,-68.8505028705,-32.8649092596,6,Residencial Norte,2694682.37982,0
401,Prunas,05/03/2012 11:15,Medio (4 - 8 mts),40,Mediano,-68.8198025633,-32.8671963169,4,Cuarta Este Área Fundacional,1822015.85685,1
8092,Morera,25/02/2011 09:06,Alto (> 8 mts),54,Mediano,-68.8484254081,-32.8896903145,5,Residencial Sur,2423808.92355,0
25992,Morera,31/01/2011 11:07,Alto (> 8 mts),106,Grande,-68.837804097,-32.9033105519,2,Barrio Civico,2366816.36021,0
43910,Platano,11/10/2011 09:06,Alto (> 8 mts),250,Grande,-68.8329916184,-32.8848114409,3,Parque O'Higgins,1531146.02653,0
38300,Platano,01/12/2010 12:37,Alto (> 8 mts),350,Grande,-68.8468348055,-32.8716335103,6,Residencial Norte,2694682.37982,0
22139,Morera,13/05/2011 14:01,Alto (> 8 mts),98,Grande,-68.855576819,-32.8987683495,5,Residencial Sur,2423808.92355,0
6518,Paraiso,06/05/2011 12:15,Alto (> 8 mts),115,Grande,-68.8512984574,-32.8924145746,5,Residencial Sur,2423808.92355,0
494,Morera,07/03/2012 09:45,Alto (> 8 mts),138,Grande,-68.8222054302,-32.8678896719,4,Cuarta Este Área Fundacional,1822015.85685,0
44016,Morera,19/10/2011 10:05,Alto (> 8 mts),130,Grande,-68.8313302823,-32.8858207294,3,Parque O'Higgins,1531146.02653,1
12550,Morera,10/01/2011 12:37,Alto (> 8 mts),110,Grande,-68.844643745,-32.8630238175,4,Cuarta Oeste,1173332.70145,0
40087,Olmo bola,19/04/2011 12:54,Medio (4 - 8 mts),140,Grande,-68.8455613208,-32.8787419797,1,Parque Central,1655357.93265,0
12652,Ailanthus,18/01/2011 08:53,Alto (> 8 mts),160,Grande,-68.8469723252,-32.8632958868,4,Cuarta Oeste,1173332.70145,0
29846,Morera,03/03/2011 19:55,Alto (> 8 mts),96,Grande,-68.8417174714,-32.8935370969,2,Barrio Civico,2366816.36021,0
19435,Fresno europeo,01/07/2011 12:19,Alto (> 8 mts),155,Grande,-68.8347437809,-32.8716942254,4,Cuarta Oeste,1173332.70145,0
27176,Acacia SP,27/10/2011 09:29,Medio (4 - 8 mts),120,Grande,-68.8390128351,-32.8906443554,3,Parque O'Higgins,1531146.02653,0
1314,Aguaribay,30/11/2011 11:21,Medio (4 - 8 mts),68,Grande,-68.8772304427,-32.8646001007,8,Aeroparque,2203364.73622,0
33106,Platano,27/06/2011 12:12,Alto (> 8 mts),200,Grande,-68.8525985306,-32.8905226915,5,Residencial Sur,2423808.92355,0
42688,Morera,23/09/2011 09:15,Alto (> 8 mts),120,Grande,-68.8296524419,-32.8777850068,4,Cuarta Este Área Fundacional,1822015.85685,0
30508,Platano,04/04/2011 15:13,Alto (> 8 mts),108,Grande,-68.8398832152,-32.8875536625,3,Parque O'Higgins,1531146.02653,0
34343,Aguaribay,28/03/2011 12:14,Bajo (2 - 4 mts),50,Mediano,-68.8519893231,-32.8746992536,6,Residencial Norte,2694682.37982,0
5762,Morera,06/05/2011 10:27,Bajo (2 - 4 mts),54,Mediano,-68.8393990257,-32.8787244727,1,Parque Central,1655357.93265,0
17978,Morera,01/08/2011 09:19,Muy bajo (1 - 2 mts),8,Chico,-68.8399434626,-32.8678368167,4,Cuarta Oeste,1173332.70145,0
7110,Morera,31/05/2011 12:06,Alto (> 8 mts),70,Grande,-68.8612580814,-32.8980198266,5,Residencial Sur,2423808.92355,0
5466,Fresno americano,12/04/2011 12:47,Bajo (2 - 4 mts),12,Chico,-68.8426083038,-32.8805349472,1,Parque Central,1655357.93265,0
1969,Morera,17/05/2011 10:05,Muy bajo (1 - 2 mts),15,Chico,-68.8597117238,-32.8936008065,5,Residencial Sur,2423808.92355,0
39306,Fresno americano,30/11/2010 10:51,Alto (> 8 mts),210,Grande,-68.8560507728,-32.8725064747,6,Residencial Norte,2694682.37982,0
7272,Jacaranda,17/06/2011 16:52,Alto (> 8 mts),56,Mediano,-68.8596420114,-32.9016806415,5,Residencial Sur,2423808.92355,0
30175,Morera,09/03/2011 13:19,Alto (> 8 mts),125,Grande,-68.8422294327,-32.8900283616,2,Barrio Civico,2366816.36021,1
25837,Morera,03/02/2011 16:20,Alto (> 8 mts),110,Grande,-68.8394613652,-32.901853216,2,Barrio Civico,2366816.36021,1
6834,Morera,24/05/2011 09:24,Alto (> 8 mts),140,Grande,-68.8625834192,-32.8939306879,5,Residencial Sur,2423808.92355,0
32047,Platano,09/06/2011 13:24,Alto (> 8 mts),196,Grande,-68.8608811073,-32.887767778,5,Residencial Sur,2423808.92355,0
32125,Morera,09/05/2011 13:42,Alto (> 8 mts),140,Grande,-68.8608074214,-32.8865708799,5,Residencial Sur,2423808.92355,0
1253,Fresno europeo,05/12/2011 11:53,Bajo (2 - 4 mts),20,Chico,-68.8791887087,-32.8692843598,8,Aeroparque,2203364.73622,0
39581,Morera,22/10/2010 11:36,Alto (> 8 mts),180,Grande,-68.8477856763,-32.8696916097,6,Residencial Norte,2694682.37982,0
25317,Olmo comun,09/02/2011 11:10,Bajo (2 - 4 mts),56,Mediano,-68.8389013274,-32.899463829,2,Barrio Civico,2366816.36021,0
6535,Morera,09/05/2011 12:26,Alto (> 8 mts),125,Grande,-68.8546153746,-32.891545256,5,Residencial Sur,2423808.92355,0
32330,Morera,24/06/2011 12:09,Medio (4 - 8 mts),90,Grande,-68.8517593723,-32.8906828373,5,Residencial Sur,2423808.92355,1
5440,Morera,18/04/2011 09:45,Medio (4 - 8 mts),140,Grande,-68.8422902879,-32.8787134613,1,Parque Central,1655357.93265,0
38630,Fresno europeo,16/12/2010 10:06,Bajo (2 - 4 mts),35,Mediano,-68.8513102711,-32.8717957426,6,Residencial Norte,2694682.37982,0
33819,Morera,12/05/2011 12:15,Medio (4 - 8 mts),100,Grande,-68.8551277564,-32.8857942943,5,Residencial Sur,2423808.92355,0
15698,Paraiso,18/11/2011 08:09,Medio (4 - 8 mts),25,Mediano,-68.8607128057,-32.8694302052,6,Residencial Norte,2694682.37982,0
36375,Morera,17/03/2011 10:23,Medio (4 - 8 mts),60,Mediano,-68.8529323676,-32.8780163443,6,Residencial Norte,2694682.37982,0
29381,Platano,03/03/2011 09:11,Alto (> 8 mts),130,Grande,-68.8461212314,-32.890920634,2,Barrio Civico,2366816.36021,0
43633,Platano,12/10/2011 14:35,Alto (> 8 mts),190,Grande,-68.8326950021,-32.8836498453,3,Parque O'Higgins,1531146.02653,0
44519,Platano,18/10/2011 10:02,Alto (> 8 mts),190,Grande,-68.8354748508,-32.8854902114,3,Parque O'Higgins,1531146.02653,0
36917,Morera,07/04/2011 16:25,Alto (> 8 mts),150,Grande,-68.8585383259,-32.8791409099,7,Residencial Parque,1786336.08966,0
39061,Morera,22/12/2010 13:31,Alto (> 8 mts),190,Grande,-68.8532322636,-32.8704782645,6,Residencial Norte,2694682.37982,0
9797,Morera,14/01/2011 09:38,Alto (> 8 mts),140,Grande,-68.8454706485,-32.864139604,4,Cuarta Oeste,1173332.70145,0
41995,Platano,25/04/2011 14:00,Alto (> 8 mts),215,Grande,-68.8364456776,-32.8788635722,1,Parque Central,1655357.93265,0
19750,Ligustro,12/08/2011 09:35,Medio (4 - 8 mts),64,Grande,-68.8347560611,-32.8690052723,4,Cuarta Oeste,1173332.70145,0
19189,Paraiso,18/07/2011 09:41,Alto (> 8 mts),130,Grande,-68.8413006488,-32.8726120732,4,Cuarta Oeste,1173332.70145,0
26149,Fresno europeo,10/11/2011 17:03,Medio (4 - 8 mts),60,Mediano,-68.8308558765,-32.8876874022,3,Parque O'Higgins,1531146.02653,0
11608,Ligustro,27/01/2011 13:42,Medio (4 - 8 mts),37,Mediano,-68.8494580992,-32.867500115,6,Residencial Norte,2694682.37982,0
3583,Platano,02/09/2011 11:03,Alto (> 8 mts),160,Grande,-68.8308917978,-32.868580641,4,Cuarta Este Área Fundacional,1822015.85685,0
12247,Paraiso,14/01/2011 13:32,Alto (> 8 mts),170,Grande,-68.8459854591,-32.8676550434,4,Cuarta Oeste,1173332.70145,0
38025,Fresno europeo,07/12/2010 10:11,Alto (> 8 mts),70,Grande,-68.8479961305,-32.8718977238,6,Residencial Norte,2694682.37982,0
15385,Paraiso,15/11/2011 13:02,Medio (4 - 8 mts),40,Mediano,-68.8604692339,-32.8703127073,7,Residencial Parque,1786336.08966,0
8375,Morera,17/02/2011 15:51,Alto (> 8 mts),98,Grande,-68.8401224567,-32.90048293,2,Barrio Civico,2366816.36021,1
23100,Prunas,17/01/2011 16:05,Bajo (2 - 4 mts),38,Mediano,-68.84783177,-32.9016971238,2,Barrio Civico,2366816.36021,0
26917,Fresno europeo,02/11/2011 08:19,Bajo (2 - 4 mts),16,Chico,-68.8360944333,-32.8860030742,3,Parque O'Higgins,1531146.02653,0
21640,Fresno europeo,10/06/2011 08:59,Alto (> 8 mts),190,Grande,-68.8545211683,-32.8965354496,5,Residencial Sur,2423808.92355,0
1649,Fresno americano,23/11/2011 09:44,Muy bajo (1 - 2 mts),18,Chico,-68.8716828749,-32.8777271409,7,Residencial Parque,1786336.08966,0
25148,Morera,09/02/2011 15:14,Alto (> 8 mts),132,Grande,-68.835519436,-32.8980343111,2,Barrio Civico,2366816.36021,1
3306,Morera,26/09/2011 08:51,Alto (> 8 mts),61,Grande,-68.8292723703,-32.8755304784,4,Cuarta Este Área Fundacional,1822015.85685,0
4235,Fresno europeo,04/07/2011 11:30,Muy bajo (1 - 2 mts),12,Chico,-68.8357597915,-32.8717462955,4,Cuarta Oeste,1173332.70145,0
11634,Morera,27/01/2011 11:05,Alto (> 8 mts),170,Grande,-68.8501722085,-32.8671711882,6,Residencial Norte,2694682.37982,0
38672,Paraiso,16/12/2010 11:52,Alto (> 8 mts),210,Grande,-68.851778704,-32.8713653508,6,Residencial Norte,2694682.37982,1
33318,Platano,24/06/2011 09:56,Alto (> 8 mts),190,Grande,-68.8572707959,-32.8906484024,5,Residencial Sur,2423808.92355,0
24663,Fresno europeo,18/01/2011 13:45,Bajo (2 - 4 mts),20,Chico,-68.8426304636,-32.9011039425,2,Barrio Civico,2366816.36021,0
6084,Fresno americano,19/04/2011 10:15,Alto (> 8 mts),140,Grande,-68.842851269,-32.8842658426,1,Parque Central,1655357.93265,0
43558,Morera,12/10/2011 08:11,Alto (> 8 mts),120,Grande,-68.8310711933,-32.8835010718,3,Parque O'Higgins,1531146.02653,1
38303,Caducifolio,02/12/2010 09:28,Medio (4 - 8 mts),50,Mediano,-68.8469042537,-32.8718849876,6,Residencial Norte,2694682.37982,0
4029,Paraiso,21/09/2011 11:53,Muy bajo (1 - 2 mts),8,Chico,-68.8293462174,-32.874001583,4,Cuarta Este Área Fundacional,1822015.85685,0
40659,Fresno europeo,13/04/2011 09:31,Medio (4 - 8 mts),30,Mediano,-68.8434887792,-32.8842777807,1,Parque Central,1655357.93265,0
30399,Morera,04/03/2011 09:44,Alto (> 8 mts),140,Grande,-68.8402822641,-32.89040641,3,Parque O'Higgins,1531146.02653,1
28007,Morera,04/11/2011 09:04,Alto (> 8 mts),178,Grande,-68.8360103088,-32.8940777004,3,Parque O'Higgins,1531146.02653,0
25103,Fresno europeo,11/02/2011 13:49,Alto (> 8 mts),210,Grande,-68.8361415383,-32.9001249732,2,Barrio Civico,2366816.36021,0
22438,Paraiso,28/06/2011 09:36,Medio (4 - 8 mts),142,Grande,-68.8620734259,-32.8981343119,5,Residencial Sur,2423808.92355,1
3007,Fresno europeo,16/09/2011 11:44,Bajo (2 - 4 mts),30,Mediano,-68.8246321593,-32.872620945,4,Cuarta Este Área Fundacional,1822015.85685,0
23682,Morera,21/01/2011 12:54,Bajo (2 - 4 mts),82,Grande,-68.8485713358,-32.900039921,2,Barrio Civico,2366816.36021,0
33344,Fresno europeo,19/05/2011 11:32,Alto (> 8 mts),50,Mediano,-68.856849354,-32.8911379901,5,Residencial Sur,2423808.92355,0
1900,Acacia SP,17/11/2011 11:16,Muy bajo (1 - 2 mts),2,Chico,-68.8589955251,-32.8694487786,6,Residencial Norte,2694682.37982,1
5754,Morera,06/05/2011 11:12,Bajo (2 - 4 mts),20,Chico,-68.840893424,-32.8789906778,1,Parque Central,1655357.93265,0
33583,Morera,16/05/2011 10:50,Medio (4 - 8 mts),46,Mediano,-68.8553825274,-32.8873409561,5,Residencial Sur,2423808.92355,0
15498,Paraiso,22/11/2011 12:07,Medio (4 - 8 mts),90,Grande,-68.8602570131,-32.8715109144,7,Residencial Parque,1786336.08966,0
42934,Morera,29/09/2011 10:22,Medio (4 - 8 mts),140,Grande,-68.8348550332,-32.877445283,1,Parque Central,1655357.93265,0
34100,Morera,30/05/2011 13:41,Medio (4 - 8 mts),120,Grande,-68.8575352389,-32.884814666,5,Residencial Sur,2423808.92355,0
11307,Morera,17/01/2011 14:15,Medio (4 - 8 mts),71,Grande,-68.8471943343,-32.900810014,2,Barrio Civico,2366816.36021,0
4112,Morera,30/09/2011 12:28,Alto (> 8 mts),130,Grande,-68.8259520111,-32.8744120983,4,Cuarta Este Área Fundacional,1822015.85685,0
35497,Platano,06/04/2011 11:49,Alto (> 8 mts),200,Grande,-68.856052811,-32.8808321753,7,Residencial Parque,1786336.08966,0
36059,Platano,18/03/2011 12:06,Alto (> 8 mts),160,Grande,-68.8573834636,-32.8757551818,6,Residencial Norte,2694682.37982,0
31024,Fresno europeo,10/02/2011 09:29,Medio (4 - 8 mts),88,Grande,-68.8558099123,-32.8645941858,6,Residencial Norte,2694682.37982,0
44923,Morera,23/08/2011 10:39,Alto (> 8 mts),100,Grande,-68.8255320997,-32.8684125729,4,Cuarta Este Área Fundacional,1822015.85685,1
8595,Morera,11/02/2011 08:33,Alto (> 8 mts),38,Mediano,-68.8372949017,-32.8989758381,2,Barrio Civico,2366816.36021,0
14377,Paraiso sombrilla,30/11/2011 12:25,Bajo (2 - 4 mts),68,Grande,-68.8784003778,-32.8663851813,8,Aeroparque,2203364.73622,0
30082,Morera,26/04/2011 11:05,Alto (> 8 mts),180,Grande,-68.8423675675,-32.8869830269,1,Parque Central,1655357.93265,1
40733,Perenne,15/04/2011 12:26,Alto (> 8 mts),128,Grande,-68.8429140643,-32.8843810307,1,Parque Central,1655357.93265,0
26095,Morera,04/11/2011 16:23,Medio (4 - 8 mts),120,Grande,-68.8327479715,-32.8873667806,3,Parque O'Higgins,1531146.02653,0
19004,Morera,12/07/2011 09:26,Alto (> 8 mts),198,Grande,-68.8408836613,-32.8709058989,4,Cuarta Oeste,1173332.70145,1
47877,Morera,21/09/2011 11:43,Alto (> 8 mts),135,Grande,-68.8293355235,-32.8736462984,4,Cuarta Este Área Fundacional,1822015.85685,0
24192,Morera,26/01/2011 13:21,Alto (> 8 mts),200,Grande,-68.8450579378,-32.900767789,2,Barrio Civico,2366816.36021,0
848,Aguaribay,16/12/2011 11:39,Medio (4 - 8 mts),140,Grande,-68.8806245251,-32.8670276318,8,Aeroparque,2203364.73622,0
19364,Morera,19/07/2011 09:17,Alto (> 8 mts),153,Grande,-68.8367082076,-32.8714158364,4,Cuarta Oeste,1173332.70145,0
28415,Morera,28/02/2011 12:31,Alto (> 8 mts),180,Grande,-68.8465185542,-32.8904224373,2,Barrio Civico,2366816.36021,0
2563,Fresno americano,19/10/2011 10:23,Alto (> 8 mts),160,Grande,-68.8344808779,-32.8859686784,3,Parque O'Higgins,1531146.02653,0
33294,Platano,24/06/2011 11:28,Alto (> 8 mts),200,Grande,-68.8568724556,-32.8897423006,5,Residencial Sur,2423808.92355,0
6356,Fresno americano,27/06/2011 10:40,Medio (4 - 8 mts),30,Mediano,-68.8542395802,-32.8908249946,5,Residencial Sur,2423808.92355,0
2636,Paraiso,21/10/2011 19:09,Medio (4 - 8 mts),140,Grande,-68.8349421422,-32.8810069335,1,Parque Central,1655357.93265,1
7866,Paraiso,21/06/2011 12:28,Alto (> 8 mts),176,Grande,-68.8529553978,-32.8899963307,5,Residencial Sur,2423808.92355,0
3575,Olmo bola,05/09/2011 08:30,Alto (> 8 mts),189,Grande,-68.8304517854,-32.86928023,4,Cuarta Este Área Fundacional,1822015.85685,0
4780,Fresno europeo,03/08/2011 10:18,Medio (4 - 8 mts),80,Grande,-68.8383840516,-32.8665414976,4,Cuarta Oeste,1173332.70145,0
16932,Morera,16/08/2011 13:33,Alto (> 8 mts),207,Grande,-68.8367828568,-32.8647882984,4,Cuarta Oeste,1173332.70145,0
12485,Paraiso,25/01/2011 09:50,Medio (4 - 8 mts),86,Grande,-68.8493685821,-32.8672198822,6,Residencial Norte,2694682.37982,0
24579,Platano,28/01/2011 09:27,Alto (> 8 mts),262,Grande,-68.8427088511,-32.9029170994,2,Barrio Civico,2366816.36021,0
9641,Morera,26/01/2011 13:29,Bajo (2 - 4 mts),20,Chico,-68.8492637471,-32.863682587,6,Residencial Norte,2694682.37982,0
39250,Fresno europeo,28/12/2010 10:04,Bajo (2 - 4 mts),45,Mediano,-68.8548841885,-32.8721274828,6,Residencial Norte,2694682.37982,0
44809,Fresno europeo,26/08/2011 10:35,Medio (4 - 8 mts),180,Grande,-68.8230768024,-32.8700470132,4,Cuarta Este Área Fundacional,1822015.85685,0
22019,Morera,17/05/2011 11:59,Alto (> 8 mts),140,Grande,-68.8586940422,-32.89282341,5,Residencial Sur,2423808.92355,1
6725,Fresno americano,13/05/2011 11:19,Bajo (2 - 4 mts),30,Mediano,-68.8559938211,-32.8933262416,5,Residencial Sur,2423808.92355,1
43832,Fresno americano,17/10/2011 17:40,Medio (4 - 8 mts),100,Grande,-68.8321118364,-32.8813272961,3,Parque O'Higgins,1531146.02653,0
39612,Morera,25/10/2010 11:13,Medio (4 - 8 mts),70,Grande,-68.8485469412,-32.8687667638,6,Residencial Norte,2694682.37982,0
8338,Morera,16/03/2011 18:45,Alto (> 8 mts),92,Grande,-68.8462257881,-32.8928305854,2,Barrio Civico,2366816.36021,1
14164,Morera,30/11/2011 10:26,Alto (> 8 mts),110,Grande,-68.8767029695,-32.86705288,8,Aeroparque,2203364.73622,0
46082,Morera,27/09/2011 10:24,Medio (4 - 8 mts),60,Mediano,-68.8226266922,-32.8744790118,4,Cuarta Este Área Fundacional,1822015.85685,0
24742,Acer,14/02/2011 14:55,Medio (4 - 8 mts),52,Mediano,-68.834460887,-32.897465495,2,Barrio Civico,2366816.36021,0
10172,Fresno europeo,21/12/2010 13:19,Medio (4 - 8 mts),50,Mediano,-68.8532481869,-32.8712990623,6,Residencial Norte,2694682.37982,0
18082,Paraiso,02/08/2011 07:35,Alto (> 8 mts),185,Grande,-68.8402482264,-32.8685215501,4,Cuarta Oeste,1173332.70145,0
20202,Fresno europeo,26/05/2011 13:32,Medio (4 - 8 mts),65,Grande,-68.8595388148,-32.8947466583,5,Residencial Sur,2423808.92355,0
30402,Morera,04/03/2011 09:37,Alto (> 8 mts),130,Grande,-68.8399299643,-32.890471462,3,Parque O'Higgins,1531146.02653,0
13582,Morera,28/02/2011 13:54,Alto (> 8 mts),190,Grande,-68.8517721392,-32.8648897631,6,Residencial Norte,2694682.37982,0
12509,Morera,26/01/2011 10:06,Alto (> 8 mts),210,Grande,-68.8486026581,-32.868635157600004,6,Residencial Norte,2694682.37982,0
28129,Platano,14/03/2011 15:48,Alto (> 8 mts),148,Grande,-68.8469729139,-32.8915903094,2,Barrio Civico,2366816.36021,0
38857,Jacaranda,09/12/2010 12:54,Muy bajo (1 - 2 mts),35,Mediano,-68.8489202665,-32.8707347451,6,Residencial Norte,2694682.37982,0
22009,Fresno europeo,27/05/2011 10:06,Medio (4 - 8 mts),87,Grande,-68.8584269407,-32.8949269951,5,Residencial Sur,2423808.92355,0
5632,Platano,05/05/2011 12:53,Medio (4 - 8 mts),37,Mediano,-68.8388597226,-32.8770355074,1,Parque Central,1655357.93265,0
37937,Paraiso,27/08/2010 09:20,Bajo (2 - 4 mts),26,Mediano,-68.8485561922,-32.8733813761,6,Residencial Norte,2694682.37982,0
27376,Platano,20/10/2011 12:56,Alto (> 8 mts),180,Grande,-68.8355829777,-32.8879673002,3,Parque O'Higgins,1531146.02653,0
4830,Acer,22/07/2011 09:53,Medio (4 - 8 mts),50,Mediano,-68.8404613898,-32.8662419609,4,Cuarta Oeste,1173332.70145,0
32123,Morera,09/05/2011 13:34,Alto (> 8 mts),130,Grande,-68.860562828,-32.8866197867,5,Residencial Sur,2423808.92355,1
43167,Jacaranda,04/10/2011 11:30,Muy bajo (1 - 2 mts),8,Chico,-68.8308968437,-32.879904281500004,4,Cuarta Este Área Fundacional,1822015.85685,0
24208,Morera,26/01/2011 10:32,Medio (4 - 8 mts),89,Grande,-68.8450906491,-32.9017869574,2,Barrio Civico,2366816.36021,0
35601,Morera,16/03/2011 13:21,Medio (4 - 8 mts),88,Grande,-68.8563715165,-32.8741790352,6,Residencial Norte,2694682.37982,0
13977,Catalpa,29/11/2011 12:05,Muy bajo (1 - 2 mts),12,Chico,-68.8781655371,-32.8654651459,8,Aeroparque,2203364.73622,0
9097,Paraiso sombrilla,17/02/2011 10:21,Alto (> 8 mts),75,Grande,-68.853957163,-32.8663419026,6,Residencial Norte,2694682.37982,0
37726,Fresno europeo,14/01/2012 10:07,Bajo (2 - 4 mts),50,Mediano,-68.8510575575,-32.8728222697,6,Residencial Norte,2694682.37982,0
39405,Paraiso,12/11/2010 13:32,Alto (> 8 mts),150,Grande,-68.8555671601,-32.8692250973,6,Residencial Norte,2694682.37982,0
20839,Fresno europeo,27/05/2011 09:50,Bajo (2 - 4 mts),45,Mediano,-68.8598605954,-32.894809612,5,Residencial Sur,2423808.92355,1
27390,Platano,21/10/2011 13:42,Alto (> 8 mts),260,Grande,-68.8354697644,-32.888014785,3,Parque O'Higgins,1531146.02653,0
47077,Fresno americano,23/09/2011 11:51,Medio (4 - 8 mts),70,Grande,-68.8335169502,-32.8733918399,4,Cuarta Este Área Fundacional,1822015.85685,0
11161,Paraiso,20/01/2011 09:03,Alto (> 8 mts),126,Grande,-68.8433216421,-32.9001550234,2,Barrio Civico,2366816.36021,0
44046,Fresno europeo,18/10/2011 12:20,Muy bajo (1 - 2 mts),3,Chico,-68.832529377,-32.8860623496,3,Parque O'Higgins,1531146.02653,0
30590,Prunas,11/02/2011 09:02,Bajo (2 - 4 mts),40,Mediano,-68.8575027293,-32.8653084043,6,Residencial Norte,2694682.37982,0
40611,Platano,15/04/2011 10:14,Alto (> 8 mts),194,Grande,-68.8449788445,-32.8849952925,1,Parque Central,1655357.93265,0
9027,Morera,10/01/2011 11:31,Alto (> 8 mts),210,Grande,-68.8445912038,-32.8671461591,4,Cuarta Oeste,1173332.70145,0
29359,Morera,20/04/2011 10:51,Alto (> 8 mts),123,Grande,-68.8426265471,-32.8874429905,3,Parque O'Higgins,1531146.02653,0
6214,Acacia SP,11/04/2011 15:44,Bajo (2 - 4 mts),22,Mediano,-68.8392418072,-32.885110139,3,Parque O'Higgins,1531146.02653,1
15973,Perenne,15/08/2011 12:35,Bajo (2 - 4 mts),60,Mediano,-68.8436946874,-32.8727033571,4,Cuarta Oeste,1173332.70145,0
31124,Morera,08/02/2011 08:32,Medio (4 - 8 mts),88,Grande,-68.8541916805,-32.8641981414,6,Residencial Norte,2694682.37982,0
36925,Fresno europeo,07/04/2011 16:11,Medio (4 - 8 mts),70,Grande,-68.8587033117,-32.87978036,7,Residencial Parque,1786336.08966,0
39611,Morera,25/10/2010 11:11,Alto (> 8 mts),150,Grande,-68.8485123218,-32.8687672629,6,Residencial Norte,2694682.37982,0
1489,Acacia SP,24/11/2011 14:29,Medio (4 - 8 mts),80,Grande,-68.8722001613,-32.8770494768,7,Residencial Parque,1786336.08966,0
33447,Morera,15/06/2011 11:34,Muy bajo (1 - 2 mts),5,Chico,-68.8565481822,-32.8886842319,5,Residencial Sur,2423808.92355,0
39476,Paraiso,10/11/2010 11:47,Alto (> 8 mts),185,Grande,-68.854193746000007,-32.8703398642,6,Residencial Norte,2694682.37982,0
33113,Morera,27/06/2011 11:58,Alto (> 8 mts),100,Grande,-68.853154061,-32.8904313779,5,Residencial Sur,2423808.92355,1
22980,Morera,01/06/2011 13:37,Alto (> 8 mts),98,Grande,-68.8569857312,-32.9002660906,5,Residencial Sur,2423808.92355,0
35901,Morera,28/03/2011 09:38,Alto (> 8 mts),160,Grande,-68.8532649035,-32.8757016365,6,Residencial Norte,2694682.37982,1
10894,Ailanthus,21/03/2011 09:06,Alto (> 8 mts),81,Grande,-68.8535345209,-32.8788178709,6,Residencial Norte,2694682.37982,0
24703,Morera,14/02/2011 15:15,Medio (4 - 8 mts),58,Mediano,-68.8349973394,-32.8982622225,2,Barrio Civico,2366816.36021,0
15161,Paraiso,21/11/2011 12:35,Muy bajo (1 - 2 mts),12,Chico,-68.8594332064,-32.8689665886,6,Residencial Norte,2694682.37982,0
2327,Morera,03/11/2011 09:32,Alto (> 8 mts),58,Mediano,-68.8352068478,-32.8944201919,3,Parque O'Higgins,1531146.02653,0
33914,Morera,13/07/2011 11:24,Alto (> 8 mts),200,Grande,-68.8532403877,-32.8855206844,5,Residencial Sur,2423808.92355,1
14513,Acacia SP,30/11/2011 16:47,Bajo (2 - 4 mts),104,Grande,-68.8789830818,-32.8657594377,8,Aeroparque,2203364.73622,0
28128,Platano,14/03/2011 15:46,Alto (> 8 mts),138,Grande,-68.8468675614,-32.8916087508,2,Barrio Civico,2366816.36021,0
1081,Aguaribay,14/12/2011 09:33,Medio (4 - 8 mts),140,Grande,-68.8809302847,-32.8680260107,8,Aeroparque,2203364.73622,0
46796,Fresno americano,07/09/2011 10:55,Medio (4 - 8 mts),95,Grande,-68.8322449688,-32.8718624007,4,Cuarta Este Área Fundacional,1822015.85685,0
34806,Morera,30/03/2011 13:03,Alto (> 8 mts),180,Grande,-68.8513118711,-32.8759122201,6,Residencial Norte,2694682.37982,0
6560,Morera,19/05/2011 09:50,Alto (> 8 mts),83,Grande,-68.8579403486,-32.8910776315,5,Residencial Sur,2423808.92355,0
7798,Prunas,12/05/2011 08:55,Muy bajo (1 - 2 mts),18,Chico,-68.8566421063,-32.8854883692,5,Residencial Sur,2423808.92355,0
40776,Fresno europeo,25/04/2011 14:43,Alto (> 8 mts),108,Grande,-68.8410747335,-32.884592931,1,Parque Central,1655357.93265,0
36724,Platano,13/06/2011 12:57,Medio (4 - 8 mts),130,Grande,-68.8594961203,-32.8813020857,7,Residencial Parque,1786336.08966,0
31314,Morera,28/02/2011 11:01,Alto (> 8 mts),140,Grande,-68.8495327084,-32.8652465713,6,Residencial Norte,2694682.37982,0
19172,Morera,18/07/2011 10:27,Alto (> 8 mts),150,Grande,-68.840766531,-32.8731304095,4,Cuarta Oeste,1173332.70145,0
38836,Morera,14/12/2010 11:40,Medio (4 - 8 mts),170,Grande,-68.8493753266,-32.870790355,6,Residencial Norte,2694682.37982,0
28993,Platano,25/04/2011 08:56,Alto (> 8 mts),180,Grande,-68.8458578996,-32.8871189695,1,Parque Central,1655357.93265,0
28456,Morera,28/02/2011 08:59,Alto (> 8 mts),150,Grande,-68.8471360915,-32.8897605,2,Barrio Civico,2366816.36021,0
37004,Morera,01/04/2011 11:34,Alto (> 8 mts),68,Grande,-68.8578356882,-32.8770088714,7,Residencial Parque,1786336.08966,0
34686,Morera,31/03/2011 10:28,Alto (> 8 mts),179,Grande,-68.8495884273,-32.8767504055,6,Residencial Norte,2694682.37982,0
26260,Acacia SP,25/10/2011 10:55,Medio (4 - 8 mts),70,Grande,-68.8303975775,-32.8894476047,3,Parque O'Higgins,1531146.02653,0
4520,Paraiso,01/08/2011 09:14,Medio (4 - 8 mts),40,Mediano,-68.8415219397,-32.868383871,4,Cuarta Oeste,1173332.70145,1
3519,Olmo comun,05/09/2011 09:50,Medio (4 - 8 mts),132,Grande,-68.8272405744,-32.8679114838,4,Cuarta Este Área Fundacional,1822015.85685,0
25294,Morera,08/02/2011 08:49,Alto (> 8 mts),185,Grande,-68.8373275563,-32.8985328703,2,Barrio Civico,2366816.36021,0
29579,Platano,04/03/2011 09:51,Alto (> 8 mts),150,Grande,-68.8444255497,-32.8919121989,2,Barrio Civico,2366816.36021,0
17596,Morera,19/07/2011 11:01,Alto (> 8 mts),236,Grande,-68.8427491183,-32.8664349014,4,Cuarta Oeste,1173332.70145,0
22558,Morera,16/06/2011 11:15,Alto (> 8 mts),128,Grande,-68.8624018156,-32.9002473346,5,Residencial Sur,2423808.92355,0
36837,Platano,07/04/2011 11:22,Alto (> 8 mts),250,Grande,-68.8596505393,-32.880147641,7,Residencial Parque,1786336.08966,0
22989,Fresno europeo,02/06/2011 11:11,Alto (> 8 mts),152,Grande,-68.8563703621,-32.9004343845,5,Residencial Sur,2423808.92355,0
674,Jacaranda,30/01/2012 17:42,Muy bajo (1 - 2 mts),14,Chico,-68.8527703975,-32.9020982708,2,Barrio Civico,2366816.36021,1
47016,Morera,15/09/2011 13:02,Alto (> 8 mts),230,Grande,-68.8306325929,-32.8725329619,4,Cuarta Este Área Fundacional,1822015.85685,1
21575,Morera,07/06/2011 13:09,Alto (> 8 mts),155,Grande,-68.8552847306,-32.8959273255,5,Residencial Sur,2423808.92355,0
7927,Fresno europeo,18/02/2011 12:05,Muy bajo (1 - 2 mts),10,Chico,-68.840968782,-32.8891434669,3,Parque O'Higgins,1531146.02653,0
29350,Platano,25/04/2011 08:47,Alto (> 8 mts),195,Grande,-68.8430608071,-32.8876387895,1,Parque Central,1655357.93265,0
25075,Fresno europeo,14/02/2011 18:04,Medio (4 - 8 mts),112,Grande,-68.83647533,-32.8969300862,2,Barrio Civico,2366816.36021,0
42600,Paraiso,23/09/2011 10:09,Alto (> 8 mts),200,Grande,-68.8267085887,-32.8765159751,4,Cuarta Este Área Fundacional,1822015.85685,0
5247,Platano,05/05/2011 11:32,Muy bajo (1 - 2 mts),4,Chico,-68.8407804045,-32.8748820358,1,Parque Central,1655357.93265,0
30492,Platano,17/02/2011 09:17,Alto (> 8 mts),260,Grande,-68.8390467308,-32.8889209059,3,Parque O'Higgins,1531146.02653,0
41690,Morera,27/04/2011 13:53,Medio (4 - 8 mts),60,Mediano,-68.8384924155,-32.8772401184,1,Parque Central,1655357.93265,0
46315,Prunas,28/09/2011 08:05,Muy bajo (1 - 2 mts),25,Mediano,-68.8247140623,-32.8735104011,4,Cuarta Este Área Fundacional,1822015.85685,0
47642,Morera,08/09/2011 17:23,Medio (4 - 8 mts),180,Grande,-68.8283439381,-32.8719765756,4,Cuarta Este Área Fundacional,1822015.85685,0
16895,Paraiso,27/07/2011 13:59,Alto (> 8 mts),170,Grande,-68.8389902006,-32.8653850061,4,Cuarta Oeste,1173332.70145,0
19325,Morera,19/07/2011 14:00,Alto (> 8 mts),190,Grande,-68.8357205649,-32.8710229375,4,Cuarta Oeste,1173332.70145,0
41226,Morera,15/04/2011 13:12,Alto (> 8 mts),118,Grande,-68.8384970905,-32.8817331702,1,Parque Central,1655357.93265,0
32994,Olmo bola,19/05/2011 10:03,Alto (> 8 mts),8,Chico,-68.8523204607,-32.8875895261,5,Residencial Sur,2423808.92355,0
37247,Morera,11/03/2011 10:30,Alto (> 8 mts),153,Grande,-68.8569371456,-32.8728828668,6,Residencial Norte,2694682.37982,0
20341,Jacaranda,13/05/2011 10:50,Medio (4 - 8 mts),23,Mediano,-68.8604329017,-32.8915501014,5,Residencial Sur,2423808.92355,0
39900,Morera,02/05/2011 11:57,Medio (4 - 8 mts),180,Grande,-68.8433796717,-32.8744169993,1,Parque Central,1655357.93265,0
45519,Morera,19/09/2011 10:43,Alto (> 8 mts),145,Grande,-68.8219694249,-32.8723682099,4,Cuarta Este Área Fundacional,1822015.85685,0
35449,Platano,28/03/2011 10:37,Alto (> 8 mts),200,Grande,-68.8542967998,-32.8811702741,6,Residencial Norte,2694682.37982,0
45426,Acer,09/09/2011 15:41,Medio (4 - 8 mts),240,Grande,-68.8259555923,-32.8726371997,4,Cuarta Este Área Fundacional,1822015.85685,0
20618,Fresno europeo,02/06/2011 12:30,Alto (> 8 mts),69,Grande,-68.8601289954,-32.8957876116,5,Residencial Sur,2423808.92355,1
20781,Fresno americano,31/05/2011 10:55,Medio (4 - 8 mts),76,Grande,-68.8608565502,-32.896094331,5,Residencial Sur,2423808.92355,0
16019,Morera,11/08/2011 08:30,Alto (> 8 mts),150,Grande,-68.8436866792,-32.8709207591,4,Cuarta Oeste,1173332.70145,1
28413,Morera,28/02/2011 12:34,Alto (> 8 mts),200,Grande,-68.8466547498,-32.8903942489,2,Barrio Civico,2366816.36021,0
9457,Jacaranda,11/02/2011 13:13,Bajo (2 - 4 mts),30,Mediano,-68.8570887419,-32.8651603453,6,Residencial Norte,2694682.37982,0
44834,Morera,23/08/2011 09:27,Alto (> 8 mts),90,Grande,-68.8249705868,-32.8671124081,4,Cuarta Este Área Fundacional,1822015.85685,1
24474,Morera,19/01/2011 13:16,Medio (4 - 8 mts),98,Grande,-68.8465065674,-32.9035521003,2,Barrio Civico,2366816.36021,0
40655,Morera,13/04/2011 09:37,Alto (> 8 mts),155,Grande,-68.8432503012,-32.8844332944,1,Parque Central,1655357.93265,0
32447,Acacia visco,26/05/2011 14:18,Alto (> 8 mts),137,Grande,-68.8513371678,-32.8893710059,5,Residencial Sur,2423808.92355,0
7767,Morera,16/05/2011 12:49,Muy bajo (1 - 2 mts),6,Chico,-68.8537714255,-32.886788579,5,Residencial Sur,2423808.92355,0
33358,Paraiso,19/05/2011 10:13,Medio (4 - 8 mts),95,Grande,-68.8573274932,-32.8907606114,5,Residencial Sur,2423808.92355,0
45267,Fresno europeo,16/09/2011 10:27,Alto (> 8 mts),120,Grande,-68.8235114573,-32.8712798586,4,Cuarta Este Área Fundacional,1822015.85685,0
42274,Olmo bola,03/05/2011 13:10,Alto (> 8 mts),105,Grande,-68.8384152409,-32.8764284947,1,Parque Central,1655357.93265,0
2231,Platano,04/11/2011 08:58,Alto (> 8 mts),180,Grande,-68.8316120292,-32.8903422439,3,Parque O'Higgins,1531146.02653,0
4874,Caducifolio,22/07/2011 10:51,Medio (4 - 8 mts),107,Grande,-68.8427694798,-32.8629228775,4,Cuarta Oeste,1173332.70145,0
18836,Morera,09/08/2011 11:12,Alto (> 8 mts),180,Grande,-68.8364072614,-32.8692161081,4,Cuarta Oeste,1173332.70145,0
14737,Prunas,05/12/2011 12:06,Muy bajo (1 - 2 mts),10,Chico,-68.8789524244,-32.869880105,8,Aeroparque,2203364.73622,0
13062,Paraiso sombrilla,17/02/2011 11:56,Medio (4 - 8 mts),160,Grande,-68.8459309539,-32.8648991114,4,Cuarta Oeste,1173332.70145,0
27772,Morera,03/11/2011 10:45,Alto (> 8 mts),110,Grande,-68.8347857407,-32.8938852005,3,Parque O'Higgins,1531146.02653,1
15074,Acacia SP,17/11/2011 12:12,Muy bajo (1 - 2 mts),4,Chico,-68.8590401764,-32.8697321189,6,Residencial Norte,2694682.37982,0
33069,Morera,18/05/2011 10:19,Alto (> 8 mts),160,Grande,-68.8527352305,-32.8880630635,5,Residencial Sur,2423808.92355,0
13572,Paraiso,02/03/2011 13:21,Medio (4 - 8 mts),38,Mediano,-68.8504010948,-32.8660945533,6,Residencial Norte,2694682.37982,0
27953,Morera,03/11/2011 09:58,Alto (> 8 mts),92,Grande,-68.83659015,-32.8940050816,3,Parque O'Higgins,1531146.02653,0
10182,Paraiso,20/12/2010 12:21,Alto (> 8 mts),90,Grande,-68.8525015842,-32.870530716,6,Residencial Norte,2694682.37982,0
48342,Morera,17/08/2011 11:39,Bajo (2 - 4 mts),41,Mediano,-68.8273069471,-32.8665263003,4,Cuarta Este Área Fundacional,1822015.85685,0
41666,Morera,26/04/2011 10:00,Alto (> 8 mts),146,Grande,-68.8373091789,-32.8772262318,1,Parque Central,1655357.93265,0
35824,Morera,03/03/2011 13:20,Alto (> 8 mts),160,Grande,-68.8540307659,-32.8732069143,6,Residencial Norte,2694682.37982,0
30339,Acacia SP,10/03/2011 11:58,Alto (> 8 mts),115,Grande,-68.8408150832,-32.8905629855,3,Parque O'Higgins,1531146.02653,0
37897,Paraiso,24/11/2010 09:44,Medio (4 - 8 mts),35,Mediano,-68.8508752992,-32.8735259086,6,Residencial Norte,2694682.37982,0
36412,Morera,21/03/2011 09:39,Alto (> 8 mts),75,Grande,-68.8529496829,-32.8789353705,6,Residencial Norte,2694682.37982,0
44565,Morera,20/10/2011 09:03,Alto (> 8 mts),230,Grande,-68.8341051179,-32.8851229462,3,Parque O'Higgins,1531146.02653,0
11724,Morera,02/06/2010 11:46,Medio (4 - 8 mts),152,Grande,-68.8508203955,-32.8664931181,6,Residencial Norte,2694682.37982,0
22790,Paraiso,17/06/2011 18:16,Alto (> 8 mts),68,Grande,-68.8588916491,-32.9016923251,5,Residencial Sur,2423808.92355,0
20983,Olmo comun,22/06/2011 11:51,Alto (> 8 mts),185,Grande,-68.8644199544,-32.9009900181,5,Residencial Sur,2423808.92355,0
9387,Fresno europeo,15/02/2011 11:35,Medio (4 - 8 mts),84,Grande,-68.844478465,-32.8657454766,4,Cuarta Oeste,1173332.70145,0
26185,Fresno europeo,19/10/2011 12:45,Medio (4 - 8 mts),180,Grande,-68.8317868084,-32.8877507844,3,Parque O'Higgins,1531146.02653,0
30612,Morera,07/02/2011 10:11,Medio (4 - 8 mts),60,Mediano,-68.8573546317,-32.8668681385,6,Residencial Norte,2694682.37982,0
34875,Fresno europeo,29/03/2011 10:36,Bajo (2 - 4 mts),32,Mediano,-68.8516248916,-32.8799294556,6,Residencial Norte,2694682.37982,0
40092,Morera,15/04/2011 09:21,Medio (4 - 8 mts),140,Grande,-68.8457210796,-32.880158376,1,Parque Central,1655357.93265,0
30104,Platano,26/04/2011 10:13,Alto (> 8 mts),210,Grande,-68.8415745086,-32.8879305596,3,Parque O'Higgins,1531146.02653,0
4483,Jacaranda,29/07/2011 10:58,Medio (4 - 8 mts),35,Mediano,-68.8389451103,-32.8678133997,4,Cuarta Oeste,1173332.70145,0
38464,Paraiso,03/11/2010 12:11,Alto (> 8 mts),110,Grande,-68.8515309949,-32.8695847614,6,Residencial Norte,2694682.37982,0
20979,Alamo criollo,22/06/2011 11:59,Alto (> 8 mts),180,Grande,-68.8642059223,-32.9007324425,5,Residencial Sur,2423808.92355,0
9578,Morera,31/01/2011 12:05,Alto (> 8 mts),180,Grande,-68.8509087138,-32.8632930185,6,Residencial Norte,2694682.37982,0
31613,Platano,10/06/2011 09:36,Alto (> 8 mts),198,Grande,-68.8607590715,-32.887898117,5,Residencial Sur,2423808.92355,0
14319,Conifera,06/12/2011 08:24,Alto (> 8 mts),140,Grande,-68.8772685495,-32.8673813665,8,Aeroparque,2203364.73622,0
19725,Fresno americano,12/08/2011 10:57,Alto (> 8 mts),150,Grande,-68.8336997614,-32.8685610261,4,Cuarta Oeste,1173332.70145,0
2698,Fresno europeo,11/10/2011 12:16,Medio (4 - 8 mts),75,Grande,-68.8297713261,-32.8830733634,3,Parque O'Higgins,1531146.02653,0
6063,Morera,08/04/2011 12:21,Alto (> 8 mts),194,Grande,-68.8451013821,-32.88196502,1,Parque Central,1655357.93265,0
44250,Fresno europeo,13/10/2011 11:17,Muy bajo (1 - 2 mts),8,Chico,-68.8340645748,-32.8842868219,3,Parque O'Higgins,1531146.02653,0
33740,Acacia SP,11/05/2011 11:33,Alto (> 8 mts),142,Grande,-68.8588899208,-32.8864074183,5,Residencial Sur,2423808.92355,0
12232,Olmo bola,18/01/2011 11:32,Medio (4 - 8 mts),86,Grande,-68.845299542,-32.8673312614,4,Cuarta Oeste,1173332.70145,0
32938,Morera,18/05/2011 12:32,Bajo (2 - 4 mts),24,Mediano,-68.8496782157,-32.8875330637,5,Residencial Sur,2423808.92355,0
41269,Olmo bola,11/04/2011 09:35,Medio (4 - 8 mts),52,Mediano,-68.8409138933,-32.8814388893,1,Parque Central,1655357.93265,0
4894,Perenne,21/07/2011 09:36,Alto (> 8 mts),52,Mediano,-68.8427352477,-32.8647168988,4,Cuarta Oeste,1173332.70145,0
20892,Paraiso sombrilla,27/05/2011 09:48,Alto (> 8 mts),140,Grande,-68.8612148257,-32.8956061028,5,Residencial Sur,2423808.92355,0
11713,Morera,28/01/2011 10:19,Alto (> 8 mts),130,Grande,-68.8501593291,-32.8685213282,6,Residencial Norte,2694682.37982,0
13008,Acer,15/02/2011 10:00,Medio (4 - 8 mts),132,Grande,-68.8439111108,-32.865864461,4,Cuarta Oeste,1173332.70145,0
46418,Morera,19/08/2011 09:27,Alto (> 8 mts),150,Grande,-68.8329498355,-32.868263227,4,Cuarta Oeste,1173332.70145,0
19088,Arabia,27/07/2011 09:49,Bajo (2 - 4 mts),45,Mediano,-68.8430009567,-32.8706874787,4,Cuarta Oeste,1173332.70145,0
46500,Prunas,17/08/2011 09:58,Medio (4 - 8 mts),20,Chico,-68.8303532606,-32.8673826672,4,Cuarta Este Área Fundacional,1822015.85685,0
43135,Paraiso,29/11/2010 12:10,Alto (> 8 mts),170,Grande,-68.8291239549,-32.8792157235,4,Cuarta Este Área Fundacional,1822015.85685,0
42700,Morera,30/09/2011 13:40,Alto (> 8 mts),158,Grande,-68.8293387929,-32.8769591694,4,Cuarta Este Área Fundacional,1822015.85685,0
22669,Fresno europeo,12/05/2011 12:13,Medio (4 - 8 mts),28,Mediano,-68.8538291418,-32.9007076787,5,Residencial Sur,2423808.92355,0
31356,Morera,28/02/2011 13:38,Alto (> 8 mts),150,Grande,-68.848873079,-32.8658218115,6,Residencial Norte,2694682.37982,1
34150,Morera,10/03/2011 13:44,Alto (> 8 mts),140,Grande,-68.8562632219,-32.8729528773,6,Residencial Norte,2694682.37982,0
10437,Paraiso,10/03/2011 13:52,Alto (> 8 mts),155,Grande,-68.856362808,-32.8730617892,6,Residencial Norte,2694682.37982,0
28875,Platano,26/04/2011 11:07,Alto (> 8 mts),180,Grande,-68.8461854529,-32.8849478375,1,Parque Central,1655357.93265,0
25949,Fresno americano,16/02/2011 18:09,Muy bajo (1 - 2 mts),10,Chico,-68.8374109194,-32.902234249,2,Barrio Civico,2366816.36021,0
29422,Platano,09/03/2011 17:48,Alto (> 8 mts),112,Grande,-68.8462075136,-32.8917262427,2,Barrio Civico,2366816.36021,0
42511,Fresno europeo,28/09/2011 12:07,Alto (> 8 mts),130,Grande,-68.8293957034,-32.8756992209,4,Cuarta Este Área Fundacional,1822015.85685,0
42131,Braquiquito,04/05/2011 11:07,Medio (4 - 8 mts),75,Grande,-68.8413234759,-32.8772965008,1,Parque Central,1655357.93265,0
44614,Morera,26/08/2011 09:28,Alto (> 8 mts),190,Grande,-68.8226464091,-32.8667759371,4,Cuarta Este Área Fundacional,1822015.85685,0
22514,Morera,21/06/2011 10:18,Medio (4 - 8 mts),100,Grande,-68.859780292,-32.8994158508,5,Residencial Sur,2423808.92355,1
21094,Acer,22/06/2011 11:14,Medio (4 - 8 mts),100,Grande,-68.8624570719,-32.8995579629,5,Residencial Sur,2423808.92355,0
26914,Fresno americano,02/11/2011 08:25,Medio (4 - 8 mts),140,Grande,-68.8364473185,-32.8859922776,3,Parque O'Higgins,1531146.02653,0
26178,Fresno europeo,20/10/2011 10:22,Medio (4 - 8 mts),120,Grande,-68.8323695465,-32.8877229994,3,Parque O'Higgins,1531146.02653,0
47675,Fresno americano,15/09/2011 10:10,Medio (4 - 8 mts),20,Chico,-68.8294874448,-32.8729889455,4,Cuarta Este Área Fundacional,1822015.85685,0
3589,Perenne,02/09/2011 10:41,Medio (4 - 8 mts),350,Grande,-68.8316594495,-32.8685104443,4,Cuarta Este Área Fundacional,1822015.85685,0
44278,Fresno europeo,21/10/2011 16:50,Medio (4 - 8 mts),160,Grande,-68.8359719291,-32.8798138772,1,Parque Central,1655357.93265,0
34528,Morera,30/03/2011 09:29,Medio (4 - 8 mts),150,Grande,-68.8496226857,-32.8761225361,6,Residencial Norte,2694682.37982,0
25089,Morera,17/02/2011 14:20,Medio (4 - 8 mts),98,Grande,-68.8367541701,-32.8976945429,2,Barrio Civico,2366816.36021,0
9171,Paraiso,01/03/2011 11:47,Alto (> 8 mts),90,Grande,-68.851236646,-32.8655365609,6,Residencial Norte,2694682.37982,0
18970,Morera,04/08/2011 08:00,Alto (> 8 mts),200,Grande,-68.8376888565,-32.8691424085,4,Cuarta Oeste,1173332.70145,0
1974,Morera,03/01/2012 09:58,Bajo (2 - 4 mts),40,Mediano,-68.8596662046,-32.8892141115,5,Residencial Sur,2423808.92355,0
14268,Paraiso,07/12/2011 10:18,Medio (4 - 8 mts),110,Grande,-68.8779031092,-32.868024916,8,Aeroparque,2203364.73622,0
36403,Morera,21/03/2011 11:52,Alto (> 8 mts),145,Grande,-68.8521785846,-32.879067143,6,Residencial Norte,2694682.37982,0
5962,Paraiso,05/05/2011 09:36,Medio (4 - 8 mts),50,Mediano,-68.8480586131,-32.8839969626,1,Parque Central,1655357.93265,0
682,Morera,30/01/2012 17:49,Bajo (2 - 4 mts),28,Mediano,-68.8527582032,-32.9018486669,2,Barrio Civico,2366816.36021,0
36633,Fresno europeo,14/06/2011 19:01,Muy bajo (1 - 2 mts),4,Chico,-68.8580309427,-32.8815888774,7,Residencial Parque,1786336.08966,0
22997,Fresno europeo,17/06/2011 17:24,Medio (4 - 8 mts),36,Mediano,-68.8570939251,-32.8998977466,5,Residencial Sur,2423808.92355,0
15468,Acacia SP,21/11/2011 13:32,Medio (4 - 8 mts),115,Grande,-68.8598279865,-32.8710123285,6,Residencial Norte,2694682.37982,0
31994,Fresno americano,03/06/2011 12:26,Alto (> 8 mts),170,Grande,-68.8589326589,-32.8875599194,5,Residencial Sur,2423808.92355,0
47037,Paraiso sombrilla,15/09/2011 10:31,Bajo (2 - 4 mts),28,Mediano,-68.8319589246,-32.8725498847,4,Cuarta Este Área Fundacional,1822015.85685,0
19740,Morera,12/08/2011 10:12,Alto (> 8 mts),150,Grande,-68.8348468611,-32.8681938032,4,Cuarta Oeste,1173332.70145,0
34300,Morera,04/03/2011 13:06,Alto (> 8 mts),180,Grande,-68.8515229054,-32.8736723026,6,Residencial Norte,2694682.37982,0
26251,Morera,18/10/2011 11:41,Medio (4 - 8 mts),60,Mediano,-68.8313291668,-32.8879325802,3,Parque O'Higgins,1531146.02653,0
44032,Platano,19/10/2011 09:23,Alto (> 8 mts),190,Grande,-68.8320550812,-32.8849872024,3,Parque O'Higgins,1531146.02653,0
38575,Morera,22/12/2010 13:11,Alto (> 8 mts),120,Grande,-68.853120926,-32.8705433263,6,Residencial Norte,2694682.37982,0
34977,Fresno europeo,04/04/2011 10:15,Alto (> 8 mts),99,Grande,-68.8558338331,-32.8806782701,6,Residencial Norte,2694682.37982,0
27932,Platano,03/11/2011 11:25,Alto (> 8 mts),220,Grande,-68.8381819229,-32.8935085868,2,Barrio Civico,2366816.36021,0
10704,Morera,30/03/2011 12:28,Medio (4 - 8 mts),70,Grande,-68.8491171883,-32.8754799197,6,Residencial Norte,2694682.37982,0
34060,Morera,30/05/2011 09:45,Bajo (2 - 4 mts),26,Mediano,-68.8563008105,-32.8847558159,5,Residencial Sur,2423808.92355,0
21409,Olmo comun,10/05/2011 12:11,Alto (> 8 mts),86,Grande,-68.8559665222,-32.8922148837,5,Residencial Sur,2423808.92355,0
45010,Morera,31/08/2011 12:38,Alto (> 8 mts),180,Grande,-68.8251592401,-32.8695261469,4,Cuarta Este Área Fundacional,1822015.85685,0
13315,Acer,23/02/2011 09:44,Alto (> 8 mts),134,Grande,-68.8483411018,-32.8656345132,6,Residencial Norte,2694682.37982,0
37712,Morera,14/01/2012 10:40,Bajo (2 - 4 mts),38,Mediano,-68.8513276539,-32.8722629563,6,Residencial Norte,2694682.37982,0
32629,Paraiso,21/06/2011 12:13,Alto (> 8 mts),110,Grande,-68.8530028087,-32.8901717114,5,Residencial Sur,2423808.92355,0
15959,Morera,25/11/2011 10:51,Medio (4 - 8 mts),70,Grande,-68.8728080379,-32.8761706761,7,Residencial Parque,1786336.08966,0
29777,Morera,09/03/2011 10:37,Alto (> 8 mts),210,Grande,-68.8427332035,-32.8912540341,2,Barrio Civico,2366816.36021,0
43645,Morera,14/10/2011 17:30,Medio (4 - 8 mts),120,Grande,-68.833900537,-32.8814502243,3,Parque O'Higgins,1531146.02653,1
941,Fresno europeo,13/01/2012 19:01,Bajo (2 - 4 mts),40,Mediano,-68.8498723902,-32.872754325,6,Residencial Norte,2694682.37982,0
47595,Morera,15/09/2011 10:17,Alto (> 8 mts),90,Grande,-68.8296733064,-32.8719034692,4,Cuarta Este Área Fundacional,1822015.85685,1
33038,Morera,17/05/2011 14:03,Alto (> 8 mts),180,Grande,-68.8528442356,-32.8870645787,5,Residencial Sur,2423808.92355,0
14252,Morera,30/11/2011 13:34,Medio (4 - 8 mts),60,Mediano,-68.8775671735,-32.8672159699,8,Aeroparque,2203364.73622,0
22477,Paraiso,23/06/2011 12:20,Alto (> 8 mts),150,Grande,-68.8622610486,-32.8990432371,5,Residencial Sur,2423808.92355,0
1815,Aguaribay,24/11/2011 13:01,Alto (> 8 mts),145,Grande,-68.8709098743,-32.8797547692,7,Residencial Parque,1786336.08966,0
10577,Prunas,28/03/2011 13:35,Muy bajo (1 - 2 mts),26,Mediano,-68.8530959623,-32.8756369698,6,Residencial Norte,2694682.37982,0
33396,Morera,02/06/2011 09:23,Alto (> 8 mts),154,Grande,-68.8561181709,-32.8876624247,5,Residencial Sur,2423808.92355,0
1278,Paraiso,02/12/2011 09:02,Bajo (2 - 4 mts),76,Grande,-68.8780616456,-32.868186805,8,Aeroparque,2203364.73622,0
28445,Morera,28/02/2011 09:24,Alto (> 8 mts),165,Grande,-68.8466774307,-32.8894161523,2,Barrio Civico,2366816.36021,0
9923,Caducifolio,17/11/2010 10:35,Muy bajo (1 - 2 mts),40,Mediano,-68.8577264007,-32.8697878216,6,Residencial Norte,2694682.37982,0
44008,Platano,14/10/2011 11:34,Muy bajo (1 - 2 mts),15,Chico,-68.8327040816,-32.8849346191,3,Parque O'Higgins,1531146.02653,0
31062,Fresno europeo,16/02/2011 12:28,Medio (4 - 8 mts),60,Mediano,-68.8551535915,-32.8652835745,6,Residencial Norte,2694682.37982,0
36936,Fresno americano,08/04/2011 11:13,Medio (4 - 8 mts),93,Grande,-68.8576577755,-32.8790231416,7,Residencial Parque,1786336.08966,0
39467,Morera,11/11/2010 13:35,Alto (> 8 mts),190,Grande,-68.855554806,-32.8696484332,6,Residencial Norte,2694682.37982,0
30925,Fresno europeo,14/02/2011 09:03,Muy bajo (1 - 2 mts),8,Chico,-68.8560111961,-32.8640967999,6,Residencial Norte,2694682.37982,0
17732,Paraiso,18/07/2011 09:52,Medio (4 - 8 mts),90,Grande,-68.8423745367,-32.8671624178,4,Cuarta Oeste,1173332.70145,0
34548,Morera,30/03/2011 10:08,Medio (4 - 8 mts),150,Grande,-68.8489977663,-32.8762465912,6,Residencial Norte,2694682.37982,0
25512,Paraiso sombrilla,17/02/2011 15:14,Bajo (2 - 4 mts),48,Mediano,-68.8393278526,-32.9013346198,2,Barrio Civico,2366816.36021,0
26704,Caducifolio,09/11/2011 10:21,Medio (4 - 8 mts),65,Grande,-68.8327626016,-32.8929032786,3,Parque O'Higgins,1531146.02653,1
12386,Morera,21/01/2011 13:09,Alto (> 8 mts),170,Grande,-68.8476772395,-32.8665584491,6,Residencial Norte,2694682.37982,0
39435,Morera,11/11/2010 11:03,Alto (> 8 mts),180,Grande,-68.8548086571,-32.8703201434,6,Residencial Norte,2694682.37982,0
27304,Morera,25/10/2011 09:43,Medio (4 - 8 mts),185,Grande,-68.8344447704,-32.8905116136,3,Parque O'Higgins,1531146.02653,1
42099,Paraiso,04/05/2011 09:56,Medio (4 - 8 mts),85,Grande,-68.8429921701,-32.8767267896,1,Parque Central,1655357.93265,0
44584,Morera,19/10/2011 13:33,Medio (4 - 8 mts),100,Grande,-68.835341604800007,-32.8849323178,3,Parque O'Higgins,1531146.02653,0
18834,Morera,09/08/2011 11:17,Medio (4 - 8 mts),47,Mediano,-68.836363754,-32.8690258956,4,Cuarta Oeste,1173332.70145,0
14140,Morera,01/12/2011 12:21,Alto (> 8 mts),100,Grande,-68.8757065557,-32.8662353601,8,Aeroparque,2203364.73622,0
45397,Fresno europeo,16/09/2011 08:48,Alto (> 8 mts),105,Grande,-68.8253849181,-32.8712577083,4,Cuarta Este Área Fundacional,1822015.85685,0
38892,Olmo bola,26/10/2010 10:47,Medio (4 - 8 mts),60,Mediano,-68.8489814118,-32.8698210995,6,Residencial Norte,2694682.37982,0
6621,Paraiso,11/05/2011 11:59,Alto (> 8 mts),110,Grande,-68.8588873318,-32.8923416002,5,Residencial Sur,2423808.92355,0
47812,Morera,23/09/2011 15:27,Alto (> 8 mts),145,Grande,-68.8262964289,-32.8742919205,4,Cuarta Este Área Fundacional,1822015.85685,1
1293,Paraiso,30/11/2011 17:55,Muy bajo (1 - 2 mts),5,Chico,-68.8774504496,-32.8693944351,8,Aeroparque,2203364.73622,0
33144,Platano,09/06/2011 09:35,Alto (> 8 mts),210,Grande,-68.8536345643,-32.8924622087,5,Residencial Sur,2423808.92355,0
36876,Morera,07/04/2011 16:43,Alto (> 8 mts),88,Grande,-68.8585069744,-32.8795706215,7,Residencial Parque,1786336.08966,0
4813,Morera,28/07/2011 10:31,Medio (4 - 8 mts),88,Grande,-68.8396604173,-32.8670210635,4,Cuarta Oeste,1173332.70145,0
25297,Morera,08/02/2011 08:39,Alto (> 8 mts),170,Grande,-68.8372808746,-32.8983431841,2,Barrio Civico,2366816.36021,0
8185,Acacia SP,11/03/2011 10:08,Alto (> 8 mts),133,Grande,-68.8412402845,-32.8921714832,2,Barrio Civico,2366816.36021,0
22942,Olmo comun,19/05/2011 15:41,Alto (> 8 mts),168,Grande,-68.8546357393,-32.9004521576,5,Residencial Sur,2423808.92355,0
34113,Morera,09/03/2011 13:33,Alto (> 8 mts),125,Grande,-68.8555227485,-32.8734023096,6,Residencial Norte,2694682.37982,0
13152,Morera,18/02/2011 12:59,Alto (> 8 mts),160,Grande,-68.8466470965,-32.8646970693,4,Cuarta Oeste,1173332.70145,0
9310,Paraiso,18/02/2011 09:32,Medio (4 - 8 mts),80,Grande,-68.8454418502,-32.8659500307,4,Cuarta Oeste,1173332.70145,0
40809,Platano,26/04/2011 16:41,Alto (> 8 mts),142,Grande,-68.8402294075,-32.8838499388,1,Parque Central,1655357.93265,0
26457,Fresno europeo,09/11/2011 09:10,Medio (4 - 8 mts),90,Grande,-68.8338659941,-32.8926607482,3,Parque O'Higgins,1531146.02653,0
17322,Morera,08/08/2011 12:11,Alto (> 8 mts),112,Grande,-68.8341909996,-32.8649983214,4,Cuarta Oeste,1173332.70145,0
24126,Morera,10/01/2011 13:44,Alto (> 8 mts),102,Grande,-68.8471201574,-32.9016226238,2,Barrio Civico,2366816.36021,0
6839,Fresno americano,08/06/2011 09:17,Muy bajo (1 - 2 mts),10,Chico,-68.8552905006,-32.8953346679,5,Residencial Sur,2423808.92355,0
40156,Morera,14/04/2011 11:49,Alto (> 8 mts),200,Grande,-68.8444565939,-32.8795460932,1,Parque Central,1655357.93265,0
35223,Morera,22/03/2011 13:31,Bajo (2 - 4 mts),30,Mediano,-68.853506706,-32.8813152938,6,Residencial Norte,2694682.37982,0
29746,Platano,15/03/2011 09:55,Alto (> 8 mts),198,Grande,-68.8403719247,-32.8928020458,2,Barrio Civico,2366816.36021,0
9953,Paraiso,12/11/2010 11:16,Bajo (2 - 4 mts),28,Mediano,-68.8561735579,-32.8704934921,6,Residencial Norte,2694682.37982,0
10665,Morera,23/03/2011 09:30,Muy bajo (1 - 2 mts),8,Chico,-68.852914035,-32.8749175849,6,Residencial Norte,2694682.37982,0
20755,Olmo comun,01/06/2011 10:22,Alto (> 8 mts),82,Grande,-68.8618740303,-32.8963133076,5,Residencial Sur,2423808.92355,0
22652,Morera,21/06/2011 11:20,Bajo (2 - 4 mts),50,Mediano,-68.8598511366,-32.9005683888,5,Residencial Sur,2423808.92355,0
16498,Morera,04/08/2011 13:41,Alto (> 8 mts),165,Grande,-68.8418492654,-32.8652469155,4,Cuarta Oeste,1173332.70145,0
30269,Platano,04/03/2011 13:15,Alto (> 8 mts),240,Grande,-68.8416186408,-32.8891949675,3,Parque O'Higgins,1531146.02653,0
334,Jacaranda,07/03/2012 10:08,Bajo (2 - 4 mts),28,Mediano,-68.8207051393,-32.8678055955,4,Cuarta Este Área Fundacional,1822015.85685,0
10952,Morera,21/03/2011 15:40,Medio (4 - 8 mts),92,Grande,-68.8567879012,-32.8814380182,7,Residencial Parque,1786336.08966,1
6309,Acacia SP,24/06/2011 10:59,Alto (> 8 mts),92,Grande,-68.8575981264,-32.8897585011,5,Residencial Sur,2423808.92355,0
35573,Morera,09/03/2011 09:55,Alto (> 8 mts),96,Grande,-68.8555565376,-32.8735887495,6,Residencial Norte,2694682.37982,0
18334,Platano,02/08/2011 10:12,Alto (> 8 mts),148,Grande,-68.8384860179,-32.8674496972,4,Cuarta Oeste,1173332.70145,1
37368,Paraiso,29/11/2010 10:31,Alto (> 8 mts),120,Grande,-68.8578353721,-32.8724059974,6,Residencial Norte,2694682.37982,0
15910,Morera,24/11/2011 12:31,Medio (4 - 8 mts),65,Grande,-68.8736163325,-32.8775431477,7,Residencial Parque,1786336.08966,0
7255,Platano,11/05/2011 09:43,Medio (4 - 8 mts),118,Grande,-68.8533667388,-32.9020895029,2,Barrio Civico,2366816.36021,0
11834,Morera,02/03/2011 12:49,Alto (> 8 mts),140,Grande,-68.8496986514,-32.8650644417,6,Residencial Norte,2694682.37982,1
1571,Fresno americano,25/11/2011 10:17,Bajo (2 - 4 mts),25,Mediano,-68.873631715,-32.876897508,7,Residencial Parque,1786336.08966,0
46776,Fresno americano,07/09/2011 11:31,Medio (4 - 8 mts),175,Grande,-68.833198073,-32.8727221779,4,Cuarta Este Área Fundacional,1822015.85685,0
2736,Fresno europeo,14/10/2011 11:58,Alto (> 8 mts),160,Grande,-68.8299296462,-32.8858946568,3,Parque O'Higgins,1531146.02653,0
27654,Morera,01/11/2011 10:21,Alto (> 8 mts),185,Grande,-68.8362827894,-32.894573807,2,Barrio Civico,2366816.36021,0
1495,Acacia SP,24/11/2011 11:29,Medio (4 - 8 mts),115,Grande,-68.8720292661,-32.8765075779,7,Residencial Parque,1786336.08966,0
48294,Morera,17/08/2011 09:48,Alto (> 8 mts),200,Grande,-68.8289652694,-32.8683632635,4,Cuarta Este Área Fundacional,1822015.85685,1
7295,Fresno americano,12/05/2011 11:24,Alto (> 8 mts),76,Grande,-68.8536076911,-32.9008379951,2,Barrio Civico,2366816.36021,0
4680,Caducifolio,08/08/2011 12:06,Bajo (2 - 4 mts),12,Chico,-68.8341708042,-32.8648938459,4,Cuarta Oeste,1173332.70145,0
44970,Morera,29/08/2011 11:42,Medio (4 - 8 mts),222,Grande,-68.824904066,-32.869427866,4,Cuarta Este Área Fundacional,1822015.85685,0
9598,Morera,28/01/2011 10:04,Medio (4 - 8 mts),80,Grande,-68.8505535021,-32.864033406,6,Residencial Norte,2694682.37982,0
3712,Morera,26/08/2011 10:38,Alto (> 8 mts),115,Grande,-68.8218115495,-32.8700978871,4,Cuarta Este Área Fundacional,1822015.85685,0
25732,Morera,03/02/2011 11:43,Medio (4 - 8 mts),82,Grande,-68.8410210131,-32.9033332017,2,Barrio Civico,2366816.36021,0
37569,Paraiso,16/11/2010 10:43,Alto (> 8 mts),210,Grande,-68.8570658516,-32.8700510623,6,Residencial Norte,2694682.37982,0
35597,Morera,30/03/2011 09:27,Alto (> 8 mts),150,Grande,-68.8570180717,-32.8747225055,6,Residencial Norte,2694682.37982,0
42851,Acacia SP,04/10/2011 13:19,Medio (4 - 8 mts),70,Grande,-68.8321875614,-32.8774357815,4,Cuarta Este Área Fundacional,1822015.85685,0
6072,Fresno europeo,11/04/2011 12:22,Medio (4 - 8 mts),65,Grande,-68.8447882314,-32.8839157412,1,Parque Central,1655357.93265,0
47278,Fresno europeo,20/09/2011 11:24,Alto (> 8 mts),175,Grande,-68.8307294861,-32.8730103975,4,Cuarta Este Área Fundacional,1822015.85685,0
3009,Jacaranda,16/09/2011 09:17,Medio (4 - 8 mts),40,Mediano,-68.8246624066,-32.8728702525,4,Cuarta Este Área Fundacional,1822015.85685,0
25549,Morera,15/02/2011 19:15,Alto (> 8 mts),68,Grande,-68.8384776425,-32.9007782502,2,Barrio Civico,2366816.36021,0
41863,Conifera,05/05/2011 12:32,Alto (> 8 mts),80,Grande,-68.8415616481,-32.8785816155,1,Parque Central,1655357.93265,0
10194,Paraiso,17/12/2010 10:31,Muy bajo (1 - 2 mts),35,Mediano,-68.8518173937,-32.870837173300004,6,Residencial Norte,2694682.37982,0
43845,Fresno europeo,07/10/2011 09:38,Medio (4 - 8 mts),100,Grande,-68.829872687,-32.8847708899,3,Parque O'Higgins,1531146.02653,1
17218,Morera,12/08/2011 10:04,Alto (> 8 mts),170,Grande,-68.8356016486,-32.8636993139,4,Cuarta Oeste,1173332.70145,1
4385,Morera,04/08/2011 09:09,Alto (> 8 mts),208,Grande,-68.8376220121,-32.8688541664,4,Cuarta Oeste,1173332.70145,0
38607,Tilo,17/12/2010 11:29,Alto (> 8 mts),50,Mediano,-68.8524144927,-32.8708251608,6,Residencial Norte,2694682.37982,0
5883,Fresno europeo,08/04/2011 12:33,Muy bajo (1 - 2 mts),8,Chico,-68.8427393181,-32.8825536025,1,Parque Central,1655357.93265,0
4833,Morera,26/07/2011 09:48,Bajo (2 - 4 mts),20,Chico,-68.8408216504,-32.8657792119,4,Cuarta Oeste,1173332.70145,0
22892,Morera,19/05/2011 16:01,Alto (> 8 mts),98,Grande,-68.8541943895,-32.9001381981,5,Residencial Sur,2423808.92355,1
12139,Morera,20/01/2011 13:18,Alto (> 8 mts),175,Grande,-68.8482187086,-32.868200823,6,Residencial Norte,2694682.37982,0
12840,Olmo bola,18/01/2011 09:08,Bajo (2 - 4 mts),50,Mediano,-68.8468696202,-32.863500446,4,Cuarta Oeste,1173332.70145,0
23983,Morera,14/01/2011 13:37,Alto (> 8 mts),65,Grande,-68.8455066093,-32.8998003799,2,Barrio Civico,2366816.36021,1
15710,Paraiso,15/11/2011 12:10,Medio (4 - 8 mts),95,Grande,-68.8608043023,-32.8685949634,6,Residencial Norte,2694682.37982,0
12369,Acer,20/01/2011 14:19,Medio (4 - 8 mts),65,Grande,-68.8481993815,-32.867525193,6,Residencial Norte,2694682.37982,0
34617,Fresno europeo,17/01/2012 11:40,Medio (4 - 8 mts),110,Grande,-68.8471572769,-32.8745846894,6,Residencial Norte,2694682.37982,0
34374,Fresno europeo,28/03/2011 10:30,Alto (> 8 mts),150,Grande,-68.8513745262,-32.8749586398,6,Residencial Norte,2694682.37982,0
45164,Fresno europeo,31/08/2011 14:09,Alto (> 8 mts),170,Grande,-68.8233795101,-32.8711617552,4,Cuarta Este Área Fundacional,1822015.85685,0
42637,Fresno europeo,26/09/2011 09:01,Alto (> 8 mts),82,Grande,-68.8289611938,-32.8754946645,4,Cuarta Este Área Fundacional,1822015.85685,1
47506,Morera,29/08/2011 14:19,Alto (> 8 mts),125,Grande,-68.8271899405,-32.8711028035,4,Cuarta Este Área Fundacional,1822015.85685,0
18622,Paraiso,06/07/2011 11:16,Alto (> 8 mts),133,Grande,-68.837657541,-32.8741311706,4,Cuarta Oeste,1173332.70145,0
45140,Morera,01/09/2011 13:24,Medio (4 - 8 mts),83,Grande,-68.8243905204,-32.8703122491,4,Cuarta Este Área Fundacional,1822015.85685,0
10260,Morera,09/12/2010 12:52,Bajo (2 - 4 mts),45,Mediano,-68.8489799802,-32.8707248292,6,Residencial Norte,2694682.37982,0
27593,Morera,07/11/2011 09:36,Medio (4 - 8 mts),70,Grande,-68.8376517784,-32.8943466147,2,Barrio Civico,2366816.36021,0
11800,Morera,02/03/2011 10:57,Bajo (2 - 4 mts),34,Mediano,-68.850857567,-32.8648071575,6,Residencial Norte,2694682.37982,0
1691,Aguaribay,24/11/2011 12:39,Alto (> 8 mts),180,Grande,-68.871970196,-32.8779807373,7,Residencial Parque,1786336.08966,0
40413,Platano,12/04/2011 10:16,Alto (> 8 mts),210,Grande,-68.8442348874,-32.8830120146,1,Parque Central,1655357.93265,1
3303,Morera,29/09/2011 14:05,Bajo (2 - 4 mts),20,Chico,-68.8231736085,-32.8733839571,4,Cuarta Este Área Fundacional,1822015.85685,0
41206,Platano,18/04/2011 09:31,Alto (> 8 mts),210,Grande,-68.8371121112,-32.8814608664,1,Parque Central,1655357.93265,0
3813,Morera,05/09/2011 08:44,Alto (> 8 mts),170,Grande,-68.8306789724,-32.8698545148,4,Cuarta Este Área Fundacional,1822015.85685,0
43046,Morera,03/10/2011 10:24,Alto (> 8 mts),147,Grande,-68.8317349249,-32.877768349,4,Cuarta Este Área Fundacional,1822015.85685,0
19454,Morera,12/07/2011 12:13,Alto (> 8 mts),85,Grande,-68.8382320315,-32.8707527266,4,Cuarta Oeste,1173332.70145,0
24765,Morera,15/02/2011 12:46,Muy bajo (1 - 2 mts),15,Chico,-68.8401671968,-32.8964659806,2,Barrio Civico,2366816.36021,0
28601,Morera,22/02/2011 08:29,Alto (> 8 mts),185,Grande,-68.8499195748,-32.8903484813,5,Residencial Sur,2423808.92355,0
1414,Acer,23/11/2011 08:25,Medio (4 - 8 mts),40,Mediano,-68.8714624628,-32.8791916582,7,Residencial Parque,1786336.08966,1
17730,Paraiso,18/07/2011 09:49,Medio (4 - 8 mts),110,Grande,-68.8423777106,-32.8671801852,4,Cuarta Oeste,1173332.70145,0
433,Morera,06/03/2012 11:28,Medio (4 - 8 mts),100,Grande,-68.8174599526,-32.8679595059,4,Cuarta Este Área Fundacional,1822015.85685,0
17538,Paraiso,28/07/2011 10:46,Alto (> 8 mts),70,Grande,-68.8397383777,-32.8666066001,4,Cuarta Oeste,1173332.70145,0
19667,Morera,12/07/2011 10:48,Alto (> 8 mts),170,Grande,-68.835494642,-32.8706405928,4,Cuarta Oeste,1173332.70145,0
38891,Morera,26/10/2010 10:45,Bajo (2 - 4 mts),50,Mediano,-68.8489714469,-32.86977456,6,Residencial Norte,2694682.37982,0
22764,Morera,29/06/2011 15:23,Medio (4 - 8 mts),68,Grande,-68.8544715146,-32.9017354638,5,Residencial Sur,2423808.92355,0
13564,Morera,28/01/2011 09:27,Bajo (2 - 4 mts),30,Mediano,-68.8505901967,-32.8635524332,6,Residencial Norte,2694682.37982,0
6263,Ailanthus,13/07/2011 14:24,Bajo (2 - 4 mts),12,Chico,-68.8501649087,-32.8838822377,1,Parque Central,1655357.93265,0
46591,Paraiso,05/09/2011 11:22,Bajo (2 - 4 mts),80,Grande,-68.8327185903,-32.8685881718,4,Cuarta Oeste,1173332.70145,0
40284,Fresno europeo,11/04/2011 09:21,Medio (4 - 8 mts),140,Grande,-68.845035254,-32.8811974506,1,Parque Central,1655357.93265,0
41799,Paraiso,26/04/2011 13:08,Medio (4 - 8 mts),200,Grande,-68.8420209194,-32.8778639076,1,Parque Central,1655357.93265,0
39041,Paraiso,23/12/2010 13:40,Medio (4 - 8 mts),110,Grande,-68.8540728558,-32.8710605703,6,Residencial Norte,2694682.37982,0
41824,Morera,25/04/2011 12:20,Medio (4 - 8 mts),120,Grande,-68.8435020719,-32.8783517723,1,Parque Central,1655357.93265,1
20863,Fresno europeo,26/05/2011 11:58,Bajo (2 - 4 mts),55,Mediano,-68.8594667617,-32.8957043283,5,Residencial Sur,2423808.92355,0
41266,Platano,11/04/2011 09:30,Alto (> 8 mts),142,Grande,-68.8408752323,-32.8812823315,1,Parque Central,1655357.93265,0
6202,Tilo,31/03/2011 16:04,Alto (> 8 mts),86,Grande,-68.8412789125,-32.8878557447,3,Parque O'Higgins,1531146.02653,0
37586,Acer,17/11/2010 10:09,Bajo (2 - 4 mts),60,Mediano,-68.8578159893,-32.870349296,6,Residencial Norte,2694682.37982,0
33160,Platano,09/06/2011 08:55,Alto (> 8 mts),165,Grande,-68.8530385942,-32.8915582665,5,Residencial Sur,2423808.92355,0
18657,Morera,05/07/2011 10:41,Alto (> 8 mts),88,Grande,-68.8366396762,-32.8752249524,1,Parque Central,1655357.93265,0
47830,Morera,21/09/2011 10:08,Alto (> 8 mts),140,Grande,-68.8283345725,-32.8741540159,4,Cuarta Este Área Fundacional,1822015.85685,1
1130,Acacia SP,01/12/2011 08:12,Medio (4 - 8 mts),60,Mediano,-68.8758707171,-32.8669399032,8,Aeroparque,2203364.73622,0
9892,Fresno europeo,14/02/2011 09:54,Medio (4 - 8 mts),39,Mediano,-68.8569074432,-32.8647112191,6,Residencial Norte,2694682.37982,0
19521,Morera,26/07/2011 11:36,Alto (> 8 mts),220,Grande,-68.837159703,-32.8716796294,4,Cuarta Oeste,1173332.70145,0
35753,Fresno europeo,04/03/2011 12:31,Alto (> 8 mts),65,Grande,-68.8552828414,-32.8730904275,6,Residencial Norte,2694682.37982,0
19427,Morera,01/07/2011 12:47,Alto (> 8 mts),104,Grande,-68.8355006087,-32.8716316824,4,Cuarta Oeste,1173332.70145,0
12986,Jacaranda,15/02/2011 12:29,Alto (> 8 mts),110,Grande,-68.8445024294,-32.8643713618,4,Cuarta Oeste,1173332.70145,0
45381,Paraiso,16/09/2011 14:23,Alto (> 8 mts),240,Grande,-68.825451244800007,-32.8720951201,4,Cuarta Este Área Fundacional,1822015.85685,0
955,Morera,11/01/2012 12:34,Medio (4 - 8 mts),35,Mediano,-68.8346618062,-32.8950378853,3,Parque O'Higgins,1531146.02653,0
27095,Fresno europeo,27/10/2011 09:31,Medio (4 - 8 mts),45,Mediano,-68.8370794612,-32.8896099559,3,Parque O'Higgins,1531146.02653,0
1286,Prunas,30/11/2011 18:28,Muy bajo (1 - 2 mts),4,Chico,-68.8779953315,-32.8700622544,8,Aeroparque,2203364.73622,0
2309,Fresno europeo,03/11/2011 10:05,Muy bajo (1 - 2 mts),10,Chico,-68.834788296,-32.8952677284,3,Parque O'Higgins,1531146.02653,0
7977,Jacaranda,18/02/2011 12:15,Medio (4 - 8 mts),48,Mediano,-68.8412791952,-32.8890866417,3,Parque O'Higgins,1531146.02653,1
17622,Morera,19/07/2011 19:30,Alto (> 8 mts),105,Grande,-68.8430908311,-32.8668575536,4,Cuarta Oeste,1173332.70145,0
34208,Morera,03/03/2011 13:23,Medio (4 - 8 mts),60,Mediano,-68.8528886365,-32.8742952735,6,Residencial Norte,2694682.37982,0
5769,Morera,06/05/2011 10:43,Bajo (2 - 4 mts),28,Mediano,-68.8400325144,-32.8789808261,1,Parque Central,1655357.93265,0
25739,Morera,03/02/2011 11:02,Alto (> 8 mts),138,Grande,-68.8406904948,-32.9027772942,2,Barrio Civico,2366816.36021,0
12501,Fresno europeo,26/01/2011 09:44,Bajo (2 - 4 mts),35,Mediano,-68.8483695601,-32.86776827,6,Residencial Norte,2694682.37982,0
754,Aguaribay,15/12/2011 08:14,Bajo (2 - 4 mts),18,Chico,-68.8803490193,-32.8666002409,8,Aeroparque,2203364.73622,0
19157,Olmo comun,20/07/2011 09:57,Medio (4 - 8 mts),83,Grande,-68.8399884443,-32.8728871351,4,Cuarta Oeste,1173332.70145,0
14907,Acacia SP,19/12/2011 09:03,Bajo (2 - 4 mts),60,Mediano,-68.880977008,-32.8736839623,8,Aeroparque,2203364.73622,0
34680,Morera,31/03/2011 10:03,Alto (> 8 mts),180,Grande,-68.8494821318,-32.8763815273,6,Residencial Norte,2694682.37982,0
27008,Platano,02/11/2011 16:17,Alto (> 8 mts),164,Grande,-68.8354017783,-32.8864311895,3,Parque O'Higgins,1531146.02653,0
11297,Fresno americano,10/01/2011 09:41,Bajo (2 - 4 mts),12,Chico,-68.8466150474,-32.9032127004,2,Barrio Civico,2366816.36021,0
28495,Morera,25/02/2011 10:03,Alto (> 8 mts),165,Grande,-68.8478564821,-32.889181349,2,Barrio Civico,2366816.36021,1
30167,Morera,31/03/2011 15:51,Alto (> 8 mts),88,Grande,-68.8401688193,-32.8879937396,3,Parque O'Higgins,1531146.02653,0
13040,Morera,15/02/2011 13:19,Alto (> 8 mts),200,Grande,-68.8446873357,-32.8649903987,4,Cuarta Oeste,1173332.70145,0
45789,Fresno europeo,01/09/2011 11:37,Medio (4 - 8 mts),200,Grande,-68.8200932507,-32.8712696928,4,Cuarta Este Área Fundacional,1822015.85685,0
8994,Paraiso,14/01/2011 13:35,Alto (> 8 mts),210,Grande,-68.8459827588,-32.8677918281,4,Cuarta Oeste,1173332.70145,0
6603,Fresno americano,10/05/2011 11:06,Medio (4 - 8 mts),49,Mediano,-68.8567542007,-32.892649538,5,Residencial Sur,2423808.92355,0
31259,Olmo bola,04/02/2011 09:34,Medio (4 - 8 mts),90,Grande,-68.8534889755,-32.8634245151,6,Residencial Norte,2694682.37982,0
3253,Paraiso sombrilla,28/09/2011 10:14,Alto (> 8 mts),88,Grande,-68.8225725028,-32.8722738506,4,Cuarta Este Área Fundacional,1822015.85685,0
20004,Morera,11/08/2011 10:21,Medio (4 - 8 mts),74,Grande,-68.8341410252,-32.8665250202,4,Cuarta Oeste,1173332.70145,0
10482,Fresno europeo,04/03/2011 10:26,Muy bajo (1 - 2 mts),5,Chico,-68.8527253097,-32.8741424065,6,Residencial Norte,2694682.37982,0
37174,Morera,01/04/2011 12:14,Alto (> 8 mts),195,Grande,-68.8591475765,-32.8777632598,7,Residencial Parque,1786336.08966,1
35256,Fresno americano,24/06/2011 13:13,Medio (4 - 8 mts),100,Grande,-68.851695355,-32.8833690466,1,Parque Central,1655357.93265,1
5194,Jacaranda,05/08/2011 11:51,Bajo (2 - 4 mts),27,Mediano,-68.8388014567,-32.8677631589,4,Cuarta Oeste,1173332.70145,0
44433,Platano,18/10/2011 10:27,Alto (> 8 mts),120,Grande,-68.8371324661,-32.8835947481,3,Parque O'Higgins,1531146.02653,0
8963,Paraiso,19/01/2011 13:20,Muy bajo (1 - 2 mts),5,Chico,-68.8467679856,-32.8678494729,6,Residencial Norte,2694682.37982,0
3094,Fresno americano,08/09/2011 11:23,Medio (4 - 8 mts),23,Mediano,-68.8292372782,-32.8713649701,4,Cuarta Este Área Fundacional,1822015.85685,0
14218,Morera,30/11/2011 11:31,Alto (> 8 mts),120,Grande,-68.8765843557,-32.8661777317,8,Aeroparque,2203364.73622,0
6329,Fresno americano,29/06/2011 11:44,Muy bajo (1 - 2 mts),15,Chico,-68.8559014387,-32.8909060639,5,Residencial Sur,2423808.92355,0
14613,Paraiso,13/12/2011 12:22,Medio (4 - 8 mts),45,Mediano,-68.8802638815,-32.8662198693,8,Aeroparque,2203364.73622,0
17709,Morera,15/07/2011 10:49,Alto (> 8 mts),230,Grande,-68.8429853759,-32.8705552708,4,Cuarta Oeste,1173332.70145,0
16862,Caducifolio,05/08/2011 11:03,Medio (4 - 8 mts),140,Grande,-68.8383786236,-32.8652781872,4,Cuarta Oeste,1173332.70145,0
23555,Morera,01/02/2011 16:26,Alto (> 8 mts),138,Grande,-68.85076395,-32.9031124509,2,Barrio Civico,2366816.36021,1
32952,Morera,23/05/2011 10:42,Alto (> 8 mts),170,Grande,-68.8500229572,-32.8885712195,5,Residencial Sur,2423808.92355,0
7672,Morera,27/05/2011 09:57,Bajo (2 - 4 mts),40,Mediano,-68.8545760451,-32.8851026402,5,Residencial Sur,2423808.92355,0
689,Fresno europeo,20/07/2011 09:27,Bajo (2 - 4 mts),30,Mediano,-68.8415532013,-32.86422707,4,Cuarta Oeste,1173332.70145,0
44478,Platano,17/10/2011 12:38,Alto (> 8 mts),220,Grande,-68.836575184,-32.884617634,3,Parque O'Higgins,1531146.02653,0
4181,Paraiso,07/07/2011 09:32,Medio (4 - 8 mts),70,Grande,-68.8367114827,-32.874963326,1,Parque Central,1655357.93265,0
43166,Morera,04/10/2011 11:32,Alto (> 8 mts),158,Grande,-68.8308893759,-32.8797227291,4,Cuarta Este Área Fundacional,1822015.85685,0
20233,Platano,26/05/2011 12:23,Alto (> 8 mts),120,Grande,-68.8600002773,-32.893683696,5,Residencial Sur,2423808.92355,0
4188,Morera,06/07/2011 12:16,Medio (4 - 8 mts),60,Mediano,-68.8372103889,-32.8757168209,1,Parque Central,1655357.93265,1
4071,Paraiso,04/10/2011 08:55,Medio (4 - 8 mts),86,Grande,-68.8281382926,-32.877966926,4,Cuarta Este Área Fundacional,1822015.85685,0
43194,Morera,11/10/2011 15:54,Alto (> 8 mts),180,Grande,-68.8282355401,-32.880724446,4,Cuarta Este Área Fundacional,1822015.85685,0
48301,Morera,19/08/2011 11:21,Muy bajo (1 - 2 mts),6,Chico,-68.8286975975,-32.8686518001,4,Cuarta Este Área Fundacional,1822015.85685,0
39775,Fresno europeo,13/07/2011 12:58,Alto (> 8 mts),125,Grande,-68.8514273072,-32.8828110316,1,Parque Central,1655357.93265,0
8541,Morera,17/02/2011 10:18,Alto (> 8 mts),165,Grande,-68.8401186968,-32.8992209649,2,Barrio Civico,2366816.36021,1
16664,Morera,19/07/2011 11:31,Alto (> 8 mts),145,Grande,-68.8413483764,-32.8629815061,4,Cuarta Oeste,1173332.70145,1
39307,Fresno europeo,30/11/2010 11:03,Muy bajo (1 - 2 mts),2,Chico,-68.856063495,-32.8725683455,6,Residencial Norte,2694682.37982,0
14734,Jacaranda,05/12/2011 12:09,Muy bajo (1 - 2 mts),8,Chico,-68.8788235357,-32.8699069427,8,Aeroparque,2203364.73622,0
37568,Jacaranda,16/11/2010 10:47,Alto (> 8 mts),60,Mediano,-68.8570509296,-32.869961507,6,Residencial Norte,2694682.37982,0
5588,Acer,18/04/2011 10:20,Alto (> 8 mts),143,Grande,-68.8383544632,-32.8820814207,1,Parque Central,1655357.93265,0
1315,Aguaribay,30/11/2011 11:21,Medio (4 - 8 mts),150,Grande,-68.8772965563,-32.8645872172,8,Aeroparque,2203364.73622,0
37286,Morera,15/03/2011 10:13,Alto (> 8 mts),10,Chico,-68.858289811,-32.8734735735,6,Residencial Norte,2694682.37982,0
4742,Morera,10/08/2011 10:54,Alto (> 8 mts),140,Grande,-68.8334296931,-32.8657551413,4,Cuarta Oeste,1173332.70145,0
32019,Morera,03/06/2011 10:35,Alto (> 8 mts),165,Grande,-68.8573104403,-32.8874388023,5,Residencial Sur,2423808.92355,0
26671,Morera,14/11/2011 12:38,Alto (> 8 mts),75,Grande,-68.8318160556,-32.8932180022,3,Parque O'Higgins,1531146.02653,0
31685,Platano,18/05/2011 12:44,Alto (> 8 mts),190,Grande,-68.8608797487,-32.8911195979,5,Residencial Sur,2423808.92355,0
6946,Paraiso,07/06/2011 10:11,Alto (> 8 mts),70,Grande,-68.8570650319,-32.8962797252,5,Residencial Sur,2423808.92355,0
1078,Caducifolio,14/12/2011 09:49,Bajo (2 - 4 mts),30,Mediano,-68.880750313,-32.8680606717,8,Aeroparque,2203364.73622,0
794,Paraiso,14/12/2011 10:13,Medio (4 - 8 mts),68,Grande,-68.8797044949,-32.86657658,8,Aeroparque,2203364.73622,0
14203,Morera,30/11/2011 12:05,Medio (4 - 8 mts),60,Mediano,-68.8768183618,-32.8670487251,8,Aeroparque,2203364.73622,0
20220,Morera,26/05/2011 12:48,Medio (4 - 8 mts),110,Grande,-68.8604712812,-32.8938909802,5,Residencial Sur,2423808.92355,1
35225,Platano,22/03/2011 13:27,Alto (> 8 mts),228,Grande,-68.8536494935,-32.8812859837,6,Residencial Norte,2694682.37982,0
44805,Morera,26/08/2011 10:43,Alto (> 8 mts),195,Grande,-68.8233697482,-32.8701351674,4,Cuarta Este Área Fundacional,1822015.85685,0
9258,Paraiso,21/02/2011 12:20,Alto (> 8 mts),220,Grande,-68.8475536095,-32.86570224,6,Residencial Norte,2694682.37982,0
25875,Fresno europeo,07/02/2011 16:40,Medio (4 - 8 mts),98,Grande,-68.8389920758,-32.9018837209,2,Barrio Civico,2366816.36021,0
41968,Fresno europeo,20/04/2011 13:43,Medio (4 - 8 mts),115,Grande,-68.8376111646,-32.8789193276,1,Parque Central,1655357.93265,0
13800,Morera,26/01/2011 12:58,Alto (> 8 mts),140,Grande,-68.8492178464,-32.8641325237,6,Residencial Norte,2694682.37982,0
44477,Fresno europeo,17/10/2011 12:39,Medio (4 - 8 mts),40,Mediano,-68.8366344188,-32.8845571059,3,Parque O'Higgins,1531146.02653,0
5248,Platano,05/05/2011 11:30,Muy bajo (1 - 2 mts),6,Chico,-68.8408357267,-32.8748513801,1,Parque Central,1655357.93265,0
23171,Paraiso,19/01/2011 10:42,Alto (> 8 mts),200,Grande,-68.848156736000007,-32.9020403585,2,Barrio Civico,2366816.36021,0
32701,Acacia visco,18/05/2011 10:58,Medio (4 - 8 mts),120,Grande,-68.8510528742,-32.8864408901,5,Residencial Sur,2423808.92355,0
19876,Morera,29/06/2011 10:48,Alto (> 8 mts),148,Grande,-68.8346744213,-32.8624243816,4,Cuarta Oeste,1173332.70145,0
40125,Olmo comun,15/04/2011 10:51,Alto (> 8 mts),210,Grande,-68.8457443641,-32.8794245167,1,Parque Central,1655357.93265,0
39506,Morera,10/11/2010 10:30,Alto (> 8 mts),190,Grande,-68.8544763162,-32.8691912729,6,Residencial Norte,2694682.37982,0
969,Fresno europeo,25/01/2012 07:58,Alto (> 8 mts),128,Grande,-68.8492542313,-32.8731464344,6,Residencial Norte,2694682.37982,0
14824,Paraiso sombrilla,07/12/2011 10:21,Muy bajo (1 - 2 mts),33,Mediano,-68.878156353,-32.8689809328,8,Aeroparque,2203364.73622,0
44233,Platano,13/10/2011 11:45,Alto (> 8 mts),250,Grande,-68.8349181656,-32.8836821044,3,Parque O'Higgins,1531146.02653,0
3582,Morera,02/09/2011 11:05,Medio (4 - 8 mts),65,Grande,-68.8306629907,-32.8686005619,4,Cuarta Este Área Fundacional,1822015.85685,0
7547,Fresno europeo,16/06/2011 09:35,Muy bajo (1 - 2 mts),14,Chico,-68.8563984031,-32.8835995605,5,Residencial Sur,2423808.92355,0
4093,Olmo comun,30/09/2011 12:51,Medio (4 - 8 mts),80,Grande,-68.8297045689,-32.8778802975,4,Cuarta Este Área Fundacional,1822015.85685,0
42407,Jacaranda,28/09/2011 11:42,Alto (> 8 mts),110,Grande,-68.8323657281,-32.8753211061,4,Cuarta Este Área Fundacional,1822015.85685,1
27,Jacaranda,01/03/2012 13:41,Bajo (2 - 4 mts),18,Chico,-68.8558670144,-32.8959593075,5,Residencial Sur,2423808.92355,0
16783,Jacaranda,11/08/2011 12:06,Muy bajo (1 - 2 mts),2,Chico,-68.8402049299,-32.8627556063,4,Cuarta Oeste,1173332.70145,0
15520,Morera,21/11/2011 13:08,Medio (4 - 8 mts),60,Mediano,-68.8605370363,-32.8715841803,7,Residencial Parque,1786336.08966,0
29324,Fresno americano,25/04/2011 12:49,Alto (> 8 mts),155,Grande,-68.8426712876,-32.8867387352,1,Parque Central,1655357.93265,0
9840,Perenne,11/01/2011 10:05,Medio (4 - 8 mts),51,Mediano,-68.8448312025,-32.8633137424,4,Cuarta Oeste,1173332.70145,0
32452,Morera,27/05/2011 09:22,Alto (> 8 mts),108,Grande,-68.8512801594,-32.8888864591,5,Residencial Sur,2423808.92355,1
4052,Ailanthus,04/10/2011 09:43,Medio (4 - 8 mts),36,Mediano,-68.8293959334,-32.8782362097,4,Cuarta Este Área Fundacional,1822015.85685,0
27829,Morera,02/11/2011 10:35,Alto (> 8 mts),105,Grande,-68.8362588,-32.8950069478,2,Barrio Civico,2366816.36021,0
37365,Paraiso,29/11/2010 10:23,Alto (> 8 mts),100,Grande,-68.8575746664,-32.8724569126,6,Residencial Norte,2694682.37982,0
8618,Morera,31/01/2011 11:05,Alto (> 8 mts),200,Grande,-68.8378840162,-32.9032985414,2,Barrio Civico,2366816.36021,0
47653,Morera,08/09/2011 15:43,Medio (4 - 8 mts),200,Grande,-68.8275929544,-32.8713314701,4,Cuarta Este Área Fundacional,1822015.85685,0
308,Fresno europeo,05/03/2012 13:06,Alto (> 8 mts),130,Grande,-68.8222502473,-32.8671150395,4,Cuarta Este Área Fundacional,1822015.85685,1
36978,Morera,07/04/2011 16:45,Alto (> 8 mts),185,Grande,-68.8569796821,-32.8786666501,7,Residencial Parque,1786336.08966,0
13844,Morera,26/01/2011 08:36,Alto (> 8 mts),140,Grande,-68.8487470624,-32.8634310279,6,Residencial Norte,2694682.37982,0
1554,Tilo,21/11/2011 18:12,Medio (4 - 8 mts),76,Grande,-68.8735181768,-32.8793634282,7,Residencial Parque,1786336.08966,0
5205,Conifera,08/08/2011 09:17,Alto (> 8 mts),34,Mediano,-68.839265661,-32.8696402682,4,Cuarta Oeste,1173332.70145,0
47209,Morera,19/09/2011 10:58,Medio (4 - 8 mts),56,Mediano,-68.8321565809,-32.8743126349,4,Cuarta Este Área Fundacional,1822015.85685,0
35394,Morera,21/06/2011 12:55,Medio (4 - 8 mts),100,Grande,-68.8556759591,-32.8823839152,5,Residencial Sur,2423808.92355,0
10502,Morera,11/03/2011 09:44,Medio (4 - 8 mts),150,Grande,-68.8497392488,-32.8740068724,6,Residencial Norte,2694682.37982,0
3019,Perenne,15/09/2011 10:10,Muy bajo (1 - 2 mts),180,Grande,-68.8291519842,-32.8721542181,4,Cuarta Este Área Fundacional,1822015.85685,0
29284,Platano,22/02/2011 13:38,Alto (> 8 mts),240,Grande,-68.8428359728,-32.8878186697,3,Parque O'Higgins,1531146.02653,0
19561,Morera,26/07/2011 09:38,Alto (> 8 mts),220,Grande,-68.8382862796,-32.8714764965,4,Cuarta Oeste,1173332.70145,0
5380,Alamo blanco,25/04/2011 09:17,Medio (4 - 8 mts),120,Grande,-68.8448576596,-32.8770802159,1,Parque Central,1655357.93265,0
24841,Morera,18/02/2011 10:00,Alto (> 8 mts),133,Grande,-68.8395106302,-32.8965840727,2,Barrio Civico,2366816.36021,0
26955,Morera,01/11/2011 16:34,Medio (4 - 8 mts),170,Grande,-68.8367736508,-32.887071746,3,Parque O'Higgins,1531146.02653,0
19864,Morera,29/06/2011 14:15,Muy bajo (1 - 2 mts),2,Chico,-68.8336516742,-32.8623564502,4,Cuarta Oeste,1173332.70145,0
48217,Morera,01/09/2011 13:00,Alto (> 8 mts),155,Grande,-68.8276928207,-32.8688881745,4,Cuarta Este Área Fundacional,1822015.85685,0
4626,Fresno europeo,08/08/2011 09:31,Alto (> 8 mts),180,Grande,-68.832928249,-32.8636523476,4,Cuarta Oeste,1173332.70145,0
37934,Paraiso,27/08/2010 09:42,Alto (> 8 mts),172,Grande,-68.8486579628,-32.8736375263,6,Residencial Norte,2694682.37982,0
25138,Morera,11/02/2011 08:30,Medio (4 - 8 mts),46,Mediano,-68.8372750873,-32.8988725111,2,Barrio Civico,2366816.36021,0
27207,Platano,26/10/2011 12:18,Alto (> 8 mts),210,Grande,-68.8361312024,-32.8898316151,3,Parque O'Higgins,1531146.02653,0
41314,Morera,19/04/2011 12:10,Alto (> 8 mts),200,Grande,-68.8412823696,-32.8828553945,1,Parque Central,1655357.93265,0
18896,Morera,02/08/2011 10:27,Alto (> 8 mts),198,Grande,-68.8407748085,-32.869993877,4,Cuarta Oeste,1173332.70145,0
39807,Platano,05/05/2011 09:06,Alto (> 8 mts),160,Grande,-68.8473704816,-32.8845731168,1,Parque Central,1655357.93265,0
13637,Paraiso,25/02/2011 09:32,Alto (> 8 mts),185,Grande,-68.8519775566,-32.8664027875,6,Residencial Norte,2694682.37982,0
37822,Fresno europeo,10/12/2010 10:01,Alto (> 8 mts),120,Grande,-68.8485773972,-32.8725358833,6,Residencial Norte,2694682.37982,0
28218,Morera,10/03/2011 19:18,Alto (> 8 mts),148,Grande,-68.8479274089,-32.8927521263,2,Barrio Civico,2366816.36021,1
32552,Platano,21/06/2011 09:24,Alto (> 8 mts),145,Grande,-68.8541187612,-32.8894934411,5,Residencial Sur,2423808.92355,0
13643,Fresno europeo,25/02/2011 09:03,Alto (> 8 mts),180,Grande,-68.8524974629,-32.8664397408,6,Residencial Norte,2694682.37982,0
6581,Morera,18/05/2011 10:39,Medio (4 - 8 mts),67,Grande,-68.8601893821,-32.8906009774,5,Residencial Sur,2423808.92355,1
29794,Morera,09/03/2011 09:12,Alto (> 8 mts),180,Grande,-68.8435771302,-32.8916190115,2,Barrio Civico,2366816.36021,0
6189,Platano,31/03/2011 16:14,Medio (4 - 8 mts),108,Grande,-68.8404743892,-32.8871416848,3,Parque O'Higgins,1531146.02653,0
41135,Platano,27/04/2011 08:51,Alto (> 8 mts),148,Grande,-68.8394799896,-32.8837055615,1,Parque Central,1655357.93265,0
40697,Fresno americano,19/04/2011 09:49,Alto (> 8 mts),190,Grande,-68.8420632685,-32.8844127754,1,Parque Central,1655357.93265,0
24755,Platano,15/02/2011 12:31,Alto (> 8 mts),236,Grande,-68.8406709772,-32.8959592423,2,Barrio Civico,2366816.36021,0
39503,Morera,10/11/2010 10:25,Alto (> 8 mts),111,Grande,-68.8543958848,-32.8690915962,6,Residencial Norte,2694682.37982,0
4910,Morera,20/07/2011 10:29,Medio (4 - 8 mts),25,Mediano,-68.8431810303,-32.8658670727,4,Cuarta Oeste,1173332.70145,0
45158,Fresno europeo,31/08/2011 14:18,Alto (> 8 mts),210,Grande,-68.8238963893,-32.8711520215,4,Cuarta Este Área Fundacional,1822015.85685,0
44351,Platano,17/10/2011 13:26,Alto (> 8 mts),170,Grande,-68.8364028982,-32.8835271176,3,Parque O'Higgins,1531146.02653,0
40807,Platano,26/04/2011 16:43,Alto (> 8 mts),148,Grande,-68.8402775769,-32.8840323379,1,Parque Central,1655357.93265,0
21450,Jacaranda,12/05/2011 10:16,Medio (4 - 8 mts),57,Mediano,-68.8569461082,-32.892792591,5,Residencial Sur,2423808.92355,0
21382,Fresno europeo,09/05/2011 13:06,Medio (4 - 8 mts),90,Grande,-68.8547418757,-32.8925944967,5,Residencial Sur,2423808.92355,0
21143,Paraiso,17/06/2011 11:19,Medio (4 - 8 mts),108,Grande,-68.8623204394,-32.8981293543,5,Residencial Sur,2423808.92355,0
34506,Morera,30/03/2011 09:41,Alto (> 8 mts),186,Grande,-68.8501886444,-32.8760137631,6,Residencial Norte,2694682.37982,0
7735,Fresno americano,19/05/2011 10:46,Medio (4 - 8 mts),120,Grande,-68.8504467335,-32.8864283591,5,Residencial Sur,2423808.92355,0
9356,Morera,16/02/2011 10:43,Alto (> 8 mts),120,Grande,-68.8454607085,-32.8647239065,4,Cuarta Oeste,1173332.70145,0
10123,Morera,30/12/2010 10:07,Medio (4 - 8 mts),43,Mediano,-68.8561887025,-32.8712727088,6,Residencial Norte,2694682.37982,0
40532,Platano,12/04/2011 09:52,Alto (> 8 mts),190,Grande,-68.8430079151,-32.8832463903,1,Parque Central,1655357.93265,0
29155,Morera,10/03/2011 12:35,Alto (> 8 mts),152,Grande,-68.8468949875,-32.8891561834,2,Barrio Civico,2366816.36021,0
16153,Morera,18/07/2011 11:10,Alto (> 8 mts),148,Grande,-68.8435380536,-32.8663683058,4,Cuarta Oeste,1173332.70145,0
33553,Morera,30/05/2011 10:34,Alto (> 8 mts),145,Grande,-68.8541633703,-32.888019271,5,Residencial Sur,2423808.92355,0
18101,Paraiso,28/07/2011 10:39,Alto (> 8 mts),190,Grande,-68.8405572326,-32.869175763,4,Cuarta Oeste,1173332.70145,0
15842,Paraiso,25/11/2011 11:24,Muy bajo (1 - 2 mts),12,Chico,-68.8725564157,-32.8774067487,7,Residencial Parque,1786336.08966,0
13562,Morera,28/01/2011 09:50,Alto (> 8 mts),180,Grande,-68.8505718874,-32.8637779533,6,Residencial Norte,2694682.37982,0
4971,Morera,15/07/2011 08:56,Muy bajo (1 - 2 mts),5,Chico,-68.8444742858,-32.8693057141,4,Cuarta Oeste,1173332.70145,0
26931,Platano,01/11/2011 17:47,Medio (4 - 8 mts),170,Grande,-68.8355460592,-32.8870451537,3,Parque O'Higgins,1531146.02653,1
30004,Fresno europeo,28/04/2011 12:38,Alto (> 8 mts),140,Grande,-68.8413192333,-32.8868533228,3,Parque O'Higgins,1531146.02653,1
12229,Fresno europeo,18/01/2011 11:15,Bajo (2 - 4 mts),30,Mediano,-68.8452668816,-32.867625875,4,Cuarta Oeste,1173332.70145,0
5551,Morera,11/04/2011 13:20,Alto (> 8 mts),125,Grande,-68.8401531139,-32.8809490937,1,Parque Central,1655357.93265,0
8201,Fresno europeo,15/03/2011 09:47,Alto (> 8 mts),79,Grande,-68.8410243948,-32.8919507779,2,Barrio Civico,2366816.36021,0
751,Paraiso sombrilla,19/12/2011 09:13,Bajo (2 - 4 mts),30,Mediano,-68.8800000785,-32.8739564354,8,Aeroparque,2203364.73622,0
13145,Paraiso,21/02/2011 08:54,Alto (> 8 mts),140,Grande,-68.8470416896,-32.8645674702,4,Cuarta Oeste,1173332.70145,0
29485,Morera,18/02/2011 12:13,Alto (> 8 mts),92,Grande,-68.8439816554,-32.8925922082,2,Barrio Civico,2366816.36021,0
40277,Olmo comun,11/04/2011 10:27,Bajo (2 - 4 mts),84,Grande,-68.8455002793,-32.8813155705,1,Parque Central,1655357.93265,0
9490,Fresno europeo,02/02/2011 09:12,Medio (4 - 8 mts),90,Grande,-68.852084897,-32.8641796063,6,Residencial Norte,2694682.37982,0
30856,Fresno europeo,15/02/2011 12:41,Medio (4 - 8 mts),95,Grande,-68.8549794315,-32.8658141583,6,Residencial Norte,2694682.37982,0
13739,Morera,27/01/2011 09:33,Alto (> 8 mts),240,Grande,-68.8500485815,-32.8631760307,6,Residencial Norte,2694682.37982,0
26359,Morera,21/10/2011 09:12,Alto (> 8 mts),210,Grande,-68.8341599323,-32.8879409646,3,Parque O'Higgins,1531146.02653,0
44789,Morera,23/08/2011 11:24,Alto (> 8 mts),155,Grande,-68.8232511006,-32.8694405998,4,Cuarta Este Área Fundacional,1822015.85685,0
5556,Platano,30/09/2011 11:44,Alto (> 8 mts),180,Grande,-68.8394313256,-32.8801702968,1,Parque Central,1655357.93265,0
44637,Caducifolio,25/08/2011 12:59,Muy bajo (1 - 2 mts),5,Chico,-68.8236413508,-32.8665688394,4,Cuarta Este Área Fundacional,1822015.85685,0
12548,Paraiso,10/01/2011 12:50,Alto (> 8 mts),90,Grande,-68.8446475316,-32.862899913,4,Cuarta Oeste,1173332.70145,0
23256,Fresno europeo,27/01/2012 12:29,Bajo (2 - 4 mts),60,Mediano,-68.851815495,-32.9015871406,2,Barrio Civico,2366816.36021,0
8008,Fresno europeo,17/02/2011 12:23,Medio (4 - 8 mts),81,Grande,-68.8402817716,-32.8891012118,3,Parque O'Higgins,1531146.02653,0
23029,Morera,10/06/2011 18:42,Bajo (2 - 4 mts),18,Chico,-68.8625042991,-32.901643354,5,Residencial Sur,2423808.92355,0
32907,Platano,19/05/2011 12:32,Alto (> 8 mts),310,Grande,-68.8498259841,-32.8865273298,5,Residencial Sur,2423808.92355,1
15098,Paraiso,18/11/2011 09:23,Medio (4 - 8 mts),70,Grande,-68.8594015865,-32.8695234154,6,Residencial Norte,2694682.37982,0
35120,Paraiso,28/03/2011 10:44,Alto (> 8 mts),160,Grande,-68.8519026716,-32.8804783749,1,Parque Central,1655357.93265,0
2785,Fresno europeo,21/10/2011 16:38,Medio (4 - 8 mts),120,Grande,-68.8356039986,-32.8798387164,1,Parque Central,1655357.93265,0
25976,Morera,31/01/2011 12:42,Alto (> 8 mts),140,Grande,-68.8389640442,-32.9030946603,2,Barrio Civico,2366816.36021,0
29146,Paraiso,15/07/2011 11:06,Alto (> 8 mts),150,Grande,-68.8467723191,-32.8883954967,2,Barrio Civico,2366816.36021,0
39198,Paraiso,01/12/2010 12:33,Alto (> 8 mts),180,Grande,-68.8543389127,-32.8726288367,6,Residencial Norte,2694682.37982,0
28937,Morera,26/04/2011 10:28,Medio (4 - 8 mts),47,Mediano,-68.8459925439,-32.885388708,1,Parque Central,1655357.93265,0
9560,Fresno europeo,16/02/2011 10:50,Medio (4 - 8 mts),98,Grande,-68.8557782256,-32.8649087147,6,Residencial Norte,2694682.37982,0
30579,Morera,09/02/2011 12:29,Alto (> 8 mts),55,Mediano,-68.8583139119,-32.8659185561,6,Residencial Norte,2694682.37982,1
46126,Morera,05/10/2011 11:02,Medio (4 - 8 mts),100,Grande,-68.8243218639,-32.8745445893,4,Cuarta Este Área Fundacional,1822015.85685,0
39482,Paraiso,10/11/2010 12:15,Alto (> 8 mts),180,Grande,-68.8539253743,-32.870100364,6,Residencial Norte,2694682.37982,0
26091,Morera,04/11/2011 16:36,Medio (4 - 8 mts),130,Grande,-68.8327390638,-32.8871023025,3,Parque O'Higgins,1531146.02653,0
24017,Morera,13/01/2011 09:23,Alto (> 8 mts),220,Grande,-68.8447190547,-32.9004931647,2,Barrio Civico,2366816.36021,1
3585,Morera,02/09/2011 10:55,Muy bajo (1 - 2 mts),6,Chico,-68.8310846087,-32.8685631922,4,Cuarta Este Área Fundacional,1822015.85685,0
22084,Acer,10/06/2011 11:24,Medio (4 - 8 mts),48,Mediano,-68.8545588729,-32.8969957083,5,Residencial Sur,2423808.92355,0
31253,Morera,03/02/2011 09:52,Bajo (2 - 4 mts),50,Mediano,-68.8530529611,-32.8638110565,6,Residencial Norte,2694682.37982,0
26236,Morera,19/10/2011 09:47,Medio (4 - 8 mts),133,Grande,-68.8304424483,-32.888782397600004,3,Parque O'Higgins,1531146.02653,1
5361,Alamo blanco,25/04/2011 12:00,Medio (4 - 8 mts),300,Grande,-68.8431150583,-32.8784365353,1,Parque Central,1655357.93265,0
25126,Morera,11/02/2011 09:33,Alto (> 8 mts),200,Grande,-68.8356612138,-32.8991309464,2,Barrio Civico,2366816.36021,1
26395,Fresno europeo,25/10/2011 10:14,Bajo (2 - 4 mts),15,Chico,-68.8328442085,-32.889329982,3,Parque O'Higgins,1531146.02653,0
18695,Morera,04/07/2011 11:23,Alto (> 8 mts),155,Grande,-68.8354284425,-32.8736803865,4,Cuarta Oeste,1173332.70145,0
44376,Paraiso,19/10/2011 09:35,Medio (4 - 8 mts),90,Grande,-68.8368041782,-32.8853394769,3,Parque O'Higgins,1531146.02653,0
21104,Alamo criollo,21/06/2011 10:25,Alto (> 8 mts),180,Grande,-68.8635175231,-32.898618301,5,Residencial Sur,2423808.92355,0
17620,Paraiso,19/07/2011 19:35,Alto (> 8 mts),190,Grande,-68.8431460387,-32.8667539279,4,Cuarta Oeste,1173332.70145,0
7580,Fresno europeo,24/06/2011 09:53,Bajo (2 - 4 mts),50,Mediano,-68.8523364511,-32.8827009494,1,Parque Central,1655357.93265,0
34256,Morera,04/03/2011 12:09,Alto (> 8 mts),120,Grande,-68.8524815304,-32.87448424,6,Residencial Norte,2694682.37982,0
35855,Morera,29/03/2011 10:47,Alto (> 8 mts),145,Grande,-68.8525799422,-32.8761634,6,Residencial Norte,2694682.37982,0
44027,Platano,19/10/2011 09:30,Alto (> 8 mts),170,Grande,-68.8316388062,-32.8850098126,3,Parque O'Higgins,1531146.02653,0
3339,Platano,05/10/2011 11:12,Alto (> 8 mts),180,Grande,-68.8295713277,-32.8794218738,4,Cuarta Este Área Fundacional,1822015.85685,0
32270,Platano,28/06/2011 10:47,Alto (> 8 mts),165,Grande,-68.8510897176,-32.8918043193,5,Residencial Sur,2423808.92355,0
9128,Morera,25/02/2011 12:03,Alto (> 8 mts),95,Grande,-68.8519838911,-32.8656761883,6,Residencial Norte,2694682.37982,0
20572,Paraiso,30/05/2011 14:00,Alto (> 8 mts),145,Grande,-68.8624805193,-32.8980105975,5,Residencial Sur,2423808.92355,0
13807,Morera,26/01/2011 13:24,Alto (> 8 mts),140,Grande,-68.8492522737,-32.8637777679,6,Residencial Norte,2694682.37982,0
35979,Acer,22/03/2011 09:50,Alto (> 8 mts),190,Grande,-68.8550274524,-32.8754596158,6,Residencial Norte,2694682.37982,0
10381,Fresno europeo,25/08/2010 11:29,Alto (> 8 mts),118,Grande,-68.8464852735,-32.8737586624,6,Residencial Norte,2694682.37982,0
21594,Morera,12/05/2011 10:01,Alto (> 8 mts),95,Grande,-68.8550027483,-32.8935943053,5,Residencial Sur,2423808.92355,0
38803,Morera,14/12/2010 10:10,Alto (> 8 mts),215,Grande,-68.8503016389,-32.8707716296,6,Residencial Norte,2694682.37982,1
17726,Paraiso,18/07/2011 09:40,Bajo (2 - 4 mts),25,Mediano,-68.842396073,-32.8672490978,4,Cuarta Oeste,1173332.70145,0
147,Fresno europeo,28/02/2012 18:11,Muy bajo (1 - 2 mts),7,Chico,-68.8580028841,-32.8642039579,6,Residencial Norte,2694682.37982,0
9723,Morera,20/01/2011 09:52,Bajo (2 - 4 mts),50,Mediano,-68.8479528604,-32.8634408333,4,Cuarta Oeste,1173332.70145,0
36417,Morera,21/03/2011 09:24,Medio (4 - 8 mts),95,Grande,-68.8531973311,-32.8790280543,6,Residencial Norte,2694682.37982,0
1752,Fresno americano,21/11/2011 10:26,Medio (4 - 8 mts),45,Mediano,-68.8724470188,-32.8778067972,7,Residencial Parque,1786336.08966,0
24681,Paraiso,20/01/2011 11:50,Alto (> 8 mts),300,Grande,-68.8431232199,-32.8964508788,2,Barrio Civico,2366816.36021,0
24480,Morera,19/01/2011 12:53,Alto (> 8 mts),180,Grande,-68.8460169302,-32.9036012716,2,Barrio Civico,2366816.36021,0
35090,Fresno europeo,21/03/2011 12:10,Medio (4 - 8 mts),40,Mediano,-68.8549964923,-32.8803662225,6,Residencial Norte,2694682.37982,0
28648,Morera,23/02/2011 09:44,Alto (> 8 mts),220,Grande,-68.8483355138,-32.8902126474,2,Barrio Civico,2366816.36021,1
14433,Morera,02/12/2011 09:04,Medio (4 - 8 mts),80,Grande,-68.8780842338,-32.8682604207,8,Aeroparque,2203364.73622,0
2251,Paraiso,28/10/2011 10:09,Medio (4 - 8 mts),120,Grande,-68.8382297634,-32.8911679326,3,Parque O'Higgins,1531146.02653,0
30801,Fresno europeo,14/02/2011 11:53,Medio (4 - 8 mts),82,Grande,-68.8558901504,-32.8653720951,6,Residencial Norte,2694682.37982,0
9816,Prunas,12/01/2011 09:50,Muy bajo (1 - 2 mts),6,Chico,-68.8453815623,-32.8638252197,4,Cuarta Oeste,1173332.70145,0
3001,Morera,15/09/2011 13:07,Alto (> 8 mts),190,Grande,-68.830612836,-32.8722845681,4,Cuarta Este Área Fundacional,1822015.85685,1
19141,Morera,20/07/2011 10:34,Alto (> 8 mts),100,Grande,-68.8402042454,-32.8720734481,4,Cuarta Oeste,1173332.70145,1
42070,Morera,12/04/2011 12:08,Medio (4 - 8 mts),100,Grande,-68.8420536269,-32.8799677792,1,Parque Central,1655357.93265,0
44084,Morera,14/10/2011 11:13,Alto (> 8 mts),180,Grande,-68.8310547284,-32.8861280148,3,Parque O'Higgins,1531146.02653,0
12902,Paraiso,12/01/2011 11:07,Alto (> 8 mts),160,Grande,-68.8450687041,-32.8634379765,4,Cuarta Oeste,1173332.70145,0
33218,Platano,09/05/2011 12:21,Alto (> 8 mts),180,Grande,-68.8546457797,-32.8917021316,5,Residencial Sur,2423808.92355,0
17795,Paraiso,22/07/2011 13:20,Alto (> 8 mts),116,Grande,-68.8430015514,-32.868591671,4,Cuarta Oeste,1173332.70145,0
15900,Tilo,28/11/2011 12:21,Bajo (2 - 4 mts),48,Mediano,-68.8718683327,-32.8755737036,7,Residencial Parque,1786336.08966,0
9461,Jacaranda,11/02/2011 13:06,Muy bajo (1 - 2 mts),5,Chico,-68.8568431202,-32.8651538473,6,Residencial Norte,2694682.37982,0
10634,Paraiso,16/03/2011 13:04,Medio (4 - 8 mts),80,Grande,-68.8566384319,-32.8739906321,6,Residencial Norte,2694682.37982,0
11778,Morera,25/01/2011 13:13,Alto (> 8 mts),90,Grande,-68.8486815243,-32.8642645209,6,Residencial Norte,2694682.37982,0
9650,Fresno europeo,26/01/2011 09:14,Muy bajo (1 - 2 mts),12,Chico,-68.8496126419,-32.8631189161,6,Residencial Norte,2694682.37982,0
44185,Platano,17/10/2011 10:25,Alto (> 8 mts),260,Grande,-68.8339790923,-32.8828484191,3,Parque O'Higgins,1531146.02653,0
23854,Morera,28/01/2011 12:49,Alto (> 8 mts),109,Grande,-68.8509944374,-32.9006657196,2,Barrio Civico,2366816.36021,1
11668,Paraiso,27/01/2011 09:23,Alto (> 8 mts),155,Grande,-68.8493704424,-32.8684970693,6,Residencial Norte,2694682.37982,0
36044,Morera,18/03/2011 13:21,Alto (> 8 mts),115,Grande,-68.8572573375,-32.8748443271,6,Residencial Norte,2694682.37982,0
41337,Platano,19/04/2011 11:22,Alto (> 8 mts),134,Grande,-68.8401865387,-32.8831328736,1,Parque Central,1655357.93265,0
33906,Morera,13/07/2011 11:52,Alto (> 8 mts),240,Grande,-68.8537751005,-32.8856825333,5,Residencial Sur,2423808.92355,0
26944,Fresno europeo,01/11/2011 17:10,Medio (4 - 8 mts),140,Grande,-68.8362821731,-32.887457483,3,Parque O'Higgins,1531146.02653,0
47412,Morera,23/09/2011 14:40,Alto (> 8 mts),195,Grande,-68.8272736537,-32.8754592328,4,Cuarta Este Área Fundacional,1822015.85685,0
30368,Morera,03/03/2011 13:15,Alto (> 8 mts),140,Grande,-68.8395526484,-32.8905411328,3,Parque O'Higgins,1531146.02653,1
14589,Aguaribay,14/12/2011 10:21,Medio (4 - 8 mts),150,Grande,-68.8790320399,-32.8682776254,8,Aeroparque,2203364.73622,0
2538,Caducifolio,18/10/2011 09:59,Bajo (2 - 4 mts),27,Mediano,-68.8354672187,-32.8853755052,3,Parque O'Higgins,1531146.02653,0
31992,Fresno europeo,03/06/2011 12:30,Muy bajo (1 - 2 mts),2,Chico,-68.8589307744,-32.8878049972,5,Residencial Sur,2423808.92355,0
32561,Fresno europeo,17/06/2011 11:21,Alto (> 8 mts),105,Grande,-68.8542673253,-32.8900614537,5,Residencial Sur,2423808.92355,0
29611,Morera,23/03/2011 19:06,Bajo (2 - 4 mts),12,Chico,-68.8440390841,-32.8933986288,2,Barrio Civico,2366816.36021,0
4922,Morera,18/07/2011 11:12,Alto (> 8 mts),214,Grande,-68.8435529841,-32.8663414783,4,Cuarta Oeste,1173332.70145,0
47907,Fresno europeo,31/08/2011 10:06,Medio (4 - 8 mts),96,Grande,-68.8290806416,-32.8706026886,4,Cuarta Este Área Fundacional,1822015.85685,0
21880,Fresno europeo,06/06/2011 11:10,Alto (> 8 mts),108,Grande,-68.8592577188,-32.8965066883,5,Residencial Sur,2423808.92355,0
14867,Paraiso sombrilla,16/12/2011 12:05,Medio (4 - 8 mts),96,Grande,-68.8804046369,-32.8738172937,8,Aeroparque,2203364.73622,0
15987,Morera,10/08/2011 10:57,Alto (> 8 mts),180,Grande,-68.8439432618,-32.8721445504,4,Cuarta Oeste,1173332.70145,0
1075,Aguaribay,14/12/2011 09:54,Muy bajo (1 - 2 mts),5,Chico,-68.8806018866,-32.8680865919,8,Aeroparque,2203364.73622,0
8909,Fresno europeo,27/01/2011 13:02,Medio (4 - 8 mts),60,Mediano,-68.8495596965,-32.8676009087,6,Residencial Norte,2694682.37982,0
36643,Platano,14/06/2011 18:34,Medio (4 - 8 mts),130,Grande,-68.857018935,-32.8817726672,7,Residencial Parque,1786336.08966,0
30036,Platano,29/04/2011 10:43,Alto (> 8 mts),98,Grande,-68.8400963145,-32.8870778455,3,Parque O'Higgins,1531146.02653,0
24357,Fresno europeo,26/01/2011 10:06,Alto (> 8 mts),115,Grande,-68.8450213751,-32.9026678946,2,Barrio Civico,2366816.36021,0
13561,Morera,28/01/2011 09:53,Alto (> 8 mts),200,Grande,-68.8505678314,-32.8638316246,6,Residencial Norte,2694682.37982,0
37038,Platano,05/04/2011 10:59,Alto (> 8 mts),130,Grande,-68.8574864095,-32.8758613383,6,Residencial Norte,2694682.37982,0
16572,Morera,27/07/2011 09:04,Medio (4 - 8 mts),180,Grande,-68.841663694,-32.8660200646,4,Cuarta Oeste,1173332.70145,0
20842,Paraiso,27/05/2011 09:46,Alto (> 8 mts),104,Grande,-68.8597190877,-32.8948335781,5,Residencial Sur,2423808.92355,1
20055,Morera,09/08/2011 10:05,Alto (> 8 mts),115,Grande,-68.834039534,-32.8650016877,4,Cuarta Oeste,1173332.70145,0
8513,Tilo,10/02/2011 09:35,Alto (> 8 mts),50,Mediano,-68.8375012903,-32.8967476339,2,Barrio Civico,2366816.36021,0
26918,Fresno europeo,02/11/2011 08:14,Muy bajo (1 - 2 mts),4,Chico,-68.8359813618,-32.8860059015,3,Parque O'Higgins,1531146.02653,0
1295,Paraiso,30/11/2011 17:51,Bajo (2 - 4 mts),16,Chico,-68.8774409387,-32.8693542652,8,Aeroparque,2203364.73622,0
41327,Platano,19/04/2011 11:40,Alto (> 8 mts),180,Grande,-68.8406816372,-32.8834797461,1,Parque Central,1655357.93265,0
21095,Olmo bola,22/06/2011 11:11,Alto (> 8 mts),120,Grande,-68.8624418689,-32.8994361278,5,Residencial Sur,2423808.92355,0
20189,Morera,12/05/2011 10:54,Alto (> 8 mts),114,Grande,-68.8600852781,-32.8914546882,5,Residencial Sur,2423808.92355,1
23292,Fresno europeo,18/01/2012 17:25,Medio (4 - 8 mts),80,Grande,-68.8517492966,-32.9010149975,2,Barrio Civico,2366816.36021,0
46573,Morera,07/09/2011 09:06,Alto (> 8 mts),135,Grande,-68.8321490394,-32.8695818876,4,Cuarta Este Área Fundacional,1822015.85685,0
29467,Morera,22/03/2011 08:31,Alto (> 8 mts),180,Grande,-68.8442454633,-32.8935819293,2,Barrio Civico,2366816.36021,0
38798,Paraiso,14/12/2010 10:02,Alto (> 8 mts),196,Grande,-68.8501901476,-32.8705009346,6,Residencial Norte,2694682.37982,0
40815,Fresno americano,26/04/2011 17:03,Alto (> 8 mts),154,Grande,-68.8394972831,-32.884881458,3,Parque O'Higgins,1531146.02653,0
7532,Fresno europeo,14/06/2011 18:29,Bajo (2 - 4 mts),44,Mediano,-68.8586717232,-32.8824423846,7,Residencial Parque,1786336.08966,0
8996,Perenne,14/01/2011 11:52,Muy bajo (1 - 2 mts),10,Chico,-68.8460095832,-32.8673203838,4,Cuarta Oeste,1173332.70145,0
27347,Acacia SP,25/10/2011 08:48,Alto (> 8 mts),210,Grande,-68.8345775742,-32.8910909149,3,Parque O'Higgins,1531146.02653,0
3398,Jacaranda,17/08/2011 09:49,Muy bajo (1 - 2 mts),10,Chico,-68.8318513498,-32.8670334734,4,Cuarta Oeste,1173332.70145,0
8459,Morera,09/02/2011 14:56,Muy bajo (1 - 2 mts),8,Chico,-68.8358186919,-32.8979816147,2,Barrio Civico,2366816.36021,0
15113,Morera,18/11/2011 09:06,Medio (4 - 8 mts),36,Mediano,-68.8590252586,-32.8689215759,6,Residencial Norte,2694682.37982,0
40563,Platano,15/04/2011 12:33,Alto (> 8 mts),220,Grande,-68.8465258515,-32.8847195956,1,Parque Central,1655357.93265,0
33022,Acacia SP,19/05/2011 10:54,Medio (4 - 8 mts),153,Grande,-68.8511668166,-32.8878350417,5,Residencial Sur,2423808.92355,1
20266,Olmo comun,17/05/2011 13:29,Bajo (2 - 4 mts),60,Mediano,-68.8590055274,-32.8929686192,5,Residencial Sur,2423808.92355,0
6470,Morera,27/05/2011 10:55,Alto (> 8 mts),75,Grande,-68.8530043677,-32.8892269387,5,Residencial Sur,2423808.92355,0
26806,Morera,01/11/2011 08:50,Medio (4 - 8 mts),100,Grande,-68.8341305847,-32.8949733051,3,Parque O'Higgins,1531146.02653,0
6230,Fresno europeo,11/04/2011 15:05,Medio (4 - 8 mts),32,Mediano,-68.8388356331,-32.8873155579,3,Parque O'Higgins,1531146.02653,0
7731,Morera,18/05/2011 12:45,Medio (4 - 8 mts),170,Grande,-68.8500368161,-32.8874521066,5,Residencial Sur,2423808.92355,1
29343,Platano,25/04/2011 09:00,Alto (> 8 mts),140,Grande,-68.8436758158,-32.8875226896,1,Parque Central,1655357.93265,0
39831,Morera,02/05/2011 11:41,Alto (> 8 mts),150,Grande,-68.8452971386,-32.8772189637,1,Parque Central,1655357.93265,0
42235,Morera,28/04/2011 14:17,Alto (> 8 mts),33,Mediano,-68.8392411961,-32.8749737748,1,Parque Central,1655357.93265,0
31212,Prunas,04/02/2011 13:12,Bajo (2 - 4 mts),26,Mediano,-68.8534808465,-32.8646997211,6,Residencial Norte,2694682.37982,0
11451,Morera,07/01/2011 09:13,Medio (4 - 8 mts),79,Grande,-68.8436057552,-32.8636657442,4,Cuarta Oeste,1173332.70145,0
36023,Morera,18/03/2011 11:11,Alto (> 8 mts),140,Grande,-68.8560298261,-32.8753515658,6,Residencial Norte,2694682.37982,0
15601,Acacia SP,16/11/2011 15:39,Bajo (2 - 4 mts),56,Mediano,-68.861574191,-32.8708172825,7,Residencial Parque,1786336.08966,0
11622,Morera,27/01/2011 14:03,Alto (> 8 mts),190,Grande,-68.8497377266,-32.8664262466,6,Residencial Norte,2694682.37982,0
22391,Fresno europeo,16/06/2011 09:21,Alto (> 8 mts),108,Grande,-68.8601987593,-32.8981708963,5,Residencial Sur,2423808.92355,0
19816,Morera,04/08/2011 10:56,Alto (> 8 mts),107,Grande,-68.8341306797,-32.8637107111,4,Cuarta Oeste,1173332.70145,1
35208,Fresno europeo,23/03/2011 10:05,Medio (4 - 8 mts),70,Grande,-68.8522235604,-32.881687096,1,Parque Central,1655357.93265,0
3030,Ligustro,15/09/2011 12:54,Muy bajo (1 - 2 mts),30,Mediano,-68.8282565539,-32.8730834876,4,Cuarta Este Área Fundacional,1822015.85685,0
17465,Platano,16/01/2012 10:15,Alto (> 8 mts),180,Grande,-68.8362425778,-32.8684959023,4,Cuarta Oeste,1173332.70145,1
14595,Paraiso,14/12/2011 10:10,Medio (4 - 8 mts),65,Grande,-68.8793911984,-32.8683176215,8,Aeroparque,2203364.73622,0
39648,Morera,22/10/2010 10:33,Alto (> 8 mts),150,Grande,-68.846332495,-32.8691585546,6,Residencial Norte,2694682.37982,0
45265,Fresno europeo,16/09/2011 10:30,Alto (> 8 mts),165,Grande,-68.8233367153,-32.8712820366,4,Cuarta Este Área Fundacional,1822015.85685,0
32712,Fresno europeo,18/05/2011 08:55,Bajo (2 - 4 mts),60,Mediano,-68.8519828328,-32.8863193641,5,Residencial Sur,2423808.92355,0
37235,Paraiso,11/03/2011 13:49,Alto (> 8 mts),130,Grande,-68.8574272059,-32.8726603472,6,Residencial Norte,2694682.37982,0
23531,Ailanthus,01/02/2011 15:23,Alto (> 8 mts),22,Mediano,-68.8515046451,-32.902433639,2,Barrio Civico,2366816.36021,0
27848,Fresno europeo,02/11/2011 09:55,Alto (> 8 mts),115,Grande,-68.835307812,-32.8952850427,2,Barrio Civico,2366816.36021,0
2328,Morera,28/10/2011 11:30,Muy bajo (1 - 2 mts),14,Chico,-68.8368375101,-32.8948968828,2,Barrio Civico,2366816.36021,0
21255,Fresno europeo,14/06/2011 12:35,Medio (4 - 8 mts),55,Mediano,-68.8536204209,-32.8968867711,5,Residencial Sur,2423808.92355,0
36206,Platano,30/03/2011 12:58,Alto (> 8 mts),200,Grande,-68.8549447195,-32.8774457581,6,Residencial Norte,2694682.37982,0
13444,Morera,02/02/2011 10:09,Alto (> 8 mts),100,Grande,-68.8523214611,-32.8648164836,6,Residencial Norte,2694682.37982,0
40112,Fresno europeo,15/04/2011 11:38,Medio (4 - 8 mts),120,Grande,-68.8447604339,-32.8792801105,1,Parque Central,1655357.93265,0
26125,Ailanthus,11/11/2011 12:04,Bajo (2 - 4 mts),6,Chico,-68.8305346214,-32.8862464967,3,Parque O'Higgins,1531146.02653,0
12805,Morera,21/01/2011 08:23,Alto (> 8 mts),220,Grande,-68.8471401521,-32.8643664043,4,Cuarta Oeste,1173332.70145,0
37634,Paraiso,13/12/2010 11:02,Bajo (2 - 4 mts),37,Mediano,-68.8496417975,-32.8718005732,6,Residencial Norte,2694682.37982,0
17194,Morera,30/06/2011 13:30,Alto (> 8 mts),110,Grande,-68.8361399239,-32.8626136512,4,Cuarta Oeste,1173332.70145,0
22849,Acacia SP,10/05/2011 11:09,Bajo (2 - 4 mts),12,Chico,-68.8570295382,-32.9007383612,5,Residencial Sur,2423808.92355,0
22220,Fresno europeo,18/05/2011 08:53,Muy bajo (1 - 2 mts),3,Chico,-68.8557351543,-32.8991386762,5,Residencial Sur,2423808.92355,0
31187,Ligustro,04/02/2011 10:30,Bajo (2 - 4 mts),30,Mediano,-68.8538781646,-32.8634443729,6,Residencial Norte,2694682.37982,0
40624,Platano,12/04/2011 13:51,Alto (> 8 mts),210,Grande,-68.8445152804,-32.8842470509,1,Parque Central,1655357.93265,0
3517,Paraiso sombrilla,02/09/2011 11:24,Bajo (2 - 4 mts),123,Grande,-68.8264882044,-32.8682484273,4,Cuarta Este Área Fundacional,1822015.85685,0
28206,Morera,14/03/2011 18:18,Alto (> 8 mts),110,Grande,-68.8478954244,-32.8935287338,2,Barrio Civico,2366816.36021,0
46094,Paraiso,05/10/2011 11:59,Medio (4 - 8 mts),50,Mediano,-68.8245428676,-32.8747527668,4,Cuarta Este Área Fundacional,1822015.85685,0
32609,Platano,22/06/2011 13:42,Alto (> 8 mts),169,Grande,-68.8515851129,-32.889621198,5,Residencial Sur,2423808.92355,0
13696,Morera,21/02/2011 09:32,Alto (> 8 mts),56,Mediano,-68.8528673712,-32.8651265328,6,Residencial Norte,2694682.37982,0
19058,Morera,26/07/2011 10:06,Alto (> 8 mts),140,Grande,-68.8413112845,-32.8718600739,4,Cuarta Oeste,1173332.70145,0
47360,Morera,23/09/2011 08:48,Medio (4 - 8 mts),146,Grande,-68.8278124576,-32.8744102449,4,Cuarta Este Área Fundacional,1822015.85685,0
5100,Acacia SP,09/08/2011 09:55,Muy bajo (1 - 2 mts),4,Chico,-68.8429784372,-32.8678877855,4,Cuarta Oeste,1173332.70145,0
23975,Morera,14/01/2011 18:25,Alto (> 8 mts),230,Grande,-68.8449366809,-32.8998086588,2,Barrio Civico,2366816.36021,0
18531,Paraiso,05/07/2011 13:00,Alto (> 8 mts),300,Grande,-68.8375718727,-32.8732951893,4,Cuarta Oeste,1173332.70145,0
4491,Caducifolio,29/07/2011 10:47,Medio (4 - 8 mts),48,Mediano,-68.8388542684,-32.8674543154,4,Cuarta Oeste,1173332.70145,0
42363,Morera,29/09/2011 10:35,Alto (> 8 mts),160,Grande,-68.8347045691,-32.8755497249,4,Cuarta Este Área Fundacional,1822015.85685,0
16049,Morera,15/08/2011 13:42,Alto (> 8 mts),150,Grande,-68.8451518215,-32.8706367793,6,Residencial Norte,2694682.37982,0
15831,Paraiso,25/11/2011 11:01,Bajo (2 - 4 mts),18,Chico,-68.8719093112,-32.8772748742,7,Residencial Parque,1786336.08966,0
41645,Fresno europeo,05/05/2011 11:17,Muy bajo (1 - 2 mts),10,Chico,-68.8372717079,-32.8776042224,1,Parque Central,1655357.93265,0
26001,Fresno europeo,31/01/2011 10:04,Alto (> 8 mts),70,Grande,-68.838553827,-32.9040332553,2,Barrio Civico,2366816.36021,0
33499,Platano,17/06/2011 09:46,Alto (> 8 mts),190,Grande,-68.8550325777,-32.8899698296,5,Residencial Sur,2423808.92355,0
12830,Fresno europeo,21/01/2011 09:31,Bajo (2 - 4 mts),70,Grande,-68.8475168426,-32.8636373925,4,Cuarta Oeste,1173332.70145,0
8859,Morera,14/05/2010 10:39,Medio (4 - 8 mts),123,Grande,-68.8511490893,-32.8687896279,6,Residencial Norte,2694682.37982,0
35176,Fresno europeo,29/03/2011 12:46,Alto (> 8 mts),80,Grande,-68.8521724556,-32.8820480906,1,Parque Central,1655357.93265,0
24741,Fresno europeo,14/02/2011 14:57,Bajo (2 - 4 mts),19,Chico,-68.8345350212,-32.8975742278,2,Barrio Civico,2366816.36021,0
39864,Morera,05/05/2011 10:05,Alto (> 8 mts),160,Grande,-68.8446146336,-32.8751399846,1,Parque Central,1655357.93265,0
30807,Acacia SP,14/02/2011 11:17,Bajo (2 - 4 mts),80,Grande,-68.8564950128,-32.8655797295,6,Residencial Norte,2694682.37982,0
17490,Morera,16/01/2012 09:03,Alto (> 8 mts),130,Grande,-68.8354644867,-32.8679966789,4,Cuarta Oeste,1173332.70145,1
13795,Acer,26/01/2011 12:39,Medio (4 - 8 mts),80,Grande,-68.8491957322,-32.8644659205,6,Residencial Norte,2694682.37982,0
2663,Olmo comun,07/10/2011 09:46,Bajo (2 - 4 mts),36,Mediano,-68.8301906011,-32.8849770647,3,Parque O'Higgins,1531146.02653,0
9660,Morera,25/01/2011 09:45,Alto (> 8 mts),124,Grande,-68.8491891137,-32.8631285937,6,Residencial Norte,2694682.37982,0
5533,Morera,07/04/2011 13:50,Alto (> 8 mts),133,Grande,-68.8415406627,-32.8818026695,1,Parque Central,1655357.93265,0
17959,Morera,02/08/2011 13:19,Alto (> 8 mts),85,Grande,-68.8373645148,-32.8671844084,4,Cuarta Oeste,1173332.70145,0
34414,Morera,10/03/2011 09:32,Alto (> 8 mts),120,Grande,-68.8510602657,-32.8747378253,6,Residencial Norte,2694682.37982,0
32211,Morera,10/05/2011 09:56,Alto (> 8 mts),170,Grande,-68.8592845458,-32.8857569313,5,Residencial Sur,2423808.92355,0
24497,Fresno europeo,10/01/2011 12:42,Alto (> 8 mts),118,Grande,-68.8470383609,-32.9025243975,2,Barrio Civico,2366816.36021,0
17014,Morera,09/08/2011 12:09,Alto (> 8 mts),186,Grande,-68.8390950265,-32.8636780806,4,Cuarta Oeste,1173332.70145,0
30763,Morera,03/02/2011 13:22,Alto (> 8 mts),150,Grande,-68.8554375669,-32.8687335835,6,Residencial Norte,2694682.37982,0
20802,Olmo comun,01/06/2011 12:29,Alto (> 8 mts),118,Grande,-68.8629887573,-32.896212486,5,Residencial Sur,2423808.92355,0
37886,Fresno europeo,23/11/2010 13:35,Alto (> 8 mts),180,Grande,-68.8503078364,-32.8730606781,6,Residencial Norte,2694682.37982,0
42116,Acer,04/05/2011 10:31,Alto (> 8 mts),120,Grande,-68.8424311901,-32.8775249809,1,Parque Central,1655357.93265,0
17089,Morera,15/08/2011 11:39,Alto (> 8 mts),140,Grande,-68.8377457861,-32.863344855,4,Cuarta Oeste,1173332.70145,1
30527,Platano,04/04/2011 15:53,Alto (> 8 mts),176,Grande,-68.8388075558,-32.8880336038,3,Parque O'Higgins,1531146.02653,0
45586,Fresno europeo,01/09/2011 10:14,Alto (> 8 mts),154,Grande,-68.8209277295,-32.8703227834,4,Cuarta Este Área Fundacional,1822015.85685,0
2967,Morera,19/09/2011 09:16,Alto (> 8 mts),118,Grande,-68.8267136958,-32.8712295991,4,Cuarta Este Área Fundacional,1822015.85685,0
14961,Paraiso sombrilla,19/12/2011 09:07,Bajo (2 - 4 mts),42,Mediano,-68.8813111065,-32.8720341571,8,Aeroparque,2203364.73622,0
8694,Morera,09/02/2011 13:34,Alto (> 8 mts),226,Grande,-68.8390084747,-32.9001064977,2,Barrio Civico,2366816.36021,0
42829,Morera,30/09/2011 13:47,Alto (> 8 mts),137,Grande,-68.8313735086,-32.8765981716,4,Cuarta Este Área Fundacional,1822015.85685,0
35461,Morera,28/03/2011 13:14,Alto (> 8 mts),180,Grande,-68.8540588846,-32.8817390281,6,Residencial Norte,2694682.37982,0
30874,Acer,15/02/2011 13:29,Alto (> 8 mts),150,Grande,-68.8551491314,-32.8654186126,6,Residencial Norte,2694682.37982,0
4670,Paraiso,15/08/2011 11:15,Alto (> 8 mts),170,Grande,-68.838066672,-32.8639956437,4,Cuarta Oeste,1173332.70145,0
2168,Morera,08/11/2011 17:00,Bajo (2 - 4 mts),30,Mediano,-68.831384623,-32.8867588201,3,Parque O'Higgins,1531146.02653,1
20235,Morera,26/05/2011 12:14,Muy bajo (1 - 2 mts),6,Chico,-68.8597306418,-32.893728519,5,Residencial Sur,2423808.92355,0
23860,Morera,28/01/2011 12:24,Alto (> 8 mts),210,Grande,-68.8509577872,-32.900280381,2,Barrio Civico,2366816.36021,0
6555,Morera,23/05/2011 09:56,Alto (> 8 mts),150,Grande,-68.8573898512,-32.8912760326,5,Residencial Sur,2423808.92355,0
46040,Paraiso,20/09/2011 09:46,Bajo (2 - 4 mts),56,Mediano,-68.8203934956,-32.8728617939,4,Cuarta Este Área Fundacional,1822015.85685,0
5108,Morera,08/08/2011 14:28,Alto (> 8 mts),120,Grande,-68.8430605379,-32.8682220052,4,Cuarta Oeste,1173332.70145,1
8862,Fresno europeo,14/05/2010 12:33,Bajo (2 - 4 mts),117,Grande,-68.8515540164,-32.867900808900004,6,Residencial Norte,2694682.37982,0
954,Prunas,10/01/2012 18:04,Muy bajo (1 - 2 mts),4,Chico,-68.848005005,-32.8727434984,6,Residencial Norte,2694682.37982,0
44722,Morera,26/08/2011 13:25,Alto (> 8 mts),180,Grande,-68.8238132166,-32.8680056665,4,Cuarta Este Área Fundacional,1822015.85685,0
46729,Fresno europeo,08/09/2011 10:23,Medio (4 - 8 mts),70,Grande,-68.8327493744,-32.8700614913,4,Cuarta Este Área Fundacional,1822015.85685,0
5837,Paraiso,03/05/2011 11:22,Medio (4 - 8 mts),90,Grande,-68.8434741723,-32.8735632893,1,Parque Central,1655357.93265,0
21960,Morera,30/05/2011 12:21,Alto (> 8 mts),170,Grande,-68.8573814937,-32.8946652031,5,Residencial Sur,2423808.92355,0
25995,Morera,31/01/2011 10:43,Alto (> 8 mts),110,Grande,-68.8382880467,-32.9032206131,2,Barrio Civico,2366816.36021,0
24449,Fresno europeo,20/01/2011 10:07,Alto (> 8 mts),190,Grande,-68.8455498835,-32.9027052275,2,Barrio Civico,2366816.36021,0
25014,Fresno europeo,15/02/2011 11:51,Alto (> 8 mts),137,Grande,-68.8348834155,-32.8962164442,2,Barrio Civico,2366816.36021,0
37755,Fresno europeo,13/01/2012 17:56,Bajo (2 - 4 mts),60,Mediano,-68.8506523168,-32.8726217844,6,Residencial Norte,2694682.37982,0
39544,Fresno europeo,01/11/2010 10:05,Bajo (2 - 4 mts),25,Mediano,-68.8489407009,-32.869065791,6,Residencial Norte,2694682.37982,0
2468,Morera,26/10/2011 09:30,Medio (4 - 8 mts),60,Mediano,-68.8370429744,-32.8911142091,3,Parque O'Higgins,1531146.02653,1
5462,Acacia SP,12/04/2011 13:10,Bajo (2 - 4 mts),22,Mediano,-68.8431896461,-32.8804628035,1,Parque Central,1655357.93265,0
35759,Morera,21/03/2011 11:29,Alto (> 8 mts),190,Grande,-68.8539909321,-32.8743341675,6,Residencial Norte,2694682.37982,0
8830,Acer,31/01/2011 11:38,Muy bajo (1 - 2 mts),2,Chico,-68.8537148371,-32.8688600165,6,Residencial Norte,2694682.37982,0
17706,Olmo comun,15/07/2011 10:43,Alto (> 8 mts),150,Grande,-68.842680307,-32.8705630027,4,Cuarta Oeste,1173332.70145,0
36498,Morera,06/04/2011 11:41,Alto (> 8 mts),180,Grande,-68.8548703624,-32.8787475369,6,Residencial Norte,2694682.37982,0
15254,Acacia SP,18/11/2011 16:56,Muy bajo (1 - 2 mts),10,Chico,-68.8591418701,-32.8703568374,6,Residencial Norte,2694682.37982,0
7813,Fresno europeo,11/05/2011 10:24,Medio (4 - 8 mts),100,Grande,-68.8581718681,-32.8849816228,5,Residencial Sur,2423808.92355,0
6598,Platano,10/05/2011 09:39,Alto (> 8 mts),190,Grande,-68.854823149,-32.8929106338,5,Residencial Sur,2423808.92355,0
8838,Fresno europeo,01/02/2011 12:14,Bajo (2 - 4 mts),25,Mediano,-68.8538754795,-32.8671678546,6,Residencial Norte,2694682.37982,0
14983,Paraiso,21/12/2011 13:02,Bajo (2 - 4 mts),70,Grande,-68.8805967769,-32.8713035797,8,Aeroparque,2203364.73622,0
44366,Olmo comun,17/10/2011 12:45,Medio (4 - 8 mts),75,Grande,-68.8360914925,-32.8823920896,3,Parque O'Higgins,1531146.02653,0
3263,Morera,03/10/2011 08:37,Alto (> 8 mts),35,Mediano,-68.8334773411,-32.8764821893,4,Cuarta Este Área Fundacional,1822015.85685,0
31821,Morera,03/01/2012 09:27,Medio (4 - 8 mts),66,Grande,-68.8590276971,-32.8894976725,5,Residencial Sur,2423808.92355,0
19847,Platano,30/06/2011 10:02,Alto (> 8 mts),150,Grande,-68.8343135851,-32.8635995039,4,Cuarta Oeste,1173332.70145,0
26525,Caducifolio,21/10/2011 15:21,Medio (4 - 8 mts),100,Grande,-68.8307542872,-32.8907559911,3,Parque O'Higgins,1531146.02653,0
211,Fresno americano,06/03/2012 10:13,Medio (4 - 8 mts),40,Mediano,-68.8392752324,-32.8702071153,4,Cuarta Oeste,1173332.70145,1
18408,Conifera,09/08/2011 09:49,Alto (> 8 mts),180,Grande,-68.8401953819,-32.8736787225,4,Cuarta Oeste,1173332.70145,0
38492,Morera,03/01/2011 09:27,Medio (4 - 8 mts),90,Grande,-68.850344195900007,-32.8702444598,6,Residencial Norte,2694682.37982,0
28570,Platano,23/02/2011 08:28,Alto (> 8 mts),190,Grande,-68.8490375255,-32.8910591608,5,Residencial Sur,2423808.92355,0
18510,Morera,06/07/2011 13:26,Alto (> 8 mts),140,Grande,-68.837953305,-32.8747225242,1,Parque Central,1655357.93265,0
10922,Paraiso,29/03/2011 10:25,Alto (> 8 mts),72,Grande,-68.8513878585,-32.8801977128,1,Parque Central,1655357.93265,0
27277,Platano,31/10/2011 09:21,Alto (> 8 mts),160,Grande,-68.834961957,-32.8898104306,3,Parque O'Higgins,1531146.02653,0
13877,Paraiso,16/12/2011 12:31,Bajo (2 - 4 mts),90,Grande,-68.8760697154,-32.8682472242,8,Aeroparque,2203364.73622,0
44876,Morera,23/08/2011 10:37,Medio (4 - 8 mts),130,Grande,-68.8246603811,-32.867835313,4,Cuarta Este Área Fundacional,1822015.85685,0
36774,Morera,28/03/2011 15:42,Alto (> 8 mts),72,Grande,-68.8577798204,-32.8814952849,7,Residencial Parque,1786336.08966,0
18726,Morera,12/07/2011 19:41,Alto (> 8 mts),140,Grande,-68.8362933238,-32.8733254425,4,Cuarta Oeste,1173332.70145,1
22619,Paraiso,23/06/2011 09:34,Alto (> 8 mts),108,Grande,-68.8621595521,-32.9015291811,5,Residencial Sur,2423808.92355,0
33431,Platano,02/06/2011 14:18,Alto (> 8 mts),150,Grande,-68.8560102021,-32.8886781133,5,Residencial Sur,2423808.92355,0
10158,Fresno europeo,29/12/2010 09:47,Bajo (2 - 4 mts),20,Chico,-68.8546153254,-32.871541099,6,Residencial Norte,2694682.37982,0
20584,Paraiso sombrilla,30/05/2011 11:07,Medio (4 - 8 mts),67,Grande,-68.8627725854,-32.8975891155,5,Residencial Sur,2423808.92355,0
21904,Fresno americano,03/06/2011 09:36,Alto (> 8 mts),84,Grande,-68.8574838977,-32.8968794724,5,Residencial Sur,2423808.92355,0
34212,Morera,03/03/2011 13:11,Bajo (2 - 4 mts),34,Mediano,-68.8531730945,-32.8743524145,6,Residencial Norte,2694682.37982,0
25440,Morera,11/02/2011 09:44,Alto (> 8 mts),135,Grande,-68.8372389435,-32.8996468832,2,Barrio Civico,2366816.36021,0
27804,Platano,03/11/2011 09:41,Alto (> 8 mts),140,Grande,-68.8351507073,-32.894877001,3,Parque O'Higgins,1531146.02653,0
44001,Fresno europeo,17/10/2011 09:18,Alto (> 8 mts),180,Grande,-68.8326684925,-32.8855870051,3,Parque O'Higgins,1531146.02653,0
37312,Morera,16/03/2011 14:07,Alto (> 8 mts),190,Grande,-68.8585203239,-32.8745742538,6,Residencial Norte,2694682.37982,0
2035,Jacaranda,01/11/2011 08:37,Muy bajo (1 - 2 mts),10,Chico,-68.8331538471,-32.8951478597,3,Parque O'Higgins,1531146.02653,0
23763,Morera,25/01/2011 07:23,Alto (> 8 mts),120,Grande,-68.8494551933,-32.8997173717,2,Barrio Civico,2366816.36021,0
11046,Morera,04/04/2011 10:21,Alto (> 8 mts),100,Grande,-68.8568918664,-32.8804573945,7,Residencial Parque,1786336.08966,1
33398,Morera,02/06/2011 09:37,Muy bajo (1 - 2 mts),5,Chico,-68.8562769358,-32.8876294818,5,Residencial Sur,2423808.92355,0
13752,Fresno europeo,28/01/2011 08:25,Muy bajo (1 - 2 mts),6,Chico,-68.8497728834,-32.8638960058,6,Residencial Norte,2694682.37982,0
9491,Jacaranda,02/02/2011 09:09,Muy bajo (1 - 2 mts),20,Chico,-68.8520891405,-32.8641392452,6,Residencial Norte,2694682.37982,0
8108,Morera,09/03/2011 13:37,Alto (> 8 mts),110,Grande,-68.8428198627,-32.8900948564,2,Barrio Civico,2366816.36021,0
35644,Morera,15/03/2011 12:03,Bajo (2 - 4 mts),28,Mediano,-68.8557569894,-32.8742739626,6,Residencial Norte,2694682.37982,0
35502,Platano,06/04/2011 11:39,Alto (> 8 mts),180,Grande,-68.8556622821,-32.8809120615,6,Residencial Norte,2694682.37982,0
16368,Morera,11/08/2011 13:05,Alto (> 8 mts),190,Grande,-68.8419038065,-32.8632308842,4,Cuarta Oeste,1173332.70145,0
16360,Morera,12/08/2011 09:04,Alto (> 8 mts),150,Grande,-68.8420100458,-32.8638111691,4,Cuarta Oeste,1173332.70145,0
1234,Acacia SP,29/11/2011 13:30,Medio (4 - 8 mts),80,Grande,-68.8764583475,-32.8657140321,8,Aeroparque,2203364.73622,0
19587,Morera,11/07/2011 10:19,Alto (> 8 mts),60,Mediano,-68.8359995078,-32.872148798,4,Cuarta Oeste,1173332.70145,0
17334,Morera,08/08/2011 09:57,Alto (> 8 mts),195,Grande,-68.8347005664,-32.8657866262,4,Cuarta Oeste,1173332.70145,0
32189,Morera,10/05/2011 13:19,Bajo (2 - 4 mts),50,Mediano,-68.8588147081,-32.8855170024,5,Residencial Sur,2423808.92355,0
28908,Morera,28/02/2011 13:35,Alto (> 8 mts),120,Grande,-68.8468072986,-32.8879330348,2,Barrio Civico,2366816.36021,0
22307,Fresno europeo,09/06/2011 10:51,Alto (> 8 mts),105,Grande,-68.8580943389,-32.8978330761,5,Residencial Sur,2423808.92355,0
39683,Morera,30/08/2010 11:17,Bajo (2 - 4 mts),10,Chico,-68.8460948491,-32.8691061445,6,Residencial Norte,2694682.37982,0
38351,Paraiso,09/11/2010 11:29,Alto (> 8 mts),180,Grande,-68.853846888,-32.8702667252,6,Residencial Norte,2694682.37982,0
46240,Morera,28/09/2011 10:06,Alto (> 8 mts),105,Grande,-68.8256157314,-32.8759934291,4,Cuarta Este Área Fundacional,1822015.85685,1
47276,Morera,20/09/2011 11:27,Medio (4 - 8 mts),50,Mediano,-68.8309268419,-32.8729949569,4,Cuarta Este Área Fundacional,1822015.85685,0
38632,Morera,16/12/2010 10:10,Muy bajo (1 - 2 mts),25,Mediano,-68.8512666993,-32.8716748944,6,Residencial Norte,2694682.37982,0
33055,Fresno europeo,17/05/2011 12:03,Medio (4 - 8 mts),92,Grande,-68.8536662783,-32.8877189337,5,Residencial Sur,2423808.92355,0
5515,Fresno europeo,27/04/2011 13:18,Medio (4 - 8 mts),40,Mediano,-68.8382966023,-32.8765338738,1,Parque Central,1655357.93265,0
22233,Paraiso,14/06/2011 11:28,Alto (> 8 mts),98,Grande,-68.8556287956,-32.8978451605,5,Residencial Sur,2423808.92355,0
41508,Olmo comun,07/04/2011 10:54,Medio (4 - 8 mts),120,Grande,-68.8435087574,-32.8816055496,1,Parque Central,1655357.93265,0
44462,Platano,17/10/2011 13:05,Alto (> 8 mts),270,Grande,-68.8360861729,-32.8836401791,3,Parque O'Higgins,1531146.02653,0
12195,Paraiso,18/01/2011 12:11,Alto (> 8 mts),190,Grande,-68.8462207213,-32.8675850403,6,Residencial Norte,2694682.37982,0
7646,Fresno europeo,27/05/2011 11:09,Medio (4 - 8 mts),100,Grande,-68.8547508293,-32.8843610561,5,Residencial Sur,2423808.92355,0
11288,Jacaranda,11/01/2011 10:06,Medio (4 - 8 mts),41,Mediano,-68.8465406912,-32.9017805338,2,Barrio Civico,2366816.36021,1
19738,Platano,12/08/2011 10:17,Alto (> 8 mts),170,Grande,-68.8347074241,-32.8681373533,4,Cuarta Oeste,1173332.70145,0
33743,Fresno europeo,11/05/2011 13:31,Medio (4 - 8 mts),60,Mediano,-68.8588713876,-32.8861458895,5,Residencial Sur,2423808.92355,0
12975,Morera,15/02/2011 08:39,Alto (> 8 mts),184,Grande,-68.843931642,-32.8644516206,4,Cuarta Oeste,1173332.70145,0
2956,Prunas,16/09/2011 08:44,Muy bajo (1 - 2 mts),10,Chico,-68.8259641378,-32.8713817554,4,Cuarta Este Área Fundacional,1822015.85685,0
11987,Fresno europeo,14/05/2010 12:28,Bajo (2 - 4 mts),82,Grande,-68.8513209526,-32.8678892483,6,Residencial Norte,2694682.37982,0
31027,Fresno europeo,10/02/2011 09:16,Muy bajo (1 - 2 mts),5,Chico,-68.8557948294,-32.8647374478,6,Residencial Norte,2694682.37982,0
33770,Fresno europeo,12/05/2011 09:02,Medio (4 - 8 mts),110,Grande,-68.8566371614,-32.885260789,5,Residencial Sur,2423808.92355,0
38097,Fresno europeo,02/12/2010 12:53,Medio (4 - 8 mts),85,Grande,-68.8467718318,-32.8722286983,6,Residencial Norte,2694682.37982,0
15434,Fresno americano,18/11/2011 14:21,Medio (4 - 8 mts),68,Grande,-68.8594668242,-32.8716554671,6,Residencial Norte,2694682.37982,0
30790,Fresno europeo,14/02/2011 12:24,Muy bajo (1 - 2 mts),44,Mediano,-68.8560620146,-32.8648956171,6,Residencial Norte,2694682.37982,0
46510,Morera,17/08/2011 09:42,Alto (> 8 mts),185,Grande,-68.8304671808,-32.8668338672,4,Cuarta Este Área Fundacional,1822015.85685,0
24081,Perenne,11/01/2011 12:31,Bajo (2 - 4 mts),40,Mediano,-68.8470810466,-32.9009067053,2,Barrio Civico,2366816.36021,0
22249,Fresno europeo,14/06/2011 10:39,Alto (> 8 mts),107,Grande,-68.8560037939,-32.8970050946,5,Residencial Sur,2423808.92355,1
1703,Paraiso,24/11/2011 12:22,Alto (> 8 mts),140,Grande,-68.8721047271,-32.8784610259,7,Residencial Parque,1786336.08966,0
13064,Fresno europeo,17/02/2011 11:51,Medio (4 - 8 mts),90,Grande,-68.8457554373,-32.8648840812,4,Cuarta Oeste,1173332.70145,0
14113,Fresno europeo,02/12/2011 07:34,Muy bajo (1 - 2 mts),18,Chico,-68.877094888,-32.8685136035,8,Aeroparque,2203364.73622,0
3409,Olmo bola,23/08/2011 09:36,Alto (> 8 mts),120,Grande,-68.8332206608,-32.8675789263,4,Cuarta Oeste,1173332.70145,0
28508,Morera,21/02/2011 13:02,Alto (> 8 mts),195,Grande,-68.8497215219,-32.8898278466,5,Residencial Sur,2423808.92355,0
44942,Fresno europeo,23/08/2011 09:59,Alto (> 8 mts),120,Grande,-68.8243341628,-32.8685483661,4,Cuarta Este Área Fundacional,1822015.85685,0
40042,Morera,18/04/2011 13:09,Alto (> 8 mts),180,Grande,-68.8430951859,-32.8789174131,1,Parque Central,1655357.93265,0
9232,Prunas,28/02/2011 11:52,Bajo (2 - 4 mts),26,Mediano,-68.8489870907,-32.8653372015,6,Residencial Norte,2694682.37982,0
34176,Morera,03/03/2011 12:57,Medio (4 - 8 mts),160,Grande,-68.8535421523,-32.8742322906,6,Residencial Norte,2694682.37982,0
22464,Morera,24/06/2011 10:25,Bajo (2 - 4 mts),27,Mediano,-68.8611722959,-32.8991636765,5,Residencial Sur,2423808.92355,0
41613,Fresno americano,06/05/2011 11:01,Alto (> 8 mts),108,Grande,-68.8358291533,-32.8763411796,1,Parque Central,1655357.93265,0
12594,Fresno americano,14/01/2011 12:40,Muy bajo (1 - 2 mts),6,Chico,-68.8454954386,-32.8633461508,4,Cuarta Oeste,1173332.70145,0
32415,Morera,26/05/2011 09:28,Alto (> 8 mts),152,Grande,-68.850603369,-32.8886794355,5,Residencial Sur,2423808.92355,1
36508,Morera,06/04/2011 11:10,Alto (> 8 mts),130,Grande,-68.8556920151,-32.8784108935,6,Residencial Norte,2694682.37982,0
39027,Morera,23/12/2010 11:24,Alto (> 8 mts),190,Grande,-68.8544811079,-32.871466628,6,Residencial Norte,2694682.37982,0
5378,Alamo blanco,25/04/2011 09:27,Medio (4 - 8 mts),70,Grande,-68.8449388886,-32.8770413644,1,Parque Central,1655357.93265,0
47097,Platano,23/09/2011 10:33,Alto (> 8 mts),180,Grande,-68.8346181345,-32.8729071172,4,Cuarta Este Área Fundacional,1822015.85685,1
15750,Paraiso,22/11/2011 09:41,Medio (4 - 8 mts),115,Grande,-68.8729527293,-32.8791599885,7,Residencial Parque,1786336.08966,0
40728,Morera,18/04/2011 09:11,Alto (> 8 mts),180,Grande,-68.843128084,-32.884897152,1,Parque Central,1655357.93265,0
8526,Olmo comun,08/02/2011 10:48,Alto (> 8 mts),48,Mediano,-68.8395796691,-32.8992544495,2,Barrio Civico,2366816.36021,0
1344,Fresno americano,29/11/2011 12:59,Bajo (2 - 4 mts),40,Mediano,-68.8773388634,-32.86550101,8,Aeroparque,2203364.73622,0
44680,Morera,19/08/2011 10:19,Medio (4 - 8 mts),65,Grande,-68.8240592817,-32.8673369051,4,Cuarta Este Área Fundacional,1822015.85685,0
28660,Morera,23/02/2011 09:08,Alto (> 8 mts),116,Grande,-68.8487715886,-32.8909634685,2,Barrio Civico,2366816.36021,1
15183,Paraiso,18/11/2011 07:49,Bajo (2 - 4 mts),50,Mediano,-68.8601746296,-32.8693423442,6,Residencial Norte,2694682.37982,0
47829,Morera,21/09/2011 10:12,Alto (> 8 mts),108,Grande,-68.8284626372,-32.8741471223,4,Cuarta Este Área Fundacional,1822015.85685,1
28518,Morera,21/02/2011 12:37,Alto (> 8 mts),185,Grande,-68.8489216859,-32.8899715151,5,Residencial Sur,2423808.92355,0
26049,Fresno americano,08/11/2011 16:23,Alto (> 8 mts),180,Grande,-68.8315101553,-32.887657929,3,Parque O'Higgins,1531146.02653,0
26490,Fresno europeo,09/11/2011 09:15,Medio (4 - 8 mts),80,Grande,-68.8322634855,-32.8926660028,3,Parque O'Higgins,1531146.02653,0
37273,Morera,15/03/2011 09:40,Alto (> 8 mts),120,Grande,-68.8576463336,-32.873144536,6,Residencial Norte,2694682.37982,0
29050,Olmo comun,18/04/2011 12:09,Medio (4 - 8 mts),95,Grande,-68.8439524257,-32.8864985065,1,Parque Central,1655357.93265,0
34493,Caducifolio,29/03/2011 11:19,Medio (4 - 8 mts),64,Grande,-68.8503558675,-32.8751406513,6,Residencial Norte,2694682.37982,0
23965,Prunas,12/01/2011 11:01,Medio (4 - 8 mts),80,Grande,-68.8464453563,-32.9000005393,2,Barrio Civico,2366816.36021,0
4675,Caducifolio,16/08/2011 09:25,Medio (4 - 8 mts),18,Chico,-68.8366387476,-32.8641932197,4,Cuarta Oeste,1173332.70145,0
29039,Morera,18/04/2011 12:33,Alto (> 8 mts),180,Grande,-68.8440153322,-32.8873138047,1,Parque Central,1655357.93265,1
9891,Fresno europeo,14/02/2011 09:55,Medio (4 - 8 mts),60,Mediano,-68.8568093938,-32.8647058997,6,Residencial Norte,2694682.37982,0
29452,Morera,15/03/2011 13:10,Alto (> 8 mts),154,Grande,-68.845154602,-32.894013119,2,Barrio Civico,2366816.36021,1
46768,Alamo criollo,05/09/2011 10:41,Alto (> 8 mts),280,Grande,-68.8339239038,-32.8702658471,4,Cuarta Oeste,1173332.70145,0
11275,Paraiso,12/01/2011 11:25,Bajo (2 - 4 mts),20,Chico,-68.8464657257,-32.9003379551,2,Barrio Civico,2366816.36021,0
45005,Fresno europeo,31/08/2011 12:31,Medio (4 - 8 mts),120,Grande,-68.8248141135,-32.8695296315,4,Cuarta Este Área Fundacional,1822015.85685,0
23379,Fresno europeo,28/01/2011 09:50,Medio (4 - 8 mts),72,Grande,-68.8494185314,-32.9026773955,2,Barrio Civico,2366816.36021,0
33240,Fresno europeo,29/06/2011 12:57,Alto (> 8 mts),142,Grande,-68.854505915,-32.891043479,5,Residencial Sur,2423808.92355,0
48261,Fresno europeo,31/08/2011 11:16,Bajo (2 - 4 mts),23,Mediano,-68.8274988557,-32.8699783214,4,Cuarta Este Área Fundacional,1822015.85685,0
30792,Fresno europeo,14/02/2011 12:15,Medio (4 - 8 mts),80,Grande,-68.8560027112,-32.8650062419,6,Residencial Norte,2694682.37982,0
7839,Platano,13/06/2011 10:05,Medio (4 - 8 mts),180,Grande,-68.8508981595,-32.8862047915,5,Residencial Sur,2423808.92355,0
22271,Caducifolio,14/06/2011 10:03,Alto (> 8 mts),118,Grande,-68.8568194089,-32.8980907758,5,Residencial Sur,2423808.92355,0
19633,Acer,13/07/2011 10:41,Alto (> 8 mts),150,Grande,-68.8345973571,-32.869931301,4,Cuarta Oeste,1173332.70145,0
10807,Morera,01/04/2011 11:49,Medio (4 - 8 mts),52,Mediano,-68.8580226596,-32.8777220403,7,Residencial Parque,1786336.08966,0
7900,Fresno europeo,15/06/2011 13:37,Alto (> 8 mts),120,Grande,-68.8559830778,-32.8891150185,5,Residencial Sur,2423808.92355,0
29590,Morera,04/03/2011 09:01,Bajo (2 - 4 mts),12,Chico,-68.8437664246,-32.8918248374,2,Barrio Civico,2366816.36021,0
3181,Caducifolio,21/09/2011 11:33,Alto (> 8 mts),90,Grande,-68.830732522,-32.8747326346,4,Cuarta Este Área Fundacional,1822015.85685,0
29406,Morera,02/03/2011 10:32,Alto (> 8 mts),180,Grande,-68.8450776867,-32.8913159735,2,Barrio Civico,2366816.36021,0
12060,Morera,04/02/2010 13:40,Medio (4 - 8 mts),136,Grande,-68.8529801467,-32.8672384173,6,Residencial Norte,2694682.37982,0
36307,Morera,04/04/2011 12:08,Medio (4 - 8 mts),160,Grande,-68.85324578,-32.8766624652,6,Residencial Norte,2694682.37982,0
10206,Morera,16/12/2010 10:18,Muy bajo (1 - 2 mts),10,Chico,-68.8512043,-32.8714224829,6,Residencial Norte,2694682.37982,0
3251,Paraiso sombrilla,28/09/2011 10:25,Medio (4 - 8 mts),44,Mediano,-68.8229398075,-32.8722660962,4,Cuarta Este Área Fundacional,1822015.85685,0
7515,Morera,15/06/2011 09:43,Bajo (2 - 4 mts),34,Mediano,-68.8585525069,-32.8827613274,7,Residencial Parque,1786336.08966,0
5014,Paraiso,20/07/2011 14:27,Medio (4 - 8 mts),50,Mediano,-68.8408969423,-32.8634561722,4,Cuarta Oeste,1173332.70145,0
42813,Morera,07/10/2011 18:23,Medio (4 - 8 mts),60,Mediano,-68.8308962793,-32.8773865232,4,Cuarta Este Área Fundacional,1822015.85685,0
46602,Morera,05/09/2011 10:18,Bajo (2 - 4 mts),70,Grande,-68.8317919185,-32.8686377848,4,Cuarta Este Área Fundacional,1822015.85685,0
26140,Morera,10/11/2011 17:51,Medio (4 - 8 mts),84,Grande,-68.8300084105,-32.8871767072,3,Parque O'Higgins,1531146.02653,0
37803,Fresno europeo,10/12/2010 10:28,Alto (> 8 mts),130,Grande,-68.849420561,-32.8723741362,6,Residencial Norte,2694682.37982,0
8523,Morera,09/02/2011 08:40,Alto (> 8 mts),77,Grande,-68.8391263094,-32.8982313991,2,Barrio Civico,2366816.36021,0
43854,Platano,07/10/2011 09:17,Alto (> 8 mts),190,Grande,-68.8299016694,-32.8838606279,3,Parque O'Higgins,1531146.02653,1
4124,Morera,28/09/2011 10:42,Muy bajo (1 - 2 mts),15,Chico,-68.8242497739,-32.8747491796,4,Cuarta Este Área Fundacional,1822015.85685,0
17734,Paraiso,18/07/2011 09:56,Medio (4 - 8 mts),100,Grande,-68.8423685986,-32.8671368022,4,Cuarta Oeste,1173332.70145,0
6942,Fresno europeo,03/06/2011 10:14,Medio (4 - 8 mts),28,Mediano,-68.8587837018,-32.8968630792,5,Residencial Sur,2423808.92355,0
25458,Morera,08/02/2011 13:41,Alto (> 8 mts),210,Grande,-68.8408201968,-32.901089599,2,Barrio Civico,2366816.36021,0
33604,Morera,17/05/2011 09:16,Alto (> 8 mts),199,Grande,-68.8539139197,-32.8868560676,5,Residencial Sur,2423808.92355,0
9846,Jacaranda,07/01/2011 13:27,Medio (4 - 8 mts),40,Mediano,-68.8437792287,-32.8646367332,4,Cuarta Oeste,1173332.70145,0
36947,Paraiso,08/04/2011 10:52,Alto (> 8 mts),115,Grande,-68.8582032563,-32.8784428903,7,Residencial Parque,1786336.08966,0
19055,Perenne,26/07/2011 10:01,Bajo (2 - 4 mts),22,Mediano,-68.8413086218,-32.8719752168,4,Cuarta Oeste,1173332.70145,0
28884,Platano,26/04/2011 10:51,Alto (> 8 mts),200,Grande,-68.8470775475,-32.8847869118,1,Parque Central,1655357.93265,0
7689,Fresno europeo,26/05/2011 10:06,Bajo (2 - 4 mts),80,Grande,-68.85316545,-32.8839369648,5,Residencial Sur,2423808.92355,0
38643,Morera,16/12/2010 10:36,Alto (> 8 mts),240,Grande,-68.8511471539,-32.871019793,6,Residencial Norte,2694682.37982,1
32953,Morera,23/05/2011 10:43,Alto (> 8 mts),165,Grande,-68.8499697234,-32.888578279,5,Residencial Sur,2423808.92355,0
37987,Fresno europeo,10/01/2012 17:21,Muy bajo (1 - 2 mts),4,Chico,-68.8481715233,-32.8733403282,6,Residencial Norte,2694682.37982,0
28038,Jacaranda,16/03/2011 19:16,Bajo (2 - 4 mts),14,Chico,-68.8467082419,-32.8931423748,2,Barrio Civico,2366816.36021,0
24041,Morera,21/01/2011 13:07,Alto (> 8 mts),103,Grande,-68.8464199012,-32.9016203039,2,Barrio Civico,2366816.36021,0
18400,Jacaranda,09/08/2011 10:05,Bajo (2 - 4 mts),50,Mediano,-68.8401710331,-32.8734328897,4,Cuarta Oeste,1173332.70145,0
11366,Fresno europeo,24/01/2011 19:43,Bajo (2 - 4 mts),34,Mediano,-68.8491702473,-32.9003425253,2,Barrio Civico,2366816.36021,0
35536,Morera,16/06/2011 15:05,Medio (4 - 8 mts),100,Grande,-68.8566965621,-32.8818346927,7,Residencial Parque,1786336.08966,1
24553,Morera,27/01/2011 10:17,Medio (4 - 8 mts),130,Grande,-68.8434536558,-32.902007406,2,Barrio Civico,2366816.36021,0
3527,Paraiso sombrilla,05/09/2011 09:40,Bajo (2 - 4 mts),78,Grande,-68.8272794991,-32.8685697987,4,Cuarta Este Área Fundacional,1822015.85685,0
40502,Fresno europeo,08/04/2011 12:27,Muy bajo (1 - 2 mts),10,Chico,-68.8427900045,-32.8827571089,1,Parque Central,1655357.93265,0
47433,Morera,26/09/2011 09:24,Medio (4 - 8 mts),70,Grande,-68.8271939263,-32.8743309446,4,Cuarta Este Área Fundacional,1822015.85685,0
26920,Fresno europeo,01/11/2011 18:15,Bajo (2 - 4 mts),6,Chico,-68.8358385532,-32.8860162288,3,Parque O'Higgins,1531146.02653,0
3734,Paraiso,24/08/2011 10:00,Medio (4 - 8 mts),68,Grande,-68.8209263268,-32.8695843553,4,Cuarta Este Área Fundacional,1822015.85685,0
26294,Morera,21/10/2011 10:05,Alto (> 8 mts),138,Grande,-68.8306649467,-32.8901348754,3,Parque O'Higgins,1531146.02653,1
8914,Morera,27/01/2011 13:53,Alto (> 8 mts),118,Grande,-68.849965625,-32.8664369798,6,Residencial Norte,2694682.37982,0
35369,Paraiso sombrilla,21/06/2011 15:16,Bajo (2 - 4 mts),66,Grande,-68.8542941196,-32.8826358691,5,Residencial Sur,2423808.92355,0
43116,Fresno europeo,04/10/2011 09:12,Medio (4 - 8 mts),180,Grande,-68.8281222013,-32.878885233,4,Cuarta Este Área Fundacional,1822015.85685,0
46717,Morera,05/09/2011 09:39,Alto (> 8 mts),141,Grande,-68.8324773325,-32.8706037885,4,Cuarta Este Área Fundacional,1822015.85685,0
1556,Fresno americano,21/11/2011 17:57,Bajo (2 - 4 mts),36,Mediano,-68.8736885477,-32.8791716695,7,Residencial Parque,1786336.08966,0
18143,Ailanthus,27/07/2011 09:56,Alto (> 8 mts),180,Grande,-68.8413895359,-32.8685988349,4,Cuarta Oeste,1173332.70145,0
29247,Platano,25/02/2011 09:08,Alto (> 8 mts),180,Grande,-68.8453479992,-32.8879888433,1,Parque Central,1655357.93265,0
44981,Fresno europeo,29/08/2011 09:16,Medio (4 - 8 mts),123,Grande,-68.8243877655,-32.8689995589,4,Cuarta Este Área Fundacional,1822015.85685,0
4916,Conifera,20/07/2011 10:11,Muy bajo (1 - 2 mts),20,Chico,-68.84273913,-32.8658406863,4,Cuarta Oeste,1173332.70145,0
25411,Fresno europeo,14/02/2011 12:40,Bajo (2 - 4 mts),25,Mediano,-68.836813841,-32.9005501318,2,Barrio Civico,2366816.36021,0
20083,Fresno europeo,15/08/2011 09:05,Alto (> 8 mts),210,Grande,-68.8327254948,-32.8649105291,4,Cuarta Oeste,1173332.70145,0
28799,Fresno americano,18/04/2011 10:26,Alto (> 8 mts),115,Grande,-68.8480689177,-32.8857332496,1,Parque Central,1655357.93265,0
17126,Morera,15/08/2011 13:50,Medio (4 - 8 mts),105,Grande,-68.8362572247,-32.8626188543,4,Cuarta Oeste,1173332.70145,0
44265,Platano,13/10/2011 10:55,Alto (> 8 mts),260,Grande,-68.8350003806,-32.8846986319,3,Parque O'Higgins,1531146.02653,0
28184,Tipa,23/02/2011 15:49,Alto (> 8 mts),132,Grande,-68.8489477283,-32.8916344542,2,Barrio Civico,2366816.36021,0
31118,Fresno europeo,08/02/2011 09:12,Medio (4 - 8 mts),86,Grande,-68.8543235429,-32.864450198,6,Residencial Norte,2694682.37982,0
32820,Fresno europeo,13/07/2011 11:52,Alto (> 8 mts),132,Grande,-68.8528381219,-32.8858540182,5,Residencial Sur,2423808.92355,1
30112,Platano,26/04/2011 09:52,Alto (> 8 mts),180,Grande,-68.8412608643,-32.8872545106,3,Parque O'Higgins,1531146.02653,1
45069,Fresno europeo,31/08/2011 12:17,Alto (> 8 mts),198,Grande,-68.822219596,-32.8711927805,4,Cuarta Este Área Fundacional,1822015.85685,0
1024,Aguaribay,14/12/2011 11:06,Medio (4 - 8 mts),40,Mediano,-68.8815285073,-32.8651158587,8,Aeroparque,2203364.73622,0
21469,Morera,12/05/2011 09:27,Alto (> 8 mts),113,Grande,-68.8584233297,-32.8917491135,5,Residencial Sur,2423808.92355,1
31543,Morera,18/05/2011 10:19,Medio (4 - 8 mts),35,Mediano,-68.8600171012,-32.8902738791,5,Residencial Sur,2423808.92355,0
42041,Platano,30/09/2011 11:01,Alto (> 8 mts),180,Grande,-68.8417527414,-32.8797679444,1,Parque Central,1655357.93265,0
25636,Morera,15/02/2011 14:49,Alto (> 8 mts),108,Grande,-68.8371897092,-32.9010134051,2,Barrio Civico,2366816.36021,1
10732,Acer,06/04/2011 11:59,Muy bajo (1 - 2 mts),5,Chico,-68.8582003546,-32.8767021838,7,Residencial Parque,1786336.08966,0
31816,Morera,03/01/2012 09:42,Medio (4 - 8 mts),90,Grande,-68.8592619728,-32.8892874815,5,Residencial Sur,2423808.92355,0
32669,Acacia visco,24/06/2011 10:41,Alto (> 8 mts),160,Grande,-68.8508718281,-32.8900838703,5,Residencial Sur,2423808.92355,0
13078,Fresno europeo,17/02/2011 10:20,Alto (> 8 mts),164,Grande,-68.8462820729,-32.8644670326,4,Cuarta Oeste,1173332.70145,0
23254,Fresno europeo,27/01/2012 12:38,Bajo (2 - 4 mts),18,Chico,-68.8520044997,-32.9016339818,2,Barrio Civico,2366816.36021,0
25,Fresno europeo,02/03/2012 12:50,Bajo (2 - 4 mts),70,Grande,-68.8559930265,-32.8959464079,5,Residencial Sur,2423808.92355,0
5804,Paraiso,03/05/2011 11:55,Alto (> 8 mts),150,Grande,-68.8429466854,-32.8757778317,1,Parque Central,1655357.93265,0
16712,Morera,22/07/2011 08:57,Alto (> 8 mts),160,Grande,-68.8403046087,-32.8632402451,4,Cuarta Oeste,1173332.70145,0
25717,Fresno europeo,04/02/2011 08:37,Alto (> 8 mts),100,Grande,-68.841118474500007,-32.9020544627,2,Barrio Civico,2366816.36021,0
5292,Acer,28/04/2011 13:35,Medio (4 - 8 mts),120,Grande,-68.8432728387,-32.877229373,1,Parque Central,1655357.93265,0
1787,Braquiquito,25/11/2011 09:33,Medio (4 - 8 mts),95,Grande,-68.8699682669,-32.8786006541,7,Residencial Parque,1786336.08966,0
26798,Platano,01/11/2011 09:22,Alto (> 8 mts),180,Grande,-68.8346209153,-32.89452888,3,Parque O'Higgins,1531146.02653,0
16588,Fresno europeo,27/07/2011 12:23,Medio (4 - 8 mts),86,Grande,-68.8413906304,-32.8649228969,4,Cuarta Oeste,1173332.70145,0
33525,Platano,16/06/2011 11:53,Alto (> 8 mts),170,Grande,-68.8551542316,-32.8889461662,5,Residencial Sur,2423808.92355,0
41607,Platano,05/05/2011 11:08,Alto (> 8 mts),204,Grande,-68.8359254652,-32.87690261,1,Parque Central,1655357.93265,0
48223,Fresno europeo,02/09/2011 14:03,Alto (> 8 mts),148,Grande,-68.8301613537,-32.870842169,4,Cuarta Este Área Fundacional,1822015.85685,0
33699,Morera,10/05/2011 13:59,Alto (> 8 mts),185,Grande,-68.8572284471,-32.8862415987,5,Residencial Sur,2423808.92355,0
7477,Morera,16/06/2011 10:04,Alto (> 8 mts),130,Grande,-68.861262938,-32.9000074383,5,Residencial Sur,2423808.92355,0
23452,Morera,18/01/2011 20:14,Alto (> 8 mts),250,Grande,-68.8486801595,-32.9019796782,2,Barrio Civico,2366816.36021,0
41792,Morera,27/04/2011 09:41,Medio (4 - 8 mts),220,Grande,-68.8421864597,-32.878517754,1,Parque Central,1655357.93265,0
36083,Fresno europeo,06/04/2011 10:05,Alto (> 8 mts),120,Grande,-68.8542724909,-32.8765230852,6,Residencial Norte,2694682.37982,0
1681,Fresno americano,23/11/2011 07:58,Bajo (2 - 4 mts),36,Mediano,-68.8723012954,-32.8795006144,7,Residencial Parque,1786336.08966,0
24080,Perenne,11/01/2011 12:27,Bajo (2 - 4 mts),12,Chico,-68.8470826091,-32.9008246733,2,Barrio Civico,2366816.36021,0
35612,Morera,16/03/2011 12:28,Alto (> 8 mts),180,Grande,-68.8566086696,-32.8742178997,6,Residencial Norte,2694682.37982,0
18051,Fresno europeo,01/08/2011 09:28,Medio (4 - 8 mts),138,Grande,-68.8411266574,-32.868498323,4,Cuarta Oeste,1173332.70145,0
22838,Morera,10/05/2011 11:26,Alto (> 8 mts),132,Grande,-68.8562411745,-32.90054784,5,Residencial Sur,2423808.92355,0
40660,Fresno europeo,13/04/2011 09:27,Medio (4 - 8 mts),30,Mediano,-68.8436538958,-32.8842479058,1,Parque Central,1655357.93265,0
26800,Morera,01/11/2011 09:19,Medio (4 - 8 mts),85,Grande,-68.8346365144,-32.8948192451,3,Parque O'Higgins,1531146.02653,1
22316,Morera,09/06/2011 09:33,Medio (4 - 8 mts),109,Grande,-68.8572727113,-32.8981303905,5,Residencial Sur,2423808.92355,1
40261,Fresno europeo,14/04/2011 09:54,Medio (4 - 8 mts),45,Mediano,-68.8464837519,-32.8822009273,1,Parque Central,1655357.93265,0
31243,Acer,04/02/2011 11:41,Medio (4 - 8 mts),100,Grande,-68.8540666781,-32.8639394985,6,Residencial Norte,2694682.37982,0
40435,Fresno europeo,11/04/2011 12:12,Medio (4 - 8 mts),80,Grande,-68.8453463874,-32.8838102196,1,Parque Central,1655357.93265,0
3345,Acer,27/09/2011 12:18,Medio (4 - 8 mts),95,Grande,-68.8262294983,-32.8756686133,4,Cuarta Este Área Fundacional,1822015.85685,0
19341,Eucalyptus,19/07/2011 10:57,Muy bajo (1 - 2 mts),12,Chico,-68.8362699299,-32.8705306087,4,Cuarta Oeste,1173332.70145,0
11846,Paraiso,02/03/2011 12:16,Medio (4 - 8 mts),180,Grande,-68.8501174133,-32.8647445113,6,Residencial Norte,2694682.37982,0
29128,Platano,26/04/2011 11:31,Alto (> 8 mts),180,Grande,-68.8448266532,-32.8860451415,1,Parque Central,1655357.93265,0
4423,Fresno americano,12/08/2011 11:11,Alto (> 8 mts),160,Grande,-68.8337958941,-32.8688856494,4,Cuarta Oeste,1173332.70145,0
46874,Morera,09/09/2011 11:03,Alto (> 8 mts),180,Grande,-68.8334866957,-32.8705914854,4,Cuarta Oeste,1173332.70145,0
45456,Paraiso,16/09/2011 11:21,Alto (> 8 mts),150,Grande,-68.8224951069,-32.8713049412,4,Cuarta Este Área Fundacional,1822015.85685,1
5948,Morera,30/09/2011 10:33,Alto (> 8 mts),160,Grande,-68.8446568861,-32.8747982113,1,Parque Central,1655357.93265,0
41317,Morera,19/04/2011 12:04,Alto (> 8 mts),170,Grande,-68.8413654157,-32.8831626875,1,Parque Central,1655357.93265,0
3226,Morera,21/09/2011 13:13,Muy bajo (1 - 2 mts),20,Chico,-68.8216594077,-32.8721851925,4,Cuarta Este Área Fundacional,1822015.85685,0
20029,Platano,10/08/2011 12:30,Alto (> 8 mts),185,Grande,-68.8340449936,-32.8681275495,4,Cuarta Oeste,1173332.70145,0
25483,Platano,08/02/2011 09:41,Alto (> 8 mts),274,Grande,-68.8417338928,-32.8999891642,2,Barrio Civico,2366816.36021,0
30756,Morera,02/02/2011 09:28,Alto (> 8 mts),96,Grande,-68.8551108647,-32.8690216099,6,Residencial Norte,2694682.37982,1
44313,Fresno europeo,12/10/2011 17:19,Alto (> 8 mts),180,Grande,-68.8354100747,-32.8810758696,1,Parque Central,1655357.93265,0
35362,Fresno europeo,21/06/2011 15:29,Medio (4 - 8 mts),100,Grande,-68.8544154837,-32.8831138174,5,Residencial Sur,2423808.92355,0
18366,Platano,01/08/2011 10:28,Alto (> 8 mts),155,Grande,-68.8369535552,-32.867727415,4,Cuarta Oeste,1173332.70145,0
25364,Acer,10/02/2011 13:46,Alto (> 8 mts),158,Grande,-68.8385849427,-32.9006464382,2,Barrio Civico,2366816.36021,0
27696,Fresno americano,28/10/2011 10:42,Alto (> 8 mts),95,Grande,-68.8373934546,-32.894171479,2,Barrio Civico,2366816.36021,1
44223,Fresno americano,14/10/2011 09:27,Alto (> 8 mts),95,Grande,-68.8346167354,-32.8835829998,3,Parque O'Higgins,1531146.02653,0
13665,Morera,25/02/2011 13:56,Alto (> 8 mts),160,Grande,-68.8521219561,-32.8649226147,6,Residencial Norte,2694682.37982,0
35807,Morera,04/03/2011 09:20,Alto (> 8 mts),175,Grande,-68.8536247883,-32.8740791896,6,Residencial Norte,2694682.37982,0
46392,Fresno europeo,19/08/2011 11:51,Medio (4 - 8 mts),90,Grande,-68.8328184599,-32.8667263963,4,Cuarta Oeste,1173332.70145,0
3848,Fresno americano,29/08/2011 12:23,Medio (4 - 8 mts),90,Grande,-68.8289320815,-32.8709836803,4,Cuarta Este Área Fundacional,1822015.85685,0
40966,Morera,14/04/2011 15:33,Alto (> 8 mts),174,Grande,-68.8418819717,-32.8851641068,1,Parque Central,1655357.93265,0
29998,Platano,28/04/2011 09:15,Alto (> 8 mts),138,Grande,-68.841068928,-32.886481461,3,Parque O'Higgins,1531146.02653,0
22025,Paraiso,16/05/2011 10:29,Alto (> 8 mts),140,Grande,-68.8580529977,-32.8929337985,5,Residencial Sur,2423808.92355,0
22259,Fresno europeo,15/06/2011 10:48,Bajo (2 - 4 mts),18,Chico,-68.8567455573,-32.8971764743,5,Residencial Sur,2423808.92355,0
12834,Fresno europeo,21/01/2011 09:08,Medio (4 - 8 mts),100,Grande,-68.847529429,-32.8639043845,4,Cuarta Oeste,1173332.70145,0
13726,Fresno americano,28/01/2011 08:39,Bajo (2 - 4 mts),90,Grande,-68.8498000247,-32.8635522679,6,Residencial Norte,2694682.37982,0
3373,Morera,30/09/2011 12:50,Medio (4 - 8 mts),70,Grande,-68.8309820264,-32.8765062737,4,Cuarta Este Área Fundacional,1822015.85685,0
2505,Morera,20/10/2011 12:48,Bajo (2 - 4 mts),60,Mediano,-68.8356865807,-32.8875870568,3,Parque O'Higgins,1531146.02653,1
44523,Platano,18/10/2011 09:54,Alto (> 8 mts),195,Grande,-68.8354560019,-32.8851367017,3,Parque O'Higgins,1531146.02653,0
1677,Paraiso,23/11/2011 08:02,Bajo (2 - 4 mts),66,Grande,-68.8722260506,-32.8792773377,7,Residencial Parque,1786336.08966,0
15828,Paraiso,24/11/2011 14:37,Bajo (2 - 4 mts),38,Mediano,-68.8718137708,-32.877184404,7,Residencial Parque,1786336.08966,0
1846,Acacia SP,17/11/2011 12:42,Muy bajo (1 - 2 mts),5,Chico,-68.8594043918,-32.87206198,6,Residencial Norte,2694682.37982,0
3846,Morera,31/08/2011 10:09,Bajo (2 - 4 mts),26,Mediano,-68.8290711584,-32.8704457944,4,Cuarta Este Área Fundacional,1822015.85685,0
47770,Platano,15/09/2011 13:52,Alto (> 8 mts),154,Grande,-68.8274386152,-32.8721280841,4,Cuarta Este Área Fundacional,1822015.85685,0
21771,Morera,23/05/2011 08:58,Alto (> 8 mts),158,Grande,-68.8562672544,-32.8950201269,5,Residencial Sur,2423808.92355,0
37373,Paraiso,29/11/2010 10:40,Alto (> 8 mts),140,Grande,-68.8582253692,-32.8723381773,6,Residencial Norte,2694682.37982,0
33064,Morera,18/05/2011 10:30,Alto (> 8 mts),181,Grande,-68.853224484,-32.8879767038,5,Residencial Sur,2423808.92355,0
7265,Morera,29/06/2011 15:37,Bajo (2 - 4 mts),10,Chico,-68.8555163819,-32.9017234063,5,Residencial Sur,2423808.92355,0
45909,Olmo comun,25/08/2011 12:44,Medio (4 - 8 mts),40,Mediano,-68.8194582224,-32.86880003,4,Cuarta Este Área Fundacional,1822015.85685,0
9831,Acacia SP,10/01/2011 11:02,Alto (> 8 mts),150,Grande,-68.8445326059,-32.86330881,4,Cuarta Oeste,1173332.70145,0
4934,Morera,19/07/2011 11:21,Alto (> 8 mts),86,Grande,-68.8428783487,-32.8669681917,4,Cuarta Oeste,1173332.70145,0
17594,Caducifolio,19/07/2011 11:04,Medio (4 - 8 mts),100,Grande,-68.8427773873,-32.8665577586,4,Cuarta Oeste,1173332.70145,0
26396,Fresno europeo,25/10/2011 10:13,Bajo (2 - 4 mts),12,Chico,-68.832846548,-32.8894432267,3,Parque O'Higgins,1531146.02653,0
26986,Fresno europeo,02/11/2011 17:27,Alto (> 8 mts),140,Grande,-68.8343917953,-32.8875317641,3,Parque O'Higgins,1531146.02653,0
46928,Morera,07/09/2011 10:45,Alto (> 8 mts),105,Grande,-68.8325665469,-32.8707047741,4,Cuarta Este Área Fundacional,1822015.85685,0
27232,Platano,26/10/2011 10:03,Alto (> 8 mts),175,Grande,-68.8368278819,-32.8896692297,3,Parque O'Higgins,1531146.02653,0
20111,Fresno europeo,10/08/2011 10:25,Alto (> 8 mts),195,Grande,-68.8331841301,-32.8665163387,4,Cuarta Oeste,1173332.70145,0
36068,Morera,18/03/2011 11:41,Alto (> 8 mts),145,Grande,-68.856560214,-32.8759082497,6,Residencial Norte,2694682.37982,0
39969,Morera,02/05/2011 12:00,Alto (> 8 mts),200,Grande,-68.8456057066,-32.8783495274,1,Parque Central,1655357.93265,0
34426,Fresno europeo,10/03/2011 08:58,Medio (4 - 8 mts),112,Grande,-68.851011934,-32.8740550953,6,Residencial Norte,2694682.37982,0
27592,Morera,07/11/2011 09:38,Alto (> 8 mts),168,Grande,-68.8375973399,-32.8943930099,2,Barrio Civico,2366816.36021,1
20810,Morera,31/05/2011 11:41,Alto (> 8 mts),135,Grande,-68.8626747783,-32.8956415903,5,Residencial Sur,2423808.92355,1
28375,Fresno americano,15/03/2011 12:19,Alto (> 8 mts),120,Grande,-68.8483181139,-32.8886607626,5,Residencial Sur,2423808.92355,0
15470,Acacia SP,21/11/2011 13:30,Medio (4 - 8 mts),120,Grande,-68.8599729023,-32.8709950881,6,Residencial Norte,2694682.37982,0
34046,Fresno americano,30/05/2011 12:57,Alto (> 8 mts),150,Grande,-68.8556950728,-32.88515469,5,Residencial Sur,2423808.92355,0
31595,Fresno europeo,10/06/2011 11:48,Alto (> 8 mts),198,Grande,-68.8611217207,-32.8888327634,5,Residencial Sur,2423808.92355,0
124,Ailanthus,29/02/2012 10:28,Bajo (2 - 4 mts),80,Grande,-68.8567009475,-32.8640296437,6,Residencial Norte,2694682.37982,0
41103,Fresno europeo,27/04/2011 12:57,Medio (4 - 8 mts),42,Mediano,-68.8390326025,-32.8821318857,1,Parque Central,1655357.93265,0
27583,Morera,07/11/2011 09:59,Bajo (2 - 4 mts),22,Mediano,-68.8377892956,-32.8952536109,2,Barrio Civico,2366816.36021,0
14608,Paraiso,13/12/2011 12:44,Bajo (2 - 4 mts),55,Mediano,-68.8801969152,-32.8659667354,8,Aeroparque,2203364.73622,0
9893,Paraiso,14/02/2011 09:52,Alto (> 8 mts),190,Grande,-68.8569629355,-32.8647136216,6,Residencial Norte,2694682.37982,0
25010,Morera,15/02/2011 11:58,Alto (> 8 mts),160,Grande,-68.8351176846,-32.8960870262,2,Barrio Civico,2366816.36021,0
48092,Paraiso sombrilla,29/09/2011 10:01,Medio (4 - 8 mts),66,Grande,-68.8266157308,-32.8677490014,4,Cuarta Este Área Fundacional,1822015.85685,0
42800,Olmo comun,07/10/2011 17:29,Medio (4 - 8 mts),110,Grande,-68.8319079033,-32.8776683134,4,Cuarta Este Área Fundacional,1822015.85685,0
42005,Fresno europeo,20/04/2011 13:18,Alto (> 8 mts),91,Grande,-68.8372491077,-32.8785964567,1,Parque Central,1655357.93265,0
3779,Morera,23/08/2011 12:51,Bajo (2 - 4 mts),30,Mediano,-68.8189092973,-32.8704075467,4,Cuarta Este Área Fundacional,1822015.85685,0
15540,Acacia SP,18/11/2011 17:28,Medio (4 - 8 mts),100,Grande,-68.8606901004,-32.8709136543,7,Residencial Parque,1786336.08966,0
28915,Morera,28/02/2011 13:18,Alto (> 8 mts),180,Grande,-68.8466862596,-32.8874755348,1,Parque Central,1655357.93265,0
30615,Fresno europeo,07/02/2011 12:18,Medio (4 - 8 mts),50,Mediano,-68.8579390226,-32.8669006333,6,Residencial Norte,2694682.37982,0
2529,Morera,19/10/2011 12:37,Medio (4 - 8 mts),60,Mediano,-68.8342636483,-32.8877673444,3,Parque O'Higgins,1531146.02653,1
33936,Fresno europeo,24/05/2011 09:11,Medio (4 - 8 mts),120,Grande,-68.8525967136,-32.883978266,5,Residencial Sur,2423808.92355,0
1426,Paraiso sombrilla,22/11/2011 17:27,Bajo (2 - 4 mts),52,Mediano,-68.8712436594,-32.8785436168,7,Residencial Parque,1786336.08966,0
24724,Morera,17/02/2011 10:38,Alto (> 8 mts),150,Grande,-68.8407251843,-32.8992332589,2,Barrio Civico,2366816.36021,1
19458,Morera,12/07/2011 12:04,Alto (> 8 mts),150,Grande,-68.8384746987,-32.870669234,4,Cuarta Oeste,1173332.70145,1
5855,Fresno europeo,03/05/2011 12:10,Alto (> 8 mts),88,Grande,-68.8368070888,-32.8762925054,1,Parque Central,1655357.93265,0
10876,Morera,07/04/2011 10:40,Alto (> 8 mts),175,Grande,-68.8595369848,-32.8785925218,7,Residencial Parque,1786336.08966,0
23021,Fresno europeo,17/06/2011 17:49,Bajo (2 - 4 mts),18,Chico,-68.8581427258,-32.9004029326,5,Residencial Sur,2423808.92355,0
47046,Fresno europeo,15/09/2011 09:55,Medio (4 - 8 mts),50,Mediano,-68.831776198,-32.8719010381,4,Cuarta Este Área Fundacional,1822015.85685,0
3432,Fresno europeo,17/08/2011 09:38,Alto (> 8 mts),123,Grande,-68.8290682263,-32.8677131599,4,Cuarta Este Área Fundacional,1822015.85685,0
32472,Fresno europeo,30/05/2011 09:19,Medio (4 - 8 mts),50,Mediano,-68.8537995314,-32.8882460726,5,Residencial Sur,2423808.92355,0
12796,Fresno americano,21/01/2011 13:08,Bajo (2 - 4 mts),50,Mediano,-68.8480395284,-32.8638914968,6,Residencial Norte,2694682.37982,0
39670,Paraiso,21/10/2010 13:38,Medio (4 - 8 mts),80,Grande,-68.8474648549,-32.8690415479,6,Residencial Norte,2694682.37982,0
48068,Morera,27/09/2011 10:58,Alto (> 8 mts),150,Grande,-68.8269954891,-32.8665227213,4,Cuarta Este Área Fundacional,1822015.85685,0
21173,Morera,06/05/2011 10:05,Alto (> 8 mts),105,Grande,-68.8514044354,-32.8933761559,5,Residencial Sur,2423808.92355,0
31930,Fresno europeo,03/06/2011 09:45,Medio (4 - 8 mts),140,Grande,-68.8588754554,-32.884678497,5,Residencial Sur,2423808.92355,0
17945,Morera,03/08/2011 09:21,Alto (> 8 mts),150,Grande,-68.8383758056,-32.86736182,4,Cuarta Oeste,1173332.70145,0
40399,Morera,08/04/2011 12:11,Muy bajo (1 - 2 mts),8,Chico,-68.8451772881,-32.8822342124,1,Parque Central,1655357.93265,0
10985,Acacia SP,23/03/2011 13:02,Bajo (2 - 4 mts),41,Mediano,-68.8547684287,-32.8820621235,6,Residencial Norte,2694682.37982,0
2980,Paraiso,16/09/2011 12:57,Medio (4 - 8 mts),65,Grande,-68.8248455645,-32.8721049288,4,Cuarta Este Área Fundacional,1822015.85685,0
27870,Paraiso,04/11/2011 11:20,Alto (> 8 mts),210,Grande,-68.8389181108,-32.8942168354,2,Barrio Civico,2366816.36021,0
24806,Platano,18/02/2011 08:26,Alto (> 8 mts),250,Grande,-68.8408632847,-32.8967192516,2,Barrio Civico,2366816.36021,0
4588,Morera,16/08/2011 07:32,Alto (> 8 mts),115,Grande,-68.8345658994,-32.8670152697,4,Cuarta Oeste,1173332.70145,1
9118,Paraiso,18/02/2011 13:46,Alto (> 8 mts),125,Grande,-68.8536949748,-32.8651077905,6,Residencial Norte,2694682.37982,0
42210,Morera,29/04/2011 14:13,Alto (> 8 mts),118,Grande,-68.8392414979,-32.8746153231,1,Parque Central,1655357.93265,1
23074,Prunas,19/01/2011 15:38,Bajo (2 - 4 mts),55,Mediano,-68.8472226877,-32.9012701694,2,Barrio Civico,2366816.36021,0
10699,Paraiso sombrilla,29/03/2011 11:50,Bajo (2 - 4 mts),66,Grande,-68.8497661714,-32.8751106412,6,Residencial Norte,2694682.37982,0
14473,Fresno europeo,02/12/2011 09:40,Muy bajo (1 - 2 mts),12,Chico,-68.8786302594,-32.8667787773,8,Aeroparque,2203364.73622,0
40831,Platano,26/04/2011 16:28,Alto (> 8 mts),148,Grande,-68.8398672774,-32.8838181121,1,Parque Central,1655357.93265,0
22537,Fresno americano,16/06/2011 12:08,Bajo (2 - 4 mts),35,Mediano,-68.8608479876,-32.9003722854,5,Residencial Sur,2423808.92355,0
12461,Morera,24/01/2011 14:07,Medio (4 - 8 mts),45,Mediano,-68.8489637924,-32.8668852783,6,Residencial Norte,2694682.37982,0
46474,Olmo bola,17/08/2011 13:57,Medio (4 - 8 mts),26,Mediano,-68.8312145026,-32.8684194282,4,Cuarta Este Área Fundacional,1822015.85685,0
28693,Morera,01/03/2011 12:37,Alto (> 8 mts),160,Grande,-68.846383419,-32.8905725139,2,Barrio Civico,2366816.36021,0
23143,Jacaranda,19/01/2011 16:35,Bajo (2 - 4 mts),17,Chico,-68.8478683405,-32.9024234065,2,Barrio Civico,2366816.36021,1
36452,Fresno europeo,21/03/2011 09:16,Medio (4 - 8 mts),77,Grande,-68.8533368315,-32.8790141732,6,Residencial Norte,2694682.37982,0
5988,Platano,25/04/2011 12:27,Alto (> 8 mts),200,Grande,-68.8449609159,-32.8859444402,1,Parque Central,1655357.93265,0
19307,Morera,13/07/2011 10:09,Alto (> 8 mts),160,Grande,-68.8358424203,-32.8704178803,4,Cuarta Oeste,1173332.70145,0
6114,Morera,27/04/2011 18:23,Muy bajo (1 - 2 mts),8,Chico,-68.838757961,-32.8827512075,1,Parque Central,1655357.93265,0
44159,Fresno americano,26/09/2011 12:05,Alto (> 8 mts),180,Grande,-68.8355965797,-32.8774703351,1,Parque Central,1655357.93265,0
21020,Alamo criollo,22/06/2011 11:15,Alto (> 8 mts),300,Grande,-68.8633640965,-32.9004902033,5,Residencial Sur,2423808.92355,0
16605,Morera,26/07/2011 10:07,Alto (> 8 mts),98,Grande,-68.8407720139,-32.8655789959,4,Cuarta Oeste,1173332.70145,0
45446,Morera,09/09/2011 08:50,Alto (> 8 mts),270,Grande,-68.8247778684,-32.8727467344,4,Cuarta Este Área Fundacional,1822015.85685,0
33044,Morera,17/05/2011 13:43,Alto (> 8 mts),170,Grande,-68.8533738708,-32.886968286,5,Residencial Sur,2423808.92355,1
9792,Paraiso,17/01/2011 12:52,Medio (4 - 8 mts),130,Grande,-68.8465211021,-32.8626955262,4,Cuarta Oeste,1173332.70145,0
7881,Paraiso,16/06/2011 12:29,Medio (4 - 8 mts),56,Mediano,-68.8542079716,-32.8892990087,5,Residencial Sur,2423808.92355,0
282,Morera,07/03/2012 08:43,Alto (> 8 mts),90,Grande,-68.8216323085,-32.8677826482,4,Cuarta Este Área Fundacional,1822015.85685,0
7867,Paraiso,21/06/2011 12:26,Medio (4 - 8 mts),50,Mediano,-68.8529699404,-32.8900426578,5,Residencial Sur,2423808.92355,0
34650,Morera,01/04/2011 09:26,Alto (> 8 mts),190,Grande,-68.8494148137,-32.8766334696,6,Residencial Norte,2694682.37982,0
14016,Paraiso,29/11/2011 17:12,Bajo (2 - 4 mts),80,Grande,-68.8786907973,-32.8655117266,8,Aeroparque,2203364.73622,0
46577,Morera,07/09/2011 08:49,Alto (> 8 mts),150,Grande,-68.8326636112,-32.8695364102,4,Cuarta Oeste,1173332.70145,0
30455,Fresno americano,18/02/2011 12:11,Alto (> 8 mts),170,Grande,-68.8412221092,-32.8890959098,3,Parque O'Higgins,1531146.02653,0
15796,Paraiso sombrilla,22/11/2011 17:42,Bajo (2 - 4 mts),70,Grande,-68.8731495448,-32.8793303712,7,Residencial Parque,1786336.08966,0
30132,Fresno europeo,16/03/2011 12:25,Alto (> 8 mts),61,Grande,-68.8408266982,-32.8911457138,2,Barrio Civico,2366816.36021,0
28274,Platano,28/02/2011 15:39,Alto (> 8 mts),168,Grande,-68.849205956,-32.8926287615,2,Barrio Civico,2366816.36021,0
26131,Fresno europeo,10/11/2011 18:13,Medio (4 - 8 mts),100,Grande,-68.8299569728,-32.8863387059,3,Parque O'Higgins,1531146.02653,0
25069,Fresno europeo,14/02/2011 18:24,Medio (4 - 8 mts),68,Grande,-68.8359659503,-32.8970311162,2,Barrio Civico,2366816.36021,0
35717,Morera,04/03/2011 13:29,Alto (> 8 mts),140,Grande,-68.8546105058,-32.8731022716,6,Residencial Norte,2694682.37982,0
48403,Morera,01/09/2011 11:25,Alto (> 8 mts),170,Grande,-68.8303263644,-32.8689944997,4,Cuarta Este Área Fundacional,1822015.85685,0
37787,Morera,25/01/2012 08:02,Medio (4 - 8 mts),80,Grande,-68.849522577,-32.8730937352,6,Residencial Norte,2694682.37982,1
45690,Caducifolio,26/08/2011 10:57,Muy bajo (1 - 2 mts),3,Chico,-68.8226439068,-32.8701262903,4,Cuarta Este Área Fundacional,1822015.85685,0
32775,Morera,15/07/2011 08:21,Alto (> 8 mts),100,Grande,-68.8515589367,-32.8860965044,5,Residencial Sur,2423808.92355,0
22417,Morera,15/06/2011 09:58,Alto (> 8 mts),107,Grande,-68.8606724592,-32.8992965238,5,Residencial Sur,2423808.92355,0
28322,Fresno americano,11/03/2011 12:49,Alto (> 8 mts),180,Grande,-68.8480472117,-32.8882191945,5,Residencial Sur,2423808.92355,0
24494,Paraiso,10/01/2011 12:53,Alto (> 8 mts),120,Grande,-68.8467668266,-32.9025793638,2,Barrio Civico,2366816.36021,0
9815,Fresno europeo,12/01/2011 09:58,Medio (4 - 8 mts),80,Grande,-68.8454617888,-32.8637677447,4,Cuarta Oeste,1173332.70145,0
281,Morera,07/03/2012 08:47,Alto (> 8 mts),160,Grande,-68.8215808436,-32.8677849418,4,Cuarta Este Área Fundacional,1822015.85685,0
18971,Morera,03/08/2011 15:24,Alto (> 8 mts),210,Grande,-68.837715796,-32.8692520895,4,Cuarta Oeste,1173332.70145,0
5207,Perenne,08/08/2011 09:43,Medio (4 - 8 mts),90,Grande,-68.8391159317,-32.8690429682,4,Cuarta Oeste,1173332.70145,0
46606,Paraiso,05/09/2011 10:06,Alto (> 8 mts),114,Grande,-68.8318092949,-32.8691115584,4,Cuarta Este Área Fundacional,1822015.85685,0
14347,Acacia SP,01/12/2011 13:04,Bajo (2 - 4 mts),70,Grande,-68.8775682321,-32.8663266017,8,Aeroparque,2203364.73622,0
7653,Morera,30/05/2011 12:49,Medio (4 - 8 mts),110,Grande,-68.8562636923,-32.8851849545,5,Residencial Sur,2423808.92355,1
36691,Fresno europeo,07/06/2011 09:29,Bajo (2 - 4 mts),50,Mediano,-68.8598664229,-32.8834596265,7,Residencial Parque,1786336.08966,0
3442,Fresno europeo,17/08/2011 10:29,Medio (4 - 8 mts),196,Grande,-68.8288870248,-32.8667641366,4,Cuarta Este Área Fundacional,1822015.85685,0
24183,Morera,27/01/2011 08:51,Alto (> 8 mts),175,Grande,-68.8448602808,-32.9008049289,2,Barrio Civico,2366816.36021,0
20309,Fresno europeo,16/05/2011 09:43,Alto (> 8 mts),73,Grande,-68.8610416636,-32.8925618388,5,Residencial Sur,2423808.92355,0
39689,Morera,19/10/2010 10:24,Alto (> 8 mts),177,Grande,-68.8462825739,-32.8695435169,6,Residencial Norte,2694682.37982,0
5044,Jacaranda,15/08/2011 14:18,Bajo (2 - 4 mts),15,Chico,-68.8364342033,-32.8633014032,4,Cuarta Oeste,1173332.70145,0
19899,Paraiso,29/06/2011 09:18,Alto (> 8 mts),146,Grande,-68.8329973105,-32.8623072431,4,Cuarta Oeste,1173332.70145,0
41567,Fresno americano,06/05/2011 13:44,Bajo (2 - 4 mts),20,Chico,-68.8416141212,-32.8791681016,1,Parque Central,1655357.93265,0
3957,Paraiso,27/09/2011 10:28,Bajo (2 - 4 mts),48,Mediano,-68.8227353622,-32.8745094122,4,Cuarta Este Área Fundacional,1822015.85685,0
42438,Morera,26/09/2011 10:32,Alto (> 8 mts),180,Grande,-68.8327312454,-32.8764085362,4,Cuarta Este Área Fundacional,1822015.85685,0
4105,Fresno europeo,07/10/2011 16:39,Muy bajo (1 - 2 mts),18,Chico,-68.8343782554,-32.877637743,1,Parque Central,1655357.93265,0
48136,Morera,17/08/2011 10:56,Medio (4 - 8 mts),58,Mediano,-68.8302074234,-32.867202272,4,Cuarta Este Área Fundacional,1822015.85685,0
1942,Acacia SP,18/11/2011 12:25,Medio (4 - 8 mts),105,Grande,-68.8598301196,-32.8709115854,6,Residencial Norte,2694682.37982,0
37158,Morera,07/04/2011 10:55,Alto (> 8 mts),72,Grande,-68.8589172744,-32.8787887758,7,Residencial Parque,1786336.08966,0
33851,Morera,16/05/2011 12:47,Medio (4 - 8 mts),160,Grande,-68.8538468334,-32.8867742058,5,Residencial Sur,2423808.92355,0
40231,Fresno europeo,14/04/2011 12:14,Muy bajo (1 - 2 mts),20,Chico,-68.8452551317,-32.8814692225,1,Parque Central,1655357.93265,0
20030,Platano,10/08/2011 12:29,Alto (> 8 mts),185,Grande,-68.8341327397,-32.8681140503,4,Cuarta Oeste,1173332.70145,0
39979,Morera,25/04/2011 10:06,Medio (4 - 8 mts),150,Grande,-68.8453087591,-32.8777882171,1,Parque Central,1655357.93265,0
15532,Fresno americano,18/11/2011 17:45,Bajo (2 - 4 mts),28,Mediano,-68.8606269665,-32.871321708,7,Residencial Parque,1786336.08966,0
34293,Morera,04/03/2011 13:26,Medio (4 - 8 mts),110,Grande,-68.851110774,-32.873735292,6,Residencial Norte,2694682.37982,1
27729,Fresno europeo,31/10/2011 09:54,Medio (4 - 8 mts),115,Grande,-68.8353407186,-32.8953493766,2,Barrio Civico,2366816.36021,0
38253,Fresno europeo,17/01/2012 08:22,Alto (> 8 mts),180,Grande,-68.8469383238,-32.8735730006,6,Residencial Norte,2694682.37982,0
4039,Fresno europeo,23/09/2011 14:03,Medio (4 - 8 mts),40,Mediano,-68.8262215574,-32.8733241136,4,Cuarta Este Área Fundacional,1822015.85685,0
10636,Fresno europeo,16/03/2011 12:58,Medio (4 - 8 mts),28,Mediano,-68.8566532323,-32.8740669513,6,Residencial Norte,2694682.37982,0
20652,Fresno europeo,03/06/2011 13:46,Alto (> 8 mts),110,Grande,-68.860664075,-32.8968350361,5,Residencial Sur,2423808.92355,0
20558,Fresno europeo,03/06/2011 13:20,Medio (4 - 8 mts),70,Grande,-68.8581979757,-32.8972578618,5,Residencial Sur,2423808.92355,0
22709,Morera,12/05/2011 12:22,Alto (> 8 mts),182,Grande,-68.8540836602,-32.9001796549,5,Residencial Sur,2423808.92355,0
4398,Paraiso,22/07/2011 09:17,Bajo (2 - 4 mts),50,Mediano,-68.8404392975,-32.8692489835,4,Cuarta Oeste,1173332.70145,0
18976,Morera,03/08/2011 15:17,Alto (> 8 mts),185,Grande,-68.8377974081,-32.8696150372,4,Cuarta Oeste,1173332.70145,0
46598,Morera,05/09/2011 09:13,Alto (> 8 mts),195,Grande,-68.8321874746,-32.8684633873,4,Cuarta Oeste,1173332.70145,0
33430,Platano,02/06/2011 14:10,Alto (> 8 mts),170,Grande,-68.8560917762,-32.8886587306,5,Residencial Sur,2423808.92355,0
26739,Fresno europeo,11/01/2012 13:14,Alto (> 8 mts),170,Grande,-68.8334310884,-32.8952047662,3,Parque O'Higgins,1531146.02653,0
38347,Paraiso,09/11/2010 12:33,Alto (> 8 mts),180,Grande,-68.8538081487,-32.8699450734,6,Residencial Norte,2694682.37982,0
15774,Fresno americano,23/11/2011 11:25,Bajo (2 - 4 mts),28,Mediano,-68.8726044262,-32.8776448493,7,Residencial Parque,1786336.08966,0
44262,Platano,13/10/2011 10:59,Alto (> 8 mts),190,Grande,-68.834755113400007,-32.8847056434,3,Parque O'Higgins,1531146.02653,0
36224,Fresno europeo,30/03/2011 12:01,Medio (4 - 8 mts),60,Mediano,-68.8556820634,-32.8782875304,6,Residencial Norte,2694682.37982,0
41939,Morera,19/04/2011 12:59,Medio (4 - 8 mts),63,Grande,-68.8379452825,-32.8785445214,1,Parque Central,1655357.93265,0
27915,Morera,03/11/2011 11:54,Alto (> 8 mts),150,Grande,-68.8375713433,-32.8941783827,2,Barrio Civico,2366816.36021,1
41882,Fresno europeo,18/04/2011 12:09,Medio (4 - 8 mts),100,Grande,-68.8423208822,-32.8794923814,1,Parque Central,1655357.93265,0
40222,Morera,14/04/2011 12:40,Bajo (2 - 4 mts),45,Mediano,-68.845989437,-32.8813771643,1,Parque Central,1655357.93265,0
20786,Morera,31/05/2011 10:35,Alto (> 8 mts),90,Grande,-68.8609094433,-32.8965811226,5,Residencial Sur,2423808.92355,0
5238,Platano,05/05/2011 12:28,Muy bajo (1 - 2 mts),5,Chico,-68.8418458312,-32.8741285751,1,Parque Central,1655357.93265,0
15728,Fresno americano,25/11/2011 09:27,Medio (4 - 8 mts),25,Mediano,-68.8700359433,-32.8788032538,7,Residencial Parque,1786336.08966,0
33814,Paraiso,12/05/2011 12:38,Alto (> 8 mts),200,Grande,-68.8552580463,-32.8863091311,5,Residencial Sur,2423808.92355,1
35007,Morera,31/03/2011 10:07,Alto (> 8 mts),175,Grande,-68.8560148558,-32.8794561577,6,Residencial Norte,2694682.37982,0
17400,Prunas,22/07/2011 09:55,Bajo (2 - 4 mts),30,Mediano,-68.8403752634,-32.866257647,4,Cuarta Oeste,1173332.70145,0
998,Morera,20/04/2011 10:15,Medio (4 - 8 mts),60,Mediano,-68.838719887,-32.8798177843,1,Parque Central,1655357.93265,0
17989,Conifera,29/07/2011 18:03,Alto (> 8 mts),85,Grande,-68.8396129525,-32.8673355408,4,Cuarta Oeste,1173332.70145,0
22265,Olmo comun,15/06/2011 08:03,Alto (> 8 mts),133,Grande,-68.8567815971,-32.8977022337,5,Residencial Sur,2423808.92355,0
38546,Morera,20/12/2010 10:45,Alto (> 8 mts),150,Grande,-68.853203122,-32.8716930832,6,Residencial Norte,2694682.37982,0
31210,Fresno americano,04/02/2011 13:23,Medio (4 - 8 mts),72,Grande,-68.8534982014,-32.8645233374,6,Residencial Norte,2694682.37982,0
7991,Fresno europeo,18/02/2011 13:31,Alto (> 8 mts),56,Mediano,-68.840339448,-32.8887139413,3,Parque O'Higgins,1531146.02653,0
11251,Morera,25/01/2011 11:55,Muy bajo (1 - 2 mts),10,Chico,-68.8459219655,-32.9021408969,2,Barrio Civico,2366816.36021,0
15016,Paraiso,19/12/2011 17:20,Bajo (2 - 4 mts),40,Mediano,-68.8806692087,-32.872035834,8,Aeroparque,2203364.73622,0
17954,Morera,02/08/2011 13:33,Alto (> 8 mts),148,Grande,-68.8375499962,-32.8675033002,4,Cuarta Oeste,1173332.70145,0
5366,Paraiso,26/04/2011 09:40,Bajo (2 - 4 mts),32,Mediano,-68.8428048262,-32.8778603435,1,Parque Central,1655357.93265,0
21277,Morera,13/06/2011 12:38,Alto (> 8 mts),123,Grande,-68.8522522969,-32.8961230765,5,Residencial Sur,2423808.92355,0
45729,Fresno americano,24/08/2011 11:34,Muy bajo (1 - 2 mts),6,Chico,-68.8217848949,-32.8687273291,4,Cuarta Este Área Fundacional,1822015.85685,0
6389,Morera,19/05/2011 10:49,Medio (4 - 8 mts),35,Mediano,-68.8511298504,-32.887552421,5,Residencial Sur,2423808.92355,0
40834,Platano,08/04/2011 10:12,Alto (> 8 mts),172,Grande,-68.8403569325,-32.8858488071,3,Parque O'Higgins,1531146.02653,0
19005,Morera,12/07/2011 09:27,Alto (> 8 mts),150,Grande,-68.8408720101,-32.8708486265,4,Cuarta Oeste,1173332.70145,1
10671,Fresno europeo,28/03/2011 12:37,Medio (4 - 8 mts),96,Grande,-68.8521302493,-32.8749946249,6,Residencial Norte,2694682.37982,0
20308,Morera,16/05/2011 09:45,Alto (> 8 mts),76,Grande,-68.860991764,-32.8925572027,5,Residencial Sur,2423808.92355,0
5609,Platano,05/05/2011 14:05,Medio (4 - 8 mts),31,Mediano,-68.8398470321,-32.8761496561,1,Parque Central,1655357.93265,0
2771,Prunas,17/10/2011 15:59,Bajo (2 - 4 mts),64,Grande,-68.8334742582,-32.8812198449,3,Parque O'Higgins,1531146.02653,0
32791,Acacia SP,14/07/2011 10:09,Alto (> 8 mts),140,Grande,-68.851355669,-32.8852030466,5,Residencial Sur,2423808.92355,1
27578,Paraiso,28/10/2011 10:47,Medio (4 - 8 mts),100,Grande,-68.8383219929,-32.8921216066,3,Parque O'Higgins,1531146.02653,0
12930,Paraiso sombrilla,12/01/2011 13:30,Alto (> 8 mts),150,Grande,-68.8440602564,-32.8642209082,4,Cuarta Oeste,1173332.70145,0
10609,Perenne,01/04/2011 09:24,Muy bajo (1 - 2 mts),30,Mediano,-68.8493908797,-32.8765615569,6,Residencial Norte,2694682.37982,0
44088,Morera,14/10/2011 11:08,Alto (> 8 mts),190,Grande,-68.830704814,-32.8861427802,3,Parque O'Higgins,1531146.02653,0
44389,Platano,18/10/2011 11:41,Alto (> 8 mts),190,Grande,-68.8371435982,-32.8846785967,3,Parque O'Higgins,1531146.02653,0
38321,Paraiso,09/11/2010 10:51,Alto (> 8 mts),48,Mediano,-68.8531268485,-32.8698409358,6,Residencial Norte,2694682.37982,0
22708,Morera,12/05/2011 12:23,Alto (> 8 mts),98,Grande,-68.8540745213,-32.9001029104,5,Residencial Sur,2423808.92355,1
24640,Morera,19/01/2011 09:57,Medio (4 - 8 mts),100,Grande,-68.8430332092,-32.8996117315,2,Barrio Civico,2366816.36021,1
5249,Platano,05/05/2011 11:28,Muy bajo (1 - 2 mts),4,Chico,-68.8408973122,-32.874810784,1,Parque Central,1655357.93265,0
43555,Paraiso,12/10/2011 08:17,Alto (> 8 mts),120,Grande,-68.831058229800007,-32.883099867,3,Parque O'Higgins,1531146.02653,0
32981,Acacia SP,23/05/2011 09:28,Alto (> 8 mts),70,Grande,-68.851020797,-32.8877281075,5,Residencial Sur,2423808.92355,0
14960,Paraiso sombrilla,19/12/2011 09:09,Bajo (2 - 4 mts),45,Mediano,-68.8812488468,-32.872054644,8,Aeroparque,2203364.73622,0
23173,Paraiso,19/01/2011 10:25,Alto (> 8 mts),180,Grande,-68.8479590787,-32.9019285793,2,Barrio Civico,2366816.36021,0
21224,Morera,11/05/2011 09:46,Muy bajo (1 - 2 mts),5,Chico,-68.8519138831,-32.8934623938,5,Residencial Sur,2423808.92355,0
47263,Acacia SP,20/09/2011 11:48,Medio (4 - 8 mts),65,Grande,-68.8319825976,-32.8730229794,4,Cuarta Este Área Fundacional,1822015.85685,0
40075,Morera,20/04/2011 09:32,Alto (> 8 mts),180,Grande,-68.8449830947,-32.8781953793,1,Parque Central,1655357.93265,0
11669,Paraiso sombrilla,27/01/2011 09:20,Medio (4 - 8 mts),60,Mediano,-68.849382435,-32.8683655662,6,Residencial Norte,2694682.37982,0
6071,Fresno europeo,11/04/2011 12:23,Medio (4 - 8 mts),70,Grande,-68.8447419647,-32.8839245014,1,Parque Central,1655357.93265,0
19774,Morera,11/08/2011 09:35,Alto (> 8 mts),160,Grande,-68.8346425246,-32.8691395009,4,Cuarta Oeste,1173332.70145,1
46010,Acer,27/09/2011 10:00,Medio (4 - 8 mts),100,Grande,-68.8221332916,-32.8738108777,4,Cuarta Este Área Fundacional,1822015.85685,0
41448,Platano,07/04/2011 12:25,Alto (> 8 mts),205,Grande,-68.84097125,-32.881095778,1,Parque Central,1655357.93265,0
19035,Morera,12/07/2011 10:47,Alto (> 8 mts),160,Grande,-68.8402637997,-32.8719461229,4,Cuarta Oeste,1173332.70145,1
8421,Tilo,15/02/2011 15:43,Bajo (2 - 4 mts),28,Mediano,-68.8379608257,-32.9016954377,2,Barrio Civico,2366816.36021,0
47345,Platano,21/09/2011 10:34,Alto (> 8 mts),180,Grande,-68.8320644133,-32.8745708464,4,Cuarta Este Área Fundacional,1822015.85685,0
1211,Paraiso sombrilla,29/11/2011 12:54,Bajo (2 - 4 mts),70,Grande,-68.8762385632,-32.8648842071,8,Aeroparque,2203364.73622,0
28610,Platano,25/02/2011 08:28,Alto (> 8 mts),130,Grande,-68.8485939703,-32.8911444918,2,Barrio Civico,2366816.36021,0
40120,Fresno americano,15/04/2011 11:14,Medio (4 - 8 mts),50,Mediano,-68.8454675838,-32.8791854067,1,Parque Central,1655357.93265,0
19573,Morera,14/07/2011 10:33,Alto (> 8 mts),140,Grande,-68.838042115,-32.8723640787,4,Cuarta Oeste,1173332.70145,0
39107,Paraiso,15/11/2010 11:33,Medio (4 - 8 mts),90,Grande,-68.8539360765,-32.8708718664,6,Residencial Norte,2694682.37982,0
7938,Fresno americano,01/03/2011 12:13,Alto (> 8 mts),160,Grande,-68.8478786116,-32.8878519179,5,Residencial Sur,2423808.92355,0
36930,Fresno europeo,08/04/2011 11:29,Medio (4 - 8 mts),52,Mediano,-68.8572599079,-32.8790938652,7,Residencial Parque,1786336.08966,0
17966,Paraiso,02/08/2011 12:08,Alto (> 8 mts),180,Grande,-68.8376173777,-32.8669772785,4,Cuarta Oeste,1173332.70145,0
109,Platano,28/02/2012 13:30,Alto (> 8 mts),160,Grande,-68.8569917003,-32.9017175571,5,Residencial Sur,2423808.92355,0
8303,Morera,02/03/2011 15:06,Medio (4 - 8 mts),154,Grande,-68.8423113695,-32.8935477154,2,Barrio Civico,2366816.36021,0
27365,Fresno europeo,20/10/2011 12:33,Alto (> 8 mts),106,Grande,-68.8365954401,-32.8875432685,3,Parque O'Higgins,1531146.02653,0
38789,Prunas,14/12/2010 09:35,Medio (4 - 8 mts),50,Mediano,-68.8496037405,-32.8706074542,6,Residencial Norte,2694682.37982,0
11518,Paraiso,22/02/2011 11:45,Alto (> 8 mts),245,Grande,-68.8531514356,-32.8662170332,6,Residencial Norte,2694682.37982,0
25256,Morera,08/02/2011 10:43,Alto (> 8 mts),113,Grande,-68.8394287491,-32.8992709569,2,Barrio Civico,2366816.36021,0
41935,Fresno europeo,19/04/2011 13:07,Medio (4 - 8 mts),43,Mediano,-68.8376924083,-32.8786868413,1,Parque Central,1655357.93265,0
10217,Fresno europeo,15/12/2010 13:47,Bajo (2 - 4 mts),40,Mediano,-68.8510369562,-32.8720812085,6,Residencial Norte,2694682.37982,0
44442,Platano,18/10/2011 10:10,Alto (> 8 mts),300,Grande,-68.837691369,-32.8844164655,3,Parque O'Higgins,1531146.02653,0
21862,Fresno europeo,07/06/2011 09:28,Alto (> 8 mts),83,Grande,-68.8582508212,-32.8958378957,5,Residencial Sur,2423808.92355,0
35985,Morera,21/03/2011 12:27,Alto (> 8 mts),125,Grande,-68.8551704468,-32.8752004138,6,Residencial Norte,2694682.37982,1
34982,Morera,04/04/2011 10:00,Alto (> 8 mts),100,Grande,-68.8553947305,-32.8807160896,6,Residencial Norte,2694682.37982,0
17075,Morera,16/08/2011 09:07,Alto (> 8 mts),175,Grande,-68.8365646174,-32.8635432234,4,Cuarta Oeste,1173332.70145,1
21321,Morera,15/06/2011 11:56,Alto (> 8 mts),145,Grande,-68.8539535184,-32.8991829891,5,Residencial Sur,2423808.92355,1
37065,Morera,04/04/2011 13:17,Alto (> 8 mts),180,Grande,-68.8568573773,-32.8769660334,6,Residencial Norte,2694682.37982,0
2889,Morera,07/09/2011 12:19,Medio (4 - 8 mts),80,Grande,-68.8308472147,-32.8718440832,4,Cuarta Este Área Fundacional,1822015.85685,0
48170,Fresno europeo,17/08/2011 09:49,Medio (4 - 8 mts),63,Grande,-68.8290818403,-32.8681321725,4,Cuarta Este Área Fundacional,1822015.85685,0
48147,Fresno europeo,17/08/2011 10:38,Alto (> 8 mts),125,Grande,-68.8302676064,-32.8680541538,4,Cuarta Este Área Fundacional,1822015.85685,0
26772,Morera,01/11/2011 10:28,Medio (4 - 8 mts),120,Grande,-68.8330632994,-32.895083965,3,Parque O'Higgins,1531146.02653,1
7400,Fresno europeo,19/05/2011 16:05,Alto (> 8 mts),82,Grande,-68.854169297,-32.8999472107,5,Residencial Sur,2423808.92355,0
14603,Aguaribay,13/12/2011 12:55,Medio (4 - 8 mts),90,Grande,-68.8801190357,-32.865701344,8,Aeroparque,2203364.73622,0
1622,Morera,24/11/2011 09:56,Bajo (2 - 4 mts),32,Mediano,-68.8713782805,-32.878497007,7,Residencial Parque,1786336.08966,0
5505,Caducifolio,26/04/2011 09:32,Bajo (2 - 4 mts),15,Chico,-68.8374428005,-32.8777147562,1,Parque Central,1655357.93265,0
47537,Morera,19/09/2011 14:23,Alto (> 8 mts),132,Grande,-68.8263376504,-32.8712349657,4,Cuarta Este Área Fundacional,1822015.85685,0
15078,Morera,17/11/2011 11:13,Alto (> 8 mts),118,Grande,-68.8589762146,-32.8693292246,6,Residencial Norte,2694682.37982,0
45345,Morera,16/09/2011 09:09,Medio (4 - 8 mts),180,Grande,-68.8246797536,-32.8731707293,4,Cuarta Este Área Fundacional,1822015.85685,1
21784,Fresno americano,13/05/2011 11:21,Medio (4 - 8 mts),50,Mediano,-68.8558772504,-32.8933474142,5,Residencial Sur,2423808.92355,0
15170,Paraiso,21/11/2011 12:15,Bajo (2 - 4 mts),22,Mediano,-68.8595230475,-32.8694826979,6,Residencial Norte,2694682.37982,0
18005,Morera,29/07/2011 17:32,Medio (4 - 8 mts),130,Grande,-68.8405773296,-32.8677970075,4,Cuarta Oeste,1173332.70145,0
43991,Fresno europeo,17/10/2011 09:03,Muy bajo (1 - 2 mts),8,Chico,-68.8331636478,-32.8860229133,3,Parque O'Higgins,1531146.02653,0
33433,Fresno europeo,16/06/2011 09:37,Alto (> 8 mts),148,Grande,-68.8561133108,-32.8896214792,5,Residencial Sur,2423808.92355,0
26201,Fresno europeo,19/10/2011 12:22,Bajo (2 - 4 mts),40,Mediano,-68.8321350676,-32.8887304893,3,Parque O'Higgins,1531146.02653,0
44958,Morera,29/08/2011 12:01,Medio (4 - 8 mts),236,Grande,-68.8255921775,-32.8690381484,4,Cuarta Este Área Fundacional,1822015.85685,0
36995,Olmo comun,01/04/2011 11:52,Medio (4 - 8 mts),42,Mediano,-68.8579054949,-32.8778728625,7,Residencial Parque,1786336.08966,0
3397,Paraiso,17/08/2011 09:46,Alto (> 8 mts),130,Grande,-68.8318556279,-32.8671138508,4,Cuarta Oeste,1173332.70145,0
19556,Morera,26/07/2011 09:48,Alto (> 8 mts),240,Grande,-68.838185411,-32.8711244348,4,Cuarta Oeste,1173332.70145,0
5587,Fresno europeo,18/04/2011 10:02,Bajo (2 - 4 mts),10,Chico,-68.8375003749,-32.882159497,1,Parque Central,1655357.93265,0
47918,Fresno europeo,29/08/2011 12:17,Bajo (2 - 4 mts),27,Mediano,-68.8284205652,-32.8710257615,4,Cuarta Este Área Fundacional,1822015.85685,0
18391,Morera,02/08/2011 15:07,Medio (4 - 8 mts),48,Mediano,-68.83896395,-32.8692170035,4,Cuarta Oeste,1173332.70145,0
45583,Fresno europeo,01/09/2011 10:22,Medio (4 - 8 mts),150,Grande,-68.8212409762,-32.8703136491,4,Cuarta Este Área Fundacional,1822015.85685,0
16037,Paraiso,15/08/2011 14:12,Alto (> 8 mts),155,Grande,-68.8455763472,-32.8722324012,6,Residencial Norte,2694682.37982,0
42880,Morera,03/10/2011 08:52,Alto (> 8 mts),128,Grande,-68.8326323112,-32.8765216998,4,Cuarta Este Área Fundacional,1822015.85685,0
32962,Fresno europeo,23/05/2011 12:30,Alto (> 8 mts),144,Grande,-68.8496525415,-32.8877847861,5,Residencial Sur,2423808.92355,0
1463,Morera,25/11/2011 10:52,Medio (4 - 8 mts),70,Grande,-68.8713914988,-32.8763710728,7,Residencial Parque,1786336.08966,0
34784,Perenne,29/03/2011 12:57,Alto (> 8 mts),50,Mediano,-68.850853927,-32.8791934207,6,Residencial Norte,2694682.37982,0
934,Morera,13/01/2012 19:17,Medio (4 - 8 mts),100,Grande,-68.8503960711,-32.8729352534,6,Residencial Norte,2694682.37982,0
6097,Platano,29/04/2011 11:23,Alto (> 8 mts),144,Grande,-68.840148133,-32.8860726803,3,Parque O'Higgins,1531146.02653,0
46535,Morera,07/09/2011 10:28,Alto (> 8 mts),155,Grande,-68.8334993018,-32.8694566433,4,Cuarta Oeste,1173332.70145,0
15858,Fresno americano,30/11/2011 10:08,Bajo (2 - 4 mts),30,Mediano,-68.8728192309,-32.8766422807,7,Residencial Parque,1786336.08966,0
35046,Morera,22/03/2011 13:22,Alto (> 8 mts),100,Grande,-68.8537299406,-32.8805196018,6,Residencial Norte,2694682.37982,1
11344,Morera,19/01/2011 19:06,Alto (> 8 mts),134,Grande,-68.8485903749,-32.9026092808,2,Barrio Civico,2366816.36021,1
25857,Morera,03/02/2011 18:00,Medio (4 - 8 mts),82,Grande,-68.8404915061,-32.9025753767,2,Barrio Civico,2366816.36021,1
37869,Morera,24/11/2010 10:08,Alto (> 8 mts),140,Grande,-68.850640344,-32.8737083115,6,Residencial Norte,2694682.37982,0
6641,Morera,12/05/2011 10:02,Medio (4 - 8 mts),72,Grande,-68.8568326181,-32.8923742188,5,Residencial Sur,2423808.92355,1
30616,Morera,07/02/2011 12:20,Medio (4 - 8 mts),56,Mediano,-68.858040937,-32.8669105775,6,Residencial Norte,2694682.37982,0
19954,Morera,05/08/2011 10:06,Alto (> 8 mts),165,Grande,-68.8338438652,-32.8641399882,4,Cuarta Oeste,1173332.70145,0
22062,Platano,10/06/2011 10:03,Alto (> 8 mts),240,Grande,-68.8539325303,-32.8981139763,5,Residencial Sur,2423808.92355,0
1734,Fresno americano,22/11/2011 09:31,Alto (> 8 mts),98,Grande,-68.8728935023,-32.8790079344,7,Residencial Parque,1786336.08966,1
29338,Morera,25/04/2011 09:18,Alto (> 8 mts),92,Grande,-68.8436938063,-32.8871057436,1,Parque Central,1655357.93265,1
7527,Platano,09/06/2011 13:27,Alto (> 8 mts),140,Grande,-68.858673953,-32.8814616292,7,Residencial Parque,1786336.08966,0
11827,Morera,02/03/2011 13:17,Medio (4 - 8 mts),144,Grande,-68.849667248,-32.8654425965,6,Residencial Norte,2694682.37982,0
8010,Fresno europeo,17/02/2011 12:17,Medio (4 - 8 mts),45,Mediano,-68.8402274492,-32.888881163,3,Parque O'Higgins,1531146.02653,0
10207,Morera,15/12/2010 10:49,Alto (> 8 mts),220,Grande,-68.8509926528,-32.8706551433,6,Residencial Norte,2694682.37982,1
36484,Perenne,18/03/2011 10:00,Alto (> 8 mts),160,Grande,-68.8541275386,-32.8796880405,6,Residencial Norte,2694682.37982,0
7062,Ailanthus,09/06/2011 09:36,Medio (4 - 8 mts),42,Mediano,-68.8573253131,-32.8981293252,5,Residencial Sur,2423808.92355,0
15819,Morera,21/11/2011 16:22,Bajo (2 - 4 mts),90,Grande,-68.8731834964,-32.8776943393,7,Residencial Parque,1786336.08966,0
25474,Morera,08/02/2011 10:11,Alto (> 8 mts),160,Grande,-68.8403479317,-32.8998024656,2,Barrio Civico,2366816.36021,1
38079,Paraiso,03/12/2010 12:07,Alto (> 8 mts),170,Grande,-68.8471167889,-32.8722536798,6,Residencial Norte,2694682.37982,0
18505,Paraiso,06/07/2011 13:45,Alto (> 8 mts),96,Grande,-68.8382733686,-32.874703552,1,Parque Central,1655357.93265,1
39257,Morera,30/12/2010 09:05,Alto (> 8 mts),130,Grande,-68.8551905843,-32.8719917848,6,Residencial Norte,2694682.37982,0
40286,Ligustro,11/04/2011 09:15,Muy bajo (1 - 2 mts),8,Chico,-68.8449977911,-32.8810502037,1,Parque Central,1655357.93265,0
18003,Morera,29/07/2011 17:37,Alto (> 8 mts),190,Grande,-68.8404217456,-32.8678059162,4,Cuarta Oeste,1173332.70145,0
41923,Fresno europeo,20/04/2011 10:04,Bajo (2 - 4 mts),15,Chico,-68.8381126028,-32.8798564507,1,Parque Central,1655357.93265,0
39090,Fresno europeo,22/12/2010 09:01,Muy bajo (1 - 2 mts),2,Chico,-68.8538944249,-32.8715764017,6,Residencial Norte,2694682.37982,0
31348,Olmo comun,01/03/2011 13:01,Alto (> 8 mts),180,Grande,-68.8494413951,-32.8661197342,6,Residencial Norte,2694682.37982,0
25831,Morera,03/02/2011 18:35,Alto (> 8 mts),142,Grande,-68.8396300928,-32.9025316835,2,Barrio Civico,2366816.36021,0
17380,Paraiso,22/07/2011 13:34,Alto (> 8 mts),157,Grande,-68.8404368258,-32.8659874677,4,Cuarta Oeste,1173332.70145,0
13236,Fresno europeo,21/02/2011 12:16,Alto (> 8 mts),140,Grande,-68.8475543423,-32.8657729212,6,Residencial Norte,2694682.37982,0
30950,Fresno europeo,11/02/2011 09:16,Medio (4 - 8 mts),80,Grande,-68.8555982908,-32.8640462519,6,Residencial Norte,2694682.37982,0
31053,Fresno europeo,16/02/2011 10:25,Medio (4 - 8 mts),115,Grande,-68.8550651741,-32.8648857451,6,Residencial Norte,2694682.37982,0
45775,Morera,24/08/2011 09:42,Medio (4 - 8 mts),92,Grande,-68.821429084,-32.8695684873,4,Cuarta Este Área Fundacional,1822015.85685,0
30556,Morera,08/02/2011 09:55,Alto (> 8 mts),105,Grande,-68.8570514789,-32.8664752503,6,Residencial Norte,2694682.37982,0
3018,Morera,15/09/2011 10:11,Medio (4 - 8 mts),78,Grande,-68.8291526109,-32.8721372103,4,Cuarta Este Área Fundacional,1822015.85685,0
10835,Jacaranda,31/03/2011 10:59,Medio (4 - 8 mts),30,Mediano,-68.856134834,-32.8772256262,6,Residencial Norte,2694682.37982,0
24556,Morera,28/01/2011 14:11,Alto (> 8 mts),180,Grande,-68.843221652,-32.9021977316,2,Barrio Civico,2366816.36021,0
40656,Morera,13/04/2011 09:36,Alto (> 8 mts),230,Grande,-68.8432361624,-32.8843801382,1,Parque Central,1655357.93265,1
43545,Fresno europeo,19/10/2011 16:46,Alto (> 8 mts),190,Grande,-68.8297430773,-32.882448087,3,Parque O'Higgins,1531146.02653,0
4441,Perenne,01/08/2011 08:40,Muy bajo (1 - 2 mts),100,Grande,-68.8365941524,-32.8687575748,4,Cuarta Oeste,1173332.70145,0
20094,Fresno europeo,10/08/2011 11:12,Muy bajo (1 - 2 mts),5,Chico,-68.8338693036,-32.8658119421,4,Cuarta Oeste,1173332.70145,0
5925,Morera,02/05/2011 11:37,Alto (> 8 mts),200,Grande,-68.8451228583,-32.8765774285,1,Parque Central,1655357.93265,0
6875,Morera,07/06/2011 10:21,Alto (> 8 mts),148,Grande,-68.8586339187,-32.8950254027,5,Residencial Sur,2423808.92355,0
329,Perenne,07/03/2012 10:29,Muy bajo (1 - 2 mts),6,Chico,-68.8204708199,-32.8678122025,4,Cuarta Este Área Fundacional,1822015.85685,0
8465,Morera,14/02/2011 17:39,Medio (4 - 8 mts),68,Grande,-68.8351545107,-32.8972529073,2,Barrio Civico,2366816.36021,0
29125,Platano,26/04/2011 11:37,Alto (> 8 mts),180,Grande,-68.8447785282,-32.8858809738,1,Parque Central,1655357.93265,0
39009,Morera,27/12/2010 10:14,Medio (4 - 8 mts),80,Grande,-68.8547445631,-32.870638277,6,Residencial Norte,2694682.37982,1
38703,Paraiso,14/12/2010 13:39,Alto (> 8 mts),100,Grande,-68.850470444,-32.8711640686,6,Residencial Norte,2694682.37982,0
42738,Fresno europeo,26/09/2011 11:03,Alto (> 8 mts),140,Grande,-68.8279057788,-32.8775431262,4,Cuarta Este Área Fundacional,1822015.85685,0
4876,Paraiso,21/07/2011 10:42,Medio (4 - 8 mts),100,Grande,-68.845081076,-32.8724360802,6,Residencial Norte,2694682.37982,0
20432,Platano,17/05/2011 11:00,Alto (> 8 mts),178,Grande,-68.8620427132,-32.8931939129,5,Residencial Sur,2423808.92355,1
9454,Liquidambar,11/02/2011 13:22,Bajo (2 - 4 mts),48,Mediano,-68.8572961789,-32.8651656091,6,Residencial Norte,2694682.37982,0
35677,Morera,18/03/2011 09:41,Medio (4 - 8 mts),140,Grande,-68.8552612175,-32.8741012917,6,Residencial Norte,2694682.37982,0
32922,Morera,19/05/2011 10:15,Medio (4 - 8 mts),100,Grande,-68.8509158271,-32.8867848126,5,Residencial Sur,2423808.92355,0
25380,Acer,10/02/2011 09:07,Alto (> 8 mts),80,Grande,-68.8376415342,-32.8998461391,2,Barrio Civico,2366816.36021,1
24800,Platano,18/02/2011 08:42,Alto (> 8 mts),250,Grande,-68.8410055499,-32.8972539547,2,Barrio Civico,2366816.36021,0
23502,Fresno europeo,21/01/2011 13:43,Alto (> 8 mts),105,Grande,-68.8479961313,-32.9025760376,2,Barrio Civico,2366816.36021,0
38384,Acer,05/11/2010 11:57,Alto (> 8 mts),8,Chico,-68.8529697685,-32.8693570597,6,Residencial Norte,2694682.37982,0
1116,Jacaranda,01/12/2011 12:35,Medio (4 - 8 mts),65,Grande,-68.8762665086,-32.8661301788,8,Aeroparque,2203364.73622,0
35853,Morera,29/03/2011 10:50,Alto (> 8 mts),160,Grande,-68.852614674,-32.8762903994,6,Residencial Norte,2694682.37982,0
21691,Morera,10/06/2011 08:17,Alto (> 8 mts),140,Grande,-68.8569232162,-32.8951863079,5,Residencial Sur,2423808.92355,0
22476,Caducifolio,23/06/2011 12:21,Muy bajo (1 - 2 mts),15,Chico,-68.8622680311,-32.8991075552,5,Residencial Sur,2423808.92355,0
19477,Morera,11/07/2011 12:56,Alto (> 8 mts),115,Grande,-68.8395492319,-32.8713093473,4,Cuarta Oeste,1173332.70145,0
16807,Paraiso,09/08/2011 09:59,Bajo (2 - 4 mts),25,Mediano,-68.8398022859,-32.8651125735,4,Cuarta Oeste,1173332.70145,0
29727,Morera,02/03/2011 15:50,Alto (> 8 mts),112,Grande,-68.8419280259,-32.8946165971,2,Barrio Civico,2366816.36021,1
46823,Fresno europeo,16/09/2011 08:29,Alto (> 8 mts),50,Mediano,-68.8334608727,-32.8722379578,4,Cuarta Este Área Fundacional,1822015.85685,0
47226,Morera,19/09/2011 10:13,Alto (> 8 mts),176,Grande,-68.8332610564,-32.8751707858,4,Cuarta Este Área Fundacional,1822015.85685,1
13683,Morera,23/02/2011 12:10,Alto (> 8 mts),150,Grande,-68.8526927089,-32.8653815845,6,Residencial Norte,2694682.37982,0
15305,Acer,17/11/2011 13:13,Medio (4 - 8 mts),88,Grande,-68.8592016608,-32.8699545901,6,Residencial Norte,2694682.37982,0
47857,Morera,21/09/2011 08:59,Alto (> 8 mts),148,Grande,-68.8291981089,-32.873424159,4,Cuarta Este Área Fundacional,1822015.85685,0
22214,Fresno europeo,18/05/2011 10:23,Medio (4 - 8 mts),28,Mediano,-68.8561005825,-32.8993509296,5,Residencial Sur,2423808.92355,0
19332,Morera,19/07/2011 12:30,Alto (> 8 mts),110,Grande,-68.8356186919,-32.8706419281,4,Cuarta Oeste,1173332.70145,0
30530,Platano,04/04/2011 15:42,Alto (> 8 mts),162,Grande,-68.8389011075,-32.8883510846,3,Parque O'Higgins,1531146.02653,0
18301,Morera,04/08/2011 10:32,Alto (> 8 mts),150,Grande,-68.8396160211,-32.8698225175,4,Cuarta Oeste,1173332.70145,0
10128,Morera,29/12/2010 10:35,Bajo (2 - 4 mts),30,Mediano,-68.8558486391,-32.8714994289,6,Residencial Norte,2694682.37982,0
29917,Platano,14/03/2011 13:11,Medio (4 - 8 mts),180,Grande,-68.8400331151,-32.8926077754,2,Barrio Civico,2366816.36021,0
26383,Platano,25/10/2011 09:55,Alto (> 8 mts),170,Grande,-68.8334276638,-32.889939193,3,Parque O'Higgins,1531146.02653,0
21233,Morera,10/05/2011 12:45,Alto (> 8 mts),140,Grande,-68.853135535,-32.8934982791,5,Residencial Sur,2423808.92355,1
14830,Morera,07/12/2011 10:14,Bajo (2 - 4 mts),52,Mediano,-68.8782547082,-32.8693305679,8,Aeroparque,2203364.73622,0
8484,Morera,14/02/2011 15:34,Alto (> 8 mts),118,Grande,-68.8352625218,-32.8982200962,2,Barrio Civico,2366816.36021,0
46645,Platano,02/09/2011 10:44,Alto (> 8 mts),160,Grande,-68.8315499129,-32.8685190541,4,Cuarta Este Área Fundacional,1822015.85685,0
15692,Aguaribay,15/11/2011 16:44,Muy bajo (1 - 2 mts),22,Mediano,-68.8622340517,-32.871212633,7,Residencial Parque,1786336.08966,0
36027,Morera,18/03/2011 13:20,Alto (> 8 mts),130,Grande,-68.8559975519,-32.8750433144,6,Residencial Norte,2694682.37982,0
46006,Fresno europeo,27/09/2011 10:07,Medio (4 - 8 mts),146,Grande,-68.8218463417,-32.8735680941,4,Cuarta Este Área Fundacional,1822015.85685,0
42347,Morera,05/10/2011 11:25,Alto (> 8 mts),123,Grande,-68.8348718907,-32.8761913204,4,Cuarta Este Área Fundacional,1822015.85685,1
30923,Fresno europeo,14/02/2011 09:07,Muy bajo (1 - 2 mts),26,Mediano,-68.8560057213,-32.8641683386,6,Residencial Norte,2694682.37982,0
6848,Morera,09/06/2011 13:57,Alto (> 8 mts),62,Grande,-68.857398747,-32.8956084547,5,Residencial Sur,2423808.92355,0
41427,Fresno europeo,07/04/2011 10:31,Medio (4 - 8 mts),70,Grande,-68.8422342407,-32.8815253209,1,Parque Central,1655357.93265,1
24212,Prunas,26/01/2011 09:36,Bajo (2 - 4 mts),46,Mediano,-68.8456575761,-32.9017983823,2,Barrio Civico,2366816.36021,1
22591,Morera,24/06/2011 09:07,Medio (4 - 8 mts),81,Grande,-68.8613443237,-32.9008344832,5,Residencial Sur,2423808.92355,0
44501,Fresno americano,18/10/2011 10:27,Medio (4 - 8 mts),155,Grande,-68.8366370888,-32.8858918346,3,Parque O'Higgins,1531146.02653,0
19707,Morera,12/07/2011 09:28,Medio (4 - 8 mts),92,Grande,-68.8343545517,-32.8710456622,4,Cuarta Oeste,1173332.70145,1
43083,Morera,03/10/2011 09:25,Medio (4 - 8 mts),160,Grande,-68.8309427255,-32.8784755607,4,Cuarta Este Área Fundacional,1822015.85685,0
41556,Paraiso,06/05/2011 12:48,Alto (> 8 mts),220,Grande,-68.8406175704,-32.8797034747,1,Parque Central,1655357.93265,0
46624,Morera,07/09/2011 09:29,Bajo (2 - 4 mts),24,Mediano,-68.8304658466,-32.869644089,4,Cuarta Este Área Fundacional,1822015.85685,0
22160,Platano,18/05/2011 11:05,Alto (> 8 mts),162,Grande,-68.8540006312,-32.8986250438,5,Residencial Sur,2423808.92355,0
22067,Platano,10/06/2011 12:20,Alto (> 8 mts),8,Chico,-68.8538654312,-32.8976396997,5,Residencial Sur,2423808.92355,1
3668,Fresno americano,26/08/2011 10:38,Medio (4 - 8 mts),195,Grande,-68.8211232896,-32.8687500164,4,Cuarta Este Área Fundacional,1822015.85685,0
32638,Platano,21/06/2011 09:57,Alto (> 8 mts),196,Grande,-68.8524162404,-32.890442336,5,Residencial Sur,2423808.92355,0
47951,Perenne,02/09/2011 10:40,Muy bajo (1 - 2 mts),5,Chico,-68.8264022587,-32.8682376437,4,Cuarta Este Área Fundacional,1822015.85685,0
42225,Morera,02/05/2011 10:10,Alto (> 8 mts),120,Grande,-68.8401514836,-32.8741174415,1,Parque Central,1655357.93265,0
13083,Morera,17/02/2011 10:09,Medio (4 - 8 mts),70,Grande,-68.8465084583,-32.8645162438,4,Cuarta Oeste,1173332.70145,0
28863,Morera,26/04/2011 11:34,Alto (> 8 mts),160,Grande,-68.8462412186,-32.8857632162,1,Parque Central,1655357.93265,0
31178,Fresno europeo,07/02/2011 10:26,Bajo (2 - 4 mts),46,Mediano,-68.8546864981,-32.8639794852,6,Residencial Norte,2694682.37982,0
2305,Fresno europeo,04/11/2011 10:36,Medio (4 - 8 mts),145,Grande,-68.8387379762,-32.893111031,2,Barrio Civico,2366816.36021,0
17939,Fresno europeo,03/08/2011 10:24,Alto (> 8 mts),190,Grande,-68.8382572276,-32.8663327599,4,Cuarta Oeste,1173332.70145,0
21289,Fresno americano,13/06/2011 11:56,Medio (4 - 8 mts),50,Mediano,-68.8522420528,-32.8973845937,5,Residencial Sur,2423808.92355,0
17829,Morera,21/07/2011 11:31,Alto (> 8 mts),160,Grande,-68.8434115434,-32.8704043203,4,Cuarta Oeste,1173332.70145,0
20443,Fresno europeo,17/05/2011 10:28,Bajo (2 - 4 mts),12,Chico,-68.8618232456,-32.8926751981,5,Residencial Sur,2423808.92355,0
26009,Acacia SP,09/11/2011 17:38,Alto (> 8 mts),126,Grande,-68.8326154887,-32.8873478482,3,Parque O'Higgins,1531146.02653,0
5272,Alamo criollo,02/05/2011 10:12,Alto (> 8 mts),190,Grande,-68.8431336034,-32.8757835332,1,Parque Central,1655357.93265,0
21543,Platano,08/06/2011 11:45,Alto (> 8 mts),180,Grande,-68.8541520589,-32.8950080152,5,Residencial Sur,2423808.92355,0
44145,Morera,06/10/2011 16:45,Alto (> 8 mts),134,Grande,-68.8350609356,-32.8786060337,1,Parque Central,1655357.93265,0
12714,Tilo,20/01/2011 08:27,Muy bajo (1 - 2 mts),8,Chico,-68.8471474408,-32.8630266255,4,Cuarta Oeste,1173332.70145,0
40571,Morera,15/04/2011 12:17,Alto (> 8 mts),90,Grande,-68.8459269266,-32.8845863014,1,Parque Central,1655357.93265,0
9670,Fresno europeo,26/01/2011 08:27,Bajo (2 - 4 mts),52,Mediano,-68.8487363164,-32.8635442687,6,Residencial Norte,2694682.37982,0
30825,Prunas,14/02/2011 12:44,Medio (4 - 8 mts),50,Mediano,-68.8550316047,-32.866215254,6,Residencial Norte,2694682.37982,0
46509,Morera,17/08/2011 09:43,Alto (> 8 mts),187,Grande,-68.8304087625,-32.866835962,4,Cuarta Este Área Fundacional,1822015.85685,0
28280,Morera,10/03/2011 15:41,Medio (4 - 8 mts),96,Grande,-68.8504338026,-32.8921551638,5,Residencial Sur,2423808.92355,0
259,Fresno europeo,07/03/2012 11:39,Muy bajo (1 - 2 mts),12,Chico,-68.8220074972,-32.8668966448,4,Cuarta Este Área Fundacional,1822015.85685,0
17491,Platano,16/01/2012 09:02,Alto (> 8 mts),180,Grande,-68.8355370638,-32.8679842083,4,Cuarta Oeste,1173332.70145,0
43917,Platano,11/10/2011 08:58,Alto (> 8 mts),178,Grande,-68.8337335438,-32.8847805997,3,Parque O'Higgins,1531146.02653,0
19244,Platano,03/08/2011 12:42,Alto (> 8 mts),317,Grande,-68.8376544024,-32.8699316169,4,Cuarta Oeste,1173332.70145,0
28316,Morera,10/03/2011 15:31,Alto (> 8 mts),162,Grande,-68.8499417851,-32.8921332042,5,Residencial Sur,2423808.92355,0
15395,Acacia SP,16/11/2011 12:21,Medio (4 - 8 mts),112,Grande,-68.8610328421,-32.8707676887,7,Residencial Parque,1786336.08966,0
45200,Fresno europeo,28/09/2011 10:41,Muy bajo (1 - 2 mts),3,Chico,-68.8232640607,-32.8726024077,4,Cuarta Este Área Fundacional,1822015.85685,0
26887,Fresno europeo,28/10/2011 17:29,Alto (> 8 mts),150,Grande,-68.8383725534,-32.8873796251,3,Parque O'Higgins,1531146.02653,0
7327,Morera,22/06/2011 09:13,Alto (> 8 mts),140,Grande,-68.8607613021,-32.9015467675,5,Residencial Sur,2423808.92355,0
12880,Paraiso sombrilla,19/01/2011 08:25,Medio (4 - 8 mts),200,Grande,-68.8461520795,-32.8639314777,4,Cuarta Oeste,1173332.70145,0
35746,Fresno europeo,04/03/2011 10:07,Medio (4 - 8 mts),62,Grande,-68.8554450723,-32.8736653549,6,Residencial Norte,2694682.37982,0
16598,Morera,26/07/2011 10:54,Alto (> 8 mts),160,Grande,-68.8406665507,-32.865225307,4,Cuarta Oeste,1173332.70145,0
5651,Platano,02/05/2011 11:43,Medio (4 - 8 mts),32,Mediano,-68.8395774285,-32.8762932281,1,Parque Central,1655357.93265,0
33707,Paraiso,11/05/2011 09:37,Medio (4 - 8 mts),160,Grande,-68.8569992449,-32.8867596458,5,Residencial Sur,2423808.92355,0
32122,Morera,09/05/2011 13:31,Alto (> 8 mts),196,Grande,-68.8605072586,-32.8866305675,5,Residencial Sur,2423808.92355,1
24223,Paraiso,25/01/2011 14:05,Alto (> 8 mts),220,Grande,-68.8457327971,-32.9010953256,2,Barrio Civico,2366816.36021,0
34496,Morera,29/03/2011 11:07,Medio (4 - 8 mts),70,Grande,-68.850416244,-32.875357497,6,Residencial Norte,2694682.37982,0
16472,Morera,12/08/2011 09:40,Alto (> 8 mts),220,Grande,-68.8411916266,-32.8625600225,4,Cuarta Oeste,1173332.70145,0
4050,Platano,26/09/2011 14:09,Alto (> 8 mts),160,Grande,-68.8351332118,-32.8763796078,1,Parque Central,1655357.93265,0
42832,Morera,30/09/2011 13:51,Alto (> 8 mts),150,Grande,-68.8315709368,-32.8765915378,4,Cuarta Este Área Fundacional,1822015.85685,0
37892,Fresno europeo,24/11/2010 09:32,Alto (> 8 mts),100,Grande,-68.8507951503,-32.8732123842,6,Residencial Norte,2694682.37982,0
2989,Tilo,16/09/2011 09:21,Bajo (2 - 4 mts),28,Mediano,-68.8246881049,-32.8717782518,4,Cuarta Este Área Fundacional,1822015.85685,0
42995,Morera,05/10/2011 12:16,Medio (4 - 8 mts),94,Grande,-68.8336037844,-32.8779876162,4,Cuarta Este Área Fundacional,1822015.85685,0
46692,Fresno europeo,05/09/2011 10:36,Medio (4 - 8 mts),112,Grande,-68.8326537951,-32.8700346733,4,Cuarta Este Área Fundacional,1822015.85685,0
46880,Platano,08/09/2011 13:30,Alto (> 8 mts),205,Grande,-68.8340394332,-32.8706536388,4,Cuarta Oeste,1173332.70145,0
33795,Fresno europeo,13/05/2011 08:53,Bajo (2 - 4 mts),110,Grande,-68.8565704312,-32.8857777285,5,Residencial Sur,2423808.92355,0
7654,Morera,30/05/2011 09:51,Medio (4 - 8 mts),150,Grande,-68.8563293996,-32.8848703078,5,Residencial Sur,2423808.92355,0
37161,Morera,07/04/2011 10:46,Alto (> 8 mts),200,Grande,-68.8592007151,-32.8787378051,7,Residencial Parque,1786336.08966,1
17385,Paraiso,22/07/2011 13:22,Alto (> 8 mts),164,Grande,-68.840158142799993,-32.8659497755,4,Cuarta Oeste,1173332.70145,0
34848,Fresno europeo,30/03/2011 09:57,Alto (> 8 mts),197,Grande,-68.851205369,-32.8769156785,6,Residencial Norte,2694682.37982,0
40152,Morera,14/04/2011 12:00,Alto (> 8 mts),190,Grande,-68.8441477579,-32.8793685261,1,Parque Central,1655357.93265,0
39631,Morera,21/10/2010 11:36,Medio (4 - 8 mts),78,Grande,-68.8472735756,-32.8698727184,6,Residencial Norte,2694682.37982,0
42907,Olmo comun,29/09/2011 11:14,Medio (4 - 8 mts),80,Grande,-68.8336800215,-32.8769896334,4,Cuarta Este Área Fundacional,1822015.85685,0
46857,Fresno europeo,15/09/2011 13:09,Medio (4 - 8 mts),45,Mediano,-68.8336861784,-32.8726845032,4,Cuarta Este Área Fundacional,1822015.85685,0
39359,Morera,30/11/2010 13:41,Alto (> 8 mts),140,Grande,-68.8562379573,-32.871989158,6,Residencial Norte,2694682.37982,0
16986,Prunas,15/08/2011 11:37,Muy bajo (1 - 2 mts),8,Chico,-68.8381560404,-32.8647058641,4,Cuarta Oeste,1173332.70145,0
10268,Acacia SP,03/12/2010 12:03,Muy bajo (1 - 2 mts),40,Mediano,-68.8471167137,-32.8722719688,6,Residencial Norte,2694682.37982,0
26652,Conifera,14/11/2011 15:27,Alto (> 8 mts),70,Grande,-68.8317214701,-32.8932562428,3,Parque O'Higgins,1531146.02653,0
48313,Acacia SP,19/08/2011 11:00,Alto (> 8 mts),196,Grande,-68.8279172124,-32.8683061015,4,Cuarta Este Área Fundacional,1822015.85685,0
7698,Morera,24/05/2011 10:19,Muy bajo (1 - 2 mts),5,Chico,-68.8515873121,-32.8843976901,5,Residencial Sur,2423808.92355,0
25269,Perenne,08/02/2011 10:15,Alto (> 8 mts),180,Grande,-68.8384942518,-32.8993794466,2,Barrio Civico,2366816.36021,0
10191,Liquidambar,20/12/2010 10:04,Medio (4 - 8 mts),38,Mediano,-68.8524943236,-32.8713464704,6,Residencial Norte,2694682.37982,0
16746,Morera,10/08/2011 09:47,Alto (> 8 mts),120,Grande,-68.8389263641,-32.8630253292,4,Cuarta Oeste,1173332.70145,0
20069,Morera,15/08/2011 13:49,Alto (> 8 mts),155,Grande,-68.8337904644,-32.8656757743,4,Cuarta Oeste,1173332.70145,0
24750,Morera,14/02/2011 16:04,Medio (4 - 8 mts),82,Grande,-68.8350729749,-32.8974871509,2,Barrio Civico,2366816.36021,0
13095,Morera,17/02/2011 09:20,Medio (4 - 8 mts),170,Grande,-68.8464133945,-32.8652996587,4,Cuarta Oeste,1173332.70145,0
7200,Paraiso,15/06/2011 11:15,Medio (4 - 8 mts),110,Grande,-68.8609761249,-32.8986735412,5,Residencial Sur,2423808.92355,0
2355,Prunas,03/11/2011 17:49,Bajo (2 - 4 mts),80,Grande,-68.8346254942,-32.8860599469,3,Parque O'Higgins,1531146.02653,0
36900,Morera,07/04/2011 12:48,Medio (4 - 8 mts),70,Grande,-68.8596841086,-32.8795101302,7,Residencial Parque,1786336.08966,1
44904,Morera,23/08/2011 13:33,Alto (> 8 mts),109,Grande,-68.8254366568,-32.8673408869,4,Cuarta Este Área Fundacional,1822015.85685,0
32485,Platano,27/05/2011 11:02,Alto (> 8 mts),260,Grande,-68.8533643276,-32.8891599336,5,Residencial Sur,2423808.92355,0
10649,Morera,18/03/2011 09:56,Bajo (2 - 4 mts),50,Mediano,-68.8556181658,-32.8743886548,6,Residencial Norte,2694682.37982,0
16808,Paraiso,09/08/2011 09:58,Alto (> 8 mts),175,Grande,-68.8397310535,-32.8651287263,4,Cuarta Oeste,1173332.70145,0
17973,Morera,01/08/2011 09:28,Medio (4 - 8 mts),190,Grande,-68.8399738599,-32.867500932,4,Cuarta Oeste,1173332.70145,0
46213,Morera,27/09/2011 12:17,Medio (4 - 8 mts),158,Grande,-68.8262440444,-32.8754008405,4,Cuarta Este Área Fundacional,1822015.85685,0
827,Aguaribay,15/12/2011 08:17,Bajo (2 - 4 mts),30,Mediano,-68.8820606747,-32.8670988934,8,Aeroparque,2203364.73622,0
24303,Morera,28/01/2011 07:26,Alto (> 8 mts),63,Grande,-68.8437539802,-32.9018235439,2,Barrio Civico,2366816.36021,0
9488,Fresno europeo,02/02/2011 09:22,Medio (4 - 8 mts),80,Grande,-68.8520751134,-32.8642871364,6,Residencial Norte,2694682.37982,0
13499,Fresno europeo,31/01/2011 12:30,Muy bajo (1 - 2 mts),6,Chico,-68.8515927933,-32.8633415784,6,Residencial Norte,2694682.37982,0
29158,Morera,10/03/2011 10:11,Alto (> 8 mts),168,Grande,-68.8465817359,-32.8892148603,2,Barrio Civico,2366816.36021,0
4857,Morera,26/07/2011 15:29,Bajo (2 - 4 mts),10,Chico,-68.8399223501,-32.8652906947,4,Cuarta Oeste,1173332.70145,0
2816,Fresno europeo,09/11/2011 09:04,Medio (4 - 8 mts),80,Grande,-68.8328817553,-32.8927129088,3,Parque O'Higgins,1531146.02653,0
35776,Fresno europeo,18/03/2011 12:09,Medio (4 - 8 mts),70,Grande,-68.8547199711,-32.8748415862,6,Residencial Norte,2694682.37982,1
21754,Morera,23/05/2011 10:27,Alto (> 8 mts),115,Grande,-68.8572511783,-32.8946702436,5,Residencial Sur,2423808.92355,0
45723,Jacaranda,24/08/2011 11:50,Medio (4 - 8 mts),50,Mediano,-68.8216757315,-32.869120607,4,Cuarta Este Área Fundacional,1822015.85685,0
23838,Morera,28/01/2011 13:28,Alto (> 8 mts),180,Grande,-68.8513779639,-32.9012388683,2,Barrio Civico,2366816.36021,0
82,Fresno americano,29/02/2012 11:04,Bajo (2 - 4 mts),40,Mediano,-68.856861979,-32.901873777,5,Residencial Sur,2423808.92355,1
4477,Morera,28/07/2011 13:56,Medio (4 - 8 mts),38,Mediano,-68.8395094802,-32.8679600472,4,Cuarta Oeste,1173332.70145,0
40787,Platano,19/04/2011 10:36,Alto (> 8 mts),138,Grande,-68.84038966,-32.8838819344,1,Parque Central,1655357.93265,0
17133,Morera,15/08/2011 13:40,Alto (> 8 mts),150,Grande,-68.8366329269,-32.8624891407,4,Cuarta Oeste,1173332.70145,0
17381,Paraiso,22/07/2011 13:33,Alto (> 8 mts),80,Grande,-68.8403848235,-32.8659905771,4,Cuarta Oeste,1173332.70145,0
3020,Morera,15/09/2011 10:08,Alto (> 8 mts),250,Grande,-68.8291554641,-32.8721972481,4,Cuarta Este Área Fundacional,1822015.85685,0
40725,Platano,18/04/2011 09:18,Alto (> 8 mts),180,Grande,-68.8431922136,-32.8853165194,1,Parque Central,1655357.93265,0
35484,Morera,08/04/2011 10:52,Medio (4 - 8 mts),68,Grande,-68.8566664053,-32.8815664974,7,Residencial Parque,1786336.08966,0
30457,Platano,18/02/2011 14:08,Muy bajo (1 - 2 mts),8,Chico,-68.8410183817,-32.8881551866,3,Parque O'Higgins,1531146.02653,0
3051,Ailanthus,16/09/2011 13:32,Alto (> 8 mts),100,Grande,-68.8262253847,-32.8732218011,4,Cuarta Este Área Fundacional,1822015.85685,0
19128,Morera,20/07/2011 10:58,Alto (> 8 mts),122,Grande,-68.8410924943,-32.8718971263,4,Cuarta Oeste,1173332.70145,0
42180,Morera,06/05/2011 10:41,Alto (> 8 mts),141,Grande,-68.8403979456,-32.8741725683,1,Parque Central,1655357.93265,0
9080,Acer,18/02/2011 11:55,Alto (> 8 mts),127,Grande,-68.8548030082,-32.8655293318,6,Residencial Norte,2694682.37982,0
36834,Platano,07/04/2011 11:28,Alto (> 8 mts),119,Grande,-68.8592181551,-32.8802307421,7,Residencial Parque,1786336.08966,0
7072,Caducifolio,03/06/2011 12:27,Muy bajo (1 - 2 mts),15,Chico,-68.8582249293,-32.8975663806,5,Residencial Sur,2423808.92355,0
42624,Fresno europeo,28/09/2011 09:14,Alto (> 8 mts),136,Grande,-68.8279293582,-32.8762222332,4,Cuarta Este Área Fundacional,1822015.85685,1
29608,Morera,23/03/2011 19:02,Alto (> 8 mts),186,Grande,-68.8438376386,-32.8932668207,2,Barrio Civico,2366816.36021,0
26710,Morera,09/11/2011 10:12,Alto (> 8 mts),128,Grande,-68.8328864495,-32.8933805315,3,Parque O'Higgins,1531146.02653,0
25218,Caducifolio,09/02/2011 19:22,Medio (4 - 8 mts),58,Mediano,-68.8365611369,-32.8978545653,2,Barrio Civico,2366816.36021,0
23222,Morera,24/01/2011 10:28,Alto (> 8 mts),111,Grande,-68.8513745149,-32.9013743594,2,Barrio Civico,2366816.36021,0
7908,Fresno europeo,14/06/2011 10:39,Medio (4 - 8 mts),31,Mediano,-68.8589133532,-32.8889758841,5,Residencial Sur,2423808.92355,0
22726,Paraiso,11/05/2011 10:10,Alto (> 8 mts),118,Grande,-68.8532634975,-32.9011936375,2,Barrio Civico,2366816.36021,0
12863,Morera,19/01/2011 09:37,Alto (> 8 mts),100,Grande,-68.846339533,-32.8643342249,4,Cuarta Oeste,1173332.70145,0
38655,Paraiso,16/12/2010 11:11,Alto (> 8 mts),250,Grande,-68.8513008551,-32.870418982,6,Residencial Norte,2694682.37982,0
43652,Morera,14/10/2011 16:58,Bajo (2 - 4 mts),80,Grande,-68.834339638,-32.8811626465,3,Parque O'Higgins,1531146.02653,1
43604,Fresno europeo,13/10/2011 11:50,Alto (> 8 mts),128,Grande,-68.8333732446,-32.8825241763,3,Parque O'Higgins,1531146.02653,0
18252,Fresno europeo,28/07/2011 13:55,Alto (> 8 mts),90,Grande,-68.8395135879,-32.8680042192,4,Cuarta Oeste,1173332.70145,0
1755,Aguaribay,24/11/2011 12:59,Medio (4 - 8 mts),100,Grande,-68.8708377172,-32.8795371107,7,Residencial Parque,1786336.08966,0
31224,Fresno americano,04/02/2011 12:42,Bajo (2 - 4 mts),30,Mediano,-68.853980073,-32.8648772968,6,Residencial Norte,2694682.37982,0
42066,Morera,12/04/2011 12:17,Medio (4 - 8 mts),160,Grande,-68.8421286005,-32.8802329716,1,Parque Central,1655357.93265,0
7728,Morera,19/05/2011 09:41,Alto (> 8 mts),150,Grande,-68.8505045291,-32.887367142,5,Residencial Sur,2423808.92355,0
21537,Platano,08/06/2011 11:30,Alto (> 8 mts),210,Grande,-68.8536386699,-32.8949668221,5,Residencial Sur,2423808.92355,0
46687,Fresno europeo,05/09/2011 12:57,Medio (4 - 8 mts),47,Mediano,-68.8327031334,-32.8703898265,4,Cuarta Este Área Fundacional,1822015.85685,0
28051,Morera,16/03/2011 18:10,Alto (> 8 mts),198,Grande,-68.8457281329,-32.8937881806,2,Barrio Civico,2366816.36021,0
3856,Morera,31/08/2011 11:35,Bajo (2 - 4 mts),44,Mediano,-68.8275159727,-32.8702637141,4,Cuarta Este Área Fundacional,1822015.85685,0
3403,Morera,17/08/2011 13:15,Medio (4 - 8 mts),50,Mediano,-68.8324638171,-32.8676628294,4,Cuarta Oeste,1173332.70145,0
6556,Morera,23/05/2011 09:29,Alto (> 8 mts),108,Grande,-68.8575207537,-32.8912930318,5,Residencial Sur,2423808.92355,1
39087,Morera,22/12/2010 09:06,Alto (> 8 mts),160,Grande,-68.8537391275,-32.8716027301,6,Residencial Norte,2694682.37982,1
20763,Morera,31/05/2011 11:59,Alto (> 8 mts),83,Grande,-68.8618104449,-32.8958948527,5,Residencial Sur,2423808.92355,0
32784,Fresno europeo,14/07/2011 10:25,Muy bajo (1 - 2 mts),6,Chico,-68.851145492,-32.8858239724,5,Residencial Sur,2423808.92355,0
38476,Fresno europeo,03/11/2010 11:23,Muy bajo (1 - 2 mts),15,Chico,-68.8514892231,-32.8702811618,6,Residencial Norte,2694682.37982,0
26945,Fresno europeo,01/11/2011 17:02,Medio (4 - 8 mts),84,Grande,-68.8363500646,-32.8874549525,3,Parque O'Higgins,1531146.02653,0
39466,Morera,11/11/2010 13:30,Alto (> 8 mts),120,Grande,-68.8555742161,-32.8698026454,6,Residencial Norte,2694682.37982,0
18089,Morera,01/08/2011 10:13,Alto (> 8 mts),180,Grande,-68.840150134500007,-32.8681677802,4,Cuarta Oeste,1173332.70145,0
48408,Paraiso,01/09/2011 10:22,Alto (> 8 mts),155,Grande,-68.8301273299,-32.868646446,4,Cuarta Este Área Fundacional,1822015.85685,0
170,Paraiso,26/02/2012 19:56,Medio (4 - 8 mts),60,Mediano,-68.8566366649,-32.8643478911,6,Residencial Norte,2694682.37982,0
36039,Morera,18/03/2011 09:52,Alto (> 8 mts),195,Grande,-68.8568660868,-32.8748790461,6,Residencial Norte,2694682.37982,0
17306,Morera,04/08/2011 10:03,Alto (> 8 mts),150,Grande,-68.8356082515,-32.8653555497,4,Cuarta Oeste,1173332.70145,0
30880,Paraiso,16/02/2011 12:54,Alto (> 8 mts),140,Grande,-68.8547614183,-32.865328118,6,Residencial Norte,2694682.37982,0
7910,Fresno europeo,14/06/2011 10:18,Medio (4 - 8 mts),30,Mediano,-68.8589214457,-32.8885495508,5,Residencial Sur,2423808.92355,0
25998,Fresno europeo,31/01/2011 10:22,Alto (> 8 mts),97,Grande,-68.8384512757,-32.9036231039,2,Barrio Civico,2366816.36021,0
39068,Paraiso sombrilla,22/12/2010 09:58,Muy bajo (1 - 2 mts),20,Chico,-68.8532881582,-32.8708600173,6,Residencial Norte,2694682.37982,0
46694,Morera,05/09/2011 10:25,Alto (> 8 mts),160,Grande,-68.8326302592,-32.8698556538,4,Cuarta Este Área Fundacional,1822015.85685,0
2714,Fresno americano,12/10/2011 14:20,Alto (> 8 mts),118,Grande,-68.8317989856,-32.8826117632,3,Parque O'Higgins,1531146.02653,0
13099,Morera,16/02/2011 13:27,Alto (> 8 mts),140,Grande,-68.8463804222,-32.8655713847,4,Cuarta Oeste,1173332.70145,0
18389,Morera,02/08/2011 15:08,Alto (> 8 mts),170,Grande,-68.839055151,-32.8693022408,4,Cuarta Oeste,1173332.70145,0
44127,Morera,04/10/2011 09:56,Alto (> 8 mts),148,Grande,-68.83513096,-32.8795517504,1,Parque Central,1655357.93265,1
28253,Morera,28/02/2011 16:29,Alto (> 8 mts),122,Grande,-68.8482019151,-32.893238942,2,Barrio Civico,2366816.36021,0
25360,Caducifolio,11/02/2011 12:19,Alto (> 8 mts),92,Grande,-68.8389296521,-32.900349325,2,Barrio Civico,2366816.36021,0
27725,Morera,31/10/2011 10:00,Medio (4 - 8 mts),75,Grande,-68.8349590527,-32.8954071226,3,Parque O'Higgins,1531146.02653,0
30039,Acacia SP,05/05/2011 09:33,Alto (> 8 mts),80,Grande,-68.839853571,-32.8868452203,3,Parque O'Higgins,1531146.02653,1
38048,Morera,06/12/2010 11:44,Alto (> 8 mts),160,Grande,-68.8468622679,-32.8711973944,6,Residencial Norte,2694682.37982,0
47101,Platano,23/09/2011 10:24,Alto (> 8 mts),220,Grande,-68.8347355245,-32.8733483476,4,Cuarta Este Área Fundacional,1822015.85685,0
14634,Aguaribay,12/12/2011 12:44,Medio (4 - 8 mts),180,Grande,-68.8791114085,-32.8656642399,8,Aeroparque,2203364.73622,1
6935,Acer,07/06/2011 12:27,Alto (> 8 mts),95,Grande,-68.8551810067,-32.8969021595,5,Residencial Sur,2423808.92355,0
12699,Acacia visco,20/01/2011 09:44,Alto (> 8 mts),80,Grande,-68.8478075851,-32.8634336026,4,Cuarta Oeste,1173332.70145,0
21140,Paraiso,17/06/2011 11:28,Alto (> 8 mts),165,Grande,-68.8622853353,-32.8982975711,5,Residencial Sur,2423808.92355,0
44716,Prunas,26/08/2011 13:50,Muy bajo (1 - 2 mts),8,Chico,-68.8233495392,-32.8680258156,4,Cuarta Este Área Fundacional,1822015.85685,0
4057,Platano,04/10/2011 09:29,Alto (> 8 mts),140,Grande,-68.8293047615,-32.8790346336,4,Cuarta Este Área Fundacional,1822015.85685,0
41902,Morera,18/04/2011 09:53,Medio (4 - 8 mts),80,Grande,-68.8424795127,-32.8786733048,1,Parque Central,1655357.93265,0
31395,Fresno europeo,23/05/2011 12:38,Alto (> 8 mts),140,Grande,-68.8512885133,-32.8849089248,5,Residencial Sur,2423808.92355,0
1477,Tilo,25/11/2011 11:28,Medio (4 - 8 mts),55,Mediano,-68.8716011979,-32.8769954894,7,Residencial Parque,1786336.08966,0
6015,Morera,12/04/2011 09:46,Alto (> 8 mts),165,Grande,-68.843016933,-32.8835679253,1,Parque Central,1655357.93265,1
35192,Fresno europeo,23/03/2011 12:44,Medio (4 - 8 mts),85,Grande,-68.8528722377,-32.8824112159,1,Parque Central,1655357.93265,0
6432,Morera,09/05/2011 13:51,Bajo (2 - 4 mts),32,Mediano,-68.860970987300007,-32.8865379923,5,Residencial Sur,2423808.92355,0
31975,Fresno europeo,02/06/2011 12:45,Bajo (2 - 4 mts),60,Mediano,-68.8591330073,-32.8836629404,5,Residencial Sur,2423808.92355,0
42264,Morera,03/05/2011 11:31,Alto (> 8 mts),115,Grande,-68.8383016528,-32.8758956157,1,Parque Central,1655357.93265,0
18578,Morera,07/07/2011 09:58,Alto (> 8 mts),128,Grande,-68.8364789619,-32.8740631807,4,Cuarta Oeste,1173332.70145,0
5802,Paraiso,03/05/2011 11:58,Alto (> 8 mts),125,Grande,-68.8429257313,-32.8760005958,1,Parque Central,1655357.93265,0
40330,Fresno europeo,08/04/2011 12:21,Bajo (2 - 4 mts),44,Mediano,-68.8438005226,-32.8805150779,1,Parque Central,1655357.93265,0
4512,Morera,01/08/2011 10:00,Medio (4 - 8 mts),46,Mediano,-68.8402791724,-32.8681181507,4,Cuarta Oeste,1173332.70145,0
27185,Fresno europeo,26/10/2011 12:42,Alto (> 8 mts),190,Grande,-68.8361167869,-32.8909859414,3,Parque O'Higgins,1531146.02653,0
48188,Morera,02/09/2011 12:30,Alto (> 8 mts),87,Grande,-68.8285145143,-32.8694014884,4,Cuarta Este Área Fundacional,1822015.85685,0
30453,Fresno europeo,18/02/2011 12:25,Bajo (2 - 4 mts),10,Chico,-68.8414992185,-32.8890409877,3,Parque O'Higgins,1531146.02653,0
2437,Fresno europeo,27/10/2011 10:02,Bajo (2 - 4 mts),40,Mediano,-68.8370996552,-32.89003199,3,Parque O'Higgins,1531146.02653,0
22447,Morera,28/06/2011 09:14,Muy bajo (1 - 2 mts),15,Chico,-68.8613842452,-32.8981489985,5,Residencial Sur,2423808.92355,0
422,Morera,06/03/2012 12:19,Medio (4 - 8 mts),150,Grande,-68.8176405358,-32.8674092606,4,Cuarta Este Área Fundacional,1822015.85685,0
29123,Platano,26/04/2011 12:46,Alto (> 8 mts),190,Grande,-68.8447503106,-32.885780566,1,Parque Central,1655357.93265,0
31870,Fresno europeo,29/06/2011 10:36,Medio (4 - 8 mts),56,Mediano,-68.8602296486,-32.8894555601,5,Residencial Sur,2423808.92355,0
29529,Morera,25/02/2011 13:33,Alto (> 8 mts),112,Grande,-68.8437987679,-32.8925174668,2,Barrio Civico,2366816.36021,0
20610,Acacia SP,30/05/2011 10:03,Alto (> 8 mts),155,Grande,-68.8622284217,-32.8978478353,5,Residencial Sur,2423808.92355,1
10693,Fresno europeo,29/03/2011 10:54,Muy bajo (1 - 2 mts),8,Chico,-68.85046794,-32.8755303188,6,Residencial Norte,2694682.37982,0
5050,Morera,15/08/2011 11:15,Alto (> 8 mts),67,Grande,-68.8377298555,-32.862505007,4,Cuarta Oeste,1173332.70145,0
28286,Morera,10/03/2011 17:23,Alto (> 8 mts),188,Grande,-68.8505771222,-32.8926647005,5,Residencial Sur,2423808.92355,1
5325,Morera,27/04/2011 11:12,Bajo (2 - 4 mts),32,Mediano,-68.8418510657,-32.8777858759,1,Parque Central,1655357.93265,0
24674,Paraiso,19/01/2011 10:19,Medio (4 - 8 mts),150,Grande,-68.8412268985,-32.8967164678,2,Barrio Civico,2366816.36021,1
48398,Fresno europeo,01/09/2011 11:37,Medio (4 - 8 mts),65,Grande,-68.830341757,-32.8693276966,4,Cuarta Este Área Fundacional,1822015.85685,0
17544,Morera,28/07/2011 10:29,Alto (> 8 mts),180,Grande,-68.8397384424,-32.8671052375,4,Cuarta Oeste,1173332.70145,0
3839,Fresno europeo,02/09/2011 09:52,Medio (4 - 8 mts),44,Mediano,-68.8303914587,-32.8706750907,4,Cuarta Este Área Fundacional,1822015.85685,0
1454,Fresno europeo,25/11/2011 10:23,Medio (4 - 8 mts),80,Grande,-68.8712250649,-32.8759088411,7,Residencial Parque,1786336.08966,0
30011,Platano,29/04/2011 11:12,Alto (> 8 mts),162,Grande,-68.8408074306,-32.8869534139,3,Parque O'Higgins,1531146.02653,0
23974,Morera,14/01/2011 18:30,Alto (> 8 mts),280,Grande,-68.8447478498,-32.8998075553,2,Barrio Civico,2366816.36021,0
10319,Morera,26/11/2010 12:57,Medio (4 - 8 mts),65,Grande,-68.8567881954,-32.8720807863,6,Residencial Norte,2694682.37982,0
31351,Morera,01/03/2011 12:47,Alto (> 8 mts),144,Grande,-68.8494616796,-32.8658963862,6,Residencial Norte,2694682.37982,0
7335,Fresno europeo,21/06/2011 11:22,Medio (4 - 8 mts),80,Grande,-68.8598617392,-32.9006426585,5,Residencial Sur,2423808.92355,0
23065,Platano,15/06/2011 19:50,Bajo (2 - 4 mts),10,Chico,-68.8607331774,-32.9016639207,5,Residencial Sur,2423808.92355,0
3705,Perenne,26/08/2011 10:14,Medio (4 - 8 mts),200,Grande,-68.8241611741,-32.8695477944,4,Cuarta Este Área Fundacional,1822015.85685,0
25587,Morera,10/02/2011 14:30,Medio (4 - 8 mts),138,Grande,-68.8392384973,-32.9015620445,2,Barrio Civico,2366816.36021,1
47832,Morera,21/09/2011 10:04,Alto (> 8 mts),90,Grande,-68.8282029194,-32.8741609982,4,Cuarta Este Área Fundacional,1822015.85685,1
44670,Paraiso,19/08/2011 10:55,Alto (> 8 mts),210,Grande,-68.8232540332,-32.8679052892,4,Cuarta Este Área Fundacional,1822015.85685,1
10215,Liquidambar,15/12/2010 09:40,Muy bajo (1 - 2 mts),15,Chico,-68.8511119232,-32.871553666,6,Residencial Norte,2694682.37982,0
27639,Morera,01/11/2011 10:44,Alto (> 8 mts),118,Grande,-68.8368666096,-32.8940795417,2,Barrio Civico,2366816.36021,1
37074,Platano,06/04/2011 10:06,Alto (> 8 mts),260,Grande,-68.8584292727,-32.8756805373,7,Residencial Parque,1786336.08966,0
24526,Morera,27/01/2011 13:38,Medio (4 - 8 mts),76,Grande,-68.8424552295,-32.9012733603,2,Barrio Civico,2366816.36021,0
21483,Fresno europeo,11/05/2011 11:45,Alto (> 8 mts),137,Grande,-68.8588856913,-32.8926119453,5,Residencial Sur,2423808.92355,0
3893,Conifera,01/09/2011 11:28,Muy bajo (1 - 2 mts),10,Chico,-68.8195895912,-32.8712002205,4,Cuarta Este Área Fundacional,1822015.85685,0
34235,Morera,23/03/2011 10:05,Medio (4 - 8 mts),160,Grande,-68.8525015405,-32.8745961638,6,Residencial Norte,2694682.37982,0
18740,Morera,12/07/2011 10:37,Alto (> 8 mts),100,Grande,-68.8373349098,-32.8729241049,4,Cuarta Oeste,1173332.70145,0
26311,Platano,21/10/2011 08:47,Alto (> 8 mts),135,Grande,-68.8315440479,-32.8894196031,3,Parque O'Higgins,1531146.02653,1
11171,Fresno europeo,27/01/2011 12:53,Alto (> 8 mts),65,Grande,-68.844109587,-32.901225593,2,Barrio Civico,2366816.36021,0
13732,Morera,28/01/2011 09:00,Alto (> 8 mts),90,Grande,-68.8498266033,-32.8632829625,6,Residencial Norte,2694682.37982,0
1147,Olmo comun,01/12/2011 13:20,Alto (> 8 mts),98,Grande,-68.8770043747,-32.8681869413,8,Aeroparque,2203364.73622,0
25182,Morera,09/02/2011 17:19,Alto (> 8 mts),132,Grande,-68.8362708219,-32.8980999051,2,Barrio Civico,2366816.36021,1
3335,Caducifolio,05/10/2011 11:18,Bajo (2 - 4 mts),44,Mediano,-68.8295916357,-32.8798087565,4,Cuarta Este Área Fundacional,1822015.85685,0
34462,Morera,11/03/2011 10:03,Medio (4 - 8 mts),70,Grande,-68.8501162323,-32.8742141661,6,Residencial Norte,2694682.37982,0
28812,Fresno europeo,27/04/2011 10:30,Alto (> 8 mts),120,Grande,-68.8477817067,-32.8856443641,1,Parque Central,1655357.93265,0
22555,Paraiso,17/06/2011 07:53,Alto (> 8 mts),102,Grande,-68.8623681889,-32.9000155189,5,Residencial Sur,2423808.92355,0
33041,Morera,17/05/2011 13:56,Alto (> 8 mts),199,Grande,-68.8530575901,-32.8870182139,5,Residencial Sur,2423808.92355,0
34993,Fresno europeo,31/03/2011 12:39,Alto (> 8 mts),98,Grande,-68.8551744539,-32.8798832113,6,Residencial Norte,2694682.37982,1
10411,Morera,11/03/2011 13:02,Medio (4 - 8 mts),50,Mediano,-68.8575485837,-32.8733250296,6,Residencial Norte,2694682.37982,0
5966,Fresno americano,29/04/2011 10:54,Medio (4 - 8 mts),50,Mediano,-68.8472483843,-32.8843795737,1,Parque Central,1655357.93265,0
23187,Morera,18/01/2011 13:11,Alto (> 8 mts),180,Grande,-68.8480319167,-32.9008992084,2,Barrio Civico,2366816.36021,0
46765,Alamo blanco,05/09/2011 10:55,Medio (4 - 8 mts),156,Grande,-68.8335270322,-32.8704892869,4,Cuarta Oeste,1173332.70145,1
19494,Morera,18/07/2011 10:09,Alto (> 8 mts),135,Grande,-68.8386066441,-32.8721695916,4,Cuarta Oeste,1173332.70145,0
5859,Morera,03/05/2011 11:21,Alto (> 8 mts),98,Grande,-68.8370859393,-32.8785034583,1,Parque Central,1655357.93265,1
46741,Morera,07/09/2011 10:41,Medio (4 - 8 mts),63,Grande,-68.8331287782,-32.8701844481,4,Cuarta Oeste,1173332.70145,0
43255,Morera,24/10/2011 08:53,Medio (4 - 8 mts),100,Grande,-68.8346312947,-32.8799082323,1,Parque Central,1655357.93265,0
18055,Caducifolio,01/08/2011 09:11,Bajo (2 - 4 mts),35,Mediano,-68.8415143412,-32.868354183,4,Cuarta Oeste,1173332.70145,0
30583,Paraiso,09/02/2011 12:08,Alto (> 8 mts),170,Grande,-68.8577606572,-32.8658834628,6,Residencial Norte,2694682.37982,0
42628,Morera,28/09/2011 09:03,Alto (> 8 mts),200,Grande,-68.8279470606,-32.8755337597,4,Cuarta Este Área Fundacional,1822015.85685,1
45166,Fresno europeo,31/08/2011 14:00,Muy bajo (1 - 2 mts),2,Chico,-68.8232263971,-32.8711207814,4,Cuarta Este Área Fundacional,1822015.85685,0
38940,Morera,03/01/2011 10:30,Alto (> 8 mts),85,Grande,-68.8564364603,-32.8709448226,6,Residencial Norte,2694682.37982,0
39809,Tipa,29/04/2011 10:48,Alto (> 8 mts),240,Grande,-68.8472050433,-32.8842153803,1,Parque Central,1655357.93265,0
5206,Perenne,08/08/2011 09:14,Medio (4 - 8 mts),67,Grande,-68.8392759759,-32.8696723601,4,Cuarta Oeste,1173332.70145,0
28148,Morera,21/02/2011 19:42,Bajo (2 - 4 mts),28,Mediano,-68.8489601546,-32.8921837164,2,Barrio Civico,2366816.36021,0
1545,Prunas,22/11/2011 18:35,Muy bajo (1 - 2 mts),12,Chico,-68.8729566187,-32.8787324752,7,Residencial Parque,1786336.08966,0
44792,Fresno europeo,23/08/2011 11:19,Alto (> 8 mts),140,Grande,-68.822984218,-32.8693210185,4,Cuarta Este Área Fundacional,1822015.85685,0
2433,Fresno europeo,26/10/2011 12:41,Bajo (2 - 4 mts),10,Chico,-68.8359807999,-32.8909879966,3,Parque O'Higgins,1531146.02653,0
41279,Morera,11/04/2011 13:22,Alto (> 8 mts),133,Grande,-68.8402354713,-32.880935421,1,Parque Central,1655357.93265,0
15505,Paraiso,22/11/2011 11:59,Muy bajo (1 - 2 mts),5,Chico,-68.8602066363,-32.8711962651,7,Residencial Parque,1786336.08966,0
22703,Morera,12/05/2011 12:32,Medio (4 - 8 mts),58,Mediano,-68.8540243682,-32.8996758222,5,Residencial Sur,2423808.92355,1
34844,Platano,30/03/2011 09:49,Alto (> 8 mts),199,Grande,-68.8515383291,-32.8768556606,6,Residencial Norte,2694682.37982,0
24710,Platano,17/02/2011 11:41,Alto (> 8 mts),190,Grande,-68.8413219577,-32.8984312808,2,Barrio Civico,2366816.36021,0
41386,Morera,19/04/2011 10:11,Alto (> 8 mts),98,Grande,-68.8412669176,-32.8822459921,1,Parque Central,1655357.93265,0
27844,Morera,02/11/2011 10:02,Alto (> 8 mts),62,Grande,-68.835505504,-32.8950145252,3,Parque O'Higgins,1531146.02653,0
4735,Tilo,10/08/2011 11:32,Alto (> 8 mts),60,Mediano,-68.8343340821,-32.8661432216,4,Cuarta Oeste,1173332.70145,0
38219,Fresno europeo,24/08/2010 10:08,Bajo (2 - 4 mts),102,Grande,-68.8464044943,-32.8740017329,6,Residencial Norte,2694682.37982,0
41145,Morera,27/04/2011 18:35,Alto (> 8 mts),92,Grande,-68.8388974386,-32.8832635016,1,Parque Central,1655357.93265,0
33971,Paraiso,26/05/2011 13:20,Medio (4 - 8 mts),100,Grande,-68.8546711514,-32.8845906363,5,Residencial Sur,2423808.92355,0
29796,Morera,09/03/2011 09:03,Muy bajo (1 - 2 mts),13,Chico,-68.8436201941,-32.891778488,2,Barrio Civico,2366816.36021,0
18704,Fresno americano,04/07/2011 10:29,Alto (> 8 mts),142,Grande,-68.835354441,-32.8747529439,4,Cuarta Este Área Fundacional,1822015.85685,0
17004,Fresno europeo,15/08/2011 11:00,Alto (> 8 mts),140,Grande,-68.8369705956,-32.8645755042,4,Cuarta Oeste,1173332.70145,0
38426,Paraiso sombrilla,04/11/2010 10:51,Alto (> 8 mts),180,Grande,-68.851595237,-32.8691873607,6,Residencial Norte,2694682.37982,0
16162,Morera,18/07/2011 10:30,Medio (4 - 8 mts),50,Mediano,-68.8430368641,-32.8676360389,4,Cuarta Oeste,1173332.70145,0
20620,Paraiso,02/06/2011 12:25,Alto (> 8 mts),140,Grande,-68.859925018,-32.8958001513,5,Residencial Sur,2423808.92355,0
47038,Platano,15/09/2011 10:26,Alto (> 8 mts),170,Grande,-68.8319581938,-32.8724785039,4,Cuarta Este Área Fundacional,1822015.85685,0
42050,Morera,08/04/2011 10:25,Alto (> 8 mts),114,Grande,-68.8419458734,-32.8804707878,1,Parque Central,1655357.93265,0
1175,Paraiso,29/11/2011 10:12,Medio (4 - 8 mts),62,Grande,-68.8761373532,-32.8649226986,8,Aeroparque,2203364.73622,0
48006,Morera,29/08/2011 09:00,Medio (4 - 8 mts),126,Grande,-68.8263069279,-32.8689622031,4,Cuarta Este Área Fundacional,1822015.85685,1
48243,Tilo,02/09/2011 10:40,Medio (4 - 8 mts),50,Mediano,-68.829476885,-32.8699593774,4,Cuarta Este Área Fundacional,1822015.85685,0
22822,Fresno americano,14/06/2011 12:11,Medio (4 - 8 mts),32,Mediano,-68.8581206579,-32.9021782985,5,Residencial Sur,2423808.92355,0
3652,Morera,24/08/2011 11:11,Alto (> 8 mts),205,Grande,-68.8226806491,-32.8686998442,4,Cuarta Este Área Fundacional,1822015.85685,0
4701,Morera,16/08/2011 10:27,Alto (> 8 mts),160,Grande,-68.8370136791,-32.8657289157,4,Cuarta Oeste,1173332.70145,0
8661,Morera,02/02/2011 10:17,Bajo (2 - 4 mts),40,Mediano,-68.8399695409,-32.9042134655,2,Barrio Civico,2366816.36021,0
7790,Paraiso sombrilla,12/05/2011 12:18,Medio (4 - 8 mts),100,Grande,-68.8551405619,-32.8858471618,5,Residencial Sur,2423808.92355,0
47603,Morera,08/09/2011 11:35,Alto (> 8 mts),140,Grande,-68.829261178,-32.8717381994,4,Cuarta Este Área Fundacional,1822015.85685,1
36767,Platano,28/03/2011 15:58,Alto (> 8 mts),138,Grande,-68.857159221,-32.8816144902,7,Residencial Parque,1786336.08966,0
45070,Fresno europeo,31/08/2011 12:12,Alto (> 8 mts),168,Grande,-68.8220605121,-32.8711959528,4,Cuarta Este Área Fundacional,1822015.85685,0
14400,Jacaranda,02/12/2011 10:12,Bajo (2 - 4 mts),26,Mediano,-68.8786335402,-32.8672144211,8,Aeroparque,2203364.73622,0
6500,Fresno europeo,09/06/2011 10:28,Alto (> 8 mts),60,Mediano,-68.8613260669,-32.887598874,5,Residencial Sur,2423808.92355,0
27631,Morera,07/11/2011 10:09,Alto (> 8 mts),190,Grande,-68.8381167416,-32.8953227044,2,Barrio Civico,2366816.36021,1
44726,Algarrobo,26/08/2011 09:25,Medio (4 - 8 mts),60,Mediano,-68.8240221308,-32.8679961294,4,Cuarta Este Área Fundacional,1822015.85685,0
17261,Fresno europeo,05/08/2011 11:12,Alto (> 8 mts),80,Grande,-68.8357022534,-32.8647870643,4,Cuarta Oeste,1173332.70145,0
28874,Platano,26/04/2011 11:08,Alto (> 8 mts),155,Grande,-68.846109015,-32.8849641543,1,Parque Central,1655357.93265,0
34561,Morera,31/03/2011 08:56,Alto (> 8 mts),190,Grande,-68.8477998785,-32.8756378487,6,Residencial Norte,2694682.37982,1
11064,Paraiso,31/03/2011 12:43,Muy bajo (1 - 2 mts),15,Chico,-68.8552070431,-32.8799772145,6,Residencial Norte,2694682.37982,0
47888,Morera,22/09/2011 09:46,Alto (> 8 mts),190,Grande,-68.829938214,-32.8730663834,4,Cuarta Este Área Fundacional,1822015.85685,0
24664,Fresno europeo,18/01/2011 13:43,Medio (4 - 8 mts),48,Mediano,-68.8425865166,-32.9011140257,2,Barrio Civico,2366816.36021,0
11667,Paraiso,27/01/2011 09:28,Alto (> 8 mts),148,Grande,-68.8493651968,-32.868566223,6,Residencial Norte,2694682.37982,0
30887,Olmo bola,16/02/2011 13:27,Alto (> 8 mts),76,Grande,-68.8540612497,-32.8653797386,6,Residencial Norte,2694682.37982,0
37097,Fresno europeo,06/04/2011 12:12,Medio (4 - 8 mts),38,Mediano,-68.85842573,-32.8766636302,7,Residencial Parque,1786336.08966,0
38135,Perenne,02/12/2010 12:23,Muy bajo (1 - 2 mts),30,Mediano,-68.8459781849,-32.8723738314,6,Residencial Norte,2694682.37982,0
3460,Morera,19/08/2011 09:30,Medio (4 - 8 mts),85,Grande,-68.8273269262,-32.8672219717,4,Cuarta Este Área Fundacional,1822015.85685,0
29243,Platano,25/02/2011 09:18,Alto (> 8 mts),220,Grande,-68.8452801554,-32.8877319576,1,Parque Central,1655357.93265,0
26430,Fresno europeo,09/11/2011 09:34,Medio (4 - 8 mts),145,Grande,-68.8344399168,-32.8918571107,3,Parque O'Higgins,1531146.02653,0
5403,Morera,20/04/2011 09:53,Medio (4 - 8 mts),80,Grande,-68.8444195687,-32.8783149114,1,Parque Central,1655357.93265,1
8893,Tipa,28/04/2010 12:02,Alto (> 8 mts),163,Grande,-68.8529651287,-32.8666154249,6,Residencial Norte,2694682.37982,0
38057,Acacia SP,07/12/2010 11:46,Alto (> 8 mts),48,Mediano,-68.8477351342,-32.870958602,6,Residencial Norte,2694682.37982,0
7409,Fresno europeo,19/05/2011 16:45,Muy bajo (1 - 2 mts),4,Chico,-68.8557748416,-32.8996205826,5,Residencial Sur,2423808.92355,0
35626,Paraiso,15/03/2011 13:19,Alto (> 8 mts),160,Grande,-68.8562278956,-32.8741848213,6,Residencial Norte,2694682.37982,1
20838,Morera,27/05/2011 09:10,Alto (> 8 mts),145,Grande,-68.859918255,-32.8948003487,5,Residencial Sur,2423808.92355,0
35983,Morera,22/03/2011 09:38,Alto (> 8 mts),150,Grande,-68.8550418289,-32.8752244834,6,Residencial Norte,2694682.37982,0
23708,Fresno americano,24/01/2011 19:26,Bajo (2 - 4 mts),98,Grande,-68.84920186,-32.9011692383,2,Barrio Civico,2366816.36021,0
24807,Platano,18/02/2011 08:24,Alto (> 8 mts),250,Grande,-68.8408388263,-32.8966497903,2,Barrio Civico,2366816.36021,0
13585,Liquidambar,28/02/2011 13:04,Bajo (2 - 4 mts),25,Mediano,-68.8518847144,-32.8650180706,6,Residencial Norte,2694682.37982,0
46703,Morera,05/09/2011 10:08,Alto (> 8 mts),189,Grande,-68.8320176628,-32.8697270644,4,Cuarta Este Área Fundacional,1822015.85685,0
25447,Morera,11/02/2011 08:45,Alto (> 8 mts),147,Grande,-68.8376260029,-32.900399037,2,Barrio Civico,2366816.36021,0
34834,Morera,30/03/2011 09:28,Alto (> 8 mts),150,Grande,-68.8523166058,-32.8767046466,6,Residencial Norte,2694682.37982,0
2832,Morera,07/11/2011 08:56,Medio (4 - 8 mts),40,Mediano,-68.8345670408,-32.8937096425,3,Parque O'Higgins,1531146.02653,0
23090,Paraiso,19/01/2011 14:30,Alto (> 8 mts),172,Grande,-68.8478002083,-32.901065439,2,Barrio Civico,2366816.36021,1
34056,Morera,30/05/2011 12:41,Medio (4 - 8 mts),120,Grande,-68.8563701615,-32.8850241491,5,Residencial Sur,2423808.92355,1
39530,Paraiso,28/10/2010 11:11,Medio (4 - 8 mts),60,Mediano,-68.849770006,-32.8694079413,6,Residencial Norte,2694682.37982,0
37061,Morera,05/04/2011 12:56,Medio (4 - 8 mts),140,Grande,-68.8564605858,-32.8769929631,6,Residencial Norte,2694682.37982,0
34131,Morera,10/03/2011 09:53,Bajo (2 - 4 mts),13,Chico,-68.8561640738,-32.8732108282,6,Residencial Norte,2694682.37982,0
4372,Jacaranda,09/08/2011 11:01,Medio (4 - 8 mts),53,Mediano,-68.8364491317,-32.8693978173,4,Cuarta Oeste,1173332.70145,0
26618,Platano,03/11/2011 10:59,Alto (> 8 mts),340,Grande,-68.833565065,-32.8900133435,3,Parque O'Higgins,1531146.02653,0
25965,Perenne,01/02/2011 10:57,Alto (> 8 mts),87,Grande,-68.8393408226,-32.9040882595,2,Barrio Civico,2366816.36021,0
4651,Paraiso,12/08/2011 09:57,Medio (4 - 8 mts),50,Mediano,-68.835259283,-32.8638340952,4,Cuarta Oeste,1173332.70145,0
28839,Caducifolio,27/04/2011 11:45,Alto (> 8 mts),110,Grande,-68.8485792932,-32.8851847479,1,Parque Central,1655357.93265,0
10459,Morera,09/03/2011 13:45,Medio (4 - 8 mts),45,Mediano,-68.8554586039,-32.8731294928,6,Residencial Norte,2694682.37982,0
23684,Morera,21/01/2011 12:49,Bajo (2 - 4 mts),22,Mediano,-68.8485541608,-32.8998318803,2,Barrio Civico,2366816.36021,0
18597,Fresno europeo,06/07/2011 12:25,Alto (> 8 mts),73,Grande,-68.8369469282,-32.8758431936,1,Parque Central,1655357.93265,0
39473,Paraiso,10/11/2010 11:38,Alto (> 8 mts),190,Grande,-68.854457977,-32.8703527425,6,Residencial Norte,2694682.37982,0
6221,Morera,04/04/2011 15:31,Medio (4 - 8 mts),32,Mediano,-68.8396862508,-32.8882670126,3,Parque O'Higgins,1531146.02653,0
12604,Morera,14/01/2011 13:23,Alto (> 8 mts),100,Grande,-68.8453089281,-32.8627987012,4,Cuarta Oeste,1173332.70145,0
47370,Morera,21/09/2011 12:05,Medio (4 - 8 mts),150,Grande,-68.8286685163,-32.87423172,4,Cuarta Este Área Fundacional,1822015.85685,1
28718,Prunas,14/03/2011 09:22,Medio (4 - 8 mts),62,Grande,-68.8489383964,-32.8876607752,5,Residencial Sur,2423808.92355,0
18579,Morera,07/07/2011 09:57,Alto (> 8 mts),140,Grande,-68.8364946575,-32.8741278526,4,Cuarta Oeste,1173332.70145,1
19563,Morera,26/07/2011 09:31,Medio (4 - 8 mts),110,Grande,-68.8383488863,-32.8717162477,4,Cuarta Oeste,1173332.70145,0
33006,Morera,18/05/2011 12:23,Alto (> 8 mts),180,Grande,-68.8520826313,-32.8881947311,5,Residencial Sur,2423808.92355,0
33796,Fresno europeo,13/05/2011 08:49,Medio (4 - 8 mts),130,Grande,-68.8565925824,-32.8858674867,5,Residencial Sur,2423808.92355,0
14380,Paraiso sombrilla,01/12/2011 11:33,Bajo (2 - 4 mts),60,Mediano,-68.8784406373,-32.8665179771,8,Aeroparque,2203364.73622,0
1235,Jacaranda,29/11/2011 13:26,Alto (> 8 mts),95,Grande,-68.8764041915,-32.8654992128,8,Aeroparque,2203364.73622,1
1738,Fresno americano,22/11/2011 09:21,Alto (> 8 mts),62,Grande,-68.8728047138,-32.8787437038,7,Residencial Parque,1786336.08966,0
21527,Acer,11/05/2011 11:11,Alto (> 8 mts),192,Grande,-68.8535997145,-32.8948552373,5,Residencial Sur,2423808.92355,0
6877,Morera,07/06/2011 10:17,Medio (4 - 8 mts),100,Grande,-68.8588068235,-32.8950001812,5,Residencial Sur,2423808.92355,0
8867,Morera,12/05/2010 12:04,Bajo (2 - 4 mts),38,Mediano,-68.8511041313,-32.8666745805,6,Residencial Norte,2694682.37982,0
43497,Morera,14/11/2011 08:00,Medio (4 - 8 mts),50,Mediano,-68.8285327423,-32.8843546514,3,Parque O'Higgins,1531146.02653,0
20372,Platano,24/05/2011 12:37,Alto (> 8 mts),168,Grande,-68.8612177145,-32.8944389571,5,Residencial Sur,2423808.92355,0
16692,Paraiso,20/07/2011 14:21,Alto (> 8 mts),198,Grande,-68.840889861,-32.8635452823,4,Cuarta Oeste,1173332.70145,0
17720,Paraiso,18/07/2011 09:29,Medio (4 - 8 mts),95,Grande,-68.8424324321,-32.8674124406,4,Cuarta Oeste,1173332.70145,0
30388,Acacia SP,02/03/2011 13:10,Alto (> 8 mts),220,Grande,-68.8404306799,-32.8896707913,3,Parque O'Higgins,1531146.02653,0
956,Morera,11/01/2012 12:32,Muy bajo (1 - 2 mts),10,Chico,-68.8346645967,-32.8950678179,3,Parque O'Higgins,1531146.02653,0
23885,Fresno americano,28/02/2012 13:07,Medio (4 - 8 mts),68,Grande,-68.8519903631,-32.900549772,2,Barrio Civico,2366816.36021,0
32429,Paraiso,26/05/2011 12:04,Alto (> 8 mts),145,Grande,-68.8526531258,-32.8888594195,5,Residencial Sur,2423808.92355,0
862,Aguaribay,15/12/2011 08:11,Medio (4 - 8 mts),140,Grande,-68.8804527268,-32.8663815139,8,Aeroparque,2203364.73622,0
28298,Platano,10/03/2011 14:48,Alto (> 8 mts),126,Grande,-68.8494742149,-32.8930754507,2,Barrio Civico,2366816.36021,0
42449,Acacia SP,26/09/2011 10:05,Medio (4 - 8 mts),67,Grande,-68.8322520988,-32.8760765656,4,Cuarta Este Área Fundacional,1822015.85685,0
44941,Morera,23/08/2011 10:04,Alto (> 8 mts),180,Grande,-68.8243329582,-32.8686174341,4,Cuarta Este Área Fundacional,1822015.85685,1
23272,Morera,26/01/2012 12:24,Medio (4 - 8 mts),100,Grande,-68.8524062602,-32.9011992109,2,Barrio Civico,2366816.36021,1
35085,Fresno europeo,21/03/2011 12:21,Alto (> 8 mts),65,Grande,-68.8547291439,-32.8804203826,6,Residencial Norte,2694682.37982,0
45819,Morera,01/09/2011 10:20,Medio (4 - 8 mts),210,Grande,-68.8205166659,-32.8711267514,4,Cuarta Este Área Fundacional,1822015.85685,0
13027,Paraiso sombrilla,16/02/2011 10:08,Alto (> 8 mts),150,Grande,-68.8453659298,-32.86553769,4,Cuarta Oeste,1173332.70145,0
9911,Aguaribay,11/02/2011 11:22,Medio (4 - 8 mts),43,Mediano,-68.8581795828,-32.8647777295,6,Residencial Norte,2694682.37982,0
4884,Morera,20/07/2011 11:05,Alto (> 8 mts),160,Grande,-68.8440237529,-32.871800439,4,Cuarta Oeste,1173332.70145,1
47922,Fresno europeo,29/08/2011 12:08,Medio (4 - 8 mts),97,Grande,-68.8277761565,-32.8710790678,4,Cuarta Este Área Fundacional,1822015.85685,0
47865,Fresno europeo,21/09/2011 12:12,Bajo (2 - 4 mts),40,Mediano,-68.8302216504,-32.8740421305,4,Cuarta Este Área Fundacional,1822015.85685,0
21389,Morera,09/05/2011 12:56,Alto (> 8 mts),145,Grande,-68.8539785888,-32.8925815205,5,Residencial Sur,2423808.92355,0
48387,Perenne,01/09/2011 12:00,Medio (4 - 8 mts),50,Mediano,-68.8296885029,-32.8698153459,4,Cuarta Este Área Fundacional,1822015.85685,0
12783,Paraiso sombrilla,21/01/2011 09:44,Bajo (2 - 4 mts),40,Mediano,-68.8476039152,-32.8635766513,4,Cuarta Oeste,1173332.70145,0
35198,Platano,23/03/2011 12:30,Alto (> 8 mts),195,Grande,-68.8524048849,-32.8823694579,1,Parque Central,1655357.93265,0
18693,Morera,04/07/2011 11:26,Alto (> 8 mts),145,Grande,-68.8356129443,-32.8736407743,4,Cuarta Oeste,1173332.70145,1
242,Platano,06/03/2012 09:20,Alto (> 8 mts),138,Grande,-68.8387310619,-32.8705730005,4,Cuarta Oeste,1173332.70145,0
418,Acer,06/03/2012 12:27,Medio (4 - 8 mts),130,Grande,-68.8180617823,-32.8673495768,4,Cuarta Este Área Fundacional,1822015.85685,0
46820,Morera,16/09/2011 08:33,Medio (4 - 8 mts),85,Grande,-68.8334705602,-32.872428679,4,Cuarta Este Área Fundacional,1822015.85685,0
38398,Morera,04/11/2010 12:12,Alto (> 8 mts),98,Grande,-68.8522141563,-32.8693349561,6,Residencial Norte,2694682.37982,0
21430,Morera,10/05/2011 10:48,Alto (> 8 mts),103,Grande,-68.8566298089,-32.8930920177,5,Residencial Sur,2423808.92355,1
18258,Palo borracho,08/08/2011 09:46,Bajo (2 - 4 mts),70,Grande,-68.839083392,-32.8689070645,4,Cuarta Oeste,1173332.70145,0
31791,Morera,03/01/2012 11:13,Medio (4 - 8 mts),100,Grande,-68.8595550126,-32.8902379236,5,Residencial Sur,2423808.92355,0
15271,Fresno europeo,21/11/2011 12:30,Muy bajo (1 - 2 mts),23,Mediano,-68.8583660214,-32.8704341383,6,Residencial Norte,2694682.37982,0
28074,Morera,21/02/2011 18:10,Bajo (2 - 4 mts),32,Mediano,-68.8502420893,-32.8919519636,5,Residencial Sur,2423808.92355,0
3191,Paraiso,21/09/2011 11:29,Medio (4 - 8 mts),223,Grande,-68.8290180038,-32.8753948697,4,Cuarta Este Área Fundacional,1822015.85685,0
10800,Morera,07/04/2011 10:11,Bajo (2 - 4 mts),22,Mediano,-68.8581517044,-32.8776725665,7,Residencial Parque,1786336.08966,0
29143,Paraiso,10/03/2011 13:07,Medio (4 - 8 mts),50,Mediano,-68.8467475513,-32.8882765387,2,Barrio Civico,2366816.36021,0
7273,Platano,17/06/2011 19:32,Muy bajo (1 - 2 mts),8,Chico,-68.860628009,-32.9016661552,5,Residencial Sur,2423808.92355,0
24734,Morera,17/02/2011 09:56,Alto (> 8 mts),120,Grande,-68.8397287374,-32.8988001663,2,Barrio Civico,2366816.36021,1
22717,Morera,10/05/2011 13:08,Alto (> 8 mts),152,Grande,-68.8536571319,-32.9018643747,2,Barrio Civico,2366816.36021,0
30409,Morera,21/02/2011 13:27,Alto (> 8 mts),222,Grande,-68.8428073635,-32.8886249292,3,Parque O'Higgins,1531146.02653,0
32514,Acacia visco,24/06/2011 10:01,Alto (> 8 mts),155,Grande,-68.851209225,-32.8895889297,5,Residencial Sur,2423808.92355,0
15477,Paraiso,21/11/2011 13:11,Medio (4 - 8 mts),130,Grande,-68.8601021332,-32.8713611592,7,Residencial Parque,1786336.08966,0
19711,Platano,12/07/2011 09:20,Alto (> 8 mts),280,Grande,-68.8342817015,-32.8707439914,4,Cuarta Oeste,1173332.70145,1
10867,Braquiquito,30/03/2011 09:59,Medio (4 - 8 mts),53,Mediano,-68.8513844172,-32.8790228945,6,Residencial Norte,2694682.37982,0
38385,Paraiso sombrilla,05/11/2010 11:59,Bajo (2 - 4 mts),40,Mediano,-68.8529640454,-32.869292507,6,Residencial Norte,2694682.37982,0
9303,Morera,17/02/2011 11:30,Alto (> 8 mts),160,Grande,-68.8455981729,-32.864566853,4,Cuarta Oeste,1173332.70145,0
39186,Morera,25/11/2010 09:11,Alto (> 8 mts),150,Grande,-68.8541506508,-32.873078743,6,Residencial Norte,2694682.37982,0
185,Aguaribay,24/02/2012 11:27,Medio (4 - 8 mts),130,Grande,-68.8575229985,-32.8646301785,6,Residencial Norte,2694682.37982,0
8496,Fresno europeo,14/02/2011 12:20,Alto (> 8 mts),142,Grande,-68.8365028568,-32.8959558249,2,Barrio Civico,2366816.36021,1
27230,Fresno europeo,26/10/2011 10:07,Alto (> 8 mts),80,Grande,-68.8369616993,-32.8896048774,3,Parque O'Higgins,1531146.02653,1
4720,Acer,27/07/2011 09:57,Muy bajo (1 - 2 mts),20,Chico,-68.8408584948,-32.8654164871,4,Cuarta Oeste,1173332.70145,0
18392,Morera,02/08/2011 15:30,Alto (> 8 mts),150,Grande,-68.8389369502,-32.869028685,4,Cuarta Oeste,1173332.70145,1
8855,Paraiso,01/02/2011 12:46,Medio (4 - 8 mts),140,Grande,-68.8540400266,-32.8666762433,6,Residencial Norte,2694682.37982,0
4061,Platano,04/10/2011 19:46,Alto (> 8 mts),175,Grande,-68.8289238622,-32.8790542796,4,Cuarta Este Área Fundacional,1822015.85685,0
14349,Paraiso sombrilla,01/12/2011 13:06,Bajo (2 - 4 mts),120,Grande,-68.8775259024,-32.8661688546,8,Aeroparque,2203364.73622,0
43722,Acacia SP,11/10/2011 09:00,Alto (> 8 mts),150,Grande,-68.832432149,-32.8830070421,3,Parque O'Higgins,1531146.02653,1
5847,Morera,06/05/2011 13:58,Medio (4 - 8 mts),35,Mediano,-68.8416503516,-32.8792963331,1,Parque Central,1655357.93265,0
45274,Fresno europeo,16/09/2011 10:13,Alto (> 8 mts),134,Grande,-68.8238992463,-32.8712759201,4,Cuarta Este Área Fundacional,1822015.85685,0
40906,Platano,18/04/2011 18:39,Alto (> 8 mts),152,Grande,-68.8381985685,-32.8856443257,3,Parque O'Higgins,1531146.02653,0
6627,Morera,11/05/2011 11:28,Alto (> 8 mts),118,Grande,-68.8584152786,-32.8927564543,5,Residencial Sur,2423808.92355,1
8652,Ailanthus,04/02/2011 09:35,Alto (> 8 mts),94,Grande,-68.8411082953,-32.9025700585,2,Barrio Civico,2366816.36021,0
35404,Morera,17/06/2011 17:01,Medio (4 - 8 mts),120,Grande,-68.8558927574,-32.883193705,5,Residencial Sur,2423808.92355,0
41205,Platano,18/04/2011 09:29,Alto (> 8 mts),240,Grande,-68.837070469,-32.8813253779,1,Parque Central,1655357.93265,0
30476,Platano,17/02/2011 09:58,Alto (> 8 mts),220,Grande,-68.8399317883,-32.8883556893,3,Parque O'Higgins,1531146.02653,1
37792,Fresno americano,24/02/2012 08:13,Bajo (2 - 4 mts),12,Chico,-68.849045198,-32.8731840291,6,Residencial Norte,2694682.37982,0
24769,Platano,15/02/2011 12:17,Alto (> 8 mts),260,Grande,-68.8406131298,-32.8957346476,2,Barrio Civico,2366816.36021,0
29283,Morera,22/02/2011 13:40,Alto (> 8 mts),220,Grande,-68.8427601611,-32.8879149265,3,Parque O'Higgins,1531146.02653,1
15041,Paraiso sombrilla,22/12/2011 17:11,Medio (4 - 8 mts),95,Grande,-68.8813077375,-32.8715938527,8,Aeroparque,2203364.73622,0
13101,Paraiso,16/02/2011 13:14,Bajo (2 - 4 mts),70,Grande,-68.8463592246,-32.865746072,4,Cuarta Oeste,1173332.70145,0
46640,Morera,02/09/2011 10:54,Muy bajo (1 - 2 mts),8,Chico,-68.8311445887,-32.868557964,4,Cuarta Este Área Fundacional,1822015.85685,0
27558,Platano,28/10/2011 11:46,Alto (> 8 mts),170,Grande,-68.8397701271,-32.8924928933,2,Barrio Civico,2366816.36021,0
143,Caducifolio,28/02/2012 18:23,Bajo (2 - 4 mts),44,Mediano,-68.8583297629,-32.8641070446,6,Residencial Norte,2694682.37982,0
36594,Caducifolio,16/06/2011 09:15,Muy bajo (1 - 2 mts),30,Mediano,-68.8568913436,-32.881837353,7,Residencial Parque,1786336.08966,0
4811,Morera,28/07/2011 09:19,Bajo (2 - 4 mts),44,Mediano,-68.8400192833,-32.8664440983,4,Cuarta Oeste,1173332.70145,0
27582,Morera,28/10/2011 11:58,Medio (4 - 8 mts),100,Grande,-68.8388285464,-32.8919642841,3,Parque O'Higgins,1531146.02653,1
88,Morera,29/02/2012 10:52,Bajo (2 - 4 mts),50,Mediano,-68.8563808316,-32.9019005023,5,Residencial Sur,2423808.92355,0
32577,Morera,17/06/2011 10:31,Medio (4 - 8 mts),140,Grande,-68.8530763873,-32.8898857145,5,Residencial Sur,2423808.92355,0
8333,Morera,16/03/2011 18:18,Muy bajo (1 - 2 mts),4,Chico,-68.8456463755,-32.8934703977,2,Barrio Civico,2366816.36021,0
42703,Morera,30/09/2011 12:11,Alto (> 8 mts),128,Grande,-68.8293599933,-32.8774968527,4,Cuarta Este Área Fundacional,1822015.85685,1
6908,Palo borracho,27/05/2011 10:22,Medio (4 - 8 mts),80,Grande,-68.8618780878,-32.8953564962,5,Residencial Sur,2423808.92355,0
23259,Fresno europeo,27/01/2012 12:20,Bajo (2 - 4 mts),70,Grande,-68.8517930788,-32.9013765694,2,Barrio Civico,2366816.36021,0
90,Fresno europeo,29/02/2012 10:49,Bajo (2 - 4 mts),30,Mediano,-68.8562086466,-32.9019325551,5,Residencial Sur,2423808.92355,0
33840,Fresno europeo,16/05/2011 13:21,Medio (4 - 8 mts),100,Grande,-68.8533512009,-32.8859799561,5,Residencial Sur,2423808.92355,0
46413,Paraiso,19/08/2011 09:37,Alto (> 8 mts),190,Grande,-68.8333369862,-32.8680358077,4,Cuarta Oeste,1173332.70145,0
37280,Fresno europeo,15/03/2011 09:56,Medio (4 - 8 mts),45,Mediano,-68.8578389862,-32.8735479928,6,Residencial Norte,2694682.37982,0
47301,Morera,20/09/2011 10:31,Muy bajo (1 - 2 mts),8,Chico,-68.83167102,-32.8739255165,4,Cuarta Este Área Fundacional,1822015.85685,0
43888,Platano,11/10/2011 09:41,Alto (> 8 mts),290,Grande,-68.8332904097,-32.8837310713,3,Parque O'Higgins,1531146.02653,0
29472,Fresno americano,16/03/2011 12:56,Alto (> 8 mts),125,Grande,-68.8444436992,-32.8931622396,2,Barrio Civico,2366816.36021,0
16346,Morera,12/08/2011 13:29,Bajo (2 - 4 mts),35,Mediano,-68.841901543,-32.8629409862,4,Cuarta Oeste,1173332.70145,0
31447,Morera,13/07/2011 12:24,Alto (> 8 mts),155,Grande,-68.8490540749,-32.8844452127,1,Parque Central,1655357.93265,1
621,Morera,07/03/2012 16:48,Medio (4 - 8 mts),170,Grande,-68.8188320398,-32.8684183312,4,Cuarta Este Área Fundacional,1822015.85685,0
38329,Paraiso,10/11/2010 09:33,Muy bajo (1 - 2 mts),10,Chico,-68.8530750231,-32.8690275238,6,Residencial Norte,2694682.37982,0
18989,Morera,03/08/2011 13:00,Alto (> 8 mts),200,Grande,-68.8367780904,-32.8697815167,4,Cuarta Oeste,1173332.70145,0
47961,Olmo comun,02/09/2011 10:18,Medio (4 - 8 mts),145,Grande,-68.8258657235,-32.8688686251,4,Cuarta Este Área Fundacional,1822015.85685,0
234,Platano,06/03/2012 09:32,Alto (> 8 mts),165,Grande,-68.8381569483,-32.8704309717,4,Cuarta Oeste,1173332.70145,0
4561,Paraiso,08/08/2011 14:02,Alto (> 8 mts),180,Grande,-68.8383766211,-32.8645832491,4,Cuarta Oeste,1173332.70145,1
40947,Morera,18/04/2011 15:36,Medio (4 - 8 mts),62,Grande,-68.8408184915,-32.88548899,1,Parque Central,1655357.93265,0
30022,Platano,02/05/2011 15:32,Alto (> 8 mts),170,Grande,-68.8408773666,-32.8863310649,3,Parque O'Higgins,1531146.02653,0
44900,Morera,23/08/2011 09:46,Medio (4 - 8 mts),100,Grande,-68.8251060991,-32.8672047508,4,Cuarta Este Área Fundacional,1822015.85685,0
7267,Morera,14/06/2011 12:26,Alto (> 8 mts),92,Grande,-68.8592274816,-32.9023164351,5,Residencial Sur,2423808.92355,0
6270,Morera,13/07/2011 13:02,Muy bajo (1 - 2 mts),5,Chico,-68.8512233854,-32.8828483005,1,Parque Central,1655357.93265,0
38965,Morera,28/12/2010 11:53,Alto (> 8 mts),120,Grande,-68.8554804666,-32.8705617234,6,Residencial Norte,2694682.37982,0
18754,Morera,06/07/2011 12:18,Alto (> 8 mts),150,Grande,-68.8368935231,-32.8727146284,4,Cuarta Oeste,1173332.70145,0
35499,Morera,06/04/2011 11:46,Alto (> 8 mts),120,Grande,-68.8558654915,-32.8808739514,7,Residencial Parque,1786336.08966,1
35440,Morera,23/03/2011 10:31,Alto (> 8 mts),149,Grande,-68.8551168405,-32.881994549,6,Residencial Norte,2694682.37982,0
2317,Morera,02/11/2011 10:34,Alto (> 8 mts),95,Grande,-68.8362710963,-32.8950511368,2,Barrio Civico,2366816.36021,0
11771,Morera,25/01/2011 11:42,Alto (> 8 mts),124,Grande,-68.8490760064,-32.864439718,6,Residencial Norte,2694682.37982,0
20768,Fresno europeo,31/05/2011 11:30,Medio (4 - 8 mts),67,Grande,-68.8615521848,-32.8957132866,5,Residencial Sur,2423808.92355,0
19653,Morera,13/07/2011 09:56,Alto (> 8 mts),110,Grande,-68.8351000255,-32.8704048663,4,Cuarta Oeste,1173332.70145,1
9534,Caducifolio,07/02/2011 08:33,Bajo (2 - 4 mts),10,Chico,-68.8535257388,-32.8642959161,6,Residencial Norte,2694682.37982,0
9335,Acer,21/02/2011 09:49,Medio (4 - 8 mts),154,Grande,-68.8470148111,-32.8653753085,4,Cuarta Oeste,1173332.70145,0
33353,Platano,19/05/2011 10:53,Alto (> 8 mts),185,Grande,-68.8567658928,-32.8908675674,5,Residencial Sur,2423808.92355,0
21362,Platano,09/05/2011 08:51,Alto (> 8 mts),185,Grande,-68.8534678204,-32.8926715917,5,Residencial Sur,2423808.92355,0
17645,Morera,20/07/2011 12:29,Alto (> 8 mts),150,Grande,-68.8419615799,-32.8664390982,4,Cuarta Oeste,1173332.70145,0
30706,Acer,04/02/2011 11:01,Bajo (2 - 4 mts),30,Mediano,-68.8556891934,-32.867312003,6,Residencial Norte,2694682.37982,0
15233,Paraiso,16/11/2011 12:30,Medio (4 - 8 mts),30,Mediano,-68.8602151512,-32.8687965206,6,Residencial Norte,2694682.37982,0
35268,Fresno americano,24/06/2011 10:05,Medio (4 - 8 mts),160,Grande,-68.852173756,-32.8826809001,1,Parque Central,1655357.93265,0
26837,Morera,09/11/2011 11:36,Alto (> 8 mts),155,Grande,-68.8330333273,-32.8933006774,3,Parque O'Higgins,1531146.02653,0
21462,Platano,12/05/2011 09:44,Alto (> 8 mts),210,Grande,-68.8574344364,-32.8919470673,5,Residencial Sur,2423808.92355,0
18251,Ligustro,28/07/2011 13:57,Medio (4 - 8 mts),35,Mediano,-68.8395030987,-32.8679153158,4,Cuarta Oeste,1173332.70145,0
35840,Morera,03/03/2011 12:39,Alto (> 8 mts),80,Grande,-68.8545058148,-32.8740031226,6,Residencial Norte,2694682.37982,0
20841,Morera,27/05/2011 09:47,Medio (4 - 8 mts),24,Mediano,-68.8597682653,-32.8948250672,5,Residencial Sur,2423808.92355,0
7242,Paraiso,17/06/2011 11:07,Bajo (2 - 4 mts),32,Mediano,-68.8629629534,-32.8981211685,5,Residencial Sur,2423808.92355,0
6449,Acacia visco,26/05/2011 09:44,Medio (4 - 8 mts),16,Chico,-68.8506572393,-32.8890669614,5,Residencial Sur,2423808.92355,0
3834,Paraiso,02/09/2011 10:31,Alto (> 8 mts),160,Grande,-68.8299501932,-32.8699295147,4,Cuarta Este Área Fundacional,1822015.85685,1
6861,Morera,07/06/2011 10:48,Medio (4 - 8 mts),90,Grande,-68.8576092778,-32.8951773311,5,Residencial Sur,2423808.92355,0
38230,Perenne,18/01/2012 12:38,Medio (4 - 8 mts),30,Mediano,-68.8460504445,-32.8730996037,6,Residencial Norte,2694682.37982,0
19315,Morera,13/07/2011 09:43,Alto (> 8 mts),45,Mediano,-68.8364247658,-32.8704285862,4,Cuarta Oeste,1173332.70145,0
29855,Platano,14/03/2011 09:14,Alto (> 8 mts),220,Grande,-68.8418000974,-32.8924009084,2,Barrio Civico,2366816.36021,0
3466,Morera,19/08/2011 08:56,Bajo (2 - 4 mts),40,Mediano,-68.8272893735,-32.8666628693,4,Cuarta Este Área Fundacional,1822015.85685,0
4272,Morera,26/07/2011 10:53,Medio (4 - 8 mts),84,Grande,-68.83704236,-32.8712201906,4,Cuarta Oeste,1173332.70145,1
24264,Morera,19/01/2011 13:58,Alto (> 8 mts),200,Grande,-68.8442186222,-32.9004987891,2,Barrio Civico,2366816.36021,0
43510,Morera,20/10/2011 15:49,Alto (> 8 mts),190,Grande,-68.8300795598,-32.8814654429,3,Parque O'Higgins,1531146.02653,0
44065,Morera,14/10/2011 11:45,Medio (4 - 8 mts),180,Grande,-68.8299017403,-32.8851705684,3,Parque O'Higgins,1531146.02653,0
29773,Ligustro,15/03/2011 09:14,Alto (> 8 mts),88,Grande,-68.8413531178,-32.8931827215,2,Barrio Civico,2366816.36021,0
27188,Platano,26/10/2011 12:37,Alto (> 8 mts),233,Grande,-68.8357128488,-32.8909612461,3,Parque O'Higgins,1531146.02653,0
28666,Platano,02/03/2011 09:41,Alto (> 8 mts),195,Grande,-68.8474494348,-32.8913505025,2,Barrio Civico,2366816.36021,0
2691,Fresno europeo,11/10/2011 12:33,Medio (4 - 8 mts),22,Mediano,-68.8298159517,-32.8836307944,3,Parque O'Higgins,1531146.02653,0
5687,Paraiso sombrilla,29/04/2011 13:24,Alto (> 8 mts),140,Grande,-68.8394416656,-32.8753725484,1,Parque Central,1655357.93265,0
11036,Fresno europeo,28/03/2011 16:40,Bajo (2 - 4 mts),18,Chico,-68.8572894056,-32.879392564,7,Residencial Parque,1786336.08966,0
8666,Morera,02/02/2011 09:15,Medio (4 - 8 mts),20,Chico,-68.8408347316,-32.90386968,2,Barrio Civico,2366816.36021,0
14015,Paraiso sombrilla,29/11/2011 17:15,Bajo (2 - 4 mts),90,Grande,-68.878643733,-32.8655193824,8,Aeroparque,2203364.73622,0
43147,Fresno europeo,05/10/2011 11:13,Alto (> 8 mts),140,Grande,-68.8295882126,-32.8795202273,4,Cuarta Este Área Fundacional,1822015.85685,0
20253,Platano,26/05/2011 08:56,Alto (> 8 mts),150,Grande,-68.859079287,-32.8947764679,5,Residencial Sur,2423808.92355,0
17403,Fresno europeo,22/07/2011 09:47,Medio (4 - 8 mts),30,Mediano,-68.8406878853,-32.8662004272,4,Cuarta Oeste,1173332.70145,0
1730,Fresno americano,22/11/2011 09:52,Medio (4 - 8 mts),30,Mediano,-68.8730039782,-32.8793338664,7,Residencial Parque,1786336.08966,0
6964,Ligustro,03/06/2011 13:41,Muy bajo (1 - 2 mts),3,Chico,-68.8607841103,-32.8967439376,5,Residencial Sur,2423808.92355,0
4034,Paraiso,21/09/2011 13:43,Medio (4 - 8 mts),117,Grande,-68.8302257546,-32.8730475733,4,Cuarta Este Área Fundacional,1822015.85685,0
4312,Alamo blanco,22/07/2011 08:45,Alto (> 8 mts),190,Grande,-68.8449746287,-32.8712476516,6,Residencial Norte,2694682.37982,0
5917,Fresno europeo,25/04/2011 09:30,Muy bajo (1 - 2 mts),5,Chico,-68.8434943975,-32.8865890601,1,Parque Central,1655357.93265,0
26874,Platano,28/10/2011 18:23,Alto (> 8 mts),180,Grande,-68.8381094036,-32.8860222105,3,Parque O'Higgins,1531146.02653,0
41101,Paraiso,27/04/2011 13:01,Alto (> 8 mts),98,Grande,-68.8387671308,-32.8821570157,1,Parque Central,1655357.93265,0
9889,Fresno americano,11/02/2011 09:12,Medio (4 - 8 mts),40,Mediano,-68.8576761783,-32.8653159073,6,Residencial Norte,2694682.37982,0
26109,Morera,11/11/2011 12:54,Medio (4 - 8 mts),84,Grande,-68.8312905826,-32.8872579726,3,Parque O'Higgins,1531146.02653,1
29441,Morera,09/03/2011 18:44,Alto (> 8 mts),142,Grande,-68.8454604083,-32.8927773852,2,Barrio Civico,2366816.36021,0
7710,Tilo,31/05/2011 08:47,Bajo (2 - 4 mts),30,Mediano,-68.8574171221,-32.8843797478,5,Residencial Sur,2423808.92355,0
16109,Morera,15/07/2011 10:25,Alto (> 8 mts),92,Grande,-68.8451467446,-32.8723280809,6,Residencial Norte,2694682.37982,0
469,Morera,07/03/2012 11:03,Alto (> 8 mts),180,Grande,-68.822016337,-32.8685923991,4,Cuarta Este Área Fundacional,1822015.85685,0
30885,Paraiso,17/02/2011 09:23,Alto (> 8 mts),140,Grande,-68.8540309981,-32.8656171449,6,Residencial Norte,2694682.37982,0
46261,Fresno europeo,19/09/2011 13:31,Alto (> 8 mts),168,Grande,-68.8227139596,-32.873525188,4,Cuarta Este Área Fundacional,1822015.85685,0
25301,Morera,08/02/2011 08:21,Alto (> 8 mts),125,Grande,-68.8371895189,-32.8980351379,2,Barrio Civico,2366816.36021,1
45350,Morera,16/09/2011 09:01,Medio (4 - 8 mts),140,Grande,-68.8243540375,-32.8733314293,4,Cuarta Este Área Fundacional,1822015.85685,0
3207,Fresno americano,22/09/2011 09:19,Alto (> 8 mts),60,Mediano,-68.8276768346,-32.874354191,4,Cuarta Este Área Fundacional,1822015.85685,0
7430,Fresno europeo,24/06/2011 13:34,Alto (> 8 mts),76,Grande,-68.8574619377,-32.899453425,5,Residencial Sur,2423808.92355,0
43738,Morera,17/10/2011 16:44,Medio (4 - 8 mts),68,Grande,-68.8324915664,-32.8815858696,3,Parque O'Higgins,1531146.02653,0
28255,Morera,28/02/2011 16:27,Alto (> 8 mts),172,Grande,-68.8482363401,-32.8933442815,2,Barrio Civico,2366816.36021,0
29656,Morera,04/03/2011 11:18,Alto (> 8 mts),172,Grande,-68.8413286327,-32.8937281233,2,Barrio Civico,2366816.36021,0
5314,Acacia SP,28/04/2011 12:40,Muy bajo (1 - 2 mts),10,Chico,-68.8434382821,-32.8762791476,1,Parque Central,1655357.93265,0
38989,Paraiso,27/12/2010 12:06,Alto (> 8 mts),85,Grande,-68.8549591574,-32.8709640269,6,Residencial Norte,2694682.37982,0
1222,Fresno europeo,29/11/2011 12:03,Muy bajo (1 - 2 mts),10,Chico,-68.8770685609,-32.8648854483,8,Aeroparque,2203364.73622,0
34433,Morera,09/03/2011 13:15,Alto (> 8 mts),140,Grande,-68.8506341744,-32.8738191223,6,Residencial Norte,2694682.37982,0
48352,Morera,17/08/2011 11:12,Medio (4 - 8 mts),220,Grande,-68.8280178931,-32.8665187208,4,Cuarta Este Área Fundacional,1822015.85685,0
15467,Morera,21/11/2011 13:34,Bajo (2 - 4 mts),33,Mediano,-68.8597918054,-32.8711261097,6,Residencial Norte,2694682.37982,0
41318,Morera,19/04/2011 12:03,Alto (> 8 mts),170,Grande,-68.8413836882,-32.8832233946,1,Parque Central,1655357.93265,1
40604,Platano,15/04/2011 10:28,Alto (> 8 mts),190,Grande,-68.8457082169,-32.8848609163,1,Parque Central,1655357.93265,0
7872,Platano,21/06/2011 09:32,Alto (> 8 mts),155,Grande,-68.854108528,-32.8894504779,5,Residencial Sur,2423808.92355,0
35963,Acer,23/03/2011 10:52,Alto (> 8 mts),95,Grande,-68.8549943862,-32.8758362926,6,Residencial Norte,2694682.37982,0
34354,Morera,28/03/2011 12:58,Medio (4 - 8 mts),106,Grande,-68.8522399115,-32.8753989937,6,Residencial Norte,2694682.37982,0
28604,Morera,22/02/2011 08:24,Alto (> 8 mts),200,Grande,-68.8499823528,-32.8905769885,5,Residencial Sur,2423808.92355,0
39194,Fresno europeo,25/11/2010 13:52,Medio (4 - 8 mts),70,Grande,-68.8543871892,-32.8729682906,6,Residencial Norte,2694682.37982,0
4269,Tilo,11/07/2011 09:51,Medio (4 - 8 mts),28,Mediano,-68.8363599105,-32.8715593087,4,Cuarta Oeste,1173332.70145,0
44871,Morera,23/08/2011 10:46,Bajo (2 - 4 mts),86,Grande,-68.8251338564,-32.8678150564,4,Cuarta Este Área Fundacional,1822015.85685,0
35226,Platano,22/03/2011 13:25,Alto (> 8 mts),149,Grande,-68.8537209065,-32.8812690181,6,Residencial Norte,2694682.37982,1
26719,Paraiso,02/11/2011 08:24,Medio (4 - 8 mts),90,Grande,-68.8324585446,-32.8943070711,3,Parque O'Higgins,1531146.02653,1
2333,Fresno europeo,25/10/2011 09:01,Muy bajo (1 - 2 mts),3,Chico,-68.8333175277,-32.888790451,3,Parque O'Higgins,1531146.02653,0
9170,Acacia SP,01/03/2011 11:48,Alto (> 8 mts),160,Grande,-68.8512345893,-32.8655608077,6,Residencial Norte,2694682.37982,0
40762,Morera,19/04/2011 08:52,Medio (4 - 8 mts),82,Grande,-68.8416964033,-32.8844038681,1,Parque Central,1655357.93265,1
18433,Paraiso,11/07/2011 10:48,Alto (> 8 mts),160,Grande,-68.8390771433,-32.8729797386,4,Cuarta Oeste,1173332.70145,0
2699,Fresno europeo,11/10/2011 12:15,Muy bajo (1 - 2 mts),2,Chico,-68.8297686419,-32.8829776506,3,Parque O'Higgins,1531146.02653,0
45248,Fresno europeo,29/09/2011 11:23,Alto (> 8 mts),170,Grande,-68.8232911688,-32.8728292959,4,Cuarta Este Área Fundacional,1822015.85685,0
48292,Morera,17/08/2011 09:54,Alto (> 8 mts),280,Grande,-68.8289548783,-32.8682103219,4,Cuarta Este Área Fundacional,1822015.85685,1
11111,Morera,30/03/2011 09:41,Bajo (2 - 4 mts),19,Chico,-68.8520833785,-32.8817058641,1,Parque Central,1655357.93265,0
37127,Morera,07/04/2011 10:19,Alto (> 8 mts),100,Grande,-68.8584578084,-32.8777616787,7,Residencial Parque,1786336.08966,0
36241,Perenne,17/03/2011 13:08,Medio (4 - 8 mts),94,Grande,-68.8545824528,-32.8784952694,6,Residencial Norte,2694682.37982,0
47577,Fresno europeo,19/09/2011 08:10,Medio (4 - 8 mts),68,Grande,-68.826234506,-32.8720740289,4,Cuarta Este Área Fundacional,1822015.85685,0
43247,Morera,04/10/2011 08:34,Alto (> 8 mts),138,Grande,-68.8338083931,-32.8796617441,1,Parque Central,1655357.93265,0
33309,Fresno europeo,24/06/2011 10:43,Alto (> 8 mts),94,Grande,-68.8577030858,-32.8901677523,5,Residencial Sur,2423808.92355,0
15617,Paraiso,16/11/2011 12:49,Medio (4 - 8 mts),100,Grande,-68.8617787873,-32.8717585369,7,Residencial Parque,1786336.08966,0
44050,Fresno americano,18/10/2011 12:15,Alto (> 8 mts),102,Grande,-68.8320938042,-32.8860730584,3,Parque O'Higgins,1531146.02653,0
12345,Morera,18/01/2011 09:31,Medio (4 - 8 mts),120,Grande,-68.8471820894,-32.8662654255,6,Residencial Norte,2694682.37982,0
18482,Paraiso,07/07/2011 11:02,Alto (> 8 mts),94,Grande,-68.8384800398,-32.8742829986,4,Cuarta Oeste,1173332.70145,0
31254,Paraiso,03/02/2011 09:45,Alto (> 8 mts),200,Grande,-68.8529891553,-32.863684186,6,Residencial Norte,2694682.37982,0
43472,Prunas,03/10/2011 09:34,Bajo (2 - 4 mts),25,Mediano,-68.8316887087,-32.8789840503,4,Cuarta Este Área Fundacional,1822015.85685,0
31437,Fresno europeo,14/07/2011 09:12,Alto (> 8 mts),190,Grande,-68.8489473185,-32.8851364113,1,Parque Central,1655357.93265,0
296,Fresno europeo,05/03/2012 13:32,Bajo (2 - 4 mts),100,Grande,-68.8226135503,-32.8676339708,4,Cuarta Este Área Fundacional,1822015.85685,0
41171,Paraiso,19/04/2011 09:48,Alto (> 8 mts),147,Grande,-68.8370171572,-32.8800339942,1,Parque Central,1655357.93265,0
15927,Jacaranda,24/11/2011 12:07,Bajo (2 - 4 mts),26,Mediano,-68.8734499735,-32.8770944607,7,Residencial Parque,1786336.08966,0
20279,Morera,17/05/2011 10:13,Alto (> 8 mts),110,Grande,-68.8593301731,-32.8936732959,5,Residencial Sur,2423808.92355,0
40822,Fresno europeo,26/04/2011 17:22,Alto (> 8 mts),98,Grande,-68.8391780166,-32.8842797959,1,Parque Central,1655357.93265,0
38563,Morera,20/12/2010 12:27,Alto (> 8 mts),140,Grande,-68.8525283476,-32.8707573992,6,Residencial Norte,2694682.37982,0
30312,Platano,11/03/2011 08:20,Alto (> 8 mts),160,Grande,-68.8420475708,-32.8908352279,2,Barrio Civico,2366816.36021,0
24565,Morera,28/01/2011 13:34,Alto (> 8 mts),160,Grande,-68.8437700273,-32.9024364767,2,Barrio Civico,2366816.36021,0
18533,Morera,05/07/2011 12:55,Alto (> 8 mts),140,Grande,-68.8377040399,-32.8732418904,4,Cuarta Oeste,1173332.70145,0
28210,Morera,10/03/2011 19:31,Alto (> 8 mts),198,Grande,-68.848088277,-32.8933669145,2,Barrio Civico,2366816.36021,0
5646,Platano,02/05/2011 13:11,Medio (4 - 8 mts),26,Mediano,-68.8394020865,-32.8765245769,1,Parque Central,1655357.93265,0
658,Morera,07/03/2012 16:01,Medio (4 - 8 mts),60,Mediano,-68.8179050582,-32.8681096059,4,Cuarta Este Área Fundacional,1822015.85685,0
21474,Morera,11/05/2011 12:20,Alto (> 8 mts),89,Grande,-68.8588917931,-32.8917851895,5,Residencial Sur,2423808.92355,1
16251,Perenne,20/07/2011 09:17,Medio (4 - 8 mts),80,Grande,-68.842911994,-32.8648453771,4,Cuarta Oeste,1173332.70145,0
22147,Fresno europeo,13/05/2011 13:44,Alto (> 8 mts),40,Mediano,-68.8553787039,-32.8983114594,5,Residencial Sur,2423808.92355,0
15542,Paraiso sombrilla,18/11/2011 17:15,Bajo (2 - 4 mts),28,Mediano,-68.8608599321,-32.8710866621,7,Residencial Parque,1786336.08966,0
2512,Fresno europeo,21/10/2011 14:26,Bajo (2 - 4 mts),28,Mediano,-68.8352875713,-32.8886128834,3,Parque O'Higgins,1531146.02653,0
4335,Perenne,03/08/2011 12:30,Muy bajo (1 - 2 mts),2,Chico,-68.8379848842,-32.8703918093,4,Cuarta Oeste,1173332.70145,0
41983,Fresno europeo,25/04/2011 12:06,Alto (> 8 mts),163,Grande,-68.8371599344,-32.879911009,1,Parque Central,1655357.93265,0
284,Morera,06/03/2012 10:47,Alto (> 8 mts),110,Grande,-68.8218138388,-32.8677742263,4,Cuarta Este Área Fundacional,1822015.85685,0
12011,Morera,07/04/2010 11:50,Bajo (2 - 4 mts),106,Grande,-68.8528505567,-32.867148631,6,Residencial Norte,2694682.37982,0
21073,Jacaranda,23/06/2011 10:34,Bajo (2 - 4 mts),55,Mediano,-68.8631440707,-32.900220497,5,Residencial Sur,2423808.92355,0
23040,Morera,10/06/2011 18:59,Medio (4 - 8 mts),36,Mediano,-68.8614984763,-32.901654597,5,Residencial Sur,2423808.92355,0
45735,Fresno europeo,24/08/2011 11:25,Medio (4 - 8 mts),190,Grande,-68.8221168722,-32.8687173383,4,Cuarta Este Área Fundacional,1822015.85685,0
21079,Morera,23/06/2011 10:14,Alto (> 8 mts),130,Grande,-68.8629295554,-32.9003551252,5,Residencial Sur,2423808.92355,0
6787,Morera,27/05/2011 10:44,Alto (> 8 mts),113,Grande,-68.8589058411,-32.8942816695,5,Residencial Sur,2423808.92355,1
43233,Morera,04/10/2011 08:56,Alto (> 8 mts),120,Grande,-68.8350352965,-32.8797265617,1,Parque Central,1655357.93265,1
21600,Fresno europeo,12/05/2011 09:31,Muy bajo (1 - 2 mts),5,Chico,-68.8551897571,-32.8942588168,5,Residencial Sur,2423808.92355,0
33005,Morera,18/05/2011 12:22,Alto (> 8 mts),190,Grande,-68.8521429801,-32.8881838352,5,Residencial Sur,2423808.92355,0
47093,Morera,23/09/2011 10:41,Alto (> 8 mts),150,Grande,-68.8343145534,-32.8727312359,4,Cuarta Este Área Fundacional,1822015.85685,0
18137,Prunas,27/07/2011 10:06,Medio (4 - 8 mts),26,Mediano,-68.841634831,-32.8688334293,4,Cuarta Oeste,1173332.70145,0
30068,Platano,11/04/2011 15:31,Alto (> 8 mts),178,Grande,-68.8391113246,-32.8862641037,3,Parque O'Higgins,1531146.02653,0
26767,Morera,11/01/2012 08:48,Alto (> 8 mts),160,Grande,-68.8332668443,-32.8955150643,3,Parque O'Higgins,1531146.02653,1
36349,Morera,18/03/2011 09:26,Medio (4 - 8 mts),78,Grande,-68.8514757521,-32.8788019268,6,Residencial Norte,2694682.37982,0
12970,Morera,15/02/2011 08:52,Alto (> 8 mts),130,Grande,-68.8439253491,-32.8648114793,4,Cuarta Oeste,1173332.70145,0
13391,Ligustro,10/01/2011 12:34,Alto (> 8 mts),240,Grande,-68.8441373674,-32.866924956,4,Cuarta Oeste,1173332.70145,0
38579,Fresno europeo,17/12/2010 10:10,Alto (> 8 mts),120,Grande,-68.8519232231,-32.8715237694,6,Residencial Norte,2694682.37982,0
42946,Paraiso sombrilla,07/10/2011 16:33,Bajo (2 - 4 mts),60,Mediano,-68.8345295966,-32.8776289264,1,Parque Central,1655357.93265,0
19169,Morera,18/07/2011 10:33,Alto (> 8 mts),125,Grande,-68.8405729544,-32.8732272754,4,Cuarta Oeste,1173332.70145,1
9208,Morera,02/03/2011 10:08,Muy bajo (1 - 2 mts),8,Chico,-68.8502947633,-32.8654167418,6,Residencial Norte,2694682.37982,0
33935,Fresno europeo,24/05/2011 09:07,Alto (> 8 mts),200,Grande,-68.8525227639,-32.8839774953,5,Residencial Sur,2423808.92355,0
35072,Paraiso,22/03/2011 09:53,Alto (> 8 mts),122,Grande,-68.8550518391,-32.8800135858,6,Residencial Norte,2694682.37982,0
19165,Morera,18/07/2011 10:54,Alto (> 8 mts),125,Grande,-68.8403046177,-32.8733033967,4,Cuarta Oeste,1173332.70145,0
15513,Acacia SP,21/11/2011 13:22,Muy bajo (1 - 2 mts),25,Mediano,-68.860446458,-32.8710063745,7,Residencial Parque,1786336.08966,0
25557,Morera,08/02/2011 16:14,Alto (> 8 mts),122,Grande,-68.8390782562,-32.900921819,2,Barrio Civico,2366816.36021,0
27256,Platano,26/10/2011 09:20,Alto (> 8 mts),250,Grande,-68.8356269246,-32.8888038915,3,Parque O'Higgins,1531146.02653,0
3318,Fresno europeo,04/10/2011 11:03,Bajo (2 - 4 mts),66,Grande,-68.8333466977,-32.8776863086,4,Cuarta Este Área Fundacional,1822015.85685,0
13256,Morera,22/02/2011 13:12,Alto (> 8 mts),136,Grande,-68.8471028537,-32.8657809517,6,Residencial Norte,2694682.37982,0
40646,Platano,15/04/2011 10:27,Bajo (2 - 4 mts),12,Chico,-68.8436874445,-32.8852198765,1,Parque Central,1655357.93265,0
11685,Morera,28/01/2011 12:21,Medio (4 - 8 mts),50,Mediano,-68.8502844667,-32.8678267465,6,Residencial Norte,2694682.37982,0
14901,Paraiso,20/12/2011 10:32,Medio (4 - 8 mts),50,Mediano,-68.8813732446,-32.8738886284,8,Aeroparque,2203364.73622,0
20860,Fresno europeo,26/05/2011 12:02,Medio (4 - 8 mts),58,Mediano,-68.8592161279,-32.8955697846,5,Residencial Sur,2423808.92355,0
44714,Caducifolio,29/08/2011 08:51,Medio (4 - 8 mts),43,Mediano,-68.8230813343,-32.868036073,4,Cuarta Este Área Fundacional,1822015.85685,1
1604,Paraiso,24/11/2011 10:20,Bajo (2 - 4 mts),60,Mediano,-68.8716927424,-32.8794173468,7,Residencial Parque,1786336.08966,0
47237,Fresno europeo,16/09/2011 11:28,Alto (> 8 mts),157,Grande,-68.8334596181,-32.8745092325,4,Cuarta Este Área Fundacional,1822015.85685,0
32930,Morera,19/05/2011 09:43,Alto (> 8 mts),150,Grande,-68.8506120776,-32.8873491699,5,Residencial Sur,2423808.92355,0
7339,Fresno europeo,21/06/2011 11:03,Alto (> 8 mts),90,Grande,-68.8604836072,-32.9004982828,5,Residencial Sur,2423808.92355,0
1459,Fresno europeo,25/11/2011 10:44,Muy bajo (1 - 2 mts),35,Mediano,-68.8713086096,-32.8761474044,7,Residencial Parque,1786336.08966,0
6473,Olmo comun,27/05/2011 12:53,Muy bajo (1 - 2 mts),7,Chico,-68.8526957921,-32.8884796637,5,Residencial Sur,2423808.92355,0
4900,Morera,21/07/2011 10:25,Bajo (2 - 4 mts),20,Chico,-68.8425182148,-32.8637559913,4,Cuarta Oeste,1173332.70145,0
1874,Paraiso,15/11/2011 13:23,Medio (4 - 8 mts),70,Grande,-68.8608919446,-32.8704502005,7,Residencial Parque,1786336.08966,0
4299,Perenne,13/07/2011 10:21,Bajo (2 - 4 mts),30,Mediano,-68.8398175801,-32.8718210834,4,Cuarta Oeste,1173332.70145,0
12193,Paraiso,19/01/2011 11:18,Alto (> 8 mts),160,Grande,-68.846103166,-32.8676872453,4,Cuarta Oeste,1173332.70145,0
18679,Morera,05/07/2011 09:35,Alto (> 8 mts),107,Grande,-68.8363264525,-32.8740191751,4,Cuarta Oeste,1173332.70145,0
17896,Morera,01/08/2011 10:03,Alto (> 8 mts),160,Grande,-68.8360504847,-32.8672262144,4,Cuarta Oeste,1173332.70145,0
38406,Paraiso,04/11/2010 11:46,Alto (> 8 mts),210,Grande,-68.8522853691,-32.8698017618,6,Residencial Norte,2694682.37982,0
35008,Olmo bola,31/03/2011 10:06,Alto (> 8 mts),93,Grande,-68.8560558281,-32.879450215,6,Residencial Norte,2694682.37982,0
3776,Morera,23/08/2011 12:56,Medio (4 - 8 mts),80,Grande,-68.8190049346,-32.8704907564,4,Cuarta Este Área Fundacional,1822015.85685,0
38108,Fresno americano,03/12/2010 09:49,Medio (4 - 8 mts),55,Mediano,-68.8470980285,-32.8726629358,6,Residencial Norte,2694682.37982,0
1664,Paraiso,23/11/2011 08:21,Bajo (2 - 4 mts),30,Mediano,-68.871974455,-32.8785302987,7,Residencial Parque,1786336.08966,0
17612,Morera,19/07/2011 20:20,Alto (> 8 mts),200,Grande,-68.8434474031,-32.8662390219,4,Cuarta Oeste,1173332.70145,1
1133,Morera,01/12/2011 08:08,Alto (> 8 mts),118,Grande,-68.8759176388,-32.8671213574,8,Aeroparque,2203364.73622,0
34868,Morera,29/03/2011 10:52,Medio (4 - 8 mts),48,Mediano,-68.8514663693,-32.8793173785,6,Residencial Norte,2694682.37982,0
43951,Olmo comun,12/10/2011 11:40,Bajo (2 - 4 mts),100,Grande,-68.8312562135,-32.8845287754,3,Parque O'Higgins,1531146.02653,0
38074,Fresno europeo,06/12/2010 09:23,Medio (4 - 8 mts),130,Grande,-68.847546392500007,-32.8720935222,6,Residencial Norte,2694682.37982,0
846,Aguaribay,16/12/2011 12:10,Medio (4 - 8 mts),98,Grande,-68.8806523082,-32.8671257204,8,Aeroparque,2203364.73622,0
12682,Morera,19/01/2011 12:38,Medio (4 - 8 mts),140,Grande,-68.8484902414,-32.8629646479,6,Residencial Norte,2694682.37982,0
20227,Morera,26/05/2011 12:36,Alto (> 8 mts),105,Grande,-68.8603644094,-32.893614763,5,Residencial Sur,2423808.92355,0
34364,Morera,23/03/2011 12:23,Alto (> 8 mts),180,Grande,-68.8517844043,-32.8757098097,6,Residencial Norte,2694682.37982,0
43685,Acacia SP,13/10/2011 16:40,Alto (> 8 mts),160,Grande,-68.8343447035,-32.8823717345,3,Parque O'Higgins,1531146.02653,0
21163,Fresno europeo,06/05/2011 10:40,Medio (4 - 8 mts),63,Grande,-68.8527898517,-32.8933632863,5,Residencial Sur,2423808.92355,0
651,Morera,08/03/2012 16:30,Alto (> 8 mts),124,Grande,-68.8175601966,-32.8683290654,4,Cuarta Este Área Fundacional,1822015.85685,0
26398,Fresno americano,25/10/2011 10:09,Medio (4 - 8 mts),88,Grande,-68.8328641451,-32.8898180148,3,Parque O'Higgins,1531146.02653,0
979,Morera,16/01/2012 09:59,Medio (4 - 8 mts),45,Mediano,-68.8361998502,-32.8688170182,4,Cuarta Oeste,1173332.70145,1
47914,Morera,29/08/2011 12:22,Medio (4 - 8 mts),200,Grande,-68.828873689,-32.8709842731,4,Cuarta Este Área Fundacional,1822015.85685,0
30531,Platano,04/04/2011 15:39,Alto (> 8 mts),178,Grande,-68.8392052766,-32.8883577329,3,Parque O'Higgins,1531146.02653,0
7241,Paraiso,17/06/2011 11:09,Medio (4 - 8 mts),80,Grande,-68.8629004033,-32.8981220495,5,Residencial Sur,2423808.92355,0
16710,Caducifolio,22/07/2011 09:09,Bajo (2 - 4 mts),25,Mediano,-68.8402658039,-32.8634847299,4,Cuarta Oeste,1173332.70145,0
28278,Morera,28/02/2011 15:31,Medio (4 - 8 mts),72,Grande,-68.8491312286,-32.8923303306,2,Barrio Civico,2366816.36021,0
13448,Fresno europeo,02/02/2011 09:54,Medio (4 - 8 mts),66,Grande,-68.8520651974,-32.8647852951,6,Residencial Norte,2694682.37982,0
43218,Morera,04/10/2011 09:40,Alto (> 8 mts),150,Grande,-68.8343810513,-32.8787959354,1,Parque Central,1655357.93265,1
28118,Morera,14/03/2011 17:06,Medio (4 - 8 mts),44,Mediano,-68.8466386386,-32.8922894275,2,Barrio Civico,2366816.36021,0
12637,Paraiso,17/01/2011 08:38,Alto (> 8 mts),180,Grande,-68.846382003,-32.8628156417,4,Cuarta Oeste,1173332.70145,0
40544,Fresno europeo,11/04/2011 12:02,Medio (4 - 8 mts),41,Mediano,-68.8437847785,-32.8841061078,1,Parque Central,1655357.93265,0
3770,Conifera,24/08/2011 14:14,Bajo (2 - 4 mts),30,Mediano,-68.8190176504,-32.8697072343,4,Cuarta Este Área Fundacional,1822015.85685,0
21424,Paraiso,10/05/2011 11:08,Alto (> 8 mts),175,Grande,-68.8567443243,-32.892623604,5,Residencial Sur,2423808.92355,1
8846,Fresno europeo,31/01/2011 13:44,Bajo (2 - 4 mts),36,Mediano,-68.8538386461,-32.8675140561,6,Residencial Norte,2694682.37982,0
32456,Morera,24/05/2011 13:43,Alto (> 8 mts),165,Grande,-68.8512784594,-32.8885606758,5,Residencial Sur,2423808.92355,0
34772,Fresno europeo,30/03/2011 10:10,Bajo (2 - 4 mts),60,Mediano,-68.8513258814,-32.8788482454,6,Residencial Norte,2694682.37982,0
3343,Ligustro,05/10/2011 10:44,Bajo (2 - 4 mts),28,Mediano,-68.8303702218,-32.8790620167,4,Cuarta Este Área Fundacional,1822015.85685,0
38913,Morera,26/10/2010 10:12,Alto (> 8 mts),170,Grande,-68.8478790518,-32.8698852269,6,Residencial Norte,2694682.37982,0
15391,Paraiso,15/11/2011 12:13,Bajo (2 - 4 mts),45,Mediano,-68.8605168935,-32.8706242238,7,Residencial Parque,1786336.08966,0
42095,Paraiso,04/05/2011 10:25,Alto (> 8 mts),90,Grande,-68.8429448145,-32.8764624952,1,Parque Central,1655357.93265,0
41677,Fresno europeo,26/04/2011 13:07,Alto (> 8 mts),94,Grande,-68.837126962,-32.8764959837,1,Parque Central,1655357.93265,0
36534,Fresno europeo,04/04/2011 12:11,Bajo (2 - 4 mts),18,Chico,-68.8567556867,-32.8791896464,7,Residencial Parque,1786336.08966,0
34559,Paraiso,31/03/2011 09:00,Alto (> 8 mts),170,Grande,-68.8479115584,-32.875753762,6,Residencial Norte,2694682.37982,0
7832,Fresno americano,10/05/2011 09:29,Bajo (2 - 4 mts),44,Mediano,-68.8603074315,-32.8855724393,5,Residencial Sur,2423808.92355,0
10294,Fresno europeo,02/12/2010 12:26,Muy bajo (1 - 2 mts),14,Chico,-68.8460865121,-32.8723584259,6,Residencial Norte,2694682.37982,0
17584,Paraiso sombrilla,28/07/2011 09:20,Medio (4 - 8 mts),200,Grande,-68.8400575112,-32.8664346045,4,Cuarta Oeste,1173332.70145,0
31946,Caducifolio,02/06/2011 13:48,Bajo (2 - 4 mts),17,Chico,-68.8604665511,-32.8844307839,5,Residencial Sur,2423808.92355,0
9574,Fresno europeo,10/02/2011 13:47,Medio (4 - 8 mts),92,Grande,-68.8551559017,-32.863960955,6,Residencial Norte,2694682.37982,0
38527,Paraiso,02/11/2010 11:13,Alto (> 8 mts),220,Grande,-68.8509110171,-32.8701886905,6,Residencial Norte,2694682.37982,0
14395,Acer,02/12/2011 10:18,Muy bajo (1 - 2 mts),32,Mediano,-68.8784717489,-32.8671544068,8,Aeroparque,2203364.73622,0
7791,Platano,13/05/2011 11:15,Medio (4 - 8 mts),80,Grande,-68.8551425013,-32.8855445227,5,Residencial Sur,2423808.92355,0
39279,Morera,29/12/2010 10:56,Alto (> 8 mts),130,Grande,-68.8559109965,-32.8718545691,6,Residencial Norte,2694682.37982,0
40734,Fresno europeo,15/04/2011 12:24,Medio (4 - 8 mts),45,Mediano,-68.8428420103,-32.8843959082,1,Parque Central,1655357.93265,0
43635,Acacia SP,12/10/2011 14:31,Medio (4 - 8 mts),60,Mediano,-68.8325865826,-32.8836075181,3,Parque O'Higgins,1531146.02653,0
45417,Morera,09/09/2011 15:56,Medio (4 - 8 mts),300,Grande,-68.8254307312,-32.8722032045,4,Cuarta Este Área Fundacional,1822015.85685,1
31787,Morera,03/01/2012 11:23,Medio (4 - 8 mts),90,Grande,-68.8591883396,-32.8902999083,5,Residencial Sur,2423808.92355,0
1961,Liquidambar,18/05/2011 10:39,Muy bajo (1 - 2 mts),16,Chico,-68.8618952684,-32.8906836203,5,Residencial Sur,2423808.92355,0
39674,Fresno europeo,21/10/2010 13:22,Medio (4 - 8 mts),75,Grande,-68.8475507522,-32.8693585983,6,Residencial Norte,2694682.37982,0
18297,Morera,04/08/2011 10:43,Alto (> 8 mts),130,Grande,-68.8395972066,-32.8694121322,4,Cuarta Oeste,1173332.70145,0
8474,Morera,14/02/2011 16:00,Alto (> 8 mts),68,Grande,-68.8350894062,-32.8975665231,2,Barrio Civico,2366816.36021,0
28761,Olmo comun,20/04/2011 10:53,Alto (> 8 mts),200,Grande,-68.8487086039,-32.8856241187,1,Parque Central,1655357.93265,0
37514,Paraiso,15/11/2010 10:42,Medio (4 - 8 mts),140,Grande,-68.856354598,-32.8698939839,6,Residencial Norte,2694682.37982,0
23676,Caducifolio,25/01/2011 10:07,Medio (4 - 8 mts),100,Grande,-68.8485909651,-32.9005645481,2,Barrio Civico,2366816.36021,0
18593,Morera,07/07/2011 09:15,Alto (> 8 mts),140,Grande,-68.8368739911,-32.8755850339,1,Parque Central,1655357.93265,1
44474,Fresno europeo,17/10/2011 12:45,Medio (4 - 8 mts),100,Grande,-68.8366256989,-32.8843006533,3,Parque O'Higgins,1531146.02653,0
6287,Platano,30/06/2011 13:39,Alto (> 8 mts),180,Grande,-68.8607538296,-32.8900147619,5,Residencial Sur,2423808.92355,0
9015,Tipa,11/01/2011 11:45,Muy bajo (1 - 2 mts),20,Chico,-68.8453999417,-32.8664193067,4,Cuarta Oeste,1173332.70145,0
12483,Olmo bola,25/01/2011 10:01,Alto (> 8 mts),180,Grande,-68.8493714643,-32.8671038691,6,Residencial Norte,2694682.37982,0
3077,Caducifolio,08/09/2011 12:41,Bajo (2 - 4 mts),15,Chico,-68.8341931587,-32.8712455605,4,Cuarta Oeste,1173332.70145,0
18645,Platano,04/07/2011 13:26,Alto (> 8 mts),180,Grande,-68.8368604272,-32.8760480358,1,Parque Central,1655357.93265,0
29550,Platano,25/02/2011 12:42,Alto (> 8 mts),142,Grande,-68.8426539293,-32.8925691412,2,Barrio Civico,2366816.36021,0
20014,Fresno americano,11/08/2011 09:44,Alto (> 8 mts),200,Grande,-68.8332776482,-32.8669650483,4,Cuarta Oeste,1173332.70145,0
7911,Morera,14/06/2011 10:17,Alto (> 8 mts),76,Grande,-68.8589220757,-32.8885181744,5,Residencial Sur,2423808.92355,1
9921,Acer,17/11/2010 10:44,Alto (> 8 mts),95,Grande,-68.8577047502,-32.8696485357,6,Residencial Norte,2694682.37982,0
4162,Olmo comun,21/07/2011 09:20,Alto (> 8 mts),155,Grande,-68.8454048752,-32.8732955942,6,Residencial Norte,2694682.37982,0
9304,Fresno europeo,17/02/2011 11:49,Bajo (2 - 4 mts),34,Mediano,-68.8457013957,-32.8648794989,4,Cuarta Oeste,1173332.70145,0
22677,Morera,12/05/2011 11:58,Alto (> 8 mts),176,Grande,-68.8531493939,-32.9006103012,2,Barrio Civico,2366816.36021,1
46483,Morera,17/08/2011 13:38,Alto (> 8 mts),125,Grande,-68.8305315197,-32.8684847794,4,Cuarta Este Área Fundacional,1822015.85685,0
39130,Fresno europeo,15/01/2012 19:25,Muy bajo (1 - 2 mts),2,Chico,-68.8536812674,-32.8717116439,6,Residencial Norte,2694682.37982,0
3613,Caducifolio,29/08/2011 09:55,Medio (4 - 8 mts),35,Mediano,-68.8267641664,-32.8700730147,4,Cuarta Este Área Fundacional,1822015.85685,0
622,Morera,07/03/2012 16:54,Medio (4 - 8 mts),120,Grande,-68.8188397216,-32.8684936726,4,Cuarta Este Área Fundacional,1822015.85685,0
33603,Morera,17/05/2011 09:28,Alto (> 8 mts),150,Grande,-68.8539712926,-32.8868487417,5,Residencial Sur,2423808.92355,0
16635,Fresno europeo,26/07/2011 11:08,Medio (4 - 8 mts),55,Mediano,-68.8404472994,-32.8651111435,4,Cuarta Oeste,1173332.70145,0
3228,Morera,22/09/2011 08:02,Alto (> 8 mts),66,Grande,-68.8219197427,-32.8720226543,4,Cuarta Este Área Fundacional,1822015.85685,0
31336,Acer,25/02/2011 10:35,Alto (> 8 mts),120,Grande,-68.8485894867,-32.8662254577,6,Residencial Norte,2694682.37982,0
32659,Fresno europeo,24/06/2011 13:08,Alto (> 8 mts),150,Grande,-68.850367165,-32.8905063728,5,Residencial Sur,2423808.92355,0
36996,Fresno europeo,01/04/2011 11:51,Muy bajo (1 - 2 mts),4,Chico,-68.8579905076,-32.8778551154,7,Residencial Parque,1786336.08966,0
32505,Morera,27/05/2011 10:08,Alto (> 8 mts),150,Grande,-68.8530093427,-32.8882378426,5,Residencial Sur,2423808.92355,0
42735,Platano,26/09/2011 11:06,Alto (> 8 mts),260,Grande,-68.8278855758,-32.8773216011,4,Cuarta Este Área Fundacional,1822015.85685,0
27789,Fresno europeo,03/11/2011 10:11,Alto (> 8 mts),70,Grande,-68.8347737503,-32.8951050821,3,Parque O'Higgins,1531146.02653,0
44309,Fresno europeo,12/10/2011 17:41,Alto (> 8 mts),144,Grande,-68.8359646396,-32.8810336605,1,Parque Central,1655357.93265,0
12922,Paraiso sombrilla,14/01/2011 09:16,Medio (4 - 8 mts),120,Grande,-68.8451822759,-32.8642682485,4,Cuarta Oeste,1173332.70145,0
40228,Fresno europeo,14/04/2011 12:19,Medio (4 - 8 mts),70,Grande,-68.8454460576,-32.8814490406,1,Parque Central,1655357.93265,0
4127,Morera,28/09/2011 10:22,Medio (4 - 8 mts),180,Grande,-68.8238745257,-32.874524278,4,Cuarta Este Área Fundacional,1822015.85685,0
29968,Fresno americano,28/04/2011 09:49,Alto (> 8 mts),132,Grande,-68.8429653865,-32.8865497532,1,Parque Central,1655357.93265,0
25666,Platano,07/02/2011 09:52,Alto (> 8 mts),270,Grande,-68.8421574267,-32.9016446613,2,Barrio Civico,2366816.36021,0
14249,Paraiso sombrilla,30/11/2011 14:25,Bajo (2 - 4 mts),50,Mediano,-68.8776653438,-32.8671042413,8,Aeroparque,2203364.73622,0
46747,Morera,05/09/2011 11:26,Medio (4 - 8 mts),156,Grande,-68.8335780059,-32.8695723344,4,Cuarta Oeste,1173332.70145,0
8462,Fresno europeo,17/02/2011 14:57,Medio (4 - 8 mts),68,Grande,-68.8364747596,-32.897730314,2,Barrio Civico,2366816.36021,0
1856,Acacia SP,17/11/2011 12:25,Muy bajo (1 - 2 mts),4,Chico,-68.8592670042,-32.8712221289,6,Residencial Norte,2694682.37982,0
19188,Morera,18/07/2011 09:43,Alto (> 8 mts),104,Grande,-68.8412762519,-32.8725115935,4,Cuarta Oeste,1173332.70145,0
9406,Jacaranda,08/02/2011 13:22,Medio (4 - 8 mts),37,Mediano,-68.8579664845,-32.8663754803,6,Residencial Norte,2694682.37982,0
38762,Paraiso sombrilla,01/11/2010 13:14,Bajo (2 - 4 mts),65,Grande,-68.8491115462,-32.8697622857,6,Residencial Norte,2694682.37982,0
29621,Morera,23/03/2011 19:25,Alto (> 8 mts),104,Grande,-68.844087963,-32.8942321913,2,Barrio Civico,2366816.36021,0
11810,Paraiso,02/03/2011 12:15,Alto (> 8 mts),145,Grande,-68.850490056500007,-32.8650585019,6,Residencial Norte,2694682.37982,0
26329,Platano,20/10/2011 11:43,Alto (> 8 mts),180,Grande,-68.8324385204,-32.8900180779,3,Parque O'Higgins,1531146.02653,0
38381,Paraiso,05/11/2010 11:50,Alto (> 8 mts),180,Grande,-68.8530080191,-32.8695798016,6,Residencial Norte,2694682.37982,0
25657,Olmo comun,07/02/2011 10:22,Medio (4 - 8 mts),165,Grande,-68.8410689664,-32.9015291159,2,Barrio Civico,2366816.36021,0
40357,Olmo comun,08/04/2011 09:43,Medio (4 - 8 mts),140,Grande,-68.8439877156,-32.8815449231,1,Parque Central,1655357.93265,0
39872,Morera,03/05/2011 12:57,Alto (> 8 mts),80,Grande,-68.8444472215,-32.8745111157,1,Parque Central,1655357.93265,0
19288,Perenne,13/07/2011 21:04,Muy bajo (1 - 2 mts),10,Chico,-68.8359246393,-32.869867594,4,Cuarta Oeste,1173332.70145,0
26599,Platano,03/11/2011 11:38,Alto (> 8 mts),140,Grande,-68.8316346373,-32.8907959522,3,Parque O'Higgins,1531146.02653,0
19194,Paraiso,06/07/2011 10:04,Alto (> 8 mts),53,Mediano,-68.8395962972,-32.8727591333,4,Cuarta Oeste,1173332.70145,1
1033,Aguaribay,14/12/2011 10:50,Medio (4 - 8 mts),110,Grande,-68.882196123400007,-32.8649890615,8,Aeroparque,2203364.73622,0
15430,Perenne,18/11/2011 14:39,Medio (4 - 8 mts),180,Grande,-68.8595261864,-32.8720490206,6,Residencial Norte,2694682.37982,0
13222,Paraiso,21/02/2011 12:56,Alto (> 8 mts),132,Grande,-68.8475465357,-32.8651912318,6,Residencial Norte,2694682.37982,0
4514,Caducifolio,01/08/2011 09:51,Bajo (2 - 4 mts),16,Chico,-68.8403189392,-32.8682584826,4,Cuarta Oeste,1173332.70145,0
5354,Morera,25/04/2011 12:28,Bajo (2 - 4 mts),46,Mediano,-68.8436920179,-32.8783133217,1,Parque Central,1655357.93265,0
44136,Fresno americano,04/10/2011 10:15,Medio (4 - 8 mts),128,Grande,-68.8354487243,-32.878722816,1,Parque Central,1655357.93265,0
277,Morera,07/03/2012 08:53,Alto (> 8 mts),180,Grande,-68.8214768818,-32.8676252287,4,Cuarta Este Área Fundacional,1822015.85685,0
12679,Morera,19/01/2011 12:28,Alto (> 8 mts),200,Grande,-68.8483021464,-32.8629347542,4,Cuarta Oeste,1173332.70145,0
23671,Fresno europeo,25/01/2011 10:30,Alto (> 8 mts),4,Chico,-68.8486864644,-32.9010376903,2,Barrio Civico,2366816.36021,0
34266,Fresno europeo,04/03/2011 10:21,Muy bajo (1 - 2 mts),4,Chico,-68.8526905655,-32.8740148841,6,Residencial Norte,2694682.37982,0
13676,Paraiso,23/02/2011 11:41,Alto (> 8 mts),240,Grande,-68.8527178198,-32.8651084221,6,Residencial Norte,2694682.37982,0
35199,Fresno europeo,23/03/2011 12:26,Medio (4 - 8 mts),70,Grande,-68.8523716828,-32.8822853809,1,Parque Central,1655357.93265,0
18874,Fresno europeo,27/07/2011 08:57,Medio (4 - 8 mts),27,Mediano,-68.8406740925,-32.8701410153,4,Cuarta Oeste,1173332.70145,0
26556,Platano,04/11/2011 08:53,Alto (> 8 mts),250,Grande,-68.8316363428,-32.8901648779,3,Parque O'Higgins,1531146.02653,0
4532,Caducifolio,04/08/2011 11:17,Muy bajo (1 - 2 mts),8,Chico,-68.8394668696,-32.8684915279,4,Cuarta Oeste,1173332.70145,0
9887,Paraiso sombrilla,10/02/2011 09:19,Alto (> 8 mts),190,Grande,-68.858452045,-32.865546709,6,Residencial Norte,2694682.37982,0
36762,Platano,21/03/2011 15:46,Alto (> 8 mts),128,Grande,-68.8567225693,-32.8811965069,7,Residencial Parque,1786336.08966,0
8544,Morera,17/02/2011 09:53,Alto (> 8 mts),95,Grande,-68.8395848292,-32.898594051,2,Barrio Civico,2366816.36021,1
45048,Acacia SP,01/09/2011 07:57,Medio (4 - 8 mts),55,Mediano,-68.8225954698,-32.8702476798,4,Cuarta Este Área Fundacional,1822015.85685,1
8792,Alamo criollo,03/02/2011 10:18,Alto (> 8 mts),55,Mediano,-68.8555945744,-32.8669815633,6,Residencial Norte,2694682.37982,0
43653,Morera,14/10/2011 16:56,Muy bajo (1 - 2 mts),17,Chico,-68.8343829436,-32.881161657,3,Parque O'Higgins,1531146.02653,0
33425,Platano,02/06/2011 14:02,Alto (> 8 mts),180,Grande,-68.8566066254,-32.8885611278,5,Residencial Sur,2423808.92355,0
33734,Fresno europeo,11/05/2011 11:23,Alto (> 8 mts),141,Grande,-68.8589176759,-32.8868361665,5,Residencial Sur,2423808.92355,0
1629,Prunas,24/11/2011 09:49,Bajo (2 - 4 mts),22,Mediano,-68.8712593417,-32.8781439491,7,Residencial Parque,1786336.08966,0
4862,Paraiso,18/07/2011 09:38,Medio (4 - 8 mts),102,Grande,-68.8413316261,-32.872729119,4,Cuarta Oeste,1173332.70145,0
5064,Prunas,11/08/2011 13:19,Bajo (2 - 4 mts),160,Grande,-68.8402152773,-32.8626030959,4,Cuarta Oeste,1173332.70145,0
39413,Paraiso,12/11/2010 12:43,Alto (> 8 mts),152,Grande,-68.8556533793,-32.8697438561,6,Residencial Norte,2694682.37982,0
47643,Morera,08/09/2011 17:21,Alto (> 8 mts),280,Grande,-68.8281676172,-32.8719850872,4,Cuarta Este Área Fundacional,1822015.85685,1
10614,Paraiso sombrilla,15/03/2011 13:33,Medio (4 - 8 mts),60,Mediano,-68.8583173989,-32.8736243897,6,Residencial Norte,2694682.37982,0
1419,Morera,23/11/2011 07:23,Medio (4 - 8 mts),70,Grande,-68.8713536459,-32.8788701286,7,Residencial Parque,1786336.08966,0
18254,Fresno europeo,28/07/2011 13:51,Alto (> 8 mts),143,Grande,-68.8395192543,-32.8681404626,4,Cuarta Oeste,1173332.70145,0
24862,Morera,16/02/2011 12:30,Alto (> 8 mts),160,Grande,-68.8394113035,-32.8953000279,2,Barrio Civico,2366816.36021,1
7333,Fresno americano,21/06/2011 11:26,Medio (4 - 8 mts),40,Mediano,-68.8598951165,-32.9008021391,5,Residencial Sur,2423808.92355,0
35436,Morera,23/03/2011 10:40,Alto (> 8 mts),113,Grande,-68.8555352952,-32.8818761899,7,Residencial Parque,1786336.08966,0
22245,Fresno europeo,14/06/2011 10:53,Alto (> 8 mts),168,Grande,-68.8556048886,-32.8970102819,5,Residencial Sur,2423808.92355,1
29481,Morera,16/03/2011 12:15,Alto (> 8 mts),200,Grande,-68.8454028408,-32.8936060755,2,Barrio Civico,2366816.36021,0
39145,Fresno europeo,15/01/2012 10:28,Bajo (2 - 4 mts),40,Mediano,-68.8540327049,-32.8722844834,6,Residencial Norte,2694682.37982,0
46132,Morera,27/09/2011 11:34,Alto (> 8 mts),170,Grande,-68.8240391559,-32.8743663599,4,Cuarta Este Área Fundacional,1822015.85685,0
2646,Fresno europeo,24/10/2011 09:07,Medio (4 - 8 mts),140,Grande,-68.8340882241,-32.8799491317,1,Parque Central,1655357.93265,0
44350,Platano,17/10/2011 13:28,Alto (> 8 mts),200,Grande,-68.8363341195,-32.8835308165,3,Parque O'Higgins,1531146.02653,1
9193,Fresno europeo,02/03/2011 13:02,Alto (> 8 mts),143,Grande,-68.8504548267,-32.8654687852,6,Residencial Norte,2694682.37982,0
9321,Olmo comun,17/02/2011 09:55,Medio (4 - 8 mts),86,Grande,-68.8464951947,-32.8646255517,4,Cuarta Oeste,1173332.70145,0
25719,Morera,04/02/2011 08:30,Alto (> 8 mts),158,Grande,-68.8409383601,-32.9018641756,2,Barrio Civico,2366816.36021,1
15961,Fresno americano,25/11/2011 10:46,Medio (4 - 8 mts),70,Grande,-68.8730155928,-32.876386244,7,Residencial Parque,1786336.08966,0
2064,Conifera,11/10/2011 16:30,Alto (> 8 mts),120,Grande,-68.8283666801,-32.8814854417,3,Parque O'Higgins,1531146.02653,0
16059,Morera,15/07/2011 09:04,Alto (> 8 mts),195,Grande,-68.8443210724,-32.8714756169,4,Cuarta Oeste,1173332.70145,0
5851,Morera,06/05/2011 13:41,Alto (> 8 mts),150,Grande,-68.8415611873,-32.8789631609,1,Parque Central,1655357.93265,0
19696,Morera,12/07/2011 09:46,Alto (> 8 mts),120,Grande,-68.8348655168,-32.8715566452,4,Cuarta Oeste,1173332.70145,1
31240,Morera,04/02/2011 11:50,Alto (> 8 mts),104,Grande,-68.8540586471,-32.8640952308,6,Residencial Norte,2694682.37982,0
38767,Morera,01/11/2010 10:41,Alto (> 8 mts),180,Grande,-68.8493962866,-32.86960822,6,Residencial Norte,2694682.37982,0
44202,Acacia SP,14/10/2011 13:44,Alto (> 8 mts),105,Grande,-68.8351064393,-32.8824387504,3,Parque O'Higgins,1531146.02653,0
26845,Morera,07/11/2011 09:36,Alto (> 8 mts),138,Grande,-68.8333133191,-32.8928724691,3,Parque O'Higgins,1531146.02653,0
46183,Morera,28/09/2011 09:55,Medio (4 - 8 mts),120,Grande,-68.8242996092,-32.8752332047,4,Cuarta Este Área Fundacional,1822015.85685,1
14778,Prunas,06/12/2011 13:08,Muy bajo (1 - 2 mts),20,Chico,-68.8791538509,-32.8687241075,8,Aeroparque,2203364.73622,0
23727,Morera,25/01/2011 12:18,Alto (> 8 mts),78,Grande,-68.8500119774,-32.9012663753,2,Barrio Civico,2366816.36021,1
12715,Fresno americano,20/01/2011 08:25,Bajo (2 - 4 mts),80,Grande,-68.8471595667,-32.8629882822,4,Cuarta Oeste,1173332.70145,0
34205,Paraiso,03/03/2011 13:35,Alto (> 8 mts),150,Grande,-68.852853936,-32.874149519,6,Residencial Norte,2694682.37982,0
11599,Paraiso,10/05/2010 10:56,Medio (4 - 8 mts),140,Grande,-68.8525435822,-32.8670789671,6,Residencial Norte,2694682.37982,0
46109,Morera,05/10/2011 11:31,Medio (4 - 8 mts),136,Grande,-68.8252586541,-32.8746071661,4,Cuarta Este Área Fundacional,1822015.85685,0
43409,Olmo bola,27/10/2011 13:11,Medio (4 - 8 mts),160,Grande,-68.83108199,-32.8811654082,3,Parque O'Higgins,1531146.02653,0
27610,Platano,07/11/2011 08:49,Alto (> 8 mts),150,Grande,-68.8402645452,-32.8944522691,2,Barrio Civico,2366816.36021,0
45034,Morera,29/08/2011 09:12,Alto (> 8 mts),155,Grande,-68.8249390429,-32.8701156371,4,Cuarta Este Área Fundacional,1822015.85685,0
7314,Morera,22/06/2011 10:28,Bajo (2 - 4 mts),45,Mediano,-68.8611776296,-32.9005913802,5,Residencial Sur,2423808.92355,0
46991,Alamo blanco,08/09/2011 12:46,Alto (> 8 mts),152,Grande,-68.8315273748,-32.8717966045,4,Cuarta Este Área Fundacional,1822015.85685,0
4024,Morera,21/09/2011 10:39,Alto (> 8 mts),131,Grande,-68.8305792676,-32.8737570679,4,Cuarta Este Área Fundacional,1822015.85685,0
42197,Fresno europeo,04/05/2011 10:46,Bajo (2 - 4 mts),38,Mediano,-68.8408156093,-32.8732913341,4,Cuarta Oeste,1173332.70145,0
3100,Paraiso,19/09/2011 10:56,Medio (4 - 8 mts),100,Grande,-68.8231608522,-32.8716288302,4,Cuarta Este Área Fundacional,1822015.85685,0
414,Morera,06/03/2012 12:36,Medio (4 - 8 mts),180,Grande,-68.8184846549,-32.867300752,4,Cuarta Este Área Fundacional,1822015.85685,0
17238,Fresno americano,12/08/2011 09:24,Medio (4 - 8 mts),70,Grande,-68.8360281161,-32.8646167108,4,Cuarta Oeste,1173332.70145,0
9156,Acer,28/02/2011 11:57,Bajo (2 - 4 mts),26,Mediano,-68.8517900668,-32.8660386207,6,Residencial Norte,2694682.37982,0
6284,Morera,29/06/2011 10:40,Alto (> 8 mts),87,Grande,-68.8602053175,-32.8892259206,5,Residencial Sur,2423808.92355,0
34304,Fresno europeo,09/03/2011 10:34,Medio (4 - 8 mts),98,Grande,-68.8518022398,-32.8736602806,6,Residencial Norte,2694682.37982,0
31781,Morera,27/06/2011 11:04,Alto (> 8 mts),160,Grande,-68.8588977625,-32.8897231473,5,Residencial Sur,2423808.92355,0
44700,Morera,19/08/2011 09:46,Medio (4 - 8 mts),140,Grande,-68.8229618847,-32.8673212409,4,Cuarta Este Área Fundacional,1822015.85685,0
5425,Alamo blanco,18/04/2011 10:06,Bajo (2 - 4 mts),30,Mediano,-68.8428857036,-32.8786673694,1,Parque Central,1655357.93265,0
46029,Tilo,20/09/2011 09:18,Muy bajo (1 - 2 mts),25,Mediano,-68.8214874966,-32.8734776837,4,Cuarta Este Área Fundacional,1822015.85685,0
5920,Morera,02/05/2011 10:59,Medio (4 - 8 mts),35,Mediano,-68.8443470346,-32.8735935023,6,Residencial Norte,2694682.37982,0
24925,Morera,10/02/2011 08:50,Alto (> 8 mts),146,Grande,-68.8382890104,-32.8973927578,2,Barrio Civico,2366816.36021,0
21794,Morera,13/05/2011 10:54,Alto (> 8 mts),160,Grande,-68.8569087316,-32.8932213341,5,Residencial Sur,2423808.92355,1
41719,Morera,25/04/2011 14:14,Bajo (2 - 4 mts),43,Mediano,-68.8378520834,-32.878437009,1,Parque Central,1655357.93265,0
2979,Paraiso,16/09/2011 13:00,Alto (> 8 mts),150,Grande,-68.824956018,-32.8721021294,4,Cuarta Este Área Fundacional,1822015.85685,1
39966,Morera,02/05/2011 11:53,Alto (> 8 mts),125,Grande,-68.8455418454,-32.8781414117,1,Parque Central,1655357.93265,0
12993,Morera,15/02/2011 12:07,Alto (> 8 mts),150,Grande,-68.8445753601,-32.8648422374,4,Cuarta Oeste,1173332.70145,0
14777,Ailanthus,06/12/2011 13:16,Medio (4 - 8 mts),100,Grande,-68.8791712397,-32.8687898867,8,Aeroparque,2203364.73622,0
3826,Morera,02/09/2011 13:41,Alto (> 8 mts),120,Grande,-68.8292144293,-32.8707128834,4,Cuarta Este Área Fundacional,1822015.85685,0
44110,Platano,11/11/2011 09:11,Alto (> 8 mts),340,Grande,-68.8290456575,-32.8851500102,3,Parque O'Higgins,1531146.02653,0
45979,Olmo comun,24/08/2011 11:41,Alto (> 8 mts),150,Grande,-68.8181193343,-32.868844618,4,Cuarta Este Área Fundacional,1822015.85685,0
43830,Morera,17/10/2011 17:45,Alto (> 8 mts),210,Grande,-68.8318950472,-32.8813479963,3,Parque O'Higgins,1531146.02653,1
1727,Liquidambar,22/11/2011 10:09,Medio (4 - 8 mts),55,Mediano,-68.8729284068,-32.8794895923,7,Residencial Parque,1786336.08966,0
22234,Morera,14/06/2011 11:23,Alto (> 8 mts),108,Grande,-68.8556217247,-32.8977711488,5,Residencial Sur,2423808.92355,0
43320,Acer,05/10/2011 13:36,Alto (> 8 mts),62,Grande,-68.8327028411,-32.8789085758,4,Cuarta Este Área Fundacional,1822015.85685,0
35053,Perenne,22/03/2011 13:01,Bajo (2 - 4 mts),20,Chico,-68.8536546322,-32.8799167463,6,Residencial Norte,2694682.37982,0
11041,Prunas,28/03/2011 17:12,Bajo (2 - 4 mts),10,Chico,-68.8581870161,-32.8790473527,7,Residencial Parque,1786336.08966,0
22576,Morera,16/06/2011 09:58,Alto (> 8 mts),180,Grande,-68.8612446268,-32.8998605218,5,Residencial Sur,2423808.92355,1
40996,Morera,14/04/2011 13:13,Alto (> 8 mts),180,Grande,-68.8383273004,-32.8799590507,1,Parque Central,1655357.93265,0
1318,Aguaribay,30/11/2011 11:12,Bajo (2 - 4 mts),66,Grande,-68.8777721766,-32.8644955827,8,Aeroparque,2203364.73622,0
1453,Jacaranda,25/11/2011 10:22,Bajo (2 - 4 mts),38,Mediano,-68.8712149949,-32.8758858907,7,Residencial Parque,1786336.08966,0
21711,Fresno europeo,09/06/2011 11:21,Alto (> 8 mts),140,Grande,-68.8561369099,-32.8958065941,5,Residencial Sur,2423808.92355,0
12257,Morera,17/01/2011 10:20,Alto (> 8 mts),142,Grande,-68.8459943298,-32.8682526074,6,Residencial Norte,2694682.37982,0
10225,Morera,14/12/2010 13:24,Medio (4 - 8 mts),33,Mediano,-68.8503858944,-32.8706099484,6,Residencial Norte,2694682.37982,0
4390,Paraiso,26/07/2011 13:36,Alto (> 8 mts),170,Grande,-68.839705253100007,-32.8691802079,4,Cuarta Oeste,1173332.70145,0
16951,Fresno europeo,16/08/2011 10:25,Medio (4 - 8 mts),40,Mediano,-68.8370226365,-32.8657665299,4,Cuarta Oeste,1173332.70145,0
24987,Morera,16/02/2011 08:55,Alto (> 8 mts),190,Grande,-68.8376623317,-32.8965925251,2,Barrio Civico,2366816.36021,1
24914,Morera,10/02/2011 09:26,Alto (> 8 mts),86,Grande,-68.8377655166,-32.8966939459,2,Barrio Civico,2366816.36021,0
37443,Alamo blanco,05/01/2011 12:59,Alto (> 8 mts),208,Grande,-68.8579153487,-32.8711872283,6,Residencial Norte,2694682.37982,0
7756,Ligustro,17/05/2011 12:50,Bajo (2 - 4 mts),60,Mediano,-68.8533630723,-32.8868549983,5,Residencial Sur,2423808.92355,0
39249,Paraiso,28/12/2010 10:02,Alto (> 8 mts),200,Grande,-68.8549314862,-32.8721209697,6,Residencial Norte,2694682.37982,0
13861,Aguaribay,16/12/2011 12:48,Bajo (2 - 4 mts),70,Grande,-68.8750779348,-32.8679103121,8,Aeroparque,2203364.73622,0
9177,Caducifolio,28/02/2011 13:57,Medio (4 - 8 mts),30,Mediano,-68.8517177022,-32.8648830937,6,Residencial Norte,2694682.37982,0
10901,Morera,18/03/2011 12:40,Alto (> 8 mts),53,Mediano,-68.8543242394,-32.8786783436,6,Residencial Norte,2694682.37982,0
41850,Conifera,05/05/2011 12:13,Medio (4 - 8 mts),26,Mediano,-68.8417469884,-32.8792770555,1,Parque Central,1655357.93265,0
44944,Fresno europeo,23/08/2011 09:57,Alto (> 8 mts),135,Grande,-68.8243111294,-32.8682852193,4,Cuarta Este Área Fundacional,1822015.85685,0
44107,Paraiso,11/11/2011 09:13,Medio (4 - 8 mts),85,Grande,-68.8293295266,-32.8851341675,3,Parque O'Higgins,1531146.02653,0
41842,Morera,25/04/2011 12:42,Bajo (2 - 4 mts),70,Grande,-68.8440766555,-32.8781098541,1,Parque Central,1655357.93265,0
8695,Morera,09/02/2011 13:31,Alto (> 8 mts),110,Grande,-68.8389941571,-32.9000493726,2,Barrio Civico,2366816.36021,0
23915,Morera,19/01/2012 10:47,Alto (> 8 mts),180,Grande,-68.8524682115,-32.8999646592,2,Barrio Civico,2366816.36021,0
410,Fresno europeo,05/03/2012 11:03,Alto (> 8 mts),250,Grande,-68.8192111441,-32.8672320462,4,Cuarta Este Área Fundacional,1822015.85685,0
41729,Acacia SP,26/04/2011 09:17,Alto (> 8 mts),140,Grande,-68.8374914738,-32.8779030371,1,Parque Central,1655357.93265,0
38629,Fresno europeo,16/12/2010 10:02,Medio (4 - 8 mts),60,Mediano,-68.851347061,-32.8719219054,6,Residencial Norte,2694682.37982,0
19309,Morera,13/07/2011 10:05,Alto (> 8 mts),110,Grande,-68.8359781072,-32.87042428,4,Cuarta Oeste,1173332.70145,1
46772,Paraiso sombrilla,05/09/2011 10:35,Bajo (2 - 4 mts),76,Grande,-68.8338434942,-32.8699537542,4,Cuarta Oeste,1173332.70145,0
5042,Caducifolio,16/08/2011 09:09,Muy bajo (1 - 2 mts),7,Chico,-68.8370370111,-32.8633444505,4,Cuarta Oeste,1173332.70145,0
31031,Fresno europeo,16/02/2011 11:36,Bajo (2 - 4 mts),35,Mediano,-68.8557547188,-32.8652441832,6,Residencial Norte,2694682.37982,0
37027,Morera,04/04/2011 13:26,Alto (> 8 mts),120,Grande,-68.8577405348,-32.8766504293,7,Residencial Parque,1786336.08966,1
36859,Fresno europeo,28/03/2011 16:16,Alto (> 8 mts),58,Mediano,-68.857590356,-32.8800867023,7,Residencial Parque,1786336.08966,0
13094,Morera,17/02/2011 09:22,Alto (> 8 mts),120,Grande,-68.8464191009,-32.8652526369,4,Cuarta Oeste,1173332.70145,0
9434,Morera,11/02/2011 12:14,Medio (4 - 8 mts),76,Grande,-68.8565034534,-32.864431954,6,Residencial Norte,2694682.37982,0
30070,Platano,11/04/2011 15:28,Alto (> 8 mts),178,Grande,-68.8388783412,-32.8863070462,3,Parque O'Higgins,1531146.02653,0
39440,Morera,11/11/2010 10:42,Alto (> 8 mts),140,Grande,-68.8547633225,-32.8700111703,6,Residencial Norte,2694682.37982,0
34563,Morera,30/03/2011 13:26,Medio (4 - 8 mts),120,Grande,-68.8477448772,-32.8754906605,6,Residencial Norte,2694682.37982,0
5590,Morera,15/04/2011 14:20,Alto (> 8 mts),61,Grande,-68.8383819646,-32.8818387765,1,Parque Central,1655357.93265,0
28266,Morera,28/02/2011 16:05,Medio (4 - 8 mts),86,Grande,-68.8493215917,-32.8932669664,2,Barrio Civico,2366816.36021,0
2467,Morera,26/10/2011 09:32,Medio (4 - 8 mts),70,Grande,-68.8370465582,-32.8911472986,3,Parque O'Higgins,1531146.02653,1
44226,Platano,13/10/2011 12:40,Alto (> 8 mts),175,Grande,-68.8343076298,-32.8835912658,3,Parque O'Higgins,1531146.02653,0
37224,Fresno europeo,11/03/2011 11:26,Muy bajo (1 - 2 mts),2,Chico,-68.8575981561,-32.8735374395,6,Residencial Norte,2694682.37982,0
27597,Morera,07/11/2011 09:27,Alto (> 8 mts),145,Grande,-68.8382758995,-32.8943146397,2,Barrio Civico,2366816.36021,1
28527,Morera,21/02/2011 12:17,Alto (> 8 mts),140,Grande,-68.8485625436,-32.8895678677,5,Residencial Sur,2423808.92355,0
29179,Platano,09/03/2011 13:55,Alto (> 8 mts),240,Grande,-68.8456742753,-32.8885771999,2,Barrio Civico,2366816.36021,0
27605,Paraiso,07/11/2011 08:58,Alto (> 8 mts),178,Grande,-68.8398547465,-32.8942895308,2,Barrio Civico,2366816.36021,1
25805,Paraiso,02/02/2011 08:48,Alto (> 8 mts),125,Grande,-68.8405904812,-32.9035596989,2,Barrio Civico,2366816.36021,0
7222,Fresno europeo,23/06/2011 12:45,Muy bajo (1 - 2 mts),12,Chico,-68.8616252443,-32.8992817833,5,Residencial Sur,2423808.92355,0
16948,Morera,16/08/2011 10:35,Medio (4 - 8 mts),65,Grande,-68.8369646285,-32.8655296386,4,Cuarta Oeste,1173332.70145,0
37054,Fresno europeo,05/04/2011 12:27,Bajo (2 - 4 mts),68,Grande,-68.8562712295,-32.8762678742,6,Residencial Norte,2694682.37982,0
27364,Fresno europeo,20/10/2011 12:30,Medio (4 - 8 mts),115,Grande,-68.836810923,-32.8875939319,3,Parque O'Higgins,1531146.02653,0
11102,Caducifolio,28/03/2011 12:36,Muy bajo (1 - 2 mts),8,Chico,-68.8527210205,-32.8812511904,1,Parque Central,1655357.93265,0
40935,Fresno americano,18/04/2011 18:26,Medio (4 - 8 mts),32,Mediano,-68.8388573005,-32.8851352179,3,Parque O'Higgins,1531146.02653,0
31073,Fresno americano,08/02/2011 12:33,Bajo (2 - 4 mts),54,Mediano,-68.8548889605,-32.864638405,6,Residencial Norte,2694682.37982,0
18839,Fresno americano,09/08/2011 10:59,Bajo (2 - 4 mts),34,Mediano,-68.836458693,-32.8694470218,4,Cuarta Oeste,1173332.70145,0
1445,Fresno europeo,25/11/2011 09:50,Muy bajo (1 - 2 mts),8,Chico,-68.8713379439,-32.8755792069,7,Residencial Parque,1786336.08966,0
38283,Morera,01/12/2010 11:03,Alto (> 8 mts),98,Grande,-68.8455638816,-32.8713487255,6,Residencial Norte,2694682.37982,0
43428,Platano,26/10/2011 15:51,Alto (> 8 mts),200,Grande,-68.8323283865,-32.8805645743,3,Parque O'Higgins,1531146.02653,0
31020,Paraiso,10/02/2011 09:57,Alto (> 8 mts),150,Grande,-68.8558385133,-32.8643020938,6,Residencial Norte,2694682.37982,0
7976,Fresno europeo,18/02/2011 12:16,Muy bajo (1 - 2 mts),8,Chico,-68.8413245535,-32.8890783667,3,Parque O'Higgins,1531146.02653,0
34787,Morera,30/03/2011 10:03,Alto (> 8 mts),160,Grande,-68.8509546984,-32.8769060024,6,Residencial Norte,2694682.37982,0
26180,Fresno europeo,20/10/2011 10:19,Medio (4 - 8 mts),132,Grande,-68.8321986119,-32.8877333037,3,Parque O'Higgins,1531146.02653,0
19490,Paraiso,18/07/2011 10:15,Medio (4 - 8 mts),87,Grande,-68.8388555493,-32.8722020128,4,Cuarta Oeste,1173332.70145,0
19000,Morera,13/07/2011 09:29,Alto (> 8 mts),140,Grande,-68.8409416008,-32.871130224,4,Cuarta Oeste,1173332.70145,0
4392,Morera,26/07/2011 09:25,Alto (> 8 mts),114,Grande,-68.8397091754,-32.8692936822,4,Cuarta Oeste,1173332.70145,0
2555,Fresno europeo,18/10/2011 12:11,Muy bajo (1 - 2 mts),10,Chico,-68.8320061358,-32.8860816943,3,Parque O'Higgins,1531146.02653,0
3604,Morera,02/09/2011 13:31,Bajo (2 - 4 mts),35,Mediano,-68.8278773662,-32.8694259294,4,Cuarta Este Área Fundacional,1822015.85685,0
1608,Acer,24/11/2011 10:14,Bajo (2 - 4 mts),60,Mediano,-68.8716065993,-32.8791615652,7,Residencial Parque,1786336.08966,0
18650,Morera,05/07/2011 10:58,Alto (> 8 mts),135,Grande,-68.8367511033,-32.8756454674,1,Parque Central,1655357.93265,0
1352,Morera,29/11/2011 13:08,Muy bajo (1 - 2 mts),13,Chico,-68.8772417412,-32.8651383312,8,Aeroparque,2203364.73622,0
9764,Morera,18/01/2011 12:41,Bajo (2 - 4 mts),44,Mediano,-68.8469473065,-32.8637020023,4,Cuarta Oeste,1173332.70145,0
29972,Fresno americano,28/04/2011 12:23,Alto (> 8 mts),180,Grande,-68.8419488668,-32.8867314223,1,Parque Central,1655357.93265,0
25898,Morera,04/02/2011 13:43,Medio (4 - 8 mts),72,Grande,-68.8386798293,-32.9025484047,2,Barrio Civico,2366816.36021,1
1277,Aguaribay,05/12/2011 11:17,Bajo (2 - 4 mts),30,Mediano,-68.8784625389,-32.8686402221,8,Aeroparque,2203364.73622,0
45201,Morera,28/09/2011 10:40,Medio (4 - 8 mts),75,Grande,-68.8232577679,-32.8725427968,4,Cuarta Este Área Fundacional,1822015.85685,0
14519,Morera,30/11/2011 16:28,Bajo (2 - 4 mts),62,Grande,-68.87873396,-32.8656561335,8,Aeroparque,2203364.73622,0
19424,Morera,01/07/2011 12:53,Medio (4 - 8 mts),70,Grande,-68.8356613215,-32.8716162646,4,Cuarta Oeste,1173332.70145,0
9078,Paraiso sombrilla,17/02/2011 13:21,Medio (4 - 8 mts),126,Grande,-68.8547763057,-32.8658087181,6,Residencial Norte,2694682.37982,0
6585,Morera,06/05/2011 10:27,Medio (4 - 8 mts),97,Grande,-68.8522845911,-32.8933652837,5,Residencial Sur,2423808.92355,0
9769,Jacaranda,18/01/2011 11:51,Alto (> 8 mts),80,Grande,-68.8463250777,-32.8638606755,4,Cuarta Oeste,1173332.70145,0
33778,Fresno europeo,11/05/2011 12:54,Medio (4 - 8 mts),130,Grande,-68.8568104094,-32.8861145295,5,Residencial Sur,2423808.92355,1
43704,Fresno americano,11/10/2011 09:32,Medio (4 - 8 mts),16,Chico,-68.8315827669,-32.8836772932,3,Parque O'Higgins,1531146.02653,0
47533,Morera,29/08/2011 12:38,Alto (> 8 mts),157,Grande,-68.8258606563,-32.8703677747,4,Cuarta Este Área Fundacional,1822015.85685,0
4738,Jacaranda,10/08/2011 11:13,Medio (4 - 8 mts),37,Mediano,-68.8339389231,-32.8658193761,4,Cuarta Oeste,1173332.70145,0
44812,Fresno europeo,26/08/2011 10:32,Medio (4 - 8 mts),130,Grande,-68.8230558153,-32.8698543816,4,Cuarta Este Área Fundacional,1822015.85685,0
7685,Morera,26/05/2011 13:06,Bajo (2 - 4 mts),80,Grande,-68.8545575316,-32.8841565593,5,Residencial Sur,2423808.92355,0
28958,Platano,25/04/2011 12:30,Alto (> 8 mts),137,Grande,-68.844977215,-32.8859925792,1,Parque Central,1655357.93265,0
5432,Morera,18/04/2011 12:27,Medio (4 - 8 mts),80,Grande,-68.8426583184,-32.8794509317,1,Parque Central,1655357.93265,1
14058,Morera,05/12/2011 12:06,Medio (4 - 8 mts),78,Grande,-68.8760825034,-32.8677183087,8,Aeroparque,2203364.73622,0
37874,Morera,24/11/2010 10:20,Alto (> 8 mts),180,Grande,-68.8502796093,-32.8737707283,6,Residencial Norte,2694682.37982,0
31025,Fresno europeo,10/02/2011 09:27,Medio (4 - 8 mts),86,Grande,-68.8558049052,-32.8646202003,6,Residencial Norte,2694682.37982,0
31010,Fresno europeo,10/02/2011 10:28,Medio (4 - 8 mts),72,Grande,-68.8553355656,-32.8641129444,6,Residencial Norte,2694682.37982,0
38955,Morera,03/01/2011 09:34,Alto (> 8 mts),120,Grande,-68.8558606493,-32.8708105293,6,Residencial Norte,2694682.37982,0
37340,Paraiso,29/11/2010 11:14,Alto (> 8 mts),110,Grande,-68.8575411498,-32.8718338037,6,Residencial Norte,2694682.37982,0
8714,Olmo comun,10/02/2011 08:38,Alto (> 8 mts),68,Grande,-68.837680646,-32.89960206,2,Barrio Civico,2366816.36021,0
31598,Morera,10/06/2011 10:08,Alto (> 8 mts),148,Grande,-68.8613971059,-32.8887786067,5,Residencial Sur,2423808.92355,1
28323,Fresno americano,11/03/2011 12:45,Alto (> 8 mts),100,Grande,-68.8480657138,-32.888302086,5,Residencial Sur,2423808.92355,0
10469,Morera,04/03/2011 10:28,Alto (> 8 mts),146,Grande,-68.8553747435,-32.8734449383,6,Residencial Norte,2694682.37982,0
2435,Platano,27/10/2011 10:37,Alto (> 8 mts),290,Grande,-68.8388835076,-32.8896232622,3,Parque O'Higgins,1531146.02653,0
12431,Morera,24/01/2011 10:40,Alto (> 8 mts),170,Grande,-68.8489048091,-32.8664867562,6,Residencial Norte,2694682.37982,0
19826,Morera,04/08/2011 10:35,Alto (> 8 mts),190,Grande,-68.8340538499,-32.8643671622,4,Cuarta Oeste,1173332.70145,0
41966,Morera,19/04/2011 10:23,Medio (4 - 8 mts),98,Grande,-68.8391255126,-32.8795658598,1,Parque Central,1655357.93265,0
32736,Morera,17/05/2011 12:43,Medio (4 - 8 mts),160,Grande,-68.8530492536,-32.8869137548,5,Residencial Sur,2423808.92355,0
39200,Perenne,25/11/2010 13:19,Bajo (2 - 4 mts),30,Mediano,-68.8543113479,-32.8724963457,6,Residencial Norte,2694682.37982,0
44193,Fresno europeo,17/10/2011 10:03,Alto (> 8 mts),110,Grande,-68.8344854326,-32.8824779301,3,Parque O'Higgins,1531146.02653,0
8494,Morera,14/02/2011 16:18,Medio (4 - 8 mts),86,Grande,-68.8350086814,-32.8972402833,2,Barrio Civico,2366816.36021,0
7365,Fresno americano,23/06/2011 12:21,Alto (> 8 mts),110,Grande,-68.8613353837,-32.9007617935,5,Residencial Sur,2423808.92355,0
35607,Morera,16/03/2011 12:49,Alto (> 8 mts),160,Grande,-68.8567023343,-32.8742465908,6,Residencial Norte,2694682.37982,0
42902,Morera,29/09/2011 11:20,Medio (4 - 8 mts),60,Mediano,-68.833699086,-32.8774811717,4,Cuarta Este Área Fundacional,1822015.85685,0
18634,Fresno europeo,04/07/2011 10:44,Alto (> 8 mts),180,Grande,-68.8354653663,-32.8751522696,4,Cuarta Este Área Fundacional,1822015.85685,0
19226,Morera,05/07/2011 12:33,Alto (> 8 mts),128,Grande,-68.8395126807,-32.8722048413,4,Cuarta Oeste,1173332.70145,0
21453,Morera,12/05/2011 10:06,Alto (> 8 mts),210,Grande,-68.8568791527,-32.892555137,5,Residencial Sur,2423808.92355,0
29674,Morera,09/03/2011 16:40,Medio (4 - 8 mts),86,Grande,-68.8407856444,-32.8948324553,2,Barrio Civico,2366816.36021,1
4049,Morera,26/09/2011 11:50,Medio (4 - 8 mts),70,Grande,-68.8349642577,-32.8773559927,1,Parque Central,1655357.93265,0
22008,Fresno europeo,27/05/2011 10:11,Alto (> 8 mts),83,Grande,-68.8585545882,-32.8949054395,5,Residencial Sur,2423808.92355,0
32780,Fresno europeo,14/07/2011 10:36,Alto (> 8 mts),108,Grande,-68.8512154559,-32.8861643543,5,Residencial Sur,2423808.92355,0
1613,Morera,24/11/2011 10:09,Muy bajo (1 - 2 mts),10,Chico,-68.8715269003,-32.8789250332,7,Residencial Parque,1786336.08966,0
19912,Morera,28/06/2011 13:56,Medio (4 - 8 mts),102,Grande,-68.8335982099,-32.8630096573,4,Cuarta Oeste,1173332.70145,0
12088,Morera,05/05/2010 11:47,Medio (4 - 8 mts),134,Grande,-68.8525460365,-32.868706513,6,Residencial Norte,2694682.37982,1
42526,Morera,28/09/2011 11:34,Alto (> 8 mts),170,Grande,-68.8302052953,-32.8765472244,4,Cuarta Este Área Fundacional,1822015.85685,0
22944,Morera,19/05/2011 15:44,Alto (> 8 mts),96,Grande,-68.8543892514,-32.9004583629,5,Residencial Sur,2423808.92355,0
43901,Fresno americano,11/10/2011 09:24,Medio (4 - 8 mts),100,Grande,-68.8326041162,-32.8841883044,3,Parque O'Higgins,1531146.02653,0
40028,Morera,19/04/2011 09:23,Medio (4 - 8 mts),200,Grande,-68.8439607793,-32.8783945915,1,Parque Central,1655357.93265,0
22395,Tipa,16/06/2011 09:14,Alto (> 8 mts),67,Grande,-68.8605090727,-32.8981648607,5,Residencial Sur,2423808.92355,0
8761,Fresno europeo,16/02/2011 13:44,Medio (4 - 8 mts),45,Mediano,-68.8394773895,-32.8964885293,2,Barrio Civico,2366816.36021,0
19746,Morera,12/08/2011 09:55,Alto (> 8 mts),170,Grande,-68.8349897926,-32.8687449885,4,Cuarta Oeste,1173332.70145,0
12249,Prunas,14/01/2011 13:34,Bajo (2 - 4 mts),55,Mediano,-68.8459825753,-32.8677582758,4,Cuarta Oeste,1173332.70145,0
10026,Paraiso,02/11/2010 10:31,Alto (> 8 mts),215,Grande,-68.850282804,-32.8698163528,6,Residencial Norte,2694682.37982,1
939,Morera,13/01/2012 19:07,Medio (4 - 8 mts),60,Mediano,-68.8499344378,-32.8729625889,6,Residencial Norte,2694682.37982,0
24967,Morera,16/02/2011 11:41,Alto (> 8 mts),137,Grande,-68.8373237791,-32.895696362,2,Barrio Civico,2366816.36021,1
2384,Fresno americano,31/10/2011 14:44,Bajo (2 - 4 mts),46,Mediano,-68.8378219972,-32.8859428273,3,Parque O'Higgins,1531146.02653,1
35892,Prunas,28/03/2011 09:57,Medio (4 - 8 mts),35,Mediano,-68.8533887531,-32.8761537107,6,Residencial Norte,2694682.37982,0
30395,Morera,04/03/2011 09:52,Alto (> 8 mts),160,Grande,-68.8405480895,-32.8903596331,3,Parque O'Higgins,1531146.02653,0
34263,Fresno europeo,04/03/2011 10:30,Medio (4 - 8 mts),100,Grande,-68.852752381,-32.8742407411,6,Residencial Norte,2694682.37982,0
37119,Morera,07/04/2011 10:37,Alto (> 8 mts),130,Grande,-68.8592963503,-32.8775424312,7,Residencial Parque,1786336.08966,0
20068,Morera,15/08/2011 13:50,Alto (> 8 mts),145,Grande,-68.833866521,-32.8656843512,4,Cuarta Oeste,1173332.70145,0
33628,Morera,16/05/2011 12:20,Alto (> 8 mts),150,Grande,-68.855083114,-32.887639607,5,Residencial Sur,2423808.92355,0
28845,Fresno americano,27/04/2011 09:16,Alto (> 8 mts),85,Grande,-68.8472365173,-32.8851305102,1,Parque Central,1655357.93265,0
13104,Morera,16/02/2011 13:04,Alto (> 8 mts),134,Grande,-68.8463362764,-32.865935186,4,Cuarta Oeste,1173332.70145,0
47989,Morera,31/08/2011 09:48,Alto (> 8 mts),132,Grande,-68.8258123951,-32.869912893,4,Cuarta Este Área Fundacional,1822015.85685,0
30185,Morera,09/03/2011 13:00,Alto (> 8 mts),140,Grande,-68.8428832844,-32.8899052923,2,Barrio Civico,2366816.36021,0
2799,Paraiso,11/11/2011 09:04,Medio (4 - 8 mts),120,Grande,-68.8287048378,-32.8851697914,3,Parque O'Higgins,1531146.02653,1
21758,Morera,23/05/2011 10:12,Alto (> 8 mts),100,Grande,-68.8573342712,-32.8950541388,5,Residencial Sur,2423808.92355,0
37028,Morera,04/04/2011 13:31,Medio (4 - 8 mts),124,Grande,-68.8577127109,-32.8765423747,7,Residencial Parque,1786336.08966,1
8879,Fresno americano,05/04/2010 11:00,Bajo (2 - 4 mts),29,Mediano,-68.8536092052,-32.8682723783,6,Residencial Norte,2694682.37982,0
29063,Platano,18/04/2011 09:55,Alto (> 8 mts),185,Grande,-68.8449750236,-32.8866373765,1,Parque Central,1655357.93265,1
39210,Fresno europeo,26/11/2010 11:41,Alto (> 8 mts),90,Grande,-68.8550093395,-32.8722120409,6,Residencial Norte,2694682.37982,0
21866,Morera,07/06/2011 09:19,Alto (> 8 mts),140,Grande,-68.8585451849,-32.8958402453,5,Residencial Sur,2423808.92355,1
13015,Morera,15/02/2011 09:34,Muy bajo (1 - 2 mts),20,Chico,-68.8439042847,-32.8652209326,4,Cuarta Oeste,1173332.70145,0
18320,Platano,03/08/2011 08:32,Alto (> 8 mts),230,Grande,-68.8375607112,-32.8679894258,4,Cuarta Oeste,1173332.70145,0
29207,Fresno europeo,03/03/2011 09:03,Bajo (2 - 4 mts),30,Mediano,-68.8457254042,-32.8882709078,2,Barrio Civico,2366816.36021,0
42424,Fresno europeo,28/09/2011 11:08,Medio (4 - 8 mts),64,Grande,-68.8335026842,-32.8757648078,4,Cuarta Este Área Fundacional,1822015.85685,0
10843,Morera,17/03/2011 12:21,Alto (> 8 mts),53,Mediano,-68.8532139971,-32.8785215765,6,Residencial Norte,2694682.37982,0
2248,Morera,31/10/2011 09:33,Medio (4 - 8 mts),55,Mediano,-68.8366045034,-32.8930510131,3,Parque O'Higgins,1531146.02653,0
40525,Platano,12/04/2011 10:05,Alto (> 8 mts),195,Grande,-68.8436298465,-32.8831191922,1,Parque Central,1655357.93265,0
47673,Morera,15/09/2011 10:20,Alto (> 8 mts),196,Grande,-68.8296862133,-32.8729768631,4,Cuarta Este Área Fundacional,1822015.85685,0
28160,Tipa,22/02/2011 09:25,Alto (> 8 mts),98,Grande,-68.8479142699,-32.8921226396,2,Barrio Civico,2366816.36021,0
1895,Acacia SP,17/11/2011 12:18,Muy bajo (1 - 2 mts),2,Chico,-68.8587916812,-32.8698236186,6,Residencial Norte,2694682.37982,0
4750,Morera,02/08/2011 10:10,Alto (> 8 mts),50,Mediano,-68.8350015661,-32.8668427531,4,Cuarta Oeste,1173332.70145,0
14652,Aguaribay,15/12/2011 17:54,Muy bajo (1 - 2 mts),8,Chico,-68.882451648,-32.8675343574,8,Aeroparque,2203364.73622,0
40526,Platano,12/04/2011 10:04,Alto (> 8 mts),220,Grande,-68.8435548003,-32.8831346976,1,Parque Central,1655357.93265,0
13484,Acer,31/01/2011 13:13,Medio (4 - 8 mts),140,Grande,-68.8519920021,-32.8638600231,6,Residencial Norte,2694682.37982,0
29505,Morera,18/02/2011 11:24,Alto (> 8 mts),98,Grande,-68.8451521356,-32.8926343185,2,Barrio Civico,2366816.36021,0
18652,Morera,05/07/2011 10:54,Alto (> 8 mts),115,Grande,-68.8367287594,-32.8755553473,1,Parque Central,1655357.93265,0
25044,Morera,15/02/2011 08:10,Alto (> 8 mts),140,Grande,-68.836630248,-32.8964385969,2,Barrio Civico,2366816.36021,1
23290,Fresno europeo,18/01/2012 17:29,Medio (4 - 8 mts),126,Grande,-68.85175156,-32.901068529,2,Barrio Civico,2366816.36021,1
10864,Fresno europeo,30/03/2011 10:27,Alto (> 8 mts),72,Grande,-68.8512555941,-32.8785670193,6,Residencial Norte,2694682.37982,0
7384,Alamo criollo,22/06/2011 11:17,Alto (> 8 mts),330,Grande,-68.8634013688,-32.9005220232,5,Residencial Sur,2423808.92355,0
24459,Paraiso,20/01/2011 09:33,Medio (4 - 8 mts),128,Grande,-68.8463265847,-32.90261304,2,Barrio Civico,2366816.36021,0
6507,Platano,06/05/2011 09:24,Medio (4 - 8 mts),32,Mediano,-68.8527555821,-32.8916935615,5,Residencial Sur,2423808.92355,0
8719,Jacaranda,10/02/2011 08:22,Muy bajo (1 - 2 mts),11,Chico,-68.8383326019,-32.899528004,2,Barrio Civico,2366816.36021,0
41237,Perenne,15/04/2011 11:08,Medio (4 - 8 mts),35,Mediano,-68.8387570799,-32.8810907899,1,Parque Central,1655357.93265,0
7540,Acacia visco,14/06/2011 14:48,Bajo (2 - 4 mts),100,Grande,-68.8602289616,-32.8820284297,7,Residencial Parque,1786336.08966,0
30320,Fresno europeo,10/03/2011 13:13,Muy bajo (1 - 2 mts),8,Chico,-68.8418932203,-32.891286608,2,Barrio Civico,2366816.36021,0
9296,Morera,23/02/2011 11:44,Alto (> 8 mts),180,Grande,-68.8482578675,-32.8646011652,6,Residencial Norte,2694682.37982,1
41188,Morera,15/04/2011 14:15,Bajo (2 - 4 mts),2,Chico,-68.8383043444,-32.8815505286,1,Parque Central,1655357.93265,0
45837,Morera,26/08/2011 10:53,Medio (4 - 8 mts),120,Grande,-68.8203767816,-32.8689626654,4,Cuarta Este Área Fundacional,1822015.85685,0
23897,Morera,28/02/2012 12:24,Muy bajo (1 - 2 mts),20,Chico,-68.8516372427,-32.8998923821,2,Barrio Civico,2366816.36021,0
39880,Morera,03/05/2011 13:03,Alto (> 8 mts),180,Grande,-68.8443023658,-32.8739345457,1,Parque Central,1655357.93265,0
46501,Fresno europeo,17/08/2011 09:57,Medio (4 - 8 mts),65,Grande,-68.8303521569,-32.867345065,4,Cuarta Este Área Fundacional,1822015.85685,0
42505,Fresno europeo,30/09/2011 07:28,Alto (> 8 mts),160,Grande,-68.8318016226,-32.8753470876,4,Cuarta Este Área Fundacional,1822015.85685,0
34126,Olmo comun,10/03/2011 09:31,Alto (> 8 mts),198,Grande,-68.856052888,-32.8728505636,6,Residencial Norte,2694682.37982,0
4516,Morera,01/08/2011 09:46,Alto (> 8 mts),120,Grande,-68.8403555654,-32.8683901155,4,Cuarta Oeste,1173332.70145,1
25153,Morera,09/02/2011 14:53,Medio (4 - 8 mts),98,Grande,-68.8360278879,-32.8979366883,2,Barrio Civico,2366816.36021,0
1956,Alamo blanco,21/11/2011 12:40,Medio (4 - 8 mts),48,Mediano,-68.8583830856,-32.8699687758,6,Residencial Norte,2694682.37982,0
15022,Acer,19/12/2011 10:19,Bajo (2 - 4 mts),50,Mediano,-68.8807786999,-32.87254556,8,Aeroparque,2203364.73622,0
26898,Fresno europeo,28/10/2011 17:02,Medio (4 - 8 mts),200,Grande,-68.8370194479,-32.8874232755,3,Parque O'Higgins,1531146.02653,0
35298,Platano,23/06/2011 16:22,Medio (4 - 8 mts),130,Grande,-68.8525592151,-32.8830033496,1,Parque Central,1655357.93265,0
31380,Fresno europeo,23/05/2011 13:08,Medio (4 - 8 mts),120,Grande,-68.8513040992,-32.8840230305,1,Parque Central,1655357.93265,0
20814,Morera,30/05/2011 11:14,Alto (> 8 mts),135,Grande,-68.8622261335,-32.8956667328,5,Residencial Sur,2423808.92355,1
21248,Morera,10/05/2011 12:02,Medio (4 - 8 mts),100,Grande,-68.8534157787,-32.8954377847,5,Residencial Sur,2423808.92355,0
10318,Morera,26/11/2010 13:16,Muy bajo (1 - 2 mts),2,Chico,-68.8571648826,-32.8718229799,6,Residencial Norte,2694682.37982,0
22731,Paraiso,12/05/2011 11:25,Alto (> 8 mts),166,Grande,-68.8535141406,-32.9008397386,2,Barrio Civico,2366816.36021,0
17608,Caducifolio,19/07/2011 10:23,Bajo (2 - 4 mts),18,Chico,-68.8434913768,-32.8660153312,4,Cuarta Oeste,1173332.70145,0
10265,Fresno europeo,06/12/2010 10:10,Bajo (2 - 4 mts),56,Mediano,-68.8482752424,-32.8721338412,6,Residencial Norte,2694682.37982,0
6549,Morera,23/05/2011 10:24,Alto (> 8 mts),104,Grande,-68.8568509429,-32.8912006243,5,Residencial Sur,2423808.92355,1
13289,Morera,23/02/2011 12:50,Alto (> 8 mts),106,Grande,-68.8476802668,-32.8650019278,6,Residencial Norte,2694682.37982,0
20027,Platano,11/08/2011 08:55,Alto (> 8 mts),250,Grande,-68.8338320945,-32.8681681425,4,Cuarta Oeste,1173332.70145,0
19106,Morera,27/07/2011 09:06,Alto (> 8 mts),145,Grande,-68.841004926,-32.8708515908,4,Cuarta Oeste,1173332.70145,0
7230,Platano,21/06/2011 10:30,Medio (4 - 8 mts),35,Mediano,-68.8634837942,-32.898475339,5,Residencial Sur,2423808.92355,0
10015,Morera,03/11/2010 12:08,Medio (4 - 8 mts),35,Mediano,-68.8515402728,-32.8696640963,6,Residencial Norte,2694682.37982,0
38140,Fresno europeo,02/12/2010 12:39,Alto (> 8 mts),215,Grande,-68.8463158568,-32.8723111155,6,Residencial Norte,2694682.37982,0
9931,Morera,16/11/2010 10:52,Bajo (2 - 4 mts),30,Mediano,-68.8570199722,-32.8697765268,6,Residencial Norte,2694682.37982,0
33145,Platano,09/06/2011 09:37,Alto (> 8 mts),200,Grande,-68.8535351136,-32.8924801324,5,Residencial Sur,2423808.92355,0
43456,Fresno europeo,03/10/2011 10:06,Alto (> 8 mts),138,Grande,-68.8322601389,-32.8799776611,3,Parque O'Higgins,1531146.02653,0
29318,Fresno americano,22/02/2011 10:05,Alto (> 8 mts),143,Grande,-68.8433733885,-32.8886984519,2,Barrio Civico,2366816.36021,0
20207,Fresno europeo,26/05/2011 13:19,Medio (4 - 8 mts),85,Grande,-68.8600691916,-32.8946491237,5,Residencial Sur,2423808.92355,0
16855,Morera,05/08/2011 13:49,Alto (> 8 mts),194,Grande,-68.8400360151,-32.8644224446,4,Cuarta Oeste,1173332.70145,1
27673,Acer,28/10/2011 11:22,Alto (> 8 mts),118,Grande,-68.8368079292,-32.894664933,2,Barrio Civico,2366816.36021,0
21553,Morera,08/06/2011 10:53,Alto (> 8 mts),90,Grande,-68.8537706526,-32.8959080353,5,Residencial Sur,2423808.92355,1
17039,Morera,09/08/2011 10:05,Alto (> 8 mts),165,Grande,-68.8387173691,-32.8631829946,4,Cuarta Oeste,1173332.70145,0
40083,Morera,20/04/2011 09:06,Alto (> 8 mts),190,Grande,-68.8454872367,-32.8784516331,1,Parque Central,1655357.93265,0
28576,Morera,22/02/2011 10:12,Bajo (2 - 4 mts),22,Mediano,-68.8488117695,-32.8905018952,5,Residencial Sur,2423808.92355,0
36234,Fresno europeo,18/03/2011 09:08,Medio (4 - 8 mts),76,Grande,-68.8545398602,-32.8780364445,6,Residencial Norte,2694682.37982,0
15209,Paraiso,16/11/2011 13:02,Bajo (2 - 4 mts),36,Mediano,-68.8599337384,-32.869522493,6,Residencial Norte,2694682.37982,0
32372,Platano,06/05/2011 09:41,Alto (> 8 mts),140,Grande,-68.8525253686,-32.8916456115,5,Residencial Sur,2423808.92355,0
36097,Platano,06/04/2011 08:59,Alto (> 8 mts),196,Grande,-68.8558146403,-32.8761816977,6,Residencial Norte,2694682.37982,0
31418,Morera,23/05/2011 09:56,Medio (4 - 8 mts),140,Grande,-68.850276947,-32.8843007617,1,Parque Central,1655357.93265,0
3229,Morera,22/09/2011 08:00,Alto (> 8 mts),108,Grande,-68.8219268639,-32.8720885864,4,Cuarta Este Área Fundacional,1822015.85685,0
27633,Morera,07/11/2011 10:06,Alto (> 8 mts),160,Grande,-68.8379121057,-32.895360671,2,Barrio Civico,2366816.36021,1
26207,Tipa,15/11/2011 07:58,Medio (4 - 8 mts),45,Mediano,-68.8300465951,-32.8881115428,3,Parque O'Higgins,1531146.02653,0
43145,Platano,05/10/2011 11:22,Alto (> 8 mts),80,Grande,-68.8296075101,-32.8800459405,4,Cuarta Este Área Fundacional,1822015.85685,0
44051,Fresno europeo,18/10/2011 12:10,Alto (> 8 mts),90,Grande,-68.8319357246,-32.886084568,3,Parque O'Higgins,1531146.02653,0
19422,Paraiso,04/07/2011 11:33,Alto (> 8 mts),160,Grande,-68.8357714902,-32.8717992728,4,Cuarta Oeste,1173332.70145,0
19849,Fresno europeo,30/06/2011 09:53,Medio (4 - 8 mts),45,Mediano,-68.8340928267,-32.8635903224,4,Cuarta Oeste,1173332.70145,0
6792,Fresno europeo,27/05/2011 10:07,Alto (> 8 mts),92,Grande,-68.8584743663,-32.8949234718,5,Residencial Sur,2423808.92355,0
32661,Fresno europeo,24/06/2011 12:58,Alto (> 8 mts),146,Grande,-68.850335093,-32.890385147,5,Residencial Sur,2423808.92355,0
37583,Caducifolio,17/11/2010 10:22,Bajo (2 - 4 mts),80,Grande,-68.8577883102,-32.8701517033,6,Residencial Norte,2694682.37982,0
6941,Fresno europeo,03/06/2011 10:16,Bajo (2 - 4 mts),18,Chico,-68.8588468255,-32.896862595,5,Residencial Sur,2423808.92355,0
28959,Platano,25/04/2011 12:25,Alto (> 8 mts),190,Grande,-68.8449488391,-32.885901924,1,Parque Central,1655357.93265,0
42675,Morera,23/09/2011 12:07,Alto (> 8 mts),90,Grande,-68.8307408476,-32.8769123831,4,Cuarta Este Área Fundacional,1822015.85685,0
581,Morera,08/03/2012 10:51,Alto (> 8 mts),120,Grande,-68.820166945,-32.8686052795,4,Cuarta Este Área Fundacional,1822015.85685,1
15303,Conifera,17/11/2011 14:32,Alto (> 8 mts),160,Grande,-68.8593128518,-32.869864012,6,Residencial Norte,2694682.37982,0
33219,Platano,09/05/2011 12:16,Alto (> 8 mts),180,Grande,-68.8546869844,-32.8918480128,5,Residencial Sur,2423808.92355,0
28862,Fresno americano,26/04/2011 12:40,Alto (> 8 mts),150,Grande,-68.8464696881,-32.885895144,1,Parque Central,1655357.93265,0
24849,Morera,16/02/2011 13:11,Alto (> 8 mts),54,Mediano,-68.8379917091,-32.8958422769,2,Barrio Civico,2366816.36021,0
16476,Paraiso,05/08/2011 08:58,Medio (4 - 8 mts),90,Grande,-68.8423062183,-32.8656177283,4,Cuarta Oeste,1173332.70145,0
8272,Morera,14/03/2011 17:10,Medio (4 - 8 mts),36,Mediano,-68.8466078502,-32.892140397,2,Barrio Civico,2366816.36021,0
28356,Fresno europeo,10/03/2011 13:50,Bajo (2 - 4 mts),12,Chico,-68.8476707596,-32.8880311747,5,Residencial Sur,2423808.92355,0
34357,Morera,28/03/2011 13:05,Medio (4 - 8 mts),80,Grande,-68.8522764307,-32.8756075085,6,Residencial Norte,2694682.37982,0
26531,Morera,21/10/2011 13:50,Medio (4 - 8 mts),120,Grande,-68.8310074501,-32.8902040476,3,Parque O'Higgins,1531146.02653,0
12078,Fresno europeo,02/02/2010 11:25,Muy bajo (1 - 2 mts),2,Chico,-68.8535222993,-32.8678421131,6,Residencial Norte,2694682.37982,0
5811,Paraiso,03/05/2011 11:39,Medio (4 - 8 mts),90,Grande,-68.8429900567,-32.8753561027,1,Parque Central,1655357.93265,0
37968,Morera,27/08/2010 10:22,Alto (> 8 mts),156,Grande,-68.8483392356,-32.8741321396,6,Residencial Norte,2694682.37982,0
24643,Morera,17/01/2011 11:24,Alto (> 8 mts),158,Grande,-68.8431075027,-32.8999098334,2,Barrio Civico,2366816.36021,0
37228,Morera,11/03/2011 13:04,Muy bajo (1 - 2 mts),7,Chico,-68.8575348069,-32.8732609981,6,Residencial Norte,2694682.37982,0
8181,Fresno europeo,11/03/2011 12:42,Bajo (2 - 4 mts),12,Chico,-68.8421167023,-32.8913738206,2,Barrio Civico,2366816.36021,0
13070,Morera,17/02/2011 11:19,Alto (> 8 mts),160,Grande,-68.8456013381,-32.8645381857,4,Cuarta Oeste,1173332.70145,1
35553,Morera,16/06/2011 09:56,Bajo (2 - 4 mts),32,Mediano,-68.8569932771,-32.883569332,5,Residencial Sur,2423808.92355,0
7674,Morera,26/05/2011 13:41,Bajo (2 - 4 mts),24,Mediano,-68.8546497968,-32.8851068395,5,Residencial Sur,2423808.92355,0
10768,Fresno europeo,04/04/2011 10:31,Bajo (2 - 4 mts),7,Chico,-68.8526381678,-32.8768779463,6,Residencial Norte,2694682.37982,0
20916,Morera,24/05/2011 13:19,Alto (> 8 mts),120,Grande,-68.8615194143,-32.8945153239,5,Residencial Sur,2423808.92355,0
6615,Caducifolio,11/05/2011 09:58,Medio (4 - 8 mts),30,Mediano,-68.8548957939,-32.8926713885,5,Residencial Sur,2423808.92355,0
5359,Alamo blanco,25/04/2011 12:05,Bajo (2 - 4 mts),36,Mediano,-68.8432056008,-32.8784172102,1,Parque Central,1655357.93265,0
18890,Fresno americano,26/07/2011 10:19,Alto (> 8 mts),115,Grande,-68.8397621798,-32.8704263909,4,Cuarta Oeste,1173332.70145,0
17429,Paraiso,09/08/2011 09:51,Alto (> 8 mts),230,Grande,-68.834931214,-32.8679356692,4,Cuarta Oeste,1173332.70145,0
29648,Morera,23/03/2011 18:58,Bajo (2 - 4 mts),10,Chico,-68.8435931127,-32.8933084004,2,Barrio Civico,2366816.36021,0
19959,Morera,05/08/2011 09:47,Medio (4 - 8 mts),73,Grande,-68.8339383998,-32.8645126761,4,Cuarta Oeste,1173332.70145,0
14816,Morera,07/12/2011 10:30,Medio (4 - 8 mts),60,Mediano,-68.8777898887,-32.8687716129,8,Aeroparque,2203364.73622,0
38442,Paraiso,03/11/2010 10:18,Alto (> 8 mts),198,Grande,-68.8508907392,-32.8692834903,6,Residencial Norte,2694682.37982,0
26465,Fresno europeo,09/11/2011 09:57,Medio (4 - 8 mts),100,Grande,-68.8326121816,-32.8913234012,3,Parque O'Higgins,1531146.02653,0
34218,Morera,23/03/2011 10:44,Medio (4 - 8 mts),104,Grande,-68.8524166347,-32.8755373418,6,Residencial Norte,2694682.37982,0
5844,Paraiso,06/05/2011 12:45,Bajo (2 - 4 mts),50,Mediano,-68.8407133935,-32.8796919776,1,Parque Central,1655357.93265,1
28698,Morera,01/03/2011 12:22,Alto (> 8 mts),185,Grande,-68.8467813328,-32.8905003402,2,Barrio Civico,2366816.36021,0
39867,Morera,03/05/2011 13:05,Alto (> 8 mts),155,Grande,-68.8445581353,-32.8749402795,1,Parque Central,1655357.93265,0
2987,Caducifolio,16/09/2011 11:40,Medio (4 - 8 mts),25,Mediano,-68.8247016196,-32.8719030525,4,Cuarta Este Área Fundacional,1822015.85685,0
16600,Morera,26/07/2011 10:48,Alto (> 8 mts),167,Grande,-68.8407010497,-32.8653511374,4,Cuarta Oeste,1173332.70145,0
1311,Morera,01/12/2011 12:26,Bajo (2 - 4 mts),18,Chico,-68.878534239,-32.866862522,8,Aeroparque,2203364.73622,0
40262,Acer,14/04/2011 09:53,Medio (4 - 8 mts),120,Grande,-68.8464621169,-32.882105141,1,Parque Central,1655357.93265,0
20140,Platano,16/05/2011 10:44,Alto (> 8 mts),98,Grande,-68.8613051659,-32.8911990965,5,Residencial Sur,2423808.92355,0
11151,Paraiso,26/01/2011 12:20,Muy bajo (1 - 2 mts),8,Chico,-68.844956389,-32.9014130143,2,Barrio Civico,2366816.36021,0
24049,Morera,21/01/2011 10:23,Alto (> 8 mts),160,Grande,-68.8458606254,-32.9011989963,2,Barrio Civico,2366816.36021,0
44131,Fresno europeo,04/10/2011 10:03,Medio (4 - 8 mts),50,Mediano,-68.8351035567,-32.879133941,1,Parque Central,1655357.93265,0
11227,Fresno americano,14/01/2011 14:34,Alto (> 8 mts),80,Grande,-68.8453740951,-32.8998027408,2,Barrio Civico,2366816.36021,0
7720,Paraiso sombrilla,31/05/2011 13:15,Bajo (2 - 4 mts),100,Grande,-68.8562887549,-32.8841671952,5,Residencial Sur,2423808.92355,0
21476,Fresno europeo,11/05/2011 12:13,Alto (> 8 mts),148,Grande,-68.8588883218,-32.8919166693,5,Residencial Sur,2423808.92355,0
44634,Olmo comun,25/08/2011 13:07,Medio (4 - 8 mts),95,Grande,-68.8238700473,-32.8665624647,4,Cuarta Este Área Fundacional,1822015.85685,0
22454,Olmo comun,24/06/2011 10:41,Medio (4 - 8 mts),80,Grande,-68.8611073692,-32.8985096984,5,Residencial Sur,2423808.92355,0
13916,Paraiso sombrilla,30/11/2011 12:20,Medio (4 - 8 mts),110,Grande,-68.8758257416,-32.8660560213,8,Aeroparque,2203364.73622,0
24968,Morera,16/02/2011 11:39,Muy bajo (1 - 2 mts),8,Chico,-68.837433698,-32.895673749,2,Barrio Civico,2366816.36021,0
36388,Platano,21/03/2011 12:47,Alto (> 8 mts),160,Grande,-68.8517079923,-32.8797456394,6,Residencial Norte,2694682.37982,0
40216,Morera,14/04/2011 09:50,Alto (> 8 mts),160,Grande,-68.8466071965,-32.8826871813,1,Parque Central,1655357.93265,1
29552,Platano,25/02/2011 12:44,Alto (> 8 mts),98,Grande,-68.8426203733,-32.8924465591,2,Barrio Civico,2366816.36021,0
24930,Morera,09/02/2011 11:03,Alto (> 8 mts),137,Grande,-68.8376142952,-32.897553827,2,Barrio Civico,2366816.36021,0
9896,Paraiso sombrilla,14/02/2011 09:43,Medio (4 - 8 mts),90,Grande,-68.8571543612,-32.8647221287,6,Residencial Norte,2694682.37982,0
37548,Paraiso,16/11/2010 12:14,Alto (> 8 mts),280,Grande,-68.8575695513,-32.8695077346,6,Residencial Norte,2694682.37982,0
9361,Tilo,16/02/2011 10:26,Medio (4 - 8 mts),34,Mediano,-68.845418647,-32.8651013122,4,Cuarta Oeste,1173332.70145,0
17443,Morera,29/07/2011 09:54,Alto (> 8 mts),152,Grande,-68.8347200372,-32.8671375566,4,Cuarta Oeste,1173332.70145,1
23245,Morera,30/01/2012 17:44,Medio (4 - 8 mts),110,Grande,-68.8527599487,-32.9020379291,2,Barrio Civico,2366816.36021,0
38252,Fresno europeo,17/01/2012 08:23,Alto (> 8 mts),155,Grande,-68.8470344175,-32.8735539121,6,Residencial Norte,2694682.37982,0
42306,Morera,03/05/2011 11:56,Alto (> 8 mts),125,Grande,-68.8421751372,-32.8728622356,4,Cuarta Oeste,1173332.70145,0
43641,Platano,14/10/2011 17:38,Medio (4 - 8 mts),164,Grande,-68.8339154133,-32.8816960617,3,Parque O'Higgins,1531146.02653,0
35782,Morera,18/03/2011 11:41,Medio (4 - 8 mts),70,Grande,-68.8545147664,-32.8751954429,6,Residencial Norte,2694682.37982,0
39425,Fresno europeo,11/11/2010 11:30,Medio (4 - 8 mts),60,Mediano,-68.855243667,-32.8704070011,6,Residencial Norte,2694682.37982,0
35227,Acacia SP,22/03/2011 13:19,Alto (> 8 mts),225,Grande,-68.853811156,-32.881361484,6,Residencial Norte,2694682.37982,1
38327,Fresno europeo,09/11/2010 10:14,Bajo (2 - 4 mts),35,Mediano,-68.8530438018,-32.8692130117,6,Residencial Norte,2694682.37982,0
38705,Acer,14/12/2010 13:35,Alto (> 8 mts),180,Grande,-68.8504575053,-32.8710425949,6,Residencial Norte,2694682.37982,0
48169,Morera,17/08/2011 09:50,Alto (> 8 mts),122,Grande,-68.829088278,-32.8681849935,4,Cuarta Este Área Fundacional,1822015.85685,1
13369,Morera,11/01/2011 10:11,Alto (> 8 mts),165,Grande,-68.844945569,-32.8661124512,4,Cuarta Oeste,1173332.70145,0
35507,Fresno europeo,06/04/2011 11:31,Alto (> 8 mts),135,Grande,-68.8555397075,-32.8812643062,6,Residencial Norte,2694682.37982,0
13447,Olmo comun,02/02/2011 09:59,Alto (> 8 mts),150,Grande,-68.8521171297,-32.8647927892,6,Residencial Norte,2694682.37982,0
38745,Acacia SP,01/11/2010 12:31,Medio (4 - 8 mts),96,Grande,-68.8497309514,-32.8704515796,6,Residencial Norte,2694682.37982,0
10839,Perenne,17/03/2011 13:30,Bajo (2 - 4 mts),22,Mediano,-68.8545448606,-32.8780721069,6,Residencial Norte,2694682.37982,1
47222,Fresno europeo,19/09/2011 10:25,Alto (> 8 mts),155,Grande,-68.8327280846,-32.8751971502,4,Cuarta Este Área Fundacional,1822015.85685,0
23407,Morera,27/01/2011 19:28,Alto (> 8 mts),134,Grande,-68.8500547097,-32.9017508865,2,Barrio Civico,2366816.36021,1
30781,Morera,02/02/2011 08:59,Medio (4 - 8 mts),109,Grande,-68.8544896274,-32.8685586386,6,Residencial Norte,2694682.37982,0
15597,Paraiso,16/11/2011 15:48,Muy bajo (1 - 2 mts),14,Chico,-68.8613791917,-32.8710256402,7,Residencial Parque,1786336.08966,0
21383,Fresno europeo,09/05/2011 13:04,Bajo (2 - 4 mts),30,Mediano,-68.8547241659,-32.8925096269,5,Residencial Sur,2423808.92355,0
27148,Platano,27/10/2011 10:11,Alto (> 8 mts),150,Grande,-68.8377576017,-32.8897077694,3,Parque O'Higgins,1531146.02653,0
17335,Morera,08/08/2011 09:55,Alto (> 8 mts),180,Grande,-68.8347494904,-32.8657922813,4,Cuarta Oeste,1173332.70145,0
22957,Fresno europeo,19/05/2011 16:43,Bajo (2 - 4 mts),6,Chico,-68.8557729414,-32.899596041,5,Residencial Sur,2423808.92355,0
31691,Platano,18/05/2011 12:36,Alto (> 8 mts),240,Grande,-68.8613696766,-32.891023927,5,Residencial Sur,2423808.92355,0
35542,Platano,16/06/2011 14:39,Medio (4 - 8 mts),120,Grande,-68.856899892,-32.8824741113,7,Residencial Parque,1786336.08966,0
26085,Acacia SP,04/11/2011 16:59,Medio (4 - 8 mts),100,Grande,-68.8327108646,-32.8863553033,3,Parque O'Higgins,1531146.02653,0
37159,Morera,07/04/2011 10:51,Alto (> 8 mts),165,Grande,-68.8590328311,-32.8787698632,7,Residencial Parque,1786336.08966,0
10462,Perenne,10/03/2011 09:24,Bajo (2 - 4 mts),26,Mediano,-68.8558476913,-32.8728900109,6,Residencial Norte,2694682.37982,0
23932,Morera,19/01/2012 09:53,Alto (> 8 mts),108,Grande,-68.8518761553,-32.8992819793,2,Barrio Civico,2366816.36021,0
4957,Ailanthus,15/07/2011 12:00,Medio (4 - 8 mts),57,Mediano,-68.8435543262,-32.8696856718,4,Cuarta Oeste,1173332.70145,0
30935,Fresno europeo,11/02/2011 13:22,Medio (4 - 8 mts),94,Grande,-68.8562207872,-32.8635600533,6,Residencial Norte,2694682.37982,0
42015,Fresno americano,08/04/2011 12:14,Alto (> 8 mts),80,Grande,-68.8416356435,-32.8806574064,1,Parque Central,1655357.93265,1
12190,Fresno europeo,19/01/2011 11:00,Bajo (2 - 4 mts),30,Mediano,-68.8461113388,-32.8679191406,6,Residencial Norte,2694682.37982,0
45487,Morera,16/09/2011 14:45,Medio (4 - 8 mts),96,Grande,-68.822049067,-32.8719455181,4,Cuarta Este Área Fundacional,1822015.85685,0
34558,Morera,31/03/2011 09:02,Medio (4 - 8 mts),100,Grande,-68.8479510169,-32.8757995258,6,Residencial Norte,2694682.37982,0
46152,Fresno europeo,27/09/2011 10:49,Muy bajo (1 - 2 mts),8,Chico,-68.8242296072,-32.8744269925,4,Cuarta Este Área Fundacional,1822015.85685,0
47234,Morera,16/09/2011 13:18,Alto (> 8 mts),96,Grande,-68.8334700673,-32.8747499084,4,Cuarta Este Área Fundacional,1822015.85685,0
4692,Morera,04/08/2011 10:32,Alto (> 8 mts),96,Grande,-68.8366369395,-32.8660163148,4,Cuarta Oeste,1173332.70145,0
20498,Morera,01/06/2011 12:32,Alto (> 8 mts),110,Grande,-68.8606006332,-32.898034214,5,Residencial Sur,2423808.92355,1
46984,Paraiso,07/09/2011 12:21,Bajo (2 - 4 mts),20,Chico,-68.8309654596,-32.8718331802,4,Cuarta Este Área Fundacional,1822015.85685,0
38829,Morera,13/12/2010 14:19,Alto (> 8 mts),100,Grande,-68.8495230668,-32.8713368811,6,Residencial Norte,2694682.37982,1
29574,Platano,04/03/2011 10:08,Medio (4 - 8 mts),145,Grande,-68.8448459571,-32.8918354797,2,Barrio Civico,2366816.36021,0
18748,Perenne,12/07/2011 10:04,Muy bajo (1 - 2 mts),10,Chico,-68.8370674159,-32.8732394398,4,Cuarta Oeste,1173332.70145,0
32948,Morera,23/05/2011 10:35,Alto (> 8 mts),167,Grande,-68.8503155292,-32.8885098438,5,Residencial Sur,2423808.92355,0
15151,Paraiso,21/11/2011 12:46,Bajo (2 - 4 mts),35,Mediano,-68.8596781892,-32.8687390288,6,Residencial Norte,2694682.37982,0
38503,Paraiso,02/11/2010 10:16,Alto (> 8 mts),220,Grande,-68.8502272516,-32.8694487547,6,Residencial Norte,2694682.37982,1
8833,Fresno europeo,31/01/2011 13:22,Bajo (2 - 4 mts),43,Mediano,-68.8537735616,-32.8681243067,6,Residencial Norte,2694682.37982,0
23976,Morera,14/01/2011 18:23,Alto (> 8 mts),104,Grande,-68.8450032482,-32.8998101264,2,Barrio Civico,2366816.36021,0
33790,Morera,13/05/2011 10:39,Bajo (2 - 4 mts),90,Grande,-68.8562553377,-32.8853376817,5,Residencial Sur,2423808.92355,0
42421,Morera,28/09/2011 11:12,Alto (> 8 mts),165,Grande,-68.8334995431,-32.8755513665,4,Cuarta Este Área Fundacional,1822015.85685,0
16307,Morera,22/07/2011 08:56,Alto (> 8 mts),120,Grande,-68.8420575603,-32.862984104,4,Cuarta Oeste,1173332.70145,0
46709,Morera,05/09/2011 09:57,Alto (> 8 mts),175,Grande,-68.8319925963,-32.8701575897,4,Cuarta Este Área Fundacional,1822015.85685,0
6528,Morera,08/06/2011 12:01,Alto (> 8 mts),125,Grande,-68.8545766187,-32.8919403223,5,Residencial Sur,2423808.92355,0
40480,Fresno europeo,11/04/2011 09:29,Medio (4 - 8 mts),22,Mediano,-68.8436054632,-32.8817161171,1,Parque Central,1655357.93265,0
16115,Palo borracho,18/07/2011 12:35,Medio (4 - 8 mts),80,Grande,-68.8449799375,-32.873317213,6,Residencial Norte,2694682.37982,0
38576,Fresno europeo,17/12/2010 10:04,Bajo (2 - 4 mts),60,Mediano,-68.8520275188,-32.8717753753,6,Residencial Norte,2694682.37982,0
20236,Morera,26/05/2011 12:06,Bajo (2 - 4 mts),51,Mediano,-68.8595637892,-32.8937521859,5,Residencial Sur,2423808.92355,1
6111,Morera,27/04/2011 18:30,Alto (> 8 mts),48,Mediano,-68.8389948974,-32.883635119,1,Parque Central,1655357.93265,0
29951,Platano,28/04/2011 12:22,Alto (> 8 mts),195,Grande,-68.8425184936,-32.8856350522,1,Parque Central,1655357.93265,0
4226,Paraiso,11/07/2011 11:49,Bajo (2 - 4 mts),25,Mediano,-68.8394200935,-32.8738807541,4,Cuarta Oeste,1173332.70145,0
41168,Morera,18/04/2011 12:01,Alto (> 8 mts),110,Grande,-68.8377937656,-32.8810622122,1,Parque Central,1655357.93265,0
40161,Fresno europeo,14/04/2011 10:13,Medio (4 - 8 mts),40,Mediano,-68.8445537545,-32.879899317,1,Parque Central,1655357.93265,0
20459,Fresno europeo,17/05/2011 09:35,Muy bajo (1 - 2 mts),15,Chico,-68.8604093518,-32.892673965,5,Residencial Sur,2423808.92355,0
950,Fresno europeo,10/01/2012 12:52,Muy bajo (1 - 2 mts),5,Chico,-68.8473396067,-32.8728682779,6,Residencial Norte,2694682.37982,0
44611,Fresno europeo,26/08/2011 09:23,Alto (> 8 mts),140,Grande,-68.8226695165,-32.8669638252,4,Cuarta Este Área Fundacional,1822015.85685,0
5907,Morera,18/04/2011 12:14,Alto (> 8 mts),195,Grande,-68.8438314543,-32.8865797657,1,Parque Central,1655357.93265,0
41464,Paraiso,07/04/2011 11:01,Medio (4 - 8 mts),56,Mediano,-68.8419762909,-32.8807330385,1,Parque Central,1655357.93265,1
13302,Caducifolio,23/02/2011 09:37,Muy bajo (1 - 2 mts),5,Chico,-68.8483200128,-32.8657607926,6,Residencial Norte,2694682.37982,0
7661,Fresno europeo,26/05/2011 09:45,Bajo (2 - 4 mts),40,Mediano,-68.8529874116,-32.8845469183,5,Residencial Sur,2423808.92355,0
14335,Morera,01/12/2011 12:49,Muy bajo (1 - 2 mts),7,Chico,-68.8777708994,-32.8671067367,8,Aeroparque,2203364.73622,0
41470,Morera,07/04/2011 11:30,Medio (4 - 8 mts),94,Grande,-68.8435104609,-32.8810022751,1,Parque Central,1655357.93265,1
32182,Morera,11/05/2011 09:19,Alto (> 8 mts),190,Grande,-68.8584487036,-32.8859098168,5,Residencial Sur,2423808.92355,0
34390,Fresno americano,28/03/2011 09:12,Medio (4 - 8 mts),100,Grande,-68.8504982507,-32.8750961192,6,Residencial Norte,2694682.37982,0
32685,Morera,18/05/2011 12:01,Alto (> 8 mts),240,Grande,-68.8518580886,-32.8871215186,5,Residencial Sur,2423808.92355,0
33761,Fresno europeo,12/05/2011 09:35,Medio (4 - 8 mts),110,Grande,-68.8576807112,-32.8853995791,5,Residencial Sur,2423808.92355,0
36795,Morera,07/04/2011 16:06,Alto (> 8 mts),130,Grande,-68.8598730253,-32.8803756816,7,Residencial Parque,1786336.08966,0
18932,Paraiso,01/08/2011 10:04,Alto (> 8 mts),100,Grande,-68.8415903775,-32.8698782331,4,Cuarta Oeste,1173332.70145,0
39419,Paraiso,12/11/2010 11:43,Alto (> 8 mts),170,Grande,-68.8557138689,-32.8701314743,6,Residencial Norte,2694682.37982,0
37195,Morera,14/03/2011 12:52,Alto (> 8 mts),250,Grande,-68.8580968191,-32.8724810898,6,Residencial Norte,2694682.37982,0
21325,Fresno europeo,15/06/2011 11:45,Medio (4 - 8 mts),70,Grande,-68.8534771531,-32.8993822121,5,Residencial Sur,2423808.92355,0
47479,Fresno europeo,20/09/2011 10:50,Alto (> 8 mts),183,Grande,-68.8293828391,-32.8751631467,4,Cuarta Este Área Fundacional,1822015.85685,0
13330,Morera,25/02/2011 09:52,Medio (4 - 8 mts),100,Grande,-68.8476920098,-32.8660639297,6,Residencial Norte,2694682.37982,0
21434,Morera,10/05/2011 10:34,Alto (> 8 mts),155,Grande,-68.8561976817,-32.8931724781,5,Residencial Sur,2423808.92355,0
7785,Morera,12/05/2011 13:03,Alto (> 8 mts),170,Grande,-68.8558773577,-32.8863907452,5,Residencial Sur,2423808.92355,0
14092,Morera,02/12/2011 09:06,Medio (4 - 8 mts),40,Mediano,-68.876593766,-32.8688510592,8,Aeroparque,2203364.73622,0
36155,Platano,04/04/2011 13:25,Alto (> 8 mts),135,Grande,-68.85171055,-32.8769394519,6,Residencial Norte,2694682.37982,1
33293,Platano,24/06/2011 11:29,Alto (> 8 mts),168,Grande,-68.8567840943,-32.8897596968,5,Residencial Sur,2423808.92355,1
3097,Ailanthus,08/09/2011 11:12,Medio (4 - 8 mts),25,Mediano,-68.8292401421,-32.8712689121,4,Cuarta Este Área Fundacional,1822015.85685,1
16225,Morera,20/07/2011 10:37,Alto (> 8 mts),200,Grande,-68.8434735269,-32.8658976377,4,Cuarta Oeste,1173332.70145,0
26124,Fresno europeo,11/11/2011 12:10,Medio (4 - 8 mts),130,Grande,-68.8305910984,-32.8862446373,3,Parque O'Higgins,1531146.02653,0
12110,Morera,20/01/2011 13:43,Medio (4 - 8 mts),87,Grande,-68.8478357173,-32.8685933109,6,Residencial Norte,2694682.37982,0
19827,Morera,04/08/2011 10:31,Alto (> 8 mts),180,Grande,-68.8340843795,-32.864486258,4,Cuarta Oeste,1173332.70145,1
5375,Acer,26/04/2011 09:18,Medio (4 - 8 mts),120,Grande,-68.843362138,-32.877561978,1,Parque Central,1655357.93265,0
26052,Fresno europeo,08/11/2011 16:16,Medio (4 - 8 mts),110,Grande,-68.8318456669,-32.8876439454,3,Parque O'Higgins,1531146.02653,0
4006,Fresno americano,26/09/2011 10:22,Bajo (2 - 4 mts),33,Mediano,-68.8278371841,-32.8766213049,4,Cuarta Este Área Fundacional,1822015.85685,0
13223,Morera,21/02/2011 12:53,Alto (> 8 mts),160,Grande,-68.8475467089,-32.8652230212,6,Residencial Norte,2694682.37982,0
47362,Morera,23/09/2011 08:43,Medio (4 - 8 mts),170,Grande,-68.8278612555,-32.8742854248,4,Cuarta Este Área Fundacional,1822015.85685,0
22436,Fresno europeo,15/06/2011 09:02,Alto (> 8 mts),78,Grande,-68.8595877267,-32.8982931283,5,Residencial Sur,2423808.92355,0
45625,Morera,22/09/2011 08:36,Alto (> 8 mts),190,Grande,-68.8212652309,-32.8713532466,4,Cuarta Este Área Fundacional,1822015.85685,0
32510,Morera,27/05/2011 09:59,Alto (> 8 mts),135,Grande,-68.8534167534,-32.8881624371,5,Residencial Sur,2423808.92355,1
29854,Platano,14/03/2011 09:29,Alto (> 8 mts),190,Grande,-68.8415461177,-32.8924491141,2,Barrio Civico,2366816.36021,0
47451,Fresno europeo,20/09/2011 10:24,Bajo (2 - 4 mts),34,Mediano,-68.8305833364,-32.8753127634,4,Cuarta Este Área Fundacional,1822015.85685,0
10449,Morera,09/03/2011 12:58,Medio (4 - 8 mts),60,Mediano,-68.8561786801,-32.8738107132,6,Residencial Norte,2694682.37982,0
17768,Paraiso,22/07/2011 09:43,Bajo (2 - 4 mts),30,Mediano,-68.8426048419,-32.8668903058,4,Cuarta Oeste,1173332.70145,0
31455,Fresno europeo,13/07/2011 11:48,Alto (> 8 mts),165,Grande,-68.8500658169,-32.8842584088,1,Parque Central,1655357.93265,0
37362,Morera,29/11/2010 10:10,Alto (> 8 mts),75,Grande,-68.8575091734,-32.8723188788,6,Residencial Norte,2694682.37982,0
45136,Fresno europeo,01/09/2011 13:39,Alto (> 8 mts),140,Grande,-68.8242218657,-32.8702276136,4,Cuarta Este Área Fundacional,1822015.85685,0
33833,Fresno americano,16/05/2011 13:37,Medio (4 - 8 mts),60,Mediano,-68.8539857318,-32.8857506768,5,Residencial Sur,2423808.92355,0
11954,Fresno europeo,12/05/2010 10:48,Bajo (2 - 4 mts),22,Mediano,-68.8517430189,-32.8669569549,6,Residencial Norte,2694682.37982,0
3099,Fresno americano,08/09/2011 11:05,Medio (4 - 8 mts),110,Grande,-68.8292483047,-32.8710903932,4,Cuarta Este Área Fundacional,1822015.85685,0
18498,Paraiso sombrilla,07/07/2011 10:17,Alto (> 8 mts),180,Grande,-68.838457138,-32.8730962444,4,Cuarta Oeste,1173332.70145,0
7127,Fresno americano,13/06/2011 11:44,Medio (4 - 8 mts),79,Grande,-68.8522569584,-32.8974400716,5,Residencial Sur,2423808.92355,0
28088,Platano,21/02/2011 18:38,Alto (> 8 mts),120,Grande,-68.8491219731,-32.8917376377,2,Barrio Civico,2366816.36021,0
26232,Fresno europeo,19/10/2011 09:53,Bajo (2 - 4 mts),23,Mediano,-68.8302399076,-32.8886245071,3,Parque O'Higgins,1531146.02653,0
2869,Platano,04/11/2011 08:12,Medio (4 - 8 mts),18,Chico,-68.8353761703,-32.8930490505,3,Parque O'Higgins,1531146.02653,0
1810,Acer,24/11/2011 13:14,Medio (4 - 8 mts),32,Mediano,-68.8705762569,-32.8799200448,7,Residencial Parque,1786336.08966,0
37168,Morera,07/04/2011 10:21,Alto (> 8 mts),120,Grande,-68.8594394446,-32.8781674666,7,Residencial Parque,1786336.08966,0
8832,Acer,31/01/2011 11:41,Muy bajo (1 - 2 mts),5,Chico,-68.8537188126,-32.8687814276,6,Residencial Norte,2694682.37982,0
8232,Morera,25/02/2011 13:27,Medio (4 - 8 mts),136,Grande,-68.8437474195,-32.8923067505,2,Barrio Civico,2366816.36021,1
48417,Fresno europeo,29/08/2011 10:20,Muy bajo (1 - 2 mts),20,Chico,-68.8291779111,-32.8687363758,4,Cuarta Este Área Fundacional,1822015.85685,0
36545,Olmo comun,04/04/2011 11:48,Alto (> 8 mts),88,Grande,-68.8557978512,-32.8793725814,6,Residencial Norte,2694682.37982,1
17376,Paraiso,09/08/2011 11:38,Alto (> 8 mts),175,Grande,-68.8407326983,-32.8659545704,4,Cuarta Oeste,1173332.70145,0
12821,Morera,20/01/2011 12:25,Alto (> 8 mts),100,Grande,-68.8470674901,-32.8635893003,4,Cuarta Oeste,1173332.70145,0
39614,Morera,25/10/2010 11:17,Alto (> 8 mts),95,Grande,-68.8486643486,-32.8687772754,6,Residencial Norte,2694682.37982,0
27012,Platano,02/11/2011 16:05,Alto (> 8 mts),160,Grande,-68.8353903421,-32.8861429035,3,Parque O'Higgins,1531146.02653,0
21249,Morera,10/05/2011 11:57,Alto (> 8 mts),180,Grande,-68.8534608284,-32.8956980592,5,Residencial Sur,2423808.92355,1
23317,Morera,28/01/2011 13:43,Alto (> 8 mts),190,Grande,-68.8502574766,-32.9022524908,2,Barrio Civico,2366816.36021,1
656,Ailanthus,07/03/2012 15:56,Medio (4 - 8 mts),90,Grande,-68.8178175156,-32.8681284438,4,Cuarta Este Área Fundacional,1822015.85685,0
21353,Paraiso,09/05/2011 09:09,Alto (> 8 mts),145,Grande,-68.8532235313,-32.8932168745,5,Residencial Sur,2423808.92355,0
23952,Fresno europeo,12/01/2011 12:15,Alto (> 8 mts),121,Grande,-68.8470523603,-32.9003042538,2,Barrio Civico,2366816.36021,0
10962,Ailanthus,21/03/2011 17:00,Medio (4 - 8 mts),52,Mediano,-68.8577809204,-32.8808727699,7,Residencial Parque,1786336.08966,0
45552,Morera,08/09/2011 09:33,Alto (> 8 mts),116,Grande,-68.8206140229,-32.8705348388,4,Cuarta Este Área Fundacional,1822015.85685,1
10986,Paraiso,28/03/2011 09:53,Medio (4 - 8 mts),66,Grande,-68.8541439929,-32.8820414361,6,Residencial Norte,2694682.37982,0
48040,Morera,02/09/2011 11:36,Muy bajo (1 - 2 mts),8,Chico,-68.8267132084,-32.8688285944,4,Cuarta Este Área Fundacional,1822015.85685,0
28630,Morera,23/02/2011 11:52,Muy bajo (1 - 2 mts),2,Chico,-68.8475880903,-32.890880609,2,Barrio Civico,2366816.36021,0
7984,Platano,18/02/2011 13:59,Alto (> 8 mts),210,Grande,-68.8407202772,-32.8882134722,3,Parque O'Higgins,1531146.02653,0
42059,Fresno europeo,12/04/2011 12:42,Alto (> 8 mts),140,Grande,-68.8424656136,-32.8805501612,1,Parque Central,1655357.93265,0
8483,Morera,14/02/2011 15:36,Medio (4 - 8 mts),72,Grande,-68.8352452602,-32.8981560552,2,Barrio Civico,2366816.36021,1
23436,Paraiso,18/01/2011 14:43,Medio (4 - 8 mts),122,Grande,-68.8487397268,-32.9032188524,2,Barrio Civico,2366816.36021,0
4280,Morera,26/07/2011 13:49,Medio (4 - 8 mts),180,Grande,-68.8373372427,-32.8723838156,4,Cuarta Oeste,1173332.70145,0
43788,Morera,19/10/2011 08:34,Medio (4 - 8 mts),130,Grande,-68.8323767024,-32.8818273603,3,Parque O'Higgins,1531146.02653,1
13587,Prunas,28/02/2011 13:00,Medio (4 - 8 mts),42,Mediano,-68.8518769858,-32.8651014033,6,Residencial Norte,2694682.37982,0
5773,Morera,06/05/2011 10:35,Muy bajo (1 - 2 mts),5,Chico,-68.8397530782,-32.8788718045,1,Parque Central,1655357.93265,0
26338,Acacia SP,20/10/2011 11:24,Alto (> 8 mts),145,Grande,-68.8327169121,-32.8894500072,3,Parque O'Higgins,1531146.02653,1
17012,Morera,10/08/2011 09:02,Medio (4 - 8 mts),60,Mediano,-68.8390513073,-32.8634685831,4,Cuarta Oeste,1173332.70145,0
40002,Morera,20/04/2011 12:44,Alto (> 8 mts),200,Grande,-68.8441777064,-32.8779479458,1,Parque Central,1655357.93265,0
148,Paraiso,28/02/2012 18:10,Bajo (2 - 4 mts),120,Grande,-68.8579576256,-32.864202141,6,Residencial Norte,2694682.37982,0
30446,Morera,21/02/2011 09:10,Alto (> 8 mts),120,Grande,-68.8413591223,-32.8881943019,3,Parque O'Higgins,1531146.02653,0
9067,Catalpa,17/02/2011 12:28,Bajo (2 - 4 mts),54,Mediano,-68.854468742,-32.8662188006,6,Residencial Norte,2694682.37982,0
9230,Morera,28/02/2011 11:24,Bajo (2 - 4 mts),36,Mediano,-68.8493473327,-32.8652868136,6,Residencial Norte,2694682.37982,0
21490,Paraiso,11/05/2011 11:14,Alto (> 8 mts),130,Grande,-68.8579305408,-32.8928494613,5,Residencial Sur,2423808.92355,0
38631,Fresno europeo,16/12/2010 10:08,Alto (> 8 mts),160,Grande,-68.8512909391,-32.8717448361,6,Residencial Norte,2694682.37982,0
43454,Morera,03/10/2011 10:16,Alto (> 8 mts),150,Grande,-68.8320781347,-32.8799884176,3,Parque O'Higgins,1531146.02653,0
38795,Paraiso,14/12/2010 09:52,Alto (> 8 mts),220,Grande,-68.8500223164,-32.8705298979,6,Residencial Norte,2694682.37982,0
11580,Paraiso,10/05/2010 12:08,Medio (4 - 8 mts),171,Grande,-68.8518683434,-32.86674337,6,Residencial Norte,2694682.37982,0
8028,Morera,15/07/2011 10:37,Alto (> 8 mts),220,Grande,-68.8481576222,-32.8880517077,5,Residencial Sur,2423808.92355,0
2081,Morera,11/10/2011 14:56,Medio (4 - 8 mts),60,Mediano,-68.8290923274,-32.880329443,4,Cuarta Este Área Fundacional,1822015.85685,0
327,Fresno europeo,07/03/2012 10:32,Muy bajo (1 - 2 mts),5,Chico,-68.8203178588,-32.8678154382,4,Cuarta Este Área Fundacional,1822015.85685,0
23182,Paraiso,19/01/2011 09:51,Alto (> 8 mts),118,Grande,-68.8479300012,-32.9013055663,2,Barrio Civico,2366816.36021,0
4010,Morera,23/09/2011 10:01,Medio (4 - 8 mts),110,Grande,-68.8266174825,-32.8763958641,4,Cuarta Este Área Fundacional,1822015.85685,0
3255,Prunas,28/09/2011 11:14,Bajo (2 - 4 mts),15,Chico,-68.8226999102,-32.8727346164,4,Cuarta Este Área Fundacional,1822015.85685,0
6646,Paraiso,13/05/2011 09:46,Medio (4 - 8 mts),58,Mediano,-68.8594637301,-32.8924894369,5,Residencial Sur,2423808.92355,0
24872,Fresno europeo,17/02/2011 13:27,Medio (4 - 8 mts),53,Mediano,-68.8395350626,-32.8964883174,2,Barrio Civico,2366816.36021,0
46628,Olmo bola,05/09/2011 08:32,Alto (> 8 mts),190,Grande,-68.830455577,-32.8693136041,4,Cuarta Este Área Fundacional,1822015.85685,0
41623,Platano,05/05/2011 11:35,Alto (> 8 mts),186,Grande,-68.8363412032,-32.8784960858,1,Parque Central,1655357.93265,0
29218,Platano,03/03/2011 09:58,Alto (> 8 mts),220,Grande,-68.8454410968,-32.8877348616,1,Parque Central,1655357.93265,0
36768,Fresno europeo,28/03/2011 15:56,Alto (> 8 mts),92,Grande,-68.8572159363,-32.8816064397,7,Residencial Parque,1786336.08966,0
14459,Acacia SP,02/12/2011 10:36,Bajo (2 - 4 mts),64,Grande,-68.8784245827,-32.8660309837,8,Aeroparque,2203364.73622,0
44380,Fresno europeo,19/10/2011 09:28,Alto (> 8 mts),148,Grande,-68.8367915702,-32.885050176,3,Parque O'Higgins,1531146.02653,1
21242,Fresno europeo,10/05/2011 12:14,Alto (> 8 mts),90,Grande,-68.8533578127,-32.8949791691,5,Residencial Sur,2423808.92355,0
2850,Caducifolio,04/11/2011 08:25,Alto (> 8 mts),62,Grande,-68.8352525452,-32.8934763802,3,Parque O'Higgins,1531146.02653,0
8905,Acer,27/01/2011 10:16,Alto (> 8 mts),116,Grande,-68.8499005665,-32.8678023799,6,Residencial Norte,2694682.37982,0
19815,Morera,04/08/2011 10:59,Alto (> 8 mts),120,Grande,-68.8342519303,-32.8637183558,4,Cuarta Oeste,1173332.70145,1
42475,Morera,30/09/2011 14:55,Alto (> 8 mts),160,Grande,-68.8314112472,-32.8764756733,4,Cuarta Este Área Fundacional,1822015.85685,0
38939,Morera,03/01/2011 10:28,Alto (> 8 mts),80,Grande,-68.8564325177,-32.870926153,6,Residencial Norte,2694682.37982,0
3133,Morera,09/09/2011 09:19,Medio (4 - 8 mts),123,Grande,-68.8256552572,-32.8732524678,4,Cuarta Este Área Fundacional,1822015.85685,0
37484,Morera,15/11/2010 11:57,Alto (> 8 mts),160,Grande,-68.8570222074,-32.8703484815,6,Residencial Norte,2694682.37982,0
33052,Fresno europeo,17/05/2011 12:06,Medio (4 - 8 mts),50,Mediano,-68.8535959167,-32.8874774422,5,Residencial Sur,2423808.92355,0
38322,Paraiso,09/11/2010 10:33,Alto (> 8 mts),190,Grande,-68.8531108892,-32.8696927109,6,Residencial Norte,2694682.37982,0
13151,Fresno europeo,18/02/2011 13:01,Alto (> 8 mts),180,Grande,-68.8466606799,-32.8645850332,4,Cuarta Oeste,1173332.70145,0
9073,Paraiso sombrilla,17/02/2011 13:04,Medio (4 - 8 mts),81,Grande,-68.8543179677,-32.8659291756,6,Residencial Norte,2694682.37982,0
7820,Morera,10/05/2011 13:17,Medio (4 - 8 mts),100,Grande,-68.8588087663,-32.885432045500004,5,Residencial Sur,2423808.92355,1
9684,Morera,20/01/2011 13:19,Medio (4 - 8 mts),70,Grande,-68.8470765403,-32.8641429983,4,Cuarta Oeste,1173332.70145,0
39267,Morera,29/12/2010 10:11,Alto (> 8 mts),55,Mediano,-68.8556631451,-32.8713662864,6,Residencial Norte,2694682.37982,0
1382,Acacia SP,23/11/2011 11:16,Muy bajo (1 - 2 mts),22,Mediano,-68.8707468876,-32.878768719,7,Residencial Parque,1786336.08966,0
14364,Acer,01/12/2011 13:20,Bajo (2 - 4 mts),52,Mediano,-68.878037796,-32.8657774643,8,Aeroparque,2203364.73622,0
11816,Olmo comun,03/03/2011 10:08,Alto (> 8 mts),160,Grande,-68.8496069523,-32.8661526468,6,Residencial Norte,2694682.37982,0
19683,Morera,12/07/2011 10:13,Alto (> 8 mts),100,Grande,-68.8356937943,-32.8714599535,4,Cuarta Oeste,1173332.70145,0
14556,Perenne,15/12/2011 08:11,Muy bajo (1 - 2 mts),60,Mediano,-68.8793217983,-32.8670522011,8,Aeroparque,2203364.73622,0
44128,Jacaranda,04/10/2011 09:59,Medio (4 - 8 mts),42,Mediano,-68.8351150105,-32.8793956337,1,Parque Central,1655357.93265,0
32767,Morera,17/05/2011 09:02,Medio (4 - 8 mts),170,Grande,-68.8529822496,-32.885941201,5,Residencial Sur,2423808.92355,0
47391,Paraiso,21/09/2011 11:24,Alto (> 8 mts),320,Grande,-68.8287626099,-32.8754077401,4,Cuarta Este Área Fundacional,1822015.85685,0
13365,Fresno europeo,11/01/2011 13:39,Alto (> 8 mts),45,Mediano,-68.8453285498,-32.8670634055,4,Cuarta Oeste,1173332.70145,0
24893,Morera,17/02/2011 08:59,Alto (> 8 mts),140,Grande,-68.8386792671,-32.8972573772,2,Barrio Civico,2366816.36021,0
18384,Caducifolio,02/08/2011 15:23,Medio (4 - 8 mts),120,Grande,-68.8385127577,-32.8698202496,4,Cuarta Oeste,1173332.70145,0
27178,Acacia SP,26/10/2011 12:51,Bajo (2 - 4 mts),100,Grande,-68.8369699123,-32.8909022137,3,Parque O'Higgins,1531146.02653,0
40559,Platano,18/04/2011 09:16,Alto (> 8 mts),170,Grande,-68.846950617,-32.8846381432,1,Parque Central,1655357.93265,0
15463,Alamo blanco,22/11/2011 07:02,Bajo (2 - 4 mts),40,Mediano,-68.8598122542,-32.8713115878,6,Residencial Norte,2694682.37982,0
34837,Paraiso,30/03/2011 09:33,Alto (> 8 mts),160,Grande,-68.8521166706,-32.876741094,6,Residencial Norte,2694682.37982,0
24048,Morera,21/01/2011 10:26,Alto (> 8 mts),107,Grande,-68.8458623736,-32.901238763,2,Barrio Civico,2366816.36021,0
40908,Platano,18/04/2011 18:42,Alto (> 8 mts),112,Grande,-68.8382439758,-32.8858270673,3,Parque O'Higgins,1531146.02653,0
1757,Aguaribay,25/11/2011 10:42,Alto (> 8 mts),180,Grande,-68.8707779352,-32.8793405348,7,Residencial Parque,1786336.08966,0
19349,Morera,19/07/2011 10:09,Alto (> 8 mts),153,Grande,-68.8369040846,-32.8712298019,4,Cuarta Oeste,1173332.70145,0
29220,Platano,03/03/2011 10:03,Alto (> 8 mts),240,Grande,-68.8454060758,-32.8875930724,1,Parque Central,1655357.93265,0
45341,Morera,16/09/2011 09:15,Medio (4 - 8 mts),240,Grande,-68.8246684767,-32.8729512656,4,Cuarta Este Área Fundacional,1822015.85685,0
6753,Fresno americano,17/05/2011 09:30,Medio (4 - 8 mts),42,Mediano,-68.8604095427,-32.8928234846,5,Residencial Sur,2423808.92355,1
22834,Morera,10/05/2011 11:30,Alto (> 8 mts),82,Grande,-68.8559197974,-32.9005571578,5,Residencial Sur,2423808.92355,1
45210,Paraiso,28/09/2011 10:22,Alto (> 8 mts),94,Grande,-68.8228213306,-32.8722682449,4,Cuarta Este Área Fundacional,1822015.85685,0
8334,Morera,16/03/2011 18:21,Bajo (2 - 4 mts),26,Mediano,-68.8456151463,-32.8933390234,2,Barrio Civico,2366816.36021,0
46117,Paraiso,05/10/2011 11:16,Alto (> 8 mts),250,Grande,-68.8247062142,-32.874407824,4,Cuarta Este Área Fundacional,1822015.85685,0
4577,Fresno americano,11/08/2011 09:11,Bajo (2 - 4 mts),20,Chico,-68.8335096612,-32.8678125391,4,Cuarta Oeste,1173332.70145,0
44859,Morera,19/08/2011 13:16,Alto (> 8 mts),160,Grande,-68.8250587873,-32.8665286834,4,Cuarta Este Área Fundacional,1822015.85685,1
32825,Morera,13/07/2011 11:39,Alto (> 8 mts),142,Grande,-68.8524576568,-32.8859278694,5,Residencial Sur,2423808.92355,0
6851,Fresno europeo,09/06/2011 11:36,Alto (> 8 mts),110,Grande,-68.8567474686,-32.895755988,5,Residencial Sur,2423808.92355,0
4295,Fresno europeo,18/07/2011 10:30,Muy bajo (1 - 2 mts),3,Chico,-68.8395806728,-32.8719844923,4,Cuarta Oeste,1173332.70145,0
31847,Platano,30/06/2011 10:01,Alto (> 8 mts),170,Grande,-68.8616701126,-32.8898422743,5,Residencial Sur,2423808.92355,0
41847,Conifera,05/05/2011 12:17,Medio (4 - 8 mts),23,Mediano,-68.8417761838,-32.8793845742,1,Parque Central,1655357.93265,0
34567,Fresno europeo,30/03/2011 13:08,Medio (4 - 8 mts),140,Grande,-68.8482759955,-32.8753966569,6,Residencial Norte,2694682.37982,0
31281,Morera,03/02/2011 11:44,Medio (4 - 8 mts),110,Grande,-68.852900061,-32.8646811923,6,Residencial Norte,2694682.37982,0
27514,Morera,26/10/2011 10:05,Bajo (2 - 4 mts),28,Mediano,-68.8371417962,-32.8927489145,3,Parque O'Higgins,1531146.02653,0
36326,Morera,01/04/2011 13:00,Medio (4 - 8 mts),130,Grande,-68.8532253914,-32.877632026,6,Residencial Norte,2694682.37982,0
27674,Prunas,28/10/2011 11:20,Medio (4 - 8 mts),20,Chico,-68.8367934141,-32.894573984,2,Barrio Civico,2366816.36021,0
42962,Fresno europeo,07/10/2011 15:02,Alto (> 8 mts),148,Grande,-68.8347616872,-32.8786648187,1,Parque Central,1655357.93265,0
4607,Morera,01/08/2011 10:48,Muy bajo (1 - 2 mts),2,Chico,-68.8370911549,-32.8675935294,4,Cuarta Oeste,1173332.70145,0
26422,Fresno europeo,25/10/2011 08:50,Medio (4 - 8 mts),100,Grande,-68.8328472982,-32.8888097507,3,Parque O'Higgins,1531146.02653,0
28836,Morera,27/04/2011 11:58,Alto (> 8 mts),160,Grande,-68.8484715966,-32.8847937275,1,Parque Central,1655357.93265,1
4795,Jacaranda,02/08/2011 13:23,Medio (4 - 8 mts),43,Mediano,-68.8374129375,-32.8673727443,4,Cuarta Oeste,1173332.70145,0
31458,Fresno americano,13/07/2011 11:43,Medio (4 - 8 mts),90,Grande,-68.8501656427,-32.8844329626,1,Parque Central,1655357.93265,0
35491,Morera,07/04/2011 17:26,Alto (> 8 mts),130,Grande,-68.8564945135,-32.8809384514,7,Residencial Parque,1786336.08966,0
42662,Fresno europeo,26/09/2011 10:46,Muy bajo (1 - 2 mts),3,Chico,-68.8294530374,-32.876744174,4,Cuarta Este Área Fundacional,1822015.85685,0
12389,Morera,21/01/2011 10:17,Medio (4 - 8 mts),95,Grande,-68.847944355,-32.8663189304,6,Residencial Norte,2694682.37982,0
8903,Paraiso,27/01/2011 10:01,Alto (> 8 mts),160,Grande,-68.8496982435,-32.867789754,6,Residencial Norte,2694682.37982,1
43818,Fresno europeo,18/10/2011 13:16,Alto (> 8 mts),130,Grande,-68.8311191829,-32.8818953785,3,Parque O'Higgins,1531146.02653,0
18820,Morera,09/08/2011 11:54,Alto (> 8 mts),124,Grande,-68.8352295258,-32.8690928463,4,Cuarta Oeste,1173332.70145,0
15423,Paraiso,17/11/2011 13:12,Bajo (2 - 4 mts),68,Grande,-68.8585553151,-32.8713988951,6,Residencial Norte,2694682.37982,0
21439,Fresno americano,10/05/2011 10:26,Medio (4 - 8 mts),150,Grande,-68.8558241156,-32.8932457784,5,Residencial Sur,2423808.92355,0
18046,Morera,01/08/2011 09:35,Bajo (2 - 4 mts),30,Mediano,-68.8407633305,-32.8685246414,4,Cuarta Oeste,1173332.70145,0
29633,Platano,23/03/2011 18:21,Alto (> 8 mts),184,Grande,-68.843049742,-32.8941160387,2,Barrio Civico,2366816.36021,0
17891,Morera,01/08/2011 10:18,Alto (> 8 mts),170,Grande,-68.8361402236,-32.8675635063,4,Cuarta Oeste,1173332.70145,0
32455,Morera,27/05/2011 09:43,Alto (> 8 mts),150,Grande,-68.8512612983,-32.8886615548,5,Residencial Sur,2423808.92355,0
5849,Fresno europeo,06/05/2011 13:43,Bajo (2 - 4 mts),32,Mediano,-68.8415955714,-32.8790845958,1,Parque Central,1655357.93265,0
34420,Paraiso,10/03/2011 09:15,Alto (> 8 mts),180,Grande,-68.8510972504,-32.8744104643,6,Residencial Norte,2694682.37982,0
33031,Jacaranda,19/05/2011 10:21,Medio (4 - 8 mts),55,Mediano,-68.8517841111,-32.8872687467,5,Residencial Sur,2423808.92355,0
25401,Morera,14/02/2011 13:10,Alto (> 8 mts),140,Grande,-68.8372976197,-32.9008763237,2,Barrio Civico,2366816.36021,0
40366,Platano,11/04/2011 09:58,Alto (> 8 mts),254,Grande,-68.8446093329,-32.8827713677,1,Parque Central,1655357.93265,0
43315,Paraiso,05/10/2011 13:43,Alto (> 8 mts),195,Grande,-68.8333568438,-32.8788616357,4,Cuarta Este Área Fundacional,1822015.85685,0
45706,Morera,26/08/2011 10:28,Alto (> 8 mts),140,Grande,-68.8217431077,-32.8696235779,4,Cuarta Este Área Fundacional,1822015.85685,1
2040,Morera,01/11/2011 09:56,Medio (4 - 8 mts),86,Grande,-68.8340775652,-32.8940078766,3,Parque O'Higgins,1531146.02653,0
15740,Morera,22/11/2011 10:11,Alto (> 8 mts),42,Mediano,-68.8728630045,-32.8795139735,7,Residencial Parque,1786336.08966,0
43042,Paraiso,03/10/2011 10:32,Alto (> 8 mts),190,Grande,-68.8314209306,-32.8777921818,4,Cuarta Este Área Fundacional,1822015.85685,0
3706,Fresno europeo,26/08/2011 11:16,Medio (4 - 8 mts),110,Grande,-68.8228849039,-32.8696386322,4,Cuarta Este Área Fundacional,1822015.85685,0
33623,Morera,16/05/2011 12:26,Alto (> 8 mts),161,Grande,-68.8546053587,-32.8877333695,5,Residencial Sur,2423808.92355,1
4139,Alamo criollo,27/09/2011 12:25,Alto (> 8 mts),80,Grande,-68.8257429662,-32.8755142699,4,Cuarta Este Área Fundacional,1822015.85685,0
27524,Morera,26/10/2011 09:39,Alto (> 8 mts),130,Grande,-68.8370593782,-32.891433165,3,Parque O'Higgins,1531146.02653,0
14700,Morera,06/12/2011 08:18,Medio (4 - 8 mts),100,Grande,-68.8765462263,-32.8690037622,8,Aeroparque,2203364.73622,0
15659,Paraiso,15/11/2011 17:11,Bajo (2 - 4 mts),64,Grande,-68.8621841679,-32.8718236393,7,Residencial Parque,1786336.08966,0
17204,Morera,30/06/2011 13:10,Muy bajo (1 - 2 mts),2,Chico,-68.8354413727,-32.8624571919,4,Cuarta Oeste,1173332.70145,0
17151,Morera,15/08/2011 10:57,Alto (> 8 mts),180,Grande,-68.837980424,-32.8630425502,4,Cuarta Oeste,1173332.70145,0
30875,Fresno europeo,15/02/2011 13:27,Medio (4 - 8 mts),62,Grande,-68.8551955619,-32.8654280458,6,Residencial Norte,2694682.37982,0
11809,Paraiso,02/03/2011 12:14,Alto (> 8 mts),140,Grande,-68.8504888677,-32.8650213245,6,Residencial Norte,2694682.37982,0
15676,Acacia SP,15/11/2011 12:00,Medio (4 - 8 mts),60,Mediano,-68.8612664735,-32.8703133893,7,Residencial Parque,1786336.08966,0
39793,Morera,14/07/2011 10:16,Alto (> 8 mts),155,Grande,-68.8502777647,-32.8840209946,1,Parque Central,1655357.93265,0
11053,Morera,31/03/2011 09:58,Bajo (2 - 4 mts),20,Chico,-68.8561610695,-32.879617537,6,Residencial Norte,2694682.37982,0
42605,Morera,23/09/2011 09:11,Alto (> 8 mts),190,Grande,-68.8264406883,-32.8759753677,4,Cuarta Este Área Fundacional,1822015.85685,0
291,Morera,06/03/2012 10:38,Alto (> 8 mts),115,Grande,-68.8222434259,-32.8677637637,4,Cuarta Este Área Fundacional,1822015.85685,0
16058,Morera,15/07/2011 09:05,Alto (> 8 mts),150,Grande,-68.8443838272,-32.8714625952,4,Cuarta Oeste,1173332.70145,1
6352,Platano,27/06/2011 11:48,Alto (> 8 mts),198,Grande,-68.8536141877,-32.8903459366,5,Residencial Sur,2423808.92355,0
19400,Morera,05/07/2011 09:45,Alto (> 8 mts),140,Grande,-68.8355898494,-32.8735329014,4,Cuarta Oeste,1173332.70145,1
23561,Morera,01/02/2011 16:04,Alto (> 8 mts),132,Grande,-68.8514517895,-32.9030486928,2,Barrio Civico,2366816.36021,1
4035,Morera,23/09/2011 12:47,Medio (4 - 8 mts),85,Grande,-68.8276249244,-32.8736305979,4,Cuarta Este Área Fundacional,1822015.85685,0
28995,Platano,25/04/2011 08:52,Alto (> 8 mts),185,Grande,-68.8457267156,-32.8871440651,1,Parque Central,1655357.93265,0
37169,Morera,07/04/2011 10:17,Alto (> 8 mts),175,Grande,-68.8593944875,-32.8779986326,7,Residencial Parque,1786336.08966,0
18589,Fresno europeo,07/07/2011 09:23,Alto (> 8 mts),141,Grande,-68.836761092,-32.875151172,1,Parque Central,1655357.93265,0
39433,Morera,11/11/2010 11:11,Medio (4 - 8 mts),90,Grande,-68.8548886951,-32.8703809204,6,Residencial Norte,2694682.37982,0
35306,Morera,23/06/2011 16:00,Medio (4 - 8 mts),110,Grande,-68.8526360258,-32.8825941284,1,Parque Central,1655357.93265,0
29596,Olmo comun,03/03/2011 13:33,Alto (> 8 mts),155,Grande,-68.8436495963,-32.8910824957,2,Barrio Civico,2366816.36021,0
43471,Morera,03/10/2011 09:36,Alto (> 8 mts),220,Grande,-68.8317954322,-32.8789746134,4,Cuarta Este Área Fundacional,1822015.85685,1
11852,Paraiso,02/03/2011 11:02,Medio (4 - 8 mts),142,Grande,-68.8503410386,-32.8648217261,6,Residencial Norte,2694682.37982,0
36182,Fresno europeo,31/03/2011 10:55,Alto (> 8 mts),95,Grande,-68.8562959426,-32.8771914659,6,Residencial Norte,2694682.37982,0
22463,Morera,24/06/2011 10:26,Alto (> 8 mts),145,Grande,-68.8611642868,-32.8990905405,5,Residencial Sur,2423808.92355,0
43863,Platano,07/10/2011 09:01,Alto (> 8 mts),230,Grande,-68.8308869628,-32.8838119724,3,Parque O'Higgins,1531146.02653,0
35038,Jacaranda,22/03/2011 13:41,Medio (4 - 8 mts),42,Mediano,-68.8538646283,-32.8809659702,6,Residencial Norte,2694682.37982,0
21934,Fresno europeo,06/06/2011 10:11,Medio (4 - 8 mts),70,Grande,-68.8575107156,-32.8954626256,5,Residencial Sur,2423808.92355,0
1898,Acacia SP,17/11/2011 11:19,Muy bajo (1 - 2 mts),1,Chico,-68.8590146531,-32.8695561388,6,Residencial Norte,2694682.37982,0
34413,Morera,10/03/2011 09:35,Alto (> 8 mts),140,Grande,-68.8509948487,-32.8747510023,6,Residencial Norte,2694682.37982,0
32556,Platano,21/06/2011 09:13,Alto (> 8 mts),160,Grande,-68.8541815088,-32.8897336789,5,Residencial Sur,2423808.92355,0
47026,Morera,15/09/2011 12:43,Alto (> 8 mts),150,Grande,-68.8312704052,-32.8728647653,4,Cuarta Este Área Fundacional,1822015.85685,1
42244,Morera,28/04/2011 14:03,Alto (> 8 mts),140,Grande,-68.8391019095,-32.874471713,1,Parque Central,1655357.93265,0
18534,Morera,05/07/2011 12:53,Alto (> 8 mts),140,Grande,-68.8377824891,-32.873231262,4,Cuarta Oeste,1173332.70145,0
37089,Paraiso sombrilla,06/04/2011 09:21,Bajo (2 - 4 mts),26,Mediano,-68.8578682719,-32.8766233433,7,Residencial Parque,1786336.08966,0
29576,Platano,04/03/2011 10:01,Alto (> 8 mts),160,Grande,-68.8446996115,-32.8918645417,2,Barrio Civico,2366816.36021,0
14064,Acer,02/12/2011 10:54,Bajo (2 - 4 mts),10,Chico,-68.8761399325,-32.8679362792,8,Aeroparque,2203364.73622,0
46349,Morera,19/09/2011 14:11,Alto (> 8 mts),160,Grande,-68.8261045131,-32.8740761492,4,Cuarta Este Área Fundacional,1822015.85685,0
21506,Fresno americano,11/05/2011 10:44,Alto (> 8 mts),101,Grande,-68.8533585828,-32.8941497422,5,Residencial Sur,2423808.92355,0
23865,Morera,28/01/2011 10:25,Alto (> 8 mts),180,Grande,-68.8509241374,-32.9000138491,2,Barrio Civico,2366816.36021,0
3026,Morera,15/09/2011 12:59,Medio (4 - 8 mts),81,Grande,-68.8286965127,-32.8730500835,4,Cuarta Este Área Fundacional,1822015.85685,0
11131,Morera,28/01/2011 13:45,Alto (> 8 mts),65,Grande,-68.8437024389,-32.9021614679,2,Barrio Civico,2366816.36021,0
20399,Prunas,23/05/2011 14:08,Medio (4 - 8 mts),31,Mediano,-68.8622251234,-32.8932812634,5,Residencial Sur,2423808.92355,0
33901,Morera,14/07/2011 08:50,Medio (4 - 8 mts),90,Grande,-68.8544345728,-32.885556705,5,Residencial Sur,2423808.92355,0
2530,Fresno americano,19/10/2011 12:34,Medio (4 - 8 mts),100,Grande,-68.8342707097,-32.8879008564,3,Parque O'Higgins,1531146.02653,1
10278,Morera,07/12/2010 12:06,Alto (> 8 mts),90,Grande,-68.8480170926,-32.871153049,6,Residencial Norte,2694682.37982,0
32658,Fresno europeo,24/06/2011 13:29,Alto (> 8 mts),135,Grande,-68.8503816375,-32.8905713705,5,Residencial Sur,2423808.92355,0
45218,Olmo bola,28/09/2011 10:02,Medio (4 - 8 mts),70,Grande,-68.8222197069,-32.8722792044,4,Cuarta Este Área Fundacional,1822015.85685,0
4060,Platano,04/10/2011 19:47,Alto (> 8 mts),150,Grande,-68.8290162035,-32.8790489181,4,Cuarta Este Área Fundacional,1822015.85685,0
2196,Platano,03/11/2011 08:53,Muy bajo (1 - 2 mts),10,Chico,-68.8343295725,-32.8905593363,3,Parque O'Higgins,1531146.02653,0
13703,Paraiso sombrilla,18/02/2011 14:19,Muy bajo (1 - 2 mts),15,Chico,-68.8531124806,-32.8655738281,6,Residencial Norte,2694682.37982,0
17866,Fresno europeo,01/08/2011 13:53,Alto (> 8 mts),160,Grande,-68.8368419946,-32.8661587102,4,Cuarta Oeste,1173332.70145,0
108,Platano,29/02/2012 10:04,Alto (> 8 mts),180,Grande,-68.8569135597,-32.9017174677,5,Residencial Sur,2423808.92355,0
35278,Olmo comun,24/06/2011 08:52,Medio (4 - 8 mts),120,Grande,-68.8525533378,-32.8835194715,1,Parque Central,1655357.93265,0
47622,Platano,08/09/2011 10:40,Alto (> 8 mts),150,Grande,-68.8302136517,-32.8709507526,4,Cuarta Este Área Fundacional,1822015.85685,1
16314,Morera,22/07/2011 10:44,Alto (> 8 mts),98,Grande,-68.8427327405,-32.8626498845,4,Cuarta Oeste,1173332.70145,0
32491,Fresno europeo,27/05/2011 10:47,Muy bajo (1 - 2 mts),3,Chico,-68.8528286203,-32.8889514094,5,Residencial Sur,2423808.92355,0
39925,Morera,29/04/2011 10:16,Medio (4 - 8 mts),200,Grande,-68.8436475472,-32.8760741352,1,Parque Central,1655357.93265,0
14481,Prunas,30/11/2011 18:30,Muy bajo (1 - 2 mts),3,Chico,-68.8788782184,-32.8669662466,8,Aeroparque,2203364.73622,0
35096,Fresno europeo,21/03/2011 11:48,Alto (> 8 mts),122,Grande,-68.8552471938,-32.8807241235,6,Residencial Norte,2694682.37982,0
46064,Morera,19/09/2011 11:27,Medio (4 - 8 mts),230,Grande,-68.8221011129,-32.8733372625,4,Cuarta Este Área Fundacional,1822015.85685,0
44990,Paraiso,26/08/2011 15:10,Alto (> 8 mts),3,Chico,-68.8249327229,-32.8687556976,4,Cuarta Este Área Fundacional,1822015.85685,1
35837,Fresno europeo,03/03/2011 12:45,Medio (4 - 8 mts),85,Grande,-68.8544668727,-32.8738359032,6,Residencial Norte,2694682.37982,0
33792,Fresno europeo,13/05/2011 09:11,Medio (4 - 8 mts),110,Grande,-68.8564576669,-32.8854055374,5,Residencial Sur,2423808.92355,0
18034,Fresno europeo,01/08/2011 10:01,Muy bajo (1 - 2 mts),16,Chico,-68.840299832,-32.8679263172,4,Cuarta Oeste,1173332.70145,0
47224,Fresno americano,19/09/2011 10:20,Medio (4 - 8 mts),60,Mediano,-68.8329558473,-32.8751845297,4,Cuarta Este Área Fundacional,1822015.85685,0
22136,Fresno europeo,13/05/2011 14:06,Medio (4 - 8 mts),28,Mediano,-68.8556031502,-32.8991106301,5,Residencial Sur,2423808.92355,1
33925,Fresno europeo,24/05/2011 10:15,Alto (> 8 mts),140,Grande,-68.8516220882,-32.8842413473,1,Parque Central,1655357.93265,0
5037,Paraiso,21/07/2011 10:37,Medio (4 - 8 mts),90,Grande,-68.8407526744,-32.862535163,4,Cuarta Oeste,1173332.70145,0
47982,Morera,31/08/2011 09:59,Alto (> 8 mts),110,Grande,-68.8260940361,-32.8700893442,4,Cuarta Este Área Fundacional,1822015.85685,0
5576,Morera,14/04/2011 13:32,Medio (4 - 8 mts),55,Mediano,-68.8384323545,-32.879952385,1,Parque Central,1655357.93265,0
20482,Fresno europeo,02/06/2011 12:46,Alto (> 8 mts),112,Grande,-68.8595266943,-32.897617423,5,Residencial Sur,2423808.92355,0
38368,Paraiso,05/11/2010 11:08,Alto (> 8 mts),190,Grande,-68.8526778719,-32.8702541729,6,Residencial Norte,2694682.37982,0
44416,Morera,18/10/2011 10:57,Medio (4 - 8 mts),105,Grande,-68.8368222626,-32.8857964564,3,Parque O'Higgins,1531146.02653,0
43150,Caducifolio,05/10/2011 07:37,Muy bajo (1 - 2 mts),4,Chico,-68.8297482423,-32.8790975513,4,Cuarta Este Área Fundacional,1822015.85685,0
15045,Acacia SP,21/12/2011 18:02,Bajo (2 - 4 mts),60,Mediano,-68.8813583995,-32.8717689387,8,Aeroparque,2203364.73622,0
37182,Morera,01/04/2011 11:54,Alto (> 8 mts),87,Grande,-68.858297565,-32.8779255541,7,Residencial Parque,1786336.08966,0
47974,Morera,29/08/2011 10:03,Alto (> 8 mts),115,Grande,-68.8272909035,-32.8700559679,4,Cuarta Este Área Fundacional,1822015.85685,0
43027,Platano,05/10/2011 08:25,Alto (> 8 mts),220,Grande,-68.8323158223,-32.877759481,4,Cuarta Este Área Fundacional,1822015.85685,0
1183,Conifera,29/11/2011 09:59,Medio (4 - 8 mts),20,Chico,-68.8761899422,-32.8651272697,8,Aeroparque,2203364.73622,0
31784,Fresno americano,27/06/2011 10:58,Medio (4 - 8 mts),115,Grande,-68.8589045734,-32.8895471637,5,Residencial Sur,2423808.92355,0
25088,Morera,17/02/2011 14:17,Medio (4 - 8 mts),122,Grande,-68.8368836134,-32.8976726385,2,Barrio Civico,2366816.36021,0
22448,Fresno europeo,28/06/2011 09:11,Bajo (2 - 4 mts),33,Mediano,-68.8612849792,-32.8981475458,5,Residencial Sur,2423808.92355,0
42961,Morera,07/10/2011 15:10,Bajo (2 - 4 mts),12,Chico,-68.8348258081,-32.8786619278,1,Parque Central,1655357.93265,0
24587,Platano,27/01/2011 09:47,Alto (> 8 mts),350,Grande,-68.8425326226,-32.9022355608,2,Barrio Civico,2366816.36021,0
17765,Paraiso,22/07/2011 09:33,Bajo (2 - 4 mts),78,Grande,-68.8425655968,-32.8667275005,4,Cuarta Oeste,1173332.70145,0
1910,Paraiso,18/11/2011 11:30,Medio (4 - 8 mts),62,Grande,-68.8584142175,-32.8687569478,6,Residencial Norte,2694682.37982,0
18118,Paraiso,28/07/2011 09:44,Medio (4 - 8 mts),114,Grande,-68.8412587161,-32.869783399,4,Cuarta Oeste,1173332.70145,0
25744,Morera,03/02/2011 10:49,Alto (> 8 mts),92,Grande,-68.8410240065,-32.9027101533,2,Barrio Civico,2366816.36021,0
15514,Morera,21/11/2011 13:21,Medio (4 - 8 mts),55,Mediano,-68.8604543042,-32.8710464789,7,Residencial Parque,1786336.08966,0
33763,Morera,12/05/2011 09:24,Medio (4 - 8 mts),100,Grande,-68.8576388816,-32.8852268574,5,Residencial Sur,2423808.92355,0
3033,Fresno europeo,15/09/2011 12:42,Muy bajo (1 - 2 mts),10,Chico,-68.8276869815,-32.8726716447,4,Cuarta Este Área Fundacional,1822015.85685,0
48350,Morera,17/08/2011 11:16,Medio (4 - 8 mts),132,Grande,-68.8279002883,-32.8665169532,4,Cuarta Este Área Fundacional,1822015.85685,0
10051,Morera,28/10/2010 10:01,Medio (4 - 8 mts),80,Grande,-68.8479572787,-32.8703662425,6,Residencial Norte,2694682.37982,0
32575,Paraiso,17/06/2011 10:33,Medio (4 - 8 mts),140,Grande,-68.8531068646,-32.8900175362,5,Residencial Sur,2423808.92355,0
35271,Morera,24/06/2011 09:45,Medio (4 - 8 mts),70,Grande,-68.8523496837,-32.8827578627,1,Parque Central,1655357.93265,0
33481,Fresno europeo,16/06/2011 10:01,Alto (> 8 mts),136,Grande,-68.8558849303,-32.8892349513,5,Residencial Sur,2423808.92355,0
11421,Fresno europeo,28/01/2011 10:03,Medio (4 - 8 mts),48,Mediano,-68.8510676298,-32.8997478429,2,Barrio Civico,2366816.36021,0
29492,Platano,18/02/2011 10:54,Alto (> 8 mts),168,Grande,-68.8442370128,-32.8920988803,2,Barrio Civico,2366816.36021,0
14166,Acacia SP,30/11/2011 10:23,Medio (4 - 8 mts),105,Grande,-68.8766766764,-32.8669568145,8,Aeroparque,2203364.73622,0
22450,Fresno europeo,24/06/2011 10:49,Alto (> 8 mts),95,Grande,-68.8610799099,-32.8981995134,5,Residencial Sur,2423808.92355,0
33093,Fresno europeo,28/06/2011 09:21,Alto (> 8 mts),88,Grande,-68.8528033407,-32.8913778319,5,Residencial Sur,2423808.92355,0
10272,Morera,06/12/2010 09:15,Muy bajo (1 - 2 mts),4,Chico,-68.8473199139,-32.8721288936,6,Residencial Norte,2694682.37982,0
19046,Morera,26/07/2011 09:52,Bajo (2 - 4 mts),38,Mediano,-68.8414755916,-32.8724773114,4,Cuarta Oeste,1173332.70145,0
2728,Morera,14/10/2011 11:28,Medio (4 - 8 mts),77,Grande,-68.8311742097,-32.885251855999996,3,Parque O'Higgins,1531146.02653,0
2271,Fresno americano,28/10/2011 09:53,Bajo (2 - 4 mts),35,Mediano,-68.8372604892,-32.8909930462,3,Parque O'Higgins,1531146.02653,0
42420,Platano,28/09/2011 11:14,Alto (> 8 mts),168,Grande,-68.8335003417,-32.8754745496,4,Cuarta Este Área Fundacional,1822015.85685,0
6755,Fresno europeo,17/05/2011 09:18,Medio (4 - 8 mts),40,Mediano,-68.8604107038,-32.8930774067,5,Residencial Sur,2423808.92355,0
13306,Paraiso,25/02/2011 09:24,Medio (4 - 8 mts),76,Grande,-68.8476858422,-32.8656499134,6,Residencial Norte,2694682.37982,0
19705,Platano,12/07/2011 09:33,Alto (> 8 mts),250,Grande,-68.8344018857,-32.8712183993,4,Cuarta Oeste,1173332.70145,0
833,Aguaribay,15/12/2011 08:10,Medio (4 - 8 mts),95,Grande,-68.8814921925,-32.8672076399,8,Aeroparque,2203364.73622,0
32104,Fresno europeo,09/05/2011 11:27,Muy bajo (1 - 2 mts),3,Chico,-68.8590308043,-32.8866579772,5,Residencial Sur,2423808.92355,0
43087,Morera,03/10/2011 09:18,Medio (4 - 8 mts),160,Grande,-68.8309133683,-32.8779537113,4,Cuarta Este Área Fundacional,1822015.85685,0
22843,Acacia SP,10/05/2011 11:19,Alto (> 8 mts),78,Grande,-68.8566663141,-32.9005397115,5,Residencial Sur,2423808.92355,0
33249,Morera,30/06/2011 11:39,Bajo (2 - 4 mts),20,Chico,-68.8552665168,-32.8900389898,5,Residencial Sur,2423808.92355,0
25177,Morera,09/02/2011 15:49,Alto (> 8 mts),136,Grande,-68.8355401054,-32.8987309778,2,Barrio Civico,2366816.36021,0
6727,Paraiso,13/05/2011 11:06,Alto (> 8 mts),140,Grande,-68.8562953884,-32.8932671201,5,Residencial Sur,2423808.92355,0
40303,Morera,11/04/2011 12:55,Medio (4 - 8 mts),130,Grande,-68.8455253815,-32.8803020446,1,Parque Central,1655357.93265,0
34550,Morera,30/03/2011 10:03,Alto (> 8 mts),190,Grande,-68.8488232094,-32.8762822677,6,Residencial Norte,2694682.37982,0
21941,Paraiso,02/06/2011 13:26,Alto (> 8 mts),124,Grande,-68.8581258858,-32.8943401787,5,Residencial Sur,2423808.92355,0
1273,Paraiso,05/12/2011 11:21,Bajo (2 - 4 mts),46,Mediano,-68.8786197868,-32.8686113664,8,Aeroparque,2203364.73622,0
24288,Morera,19/01/2011 12:18,Alto (> 8 mts),140,Grande,-68.843455448,-32.9007256669,2,Barrio Civico,2366816.36021,1
8144,Morera,01/03/2011 12:08,Muy bajo (1 - 2 mts),8,Chico,-68.8470907699,-32.8904474857,2,Barrio Civico,2366816.36021,0
41890,Morera,15/04/2011 12:03,Medio (4 - 8 mts),80,Grande,-68.8418567118,-32.879229134,1,Parque Central,1655357.93265,0
17574,Morera,28/07/2011 09:37,Medio (4 - 8 mts),50,Mediano,-68.8407753183,-32.8663008069,4,Cuarta Oeste,1173332.70145,0
39596,Morera,25/10/2010 10:09,Medio (4 - 8 mts),76,Grande,-68.8475486855,-32.8687555424,6,Residencial Norte,2694682.37982,0
35341,Fresno europeo,22/06/2011 15:31,Bajo (2 - 4 mts),70,Grande,-68.8543408745,-32.8837126348,5,Residencial Sur,2423808.92355,0
578,Morera,08/03/2012 10:54,Alto (> 8 mts),168,Grande,-68.8199852537,-32.8686512066,4,Cuarta Este Área Fundacional,1822015.85685,0
12324,Paraiso,12/01/2011 11:28,Alto (> 8 mts),155,Grande,-68.8467055412,-32.8672565095,6,Residencial Norte,2694682.37982,0
8376,Morera,04/02/2011 14:03,Alto (> 8 mts),88,Grande,-68.8393766799,-32.9020875303,2,Barrio Civico,2366816.36021,1
23664,Paraiso,20/01/2011 18:52,Alto (> 8 mts),200,Grande,-68.8484963595,-32.9008854352,2,Barrio Civico,2366816.36021,0
4360,Morera,10/08/2011 11:21,Medio (4 - 8 mts),74,Grande,-68.834858923,-32.8697582445,4,Cuarta Oeste,1173332.70145,0
20518,Fresno europeo,03/06/2011 11:09,Alto (> 8 mts),140,Grande,-68.858740914,-32.898078564,5,Residencial Sur,2423808.92355,0
46725,Fresno europeo,08/09/2011 10:30,Medio (4 - 8 mts),42,Mediano,-68.8327906679,-32.8703765083,4,Cuarta Este Área Fundacional,1822015.85685,0
6637,Paraiso,12/05/2011 10:19,Bajo (2 - 4 mts),22,Mediano,-68.8569798549,-32.8929186491,5,Residencial Sur,2423808.92355,0
7077,Morera,03/06/2011 11:08,Medio (4 - 8 mts),47,Mediano,-68.8588372363,-32.8980780578,5,Residencial Sur,2423808.92355,0
9297,Morera,23/02/2011 11:57,Alto (> 8 mts),170,Grande,-68.8480287498,-32.8645864987,6,Residencial Norte,2694682.37982,0
29551,Platano,25/02/2011 12:43,Alto (> 8 mts),98,Grande,-68.8426339462,-32.8925071699,2,Barrio Civico,2366816.36021,0
3975,Paraiso,26/09/2011 10:11,Alto (> 8 mts),105,Grande,-68.8271035082,-32.8776906801,4,Cuarta Este Área Fundacional,1822015.85685,1
35952,Morera,23/03/2011 10:07,Alto (> 8 mts),133,Grande,-68.8544076772,-32.8753386876,6,Residencial Norte,2694682.37982,0
6173,Fresno europeo,26/04/2011 17:08,Alto (> 8 mts),38,Mediano,-68.8392967253,-32.8847287379,3,Parque O'Higgins,1531146.02653,0
24726,Morera,17/02/2011 10:23,Alto (> 8 mts),130,Grande,-68.8403346303,-32.899227385,2,Barrio Civico,2366816.36021,0
23006,Acacia SP,24/06/2011 13:39,Alto (> 8 mts),102,Grande,-68.8578265062,-32.8994451875,5,Residencial Sur,2423808.92355,0
35228,Morera,22/03/2011 13:17,Alto (> 8 mts),70,Grande,-68.8538167456,-32.8814066653,6,Residencial Norte,2694682.37982,0
38958,Morera,27/12/2010 13:11,Medio (4 - 8 mts),40,Mediano,-68.8549929199,-32.8705136751,6,Residencial Norte,2694682.37982,0
22565,Morera,16/06/2011 11:00,Alto (> 8 mts),118,Grande,-68.8619709784,-32.9003548966,5,Residencial Sur,2423808.92355,0
29226,Platano,25/02/2011 17:47,Alto (> 8 mts),275,Grande,-68.8455173536,-32.8873261188,1,Parque Central,1655357.93265,0
46232,Morera,29/09/2011 12:42,Medio (4 - 8 mts),100,Grande,-68.8255033539,-32.8744036186,4,Cuarta Este Área Fundacional,1822015.85685,0
33995,Morera,26/05/2011 09:57,Medio (4 - 8 mts),110,Grande,-68.8528664537,-32.8841008008,5,Residencial Sur,2423808.92355,0
33413,Morera,02/06/2011 13:11,Alto (> 8 mts),136,Grande,-68.8571476315,-32.8879464323,5,Residencial Sur,2423808.92355,0
13921,Fresno europeo,30/11/2011 12:14,Medio (4 - 8 mts),40,Mediano,-68.8756270603,-32.866027911,8,Aeroparque,2203364.73622,0
16120,Olmo comun,18/07/2011 12:46,Alto (> 8 mts),140,Grande,-68.8446521556,-32.8731702811,6,Residencial Norte,2694682.37982,0
42389,Morera,29/09/2011 11:32,Alto (> 8 mts),145,Grande,-68.8336369125,-32.8757554285,4,Cuarta Este Área Fundacional,1822015.85685,1
30836,Fresno americano,14/02/2011 13:39,Medio (4 - 8 mts),30,Mediano,-68.8551184838,-32.8666148967,6,Residencial Norte,2694682.37982,0
23699,Fresno americano,24/01/2011 19:39,Medio (4 - 8 mts),76,Grande,-68.8491788997,-32.9005266663,2,Barrio Civico,2366816.36021,0
40150,Morera,14/04/2011 12:04,Alto (> 8 mts),160,Grande,-68.8439480911,-32.8793983035,1,Parque Central,1655357.93265,1
809,Jacaranda,13/12/2011 10:50,Medio (4 - 8 mts),40,Mediano,-68.8792157608,-32.8660266573,8,Aeroparque,2203364.73622,1
19436,Fresno europeo,01/07/2011 12:17,Alto (> 8 mts),180,Grande,-68.8345980209,-32.8717071182,4,Cuarta Oeste,1173332.70145,0
34615,Fresno europeo,17/01/2012 11:45,Bajo (2 - 4 mts),40,Mediano,-68.8472227753,-32.8747118866,6,Residencial Norte,2694682.37982,0
15167,Paraiso,21/11/2011 12:28,Bajo (2 - 4 mts),22,Mediano,-68.8595057005,-32.8693764479,6,Residencial Norte,2694682.37982,0
2584,Morera,26/10/2011 10:11,Alto (> 8 mts),168,Grande,-68.8369507611,-32.8894600804,3,Parque O'Higgins,1531146.02653,1
38699,Morera,14/12/2010 14:00,Alto (> 8 mts),180,Grande,-68.8505248917,-32.8715085538,6,Residencial Norte,2694682.37982,0
42956,Morera,07/10/2011 16:08,Medio (4 - 8 mts),120,Grande,-68.8349071641,-32.8781455165,1,Parque Central,1655357.93265,0
36396,Fresno americano,21/03/2011 12:12,Medio (4 - 8 mts),100,Grande,-68.8516165191,-32.8791822125,6,Residencial Norte,2694682.37982,0
29056,Olmo comun,18/04/2011 10:18,Alto (> 8 mts),94,Grande,-68.8447330305,-32.8863551172,1,Parque Central,1655357.93265,0
12231,Fresno europeo,18/01/2011 11:22,Bajo (2 - 4 mts),27,Mediano,-68.8452898582,-32.8674151719,4,Cuarta Oeste,1173332.70145,0
42088,Morera,12/04/2011 10:18,Alto (> 8 mts),170,Grande,-68.843219236,-32.8799231692,1,Parque Central,1655357.93265,0
26560,Platano,04/11/2011 08:47,Alto (> 8 mts),190,Grande,-68.8319546745,-32.890142927,3,Parque O'Higgins,1531146.02653,0
29560,Platano,25/02/2011 13:12,Alto (> 8 mts),186,Grande,-68.8433966524,-32.8922413169,2,Barrio Civico,2366816.36021,0
4690,Prunas,04/08/2011 10:52,Bajo (2 - 4 mts),32,Mediano,-68.8367536055,-32.8660310258,4,Cuarta Oeste,1173332.70145,0
40751,Morera,15/04/2011 11:37,Alto (> 8 mts),150,Grande,-68.8421001564,-32.8853908695,1,Parque Central,1655357.93265,0
30328,Morera,10/03/2011 12:54,Alto (> 8 mts),36,Mediano,-68.841142402,-32.8914208525,2,Barrio Civico,2366816.36021,0
14633,Aguaribay,12/12/2011 12:46,Medio (4 - 8 mts),180,Grande,-68.8791439107,-32.865780599,8,Aeroparque,2203364.73622,0
16762,Olmo comun,11/08/2011 13:58,Medio (4 - 8 mts),50,Mediano,-68.838533348,-32.8625106867,4,Cuarta Oeste,1173332.70145,0
12890,Paraiso,18/01/2011 10:08,Muy bajo (1 - 2 mts),18,Chico,-68.8456065287,-32.8635982604,4,Cuarta Oeste,1173332.70145,0
33620,Morera,16/05/2011 13:43,Alto (> 8 mts),168,Grande,-68.8541303521,-32.8878206799,5,Residencial Sur,2423808.92355,0
3621,Fresno americano,29/08/2011 11:41,Bajo (2 - 4 mts),22,Mediano,-68.8248494962,-32.8694291232,4,Cuarta Este Área Fundacional,1822015.85685,0
32458,Morera,24/05/2011 13:46,Alto (> 8 mts),140,Grande,-68.85142994,-32.8885341658,5,Residencial Sur,2423808.92355,0
46221,Olmo comun,27/09/2011 12:01,Medio (4 - 8 mts),90,Grande,-68.8261589386,-32.8746594401,4,Cuarta Este Área Fundacional,1822015.85685,0
34608,Fresno europeo,17/01/2012 12:01,Bajo (2 - 4 mts),40,Mediano,-68.8474598759,-32.8751822478,6,Residencial Norte,2694682.37982,0
16087,Morera,20/07/2011 11:26,Alto (> 8 mts),175,Grande,-68.8440674469,-32.8720778726,4,Cuarta Oeste,1173332.70145,0
6193,Platano,31/03/2011 16:19,Alto (> 8 mts),162,Grande,-68.8400418598,-32.8872261898,3,Parque O'Higgins,1531146.02653,0
45961,Caducifolio,25/08/2011 10:56,Muy bajo (1 - 2 mts),2,Chico,-68.8185185952,-32.8695401335,4,Cuarta Este Área Fundacional,1822015.85685,0
45393,Fresno europeo,16/09/2011 09:03,Alto (> 8 mts),180,Grande,-68.8248566461,-32.8712652717,4,Cuarta Este Área Fundacional,1822015.85685,0
23816,Morera,26/01/2011 16:21,Bajo (2 - 4 mts),72,Grande,-68.8509151591,-32.9012029756,2,Barrio Civico,2366816.36021,0
22941,Fresno europeo,19/05/2011 15:40,Bajo (2 - 4 mts),8,Chico,-68.854705005,-32.9004497133,5,Residencial Sur,2423808.92355,0
21276,Morera,13/06/2011 12:39,Alto (> 8 mts),125,Grande,-68.8523316122,-32.8961169485,5,Residencial Sur,2423808.92355,0
25716,Morera,04/02/2011 08:40,Alto (> 8 mts),128,Grande,-68.8411805896,-32.9021091633,2,Barrio Civico,2366816.36021,0
11830,Fresno europeo,02/03/2011 13:04,Bajo (2 - 4 mts),36,Mediano,-68.8496817472,-32.8652718554,6,Residencial Norte,2694682.37982,0
9206,Paraiso,02/03/2011 09:53,Alto (> 8 mts),180,Grande,-68.8502690273,-32.8656663507,6,Residencial Norte,2694682.37982,0
7239,Jacaranda,17/06/2011 11:23,Alto (> 8 mts),95,Grande,-68.862273111,-32.898209972,5,Residencial Sur,2423808.92355,1
48045,Olmo comun,02/09/2011 11:20,Medio (4 - 8 mts),96,Grande,-68.8264763994,-32.8680237745,4,Cuarta Este Área Fundacional,1822015.85685,0
23628,Olmo comun,21/01/2011 10:01,Alto (> 8 mts),500,Grande,-68.8477749236,-32.900623489,2,Barrio Civico,2366816.36021,0
36099,Fresno europeo,05/04/2011 13:56,Medio (4 - 8 mts),45,Mediano,-68.8561154115,-32.87620703,6,Residencial Norte,2694682.37982,0
31112,Fresno europeo,08/02/2011 09:37,Muy bajo (1 - 2 mts),36,Mediano,-68.854739339,-32.8644709453,6,Residencial Norte,2694682.37982,0
31287,Fresno europeo,03/02/2011 10:14,Bajo (2 - 4 mts),24,Mediano,-68.8529342824,-32.864276072,6,Residencial Norte,2694682.37982,0
39939,Paraiso sombrilla,28/04/2011 12:20,Medio (4 - 8 mts),140,Grande,-68.8445689742,-32.8760770581,1,Parque Central,1655357.93265,0
25358,Morera,11/02/2011 12:27,Alto (> 8 mts),160,Grande,-68.8388914238,-32.9002110467,2,Barrio Civico,2366816.36021,0
41603,Platano,05/05/2011 11:13,Alto (> 8 mts),180,Grande,-68.8360181607,-32.8772815329,1,Parque Central,1655357.93265,0
21778,Morera,23/05/2011 08:42,Alto (> 8 mts),120,Grande,-68.8555764131,-32.8949706116,5,Residencial Sur,2423808.92355,0
22325,Fresno europeo,09/06/2011 09:10,Medio (4 - 8 mts),63,Grande,-68.8569270393,-32.8977279983,5,Residencial Sur,2423808.92355,0
44563,Morera,20/10/2011 09:08,Alto (> 8 mts),180,Grande,-68.8341159885,-32.8852438938,3,Parque O'Higgins,1531146.02653,0
38194,Platano,21/10/2010 10:47,Alto (> 8 mts),280,Grande,-68.8458472847,-32.87342748,6,Residencial Norte,2694682.37982,0
39794,Fresno europeo,14/07/2011 10:12,Alto (> 8 mts),140,Grande,-68.8501836546,-32.8839619139,1,Parque Central,1655357.93265,0
37700,Fresno europeo,22/02/2012 08:17,Medio (4 - 8 mts),95,Grande,-68.8514729929,-32.8722696581,6,Residencial Norte,2694682.37982,0
14695,Morera,06/12/2011 08:23,Medio (4 - 8 mts),38,Mediano,-68.8769441042,-32.8689329347,8,Aeroparque,2203364.73622,0
9626,Fresno europeo,26/01/2011 09:32,Bajo (2 - 4 mts),42,Mediano,-68.8497033083,-32.8633099663,6,Residencial Norte,2694682.37982,0
39264,Paraiso,29/12/2010 10:06,Alto (> 8 mts),160,Grande,-68.8554342206,-32.8713975813,6,Residencial Norte,2694682.37982,0
27903,Platano,04/11/2011 10:56,Alto (> 8 mts),155,Grande,-68.8400449769,-32.8935827584,2,Barrio Civico,2366816.36021,0
7450,Morera,16/06/2011 12:06,Alto (> 8 mts),180,Grande,-68.8607348035,-32.9003722657,5,Residencial Sur,2423808.92355,0
9987,Paraiso,05/11/2010 11:36,Medio (4 - 8 mts),78,Grande,-68.8530449121,-32.8698671843,6,Residencial Norte,2694682.37982,0
43874,Morera,11/10/2011 10:01,Medio (4 - 8 mts),210,Grande,-68.83394143,-32.8844202892,3,Parque O'Higgins,1531146.02653,0
12298,Paraiso,13/01/2011 10:05,Alto (> 8 mts),160,Grande,-68.8463077039,-32.8666216555,4,Cuarta Oeste,1173332.70145,0
40694,Fresno americano,19/04/2011 09:56,Alto (> 8 mts),178,Grande,-68.8423803374,-32.884353413,1,Parque Central,1655357.93265,0
20746,Platano,01/06/2011 11:28,Alto (> 8 mts),170,Grande,-68.8616359588,-32.8968259262,5,Residencial Sur,2423808.92355,0
10438,Perenne,10/03/2011 13:49,Muy bajo (1 - 2 mts),40,Mediano,-68.8563619664,-32.8730442854,6,Residencial Norte,2694682.37982,0
15558,Paraiso,17/11/2011 16:40,Bajo (2 - 4 mts),40,Mediano,-68.8611034778,-32.8718302716,7,Residencial Parque,1786336.08966,0
48041,Olmo comun,02/09/2011 11:34,Bajo (2 - 4 mts),100,Grande,-68.8265987653,-32.8688334854,4,Cuarta Este Área Fundacional,1822015.85685,0
46530,Paraiso,16/08/2011 13:08,Alto (> 8 mts),140,Grande,-68.83177266,-32.8682554405,4,Cuarta Oeste,1173332.70145,0
37190,Fresno europeo,01/04/2011 11:30,Medio (4 - 8 mts),18,Chico,-68.8583795075,-32.8785516539,7,Residencial Parque,1786336.08966,0
20395,Morera,24/05/2011 08:52,Muy bajo (1 - 2 mts),12,Chico,-68.8624774893,-32.8934003381,5,Residencial Sur,2423808.92355,0
1844,Tipa,17/11/2011 12:51,Medio (4 - 8 mts),93,Grande,-68.8588294088,-32.8722257961,6,Residencial Norte,2694682.37982,0
6534,Morera,09/05/2011 12:27,Bajo (2 - 4 mts),40,Mediano,-68.8546014161,-32.8914860825,5,Residencial Sur,2423808.92355,0
9145,Paraiso sombrilla,23/02/2011 12:28,Bajo (2 - 4 mts),42,Mediano,-68.8526511373,-32.8657866465,6,Residencial Norte,2694682.37982,0
42335,Morera,27/04/2011 09:55,Medio (4 - 8 mts),90,Grande,-68.8375513905,-32.8756204503,1,Parque Central,1655357.93265,0
30711,Morera,03/02/2011 14:13,Alto (> 8 mts),130,Grande,-68.8557298756,-32.8670502915,6,Residencial Norte,2694682.37982,0
21989,Morera,27/05/2011 13:08,Alto (> 8 mts),210,Grande,-68.8583205363,-32.8939884693,5,Residencial Sur,2423808.92355,0
39650,Morera,22/10/2010 10:27,Alto (> 8 mts),198,Grande,-68.8463031284,-32.8690250677,6,Residencial Norte,2694682.37982,0
8374,Morera,17/02/2011 15:54,Medio (4 - 8 mts),42,Mediano,-68.839985131,-32.900507494,2,Barrio Civico,2366816.36021,0
46013,Fresno europeo,27/09/2011 09:52,Medio (4 - 8 mts),86,Grande,-68.8217117829,-32.874063924,4,Cuarta Este Área Fundacional,1822015.85685,0
24715,Platano,17/02/2011 11:18,Alto (> 8 mts),225,Grande,-68.8414355493,-32.8988651902,2,Barrio Civico,2366816.36021,0
33199,Morera,11/05/2011 12:09,Muy bajo (1 - 2 mts),11,Chico,-68.8563130554,-32.8909880252,5,Residencial Sur,2423808.92355,0
34216,Morera,03/03/2011 12:59,Medio (4 - 8 mts),120,Grande,-68.8534447868,-32.8743103535,6,Residencial Norte,2694682.37982,0
1189,Morera,29/11/2011 09:48,Alto (> 8 mts),78,Grande,-68.8762689954,-32.8654265765,8,Aeroparque,2203364.73622,0
4508,Paraiso,01/08/2011 10:18,Bajo (2 - 4 mts),32,Mediano,-68.8401764893,-32.868272579,4,Cuarta Oeste,1173332.70145,0
19607,Morera,11/07/2011 09:32,Alto (> 8 mts),80,Grande,-68.8369902714,-32.8715653877,4,Cuarta Oeste,1173332.70145,0
30676,Fresno europeo,02/02/2011 13:37,Muy bajo (1 - 2 mts),20,Chico,-68.8548491838,-32.8671256995,6,Residencial Norte,2694682.37982,0
3179,Caducifolio,21/09/2011 11:12,Muy bajo (1 - 2 mts),2,Chico,-68.8310451534,-32.8752910089,4,Cuarta Este Área Fundacional,1822015.85685,0
29181,Platano,09/03/2011 13:52,Alto (> 8 mts),250,Grande,-68.8456335786,-32.8884694372,2,Barrio Civico,2366816.36021,0
22212,Fresno europeo,18/05/2011 10:19,Alto (> 8 mts),156,Grande,-68.8562917894,-32.8993470667,5,Residencial Sur,2423808.92355,0
43377,Morera,25/10/2011 16:48,Medio (4 - 8 mts),130,Grande,-68.8337519562,-32.8809861223,3,Parque O'Higgins,1531146.02653,1
23984,Morera,14/01/2011 13:32,Alto (> 8 mts),190,Grande,-68.8456562616,-32.8997948841,2,Barrio Civico,2366816.36021,0
18691,Morera,04/07/2011 11:29,Alto (> 8 mts),155,Grande,-68.8357726424,-32.8736085231,4,Cuarta Oeste,1173332.70145,1
6662,Fresno europeo,16/05/2011 09:57,Bajo (2 - 4 mts),12,Chico,-68.8604093521,-32.892442096,5,Residencial Sur,2423808.92355,0
36493,Fresno europeo,06/04/2011 11:58,Medio (4 - 8 mts),73,Grande,-68.8549701153,-32.8790941508,6,Residencial Norte,2694682.37982,0
18013,Morera,29/07/2011 17:18,Alto (> 8 mts),180,Grande,-68.8411551743,-32.867753738,4,Cuarta Oeste,1173332.70145,0
30743,Morera,04/02/2011 13:12,Alto (> 8 mts),120,Grande,-68.856047449,-32.8690749822,6,Residencial Norte,2694682.37982,0
21802,Morera,13/05/2011 10:41,Alto (> 8 mts),180,Grande,-68.8570604757,-32.8938126735,5,Residencial Sur,2423808.92355,0
38375,Paraiso,05/11/2010 11:28,Alto (> 8 mts),200,Grande,-68.8530709297,-32.8700842149,6,Residencial Norte,2694682.37982,1
27894,Morera,04/11/2011 10:43,Medio (4 - 8 mts),145,Grande,-68.8394316404,-32.8929729703,2,Barrio Civico,2366816.36021,1
1142,Perenne,02/12/2011 07:31,Medio (4 - 8 mts),110,Grande,-68.8770506222,-32.868360371,8,Aeroparque,2203364.73622,0
5274,Morera,29/04/2011 10:31,Medio (4 - 8 mts),130,Grande,-68.8433736411,-32.8761693333,1,Parque Central,1655357.93265,0
45118,Morera,31/08/2011 15:47,Alto (> 8 mts),128,Grande,-68.8257733458,-32.8707577259,4,Cuarta Este Área Fundacional,1822015.85685,0
19191,Paraiso,18/07/2011 09:39,Alto (> 8 mts),100,Grande,-68.8413186754,-32.8726896418,4,Cuarta Oeste,1173332.70145,0
16326,Morera,05/08/2011 14:15,Alto (> 8 mts),220,Grande,-68.8423796139,-32.8653795028,4,Cuarta Oeste,1173332.70145,0
40810,Platano,26/04/2011 16:22,Alto (> 8 mts),136,Grande,-68.8401550642,-32.88376489,1,Parque Central,1655357.93265,0
32619,Fresno europeo,21/06/2011 14:06,Alto (> 8 mts),150,Grande,-68.8525524003,-32.8894416044,5,Residencial Sur,2423808.92355,0
43900,Fresno europeo,11/10/2011 09:25,Bajo (2 - 4 mts),20,Chico,-68.8326081212,-32.8841043622,3,Parque O'Higgins,1531146.02653,0
31813,Morera,03/01/2012 09:52,Alto (> 8 mts),110,Grande,-68.8595175796,-32.8892394382,5,Residencial Sur,2423808.92355,1
33272,Platano,29/06/2011 11:32,Alto (> 8 mts),320,Grande,-68.8551742522,-32.8910448102,5,Residencial Sur,2423808.92355,0
42390,Platano,29/09/2011 11:29,Alto (> 8 mts),220,Grande,-68.833632347,-32.8756825656,4,Cuarta Este Área Fundacional,1822015.85685,1
6967,Morera,31/05/2011 11:09,Medio (4 - 8 mts),63,Grande,-68.8608883496,-32.8957501423,5,Residencial Sur,2423808.92355,0
41351,Fresno americano,25/04/2011 12:03,Medio (4 - 8 mts),128,Grande,-68.8399705813,-32.8820537224,1,Parque Central,1655357.93265,0
33889,Jacaranda,14/07/2011 09:30,Alto (> 8 mts),87,Grande,-68.8542917805,-32.8852172553,5,Residencial Sur,2423808.92355,0
27354,Fresno europeo,20/10/2011 12:08,Medio (4 - 8 mts),90,Grande,-68.8367533715,-32.8877616986,3,Parque O'Higgins,1531146.02653,0
2775,Jacaranda,19/10/2011 16:27,Medio (4 - 8 mts),64,Grande,-68.8296915707,-32.8817682743,3,Parque O'Higgins,1531146.02653,0
16935,Morera,16/08/2011 13:29,Alto (> 8 mts),205,Grande,-68.8368153063,-32.8649217015,4,Cuarta Oeste,1173332.70145,0
35674,Morera,18/03/2011 09:48,Muy bajo (1 - 2 mts),6,Chico,-68.8554275304,-32.8740714576,6,Residencial Norte,2694682.37982,0
40967,Morera,14/04/2011 15:34,Alto (> 8 mts),168,Grande,-68.8419016151,-32.8852356358,1,Parque Central,1655357.93265,0
43519,Morera,20/10/2011 15:33,Bajo (2 - 4 mts),48,Mediano,-68.8309747149,-32.8814955532,3,Parque O'Higgins,1531146.02653,0
34174,Morera,10/03/2011 10:12,Alto (> 8 mts),190,Grande,-68.8566870089,-32.8737308186,6,Residencial Norte,2694682.37982,0
7777,Fresno europeo,13/05/2011 09:00,Medio (4 - 8 mts),150,Grande,-68.8565172968,-32.885603136,5,Residencial Sur,2423808.92355,0
3550,Morera,05/09/2011 11:11,Alto (> 8 mts),128,Grande,-68.832355116,-32.8684505772,4,Cuarta Oeste,1173332.70145,0
9541,Paraiso sombrilla,08/02/2011 12:26,Alto (> 8 mts),140,Grande,-68.8548764024,-32.8647616874,6,Residencial Norte,2694682.37982,0
37864,Morera,24/11/2010 12:20,Alto (> 8 mts),215,Grande,-68.853083954,-32.8732657685,6,Residencial Norte,2694682.37982,0
12645,Morera,17/01/2011 13:19,Alto (> 8 mts),130,Grande,-68.8470586828,-32.8628425297,4,Cuarta Oeste,1173332.70145,0
29898,Fresno europeo,15/03/2011 11:49,Alto (> 8 mts),170,Grande,-68.8411293342,-32.8923048395,2,Barrio Civico,2366816.36021,0
22406,Acer,15/06/2011 11:16,Bajo (2 - 4 mts),25,Mediano,-68.8609746518,-32.8986011311,5,Residencial Sur,2423808.92355,0
31014,Fresno europeo,10/02/2011 10:14,Medio (4 - 8 mts),96,Grande,-68.8556109694,-32.8641340917,6,Residencial Norte,2694682.37982,0
30321,Fresno europeo,10/03/2011 13:12,Bajo (2 - 4 mts),11,Chico,-68.8417966884,-32.8913002818,2,Barrio Civico,2366816.36021,0
47107,Morera,20/09/2011 12:18,Medio (4 - 8 mts),40,Mediano,-68.8321246694,-32.8733337955,4,Cuarta Este Área Fundacional,1822015.85685,0
42150,Acacia SP,05/05/2011 11:07,Bajo (2 - 4 mts),6,Chico,-68.8412904991,-32.874112497,1,Parque Central,1655357.93265,0
42687,Morera,23/09/2011 11:32,Alto (> 8 mts),160,Grande,-68.8297475546,-32.8777803573,4,Cuarta Este Área Fundacional,1822015.85685,0
23514,Morera,19/01/2011 16:07,Alto (> 8 mts),240,Grande,-68.8485814285,-32.9024980492,2,Barrio Civico,2366816.36021,0
36157,Morera,04/04/2011 13:22,Alto (> 8 mts),131,Grande,-68.8518945158,-32.8769006265,6,Residencial Norte,2694682.37982,0
31686,Platano,18/05/2011 12:42,Alto (> 8 mts),190,Grande,-68.8609590396,-32.8911039912,5,Residencial Sur,2423808.92355,1
15563,Paraiso,17/11/2011 16:32,Bajo (2 - 4 mts),24,Mediano,-68.8610468543,-32.8715363267,7,Residencial Parque,1786336.08966,0
10721,Platano,06/04/2011 14:21,Medio (4 - 8 mts),36,Mediano,-68.8589660421,-32.8760461908,7,Residencial Parque,1786336.08966,0
38380,Paraiso,05/11/2010 11:48,Alto (> 8 mts),190,Grande,-68.8530146975,-32.8696489009,6,Residencial Norte,2694682.37982,0
22629,Morera,22/06/2011 10:05,Alto (> 8 mts),105,Grande,-68.8612191108,-32.9010032525,5,Residencial Sur,2423808.92355,0
8900,Paraiso,26/01/2011 13:06,Medio (4 - 8 mts),43,Mediano,-68.8500604268,-32.8684091994,6,Residencial Norte,2694682.37982,0
9192,Paraiso,02/03/2011 13:04,Alto (> 8 mts),180,Grande,-68.8504509973,-32.8655133866,6,Residencial Norte,2694682.37982,0
12666,Paraiso,17/01/2011 12:25,Medio (4 - 8 mts),90,Grande,-68.8464608015,-32.8628444123,4,Cuarta Oeste,1173332.70145,0
16653,Paraiso,19/07/2011 12:09,Alto (> 8 mts),108,Grande,-68.84103877,-32.8633810024,4,Cuarta Oeste,1173332.70145,1
42599,Fresno europeo,23/09/2011 10:11,Medio (4 - 8 mts),50,Mediano,-68.8267716985,-32.876608128,4,Cuarta Este Área Fundacional,1822015.85685,0
19942,Morera,08/08/2011 09:24,Alto (> 8 mts),190,Grande,-68.8330994134,-32.8636623441,4,Cuarta Oeste,1173332.70145,0
28899,Fresno americano,01/03/2011 11:53,Alto (> 8 mts),240,Grande,-68.8475798842,-32.8879245877,5,Residencial Sur,2423808.92355,0
30088,Morera,26/04/2011 10:53,Muy bajo (1 - 2 mts),12,Chico,-68.8424705629,-32.8873954337,3,Parque O'Higgins,1531146.02653,1
7923,Jacaranda,10/06/2011 09:55,Bajo (2 - 4 mts),12,Chico,-68.861471926,-32.8882872134,5,Residencial Sur,2423808.92355,0
46380,Morera,19/08/2011 12:15,Alto (> 8 mts),150,Grande,-68.8327044024,-32.8672103636,4,Cuarta Oeste,1173332.70145,0
14954,Paraiso,19/12/2011 09:33,Bajo (2 - 4 mts),36,Mediano,-68.8808582766,-32.8723355563,8,Aeroparque,2203364.73622,0
29450,Morera,15/03/2011 13:05,Alto (> 8 mts),240,Grande,-68.8453639974,-32.8939751924,2,Barrio Civico,2366816.36021,1
25672,Platano,07/02/2011 09:26,Alto (> 8 mts),190,Grande,-68.8423007673,-32.9021844133,2,Barrio Civico,2366816.36021,0
34842,Platano,30/03/2011 09:46,Alto (> 8 mts),195,Grande,-68.8516868037,-32.8768255399,6,Residencial Norte,2694682.37982,0
26716,Morera,10/11/2011 10:05,Alto (> 8 mts),128,Grande,-68.8329079844,-32.8940698064,3,Parque O'Higgins,1531146.02653,1
39108,Fresno europeo,23/12/2010 10:02,Alto (> 8 mts),110,Grande,-68.8539280363,-32.8708228048,6,Residencial Norte,2694682.37982,1
11243,Caducifolio,21/01/2011 09:09,Bajo (2 - 4 mts),33,Mediano,-68.8461534661,-32.9006221672,2,Barrio Civico,2366816.36021,0
16265,Morera,21/07/2011 09:17,Alto (> 8 mts),213,Grande,-68.8424493475,-32.8647104319,4,Cuarta Oeste,1173332.70145,0
32240,Platano,09/05/2011 11:11,Alto (> 8 mts),340,Grande,-68.8604953322,-32.8845454211,5,Residencial Sur,2423808.92355,0
33480,Fresno europeo,16/06/2011 10:04,Alto (> 8 mts),80,Grande,-68.8558692486,-32.8891823988,5,Residencial Sur,2423808.92355,0
18152,Morera,27/07/2011 09:39,Alto (> 8 mts),150,Grande,-68.840676566,-32.8686468007,4,Cuarta Oeste,1173332.70145,0
21029,Paraiso,21/06/2011 12:01,Bajo (2 - 4 mts),40,Mediano,-68.864153133,-32.9015050336,5,Residencial Sur,2423808.92355,0
17605,Platano,19/07/2011 10:30,Alto (> 8 mts),240,Grande,-68.8430686502,-32.8659838735,4,Cuarta Oeste,1173332.70145,0
15962,Morera,25/11/2011 10:45,Medio (4 - 8 mts),66,Grande,-68.8730540014,-32.8763749334,7,Residencial Parque,1786336.08966,0
35577,Morera,09/03/2011 09:42,Alto (> 8 mts),145,Grande,-68.8556315483,-32.8738525816,6,Residencial Norte,2694682.37982,0
12636,Paraiso,17/01/2011 08:34,Alto (> 8 mts),170,Grande,-68.8463889129,-32.8627738115,4,Cuarta Oeste,1173332.70145,0
42801,Fresno europeo,07/10/2011 17:31,Bajo (2 - 4 mts),12,Chico,-68.8318569308,-32.8776689662,4,Cuarta Este Área Fundacional,1822015.85685,0
17837,Morera,02/08/2011 10:41,Alto (> 8 mts),107,Grande,-68.8370441117,-32.8669362959,4,Cuarta Oeste,1173332.70145,0
4528,Caducifolio,04/08/2011 10:29,Bajo (2 - 4 mts),38,Mediano,-68.8394710449,-32.8698686083,4,Cuarta Oeste,1173332.70145,0
25932,Paraiso,16/02/2011 16:22,Alto (> 8 mts),102,Grande,-68.8382624061,-32.9028566941,2,Barrio Civico,2366816.36021,0
19965,Morera,05/08/2011 09:23,Alto (> 8 mts),158,Grande,-68.8335609235,-32.8646336724,4,Cuarta Oeste,1173332.70145,0
43199,Ailanthus,11/11/2011 09:43,Alto (> 8 mts),58,Mediano,-68.8281658377,-32.8823230862,3,Parque O'Higgins,1531146.02653,0
43681,Acacia SP,13/10/2011 16:53,Alto (> 8 mts),100,Grande,-68.8346762156,-32.8823621581,3,Parque O'Higgins,1531146.02653,0
15925,Jacaranda,24/11/2011 12:10,Medio (4 - 8 mts),40,Mediano,-68.8733591607,-32.8771178156,7,Residencial Parque,1786336.08966,0
13381,Prunas,10/01/2011 12:46,Muy bajo (1 - 2 mts),10,Chico,-68.845208188,-32.8669099387,4,Cuarta Oeste,1173332.70145,0
20056,Acacia SP,09/08/2011 10:03,Bajo (2 - 4 mts),41,Mediano,-68.8340542558,-32.8650683208,4,Cuarta Oeste,1173332.70145,0
20918,Fresno americano,24/05/2011 13:17,Medio (4 - 8 mts),50,Mediano,-68.8614455047,-32.8945263635,5,Residencial Sur,2423808.92355,0
43574,Fresno americano,11/10/2011 08:11,Medio (4 - 8 mts),160,Grande,-68.8300608857,-32.8826927814,3,Parque O'Higgins,1531146.02653,0
43617,Morera,13/10/2011 08:19,Alto (> 8 mts),105,Grande,-68.8338731377,-32.8833718532,3,Parque O'Higgins,1531146.02653,0
19197,Morera,06/07/2011 09:55,Alto (> 8 mts),195,Grande,-68.8393577213,-32.8728111218,4,Cuarta Oeste,1173332.70145,1
3897,Caducifolio,01/09/2011 11:14,Muy bajo (1 - 2 mts),22,Mediano,-68.8193095316,-32.8707491804,4,Cuarta Este Área Fundacional,1822015.85685,0
28006,Morera,04/11/2011 09:07,Alto (> 8 mts),168,Grande,-68.8359851718,-32.8939839844,3,Parque O'Higgins,1531146.02653,0
39131,Morera,15/01/2012 19:23,Medio (4 - 8 mts),124,Grande,-68.8537322502,-32.8717012213,6,Residencial Norte,2694682.37982,0
19347,Morera,19/07/2011 10:01,Alto (> 8 mts),80,Grande,-68.8369317043,-32.8713179334,4,Cuarta Oeste,1173332.70145,0
20063,Morera,09/08/2011 09:40,Medio (4 - 8 mts),57,Mediano,-68.8341648593,-32.8655351838,4,Cuarta Oeste,1173332.70145,0
18068,Morera,28/07/2011 11:22,Alto (> 8 mts),148,Grande,-68.8404376769,-32.867919009,4,Cuarta Oeste,1173332.70145,0
29934,Fresno europeo,04/10/2011 11:37,Medio (4 - 8 mts),135,Grande,-68.8433403125,-32.8864813305,1,Parque Central,1655357.93265,1
22295,Fresno europeo,09/06/2011 11:18,Alto (> 8 mts),143,Grande,-68.8580053641,-32.8969967841,5,Residencial Sur,2423808.92355,0
9476,Morera,01/02/2011 12:31,Alto (> 8 mts),150,Grande,-68.8513066021,-32.8644984853,6,Residencial Norte,2694682.37982,1
16541,Jacaranda,19/07/2011 10:40,Bajo (2 - 4 mts),39,Mediano,-68.8407786329,-32.8649253999,4,Cuarta Oeste,1173332.70145,0
27575,Paraiso,28/10/2011 10:51,Alto (> 8 mts),317,Grande,-68.8382973156,-32.89251096,3,Parque O'Higgins,1531146.02653,0
29520,Morera,18/02/2011 12:09,Alto (> 8 mts),114,Grande,-68.8440690613,-32.8929310492,2,Barrio Civico,2366816.36021,0
8365,Morera,17/02/2011 16:37,Medio (4 - 8 mts),86,Grande,-68.840492289,-32.9006443757,2,Barrio Civico,2366816.36021,0
3060,Jacaranda,08/09/2011 15:20,Muy bajo (1 - 2 mts),23,Mediano,-68.8291181639,-32.8712761926,4,Cuarta Este Área Fundacional,1822015.85685,0
19462,Caducifolio,12/07/2011 11:41,Muy bajo (1 - 2 mts),4,Chico,-68.8389436402,-32.8707047586,4,Cuarta Oeste,1173332.70145,0
25590,Morera,08/02/2011 17:55,Alto (> 8 mts),138,Grande,-68.8391558783,-32.9017369563,2,Barrio Civico,2366816.36021,0
30139,Morera,16/03/2011 08:16,Alto (> 8 mts),165,Grande,-68.8404443122,-32.8915456442,2,Barrio Civico,2366816.36021,0
7876,Fresno europeo,16/06/2011 10:06,Muy bajo (1 - 2 mts),4,Chico,-68.8558422718,-32.8890973716,5,Residencial Sur,2423808.92355,0
10680,Morera,28/03/2011 09:36,Medio (4 - 8 mts),100,Grande,-68.8508585319,-32.8749043307,6,Residencial Norte,2694682.37982,0
16240,Paraiso,20/07/2011 09:47,Bajo (2 - 4 mts),75,Grande,-68.8424503866,-32.8651741859,4,Cuarta Oeste,1173332.70145,0
22903,Morera,19/05/2011 16:18,Alto (> 8 mts),164,Grande,-68.854403454,-32.8994865377,5,Residencial Sur,2423808.92355,1
43503,Morera,10/11/2011 12:11,Bajo (2 - 4 mts),28,Mediano,-68.828369694,-32.8835632831,3,Parque O'Higgins,1531146.02653,0
40451,Platano,11/04/2011 10:36,Alto (> 8 mts),174,Grande,-68.8452611533,-32.8828289744,1,Parque Central,1655357.93265,0
4572,Morera,11/08/2011 09:52,Medio (4 - 8 mts),68,Grande,-68.8333650871,-32.8666742574,4,Cuarta Oeste,1173332.70145,1
17827,Paraiso,21/07/2011 11:34,Alto (> 8 mts),140,Grande,-68.843387158,-32.8702962668,4,Cuarta Oeste,1173332.70145,0
19201,Morera,06/07/2011 09:49,Muy bajo (1 - 2 mts),14,Chico,-68.8391516294,-32.8728458201,4,Cuarta Oeste,1173332.70145,0
25405,Morera,14/02/2011 12:59,Alto (> 8 mts),165,Grande,-68.8370198451,-32.900923361,2,Barrio Civico,2366816.36021,0
40997,Morera,14/04/2011 13:34,Alto (> 8 mts),195,Grande,-68.8387274313,-32.8799346805,1,Parque Central,1655357.93265,0
43757,Morera,17/10/2011 08:24,Medio (4 - 8 mts),120,Grande,-68.8337683852,-32.8814165987,3,Parque O'Higgins,1531146.02653,0
14075,Paraiso,02/12/2011 10:22,Medio (4 - 8 mts),22,Mediano,-68.8762751054,-32.8684391558,8,Aeroparque,2203364.73622,0
20415,Morera,23/05/2011 11:37,Alto (> 8 mts),123,Grande,-68.8608179546,-32.8935389207,5,Residencial Sur,2423808.92355,1
23430,Paraiso,27/01/2011 15:17,Bajo (2 - 4 mts),40,Mediano,-68.8500743924,-32.9031898962,2,Barrio Civico,2366816.36021,0
40202,Fresno americano,14/04/2011 11:52,Alto (> 8 mts),140,Grande,-68.8463805298,-32.8836185418,1,Parque Central,1655357.93265,0
12785,Jacaranda,24/01/2011 08:31,Bajo (2 - 4 mts),50,Mediano,-68.8477139327,-32.8635310521,4,Cuarta Oeste,1173332.70145,0
37157,Fresno europeo,07/04/2011 10:56,Alto (> 8 mts),88,Grande,-68.8588291001,-32.8788038022,7,Residencial Parque,1786336.08966,0
9502,Tilo,03/02/2011 13:25,Medio (4 - 8 mts),44,Mediano,-68.8534853673,-32.8639892941,6,Residencial Norte,2694682.37982,0
33661,Morera,16/05/2011 09:28,Alto (> 8 mts),175,Grande,-68.8567802483,-32.8873161153,5,Residencial Sur,2423808.92355,0
46543,Morera,07/09/2011 10:51,Alto (> 8 mts),190,Grande,-68.8330016936,-32.869123345,4,Cuarta Oeste,1173332.70145,0
35492,Morera,07/04/2011 17:23,Alto (> 8 mts),80,Grande,-68.8564817084,-32.880860801,7,Residencial Parque,1786336.08966,0
22607,Morera,23/06/2011 10:40,Alto (> 8 mts),74,Grande,-68.8624252561,-32.9005027191,5,Residencial Sur,2423808.92355,0
8161,Morera,03/03/2011 09:38,Alto (> 8 mts),160,Grande,-68.8458636065,-32.8906873016,2,Barrio Civico,2366816.36021,0
26007,Fresno europeo,09/11/2011 18:06,Medio (4 - 8 mts),100,Grande,-68.8325272516,-32.8876121061,3,Parque O'Higgins,1531146.02653,0
14231,Paraiso,07/12/2011 16:29,Alto (> 8 mts),120,Grande,-68.8771997831,-32.8659405999,8,Aeroparque,2203364.73622,0
26805,Morera,01/11/2011 08:51,Medio (4 - 8 mts),115,Grande,-68.8341885394,-32.8949591353,3,Parque O'Higgins,1531146.02653,0
792,Aguaribay,14/12/2011 10:18,Medio (4 - 8 mts),110,Grande,-68.8795846069,-32.8665999592,8,Aeroparque,2203364.73622,0
19469,Morera,20/07/2011 14:34,Alto (> 8 mts),166,Grande,-68.8394364123,-32.8707476391,4,Cuarta Oeste,1173332.70145,0
3638,Caducifolio,23/08/2011 11:28,Muy bajo (1 - 2 mts),5,Chico,-68.8227728602,-32.8688073595,4,Cuarta Este Área Fundacional,1822015.85685,0
13970,Alamo criollo,29/11/2011 12:20,Alto (> 8 mts),40,Mediano,-68.8780174028,-32.8649532387,8,Aeroparque,2203364.73622,0
40469,Platano,11/04/2011 09:55,Alto (> 8 mts),195,Grande,-68.843888271,-32.882433868,1,Parque Central,1655357.93265,0
17331,Morera,08/08/2011 10:06,Alto (> 8 mts),180,Grande,-68.8344922491,-32.8657612025,4,Cuarta Oeste,1173332.70145,0
11204,Acer,25/01/2011 10:24,Alto (> 8 mts),90,Grande,-68.8455955301,-32.9019167606,2,Barrio Civico,2366816.36021,0
17731,Paraiso,18/07/2011 09:51,Medio (4 - 8 mts),120,Grande,-68.8423758021,-32.8671718872,4,Cuarta Oeste,1173332.70145,0
39356,Morera,01/12/2010 09:59,Muy bajo (1 - 2 mts),4,Chico,-68.8560924315,-32.8720517982,6,Residencial Norte,2694682.37982,0
6136,Morera,07/04/2011 11:50,Medio (4 - 8 mts),90,Grande,-68.8432440169,-32.8805819095,1,Parque Central,1655357.93265,0
35532,Fresno europeo,16/06/2011 15:14,Bajo (2 - 4 mts),20,Chico,-68.8563864195,-32.881897909,7,Residencial Parque,1786336.08966,0
35929,Platano,28/03/2011 10:13,Alto (> 8 mts),170,Grande,-68.8538555992,-32.8764195353,6,Residencial Norte,2694682.37982,0
14248,Paraiso sombrilla,30/11/2011 14:26,Bajo (2 - 4 mts),55,Mediano,-68.8776526577,-32.8670593389,8,Aeroparque,2203364.73622,0
44943,Fresno europeo,23/08/2011 09:58,Alto (> 8 mts),180,Grande,-68.8243259641,-32.8684255438,4,Cuarta Este Área Fundacional,1822015.85685,0
44676,Fresno europeo,19/08/2011 10:28,Alto (> 8 mts),125,Grande,-68.8241049879,-32.8677304778,4,Cuarta Este Área Fundacional,1822015.85685,0
30893,Paraiso sombrilla,17/02/2011 13:24,Medio (4 - 8 mts),50,Mediano,-68.8547865376,-32.8657408657,6,Residencial Norte,2694682.37982,0
42720,Fresno europeo,30/09/2011 11:21,Alto (> 8 mts),117,Grande,-68.8279744953,-32.8768203334,4,Cuarta Este Área Fundacional,1822015.85685,0
6454,Paraiso,26/05/2011 10:04,Alto (> 8 mts),96,Grande,-68.852538326,-32.8884365314,5,Residencial Sur,2423808.92355,0
27014,Acacia SP,09/11/2011 10:36,Medio (4 - 8 mts),100,Grande,-68.8391098628,-32.8907724735,3,Parque O'Higgins,1531146.02653,0
8999,Fresno europeo,18/01/2011 10:12,Bajo (2 - 4 mts),28,Mediano,-68.8452453876,-32.8677900155,4,Cuarta Oeste,1173332.70145,0
25718,Morera,04/02/2011 08:32,Alto (> 8 mts),190,Grande,-68.8409820965,-32.9019130126,2,Barrio Civico,2366816.36021,0
40800,Platano,26/04/2011 16:55,Alto (> 8 mts),178,Grande,-68.8404415842,-32.8846605687,1,Parque Central,1655357.93265,0
24069,Fresno europeo,21/01/2011 08:41,Alto (> 8 mts),114,Grande,-68.8463948143,-32.9011686166,2,Barrio Civico,2366816.36021,0
31080,Morera,09/02/2011 09:44,Alto (> 8 mts),120,Grande,-68.8546088195,-32.8651656428,6,Residencial Norte,2694682.37982,0
6143,Paraiso,15/04/2011 13:05,Bajo (2 - 4 mts),30,Mediano,-68.8425341048,-32.8826837886,1,Parque Central,1655357.93265,0
14044,Paraiso,05/12/2011 12:32,Medio (4 - 8 mts),80,Grande,-68.8766061848,-32.8675056629,8,Aeroparque,2203364.73622,0
38050,Fresno europeo,07/12/2010 11:03,Alto (> 8 mts),140,Grande,-68.8468807904,-32.8711134693,6,Residencial Norte,2694682.37982,0
10422,Prunas,10/03/2011 12:58,Muy bajo (1 - 2 mts),5,Chico,-68.8568144802,-32.8730058312,6,Residencial Norte,2694682.37982,0
20994,Morera,22/06/2011 09:52,Alto (> 8 mts),130,Grande,-68.8631893203,-32.9015150735,5,Residencial Sur,2423808.92355,0
18015,Morera,29/07/2011 17:15,Alto (> 8 mts),226,Grande,-68.8412709882,-32.8677452251,4,Cuarta Oeste,1173332.70145,0
6172,Fresno europeo,26/04/2011 17:07,Muy bajo (1 - 2 mts),8,Chico,-68.8393121062,-32.8847840133,3,Parque O'Higgins,1531146.02653,0
12059,Aguaribay,04/02/2010 13:46,Alto (> 8 mts),267,Grande,-68.8529248222,-32.8672351341,6,Residencial Norte,2694682.37982,0
17468,Paraiso,16/01/2012 10:05,Bajo (2 - 4 mts),45,Mediano,-68.836295206,-32.8687054465,4,Cuarta Oeste,1173332.70145,0
15801,Fresno europeo,21/11/2011 18:06,Bajo (2 - 4 mts),24,Mediano,-68.8736123064,-32.879346347,7,Residencial Parque,1786336.08966,0
8050,Paraiso,09/03/2011 10:11,Medio (4 - 8 mts),90,Grande,-68.8429076887,-32.889038636,2,Barrio Civico,2366816.36021,0
19386,Platano,04/07/2011 10:49,Alto (> 8 mts),280,Grande,-68.8347126019,-32.8723725277,4,Cuarta Oeste,1173332.70145,0
36280,Morera,04/04/2011 09:33,Medio (4 - 8 mts),150,Grande,-68.8539743056,-32.8774998126,6,Residencial Norte,2694682.37982,0
46135,Morera,27/09/2011 11:22,Alto (> 8 mts),160,Grande,-68.8238437837,-32.8742887179,4,Cuarta Este Área Fundacional,1822015.85685,0
13782,Morera,26/01/2011 11:53,Alto (> 8 mts),130,Grande,-68.849637474,-32.8641147856,6,Residencial Norte,2694682.37982,0
28659,Morera,23/02/2011 09:12,Alto (> 8 mts),170,Grande,-68.8487512855,-32.890883739,2,Barrio Civico,2366816.36021,1
37985,Fresno europeo,10/01/2012 17:27,Bajo (2 - 4 mts),70,Grande,-68.848309254,-32.8733193109,6,Residencial Norte,2694682.37982,0
45640,Morera,22/09/2011 07:58,Alto (> 8 mts),170,Grande,-68.8219308389,-32.8721157763,4,Cuarta Este Área Fundacional,1822015.85685,0
34061,Morera,30/05/2011 09:43,Medio (4 - 8 mts),120,Grande,-68.8562859624,-32.8846856472,5,Residencial Sur,2423808.92355,0
15082,Morera,17/11/2011 09:53,Alto (> 8 mts),100,Grande,-68.8589523715,-32.8691766842,6,Residencial Norte,2694682.37982,0
4801,Fresno europeo,28/07/2011 10:10,Medio (4 - 8 mts),65,Grande,-68.8395523558,-32.8668871666,4,Cuarta Oeste,1173332.70145,0
14609,Paraiso,13/12/2011 12:43,Bajo (2 - 4 mts),50,Mediano,-68.8802088613,-32.866016102,8,Aeroparque,2203364.73622,0
24220,Paraiso,26/01/2011 08:47,Alto (> 8 mts),250,Grande,-68.8457513184,-32.9013055576,2,Barrio Civico,2366816.36021,0
35762,Morera,21/03/2011 09:16,Medio (4 - 8 mts),120,Grande,-68.8542216543,-32.874286645,6,Residencial Norte,2694682.37982,0
25017,Fresno europeo,15/02/2011 09:25,Alto (> 8 mts),180,Grande,-68.8349999158,-32.8966794835,2,Barrio Civico,2366816.36021,0
31029,Morera,16/02/2011 11:39,Alto (> 8 mts),150,Grande,-68.8557492602,-32.8652989712,6,Residencial Norte,2694682.37982,0
9810,Morera,12/01/2011 10:14,Bajo (2 - 4 mts),25,Mediano,-68.8454484863,-32.8635470356,4,Cuarta Oeste,1173332.70145,0
2315,Morera,02/11/2011 10:43,Medio (4 - 8 mts),50,Mediano,-68.8361515085,-32.8946348319,2,Barrio Civico,2366816.36021,1
29547,Platano,25/02/2011 12:37,Alto (> 8 mts),176,Grande,-68.8427064776,-32.8927701942,2,Barrio Civico,2366816.36021,0
41143,Morera,27/04/2011 18:39,Bajo (2 - 4 mts),12,Chico,-68.8389341416,-32.8833974466,1,Parque Central,1655357.93265,0
34859,Morera,29/03/2011 11:12,Alto (> 8 mts),98,Grande,-68.850771908,-32.8795593778,1,Parque Central,1655357.93265,0
38690,Morera,15/12/2010 13:35,Alto (> 8 mts),180,Grande,-68.8508959593,-32.8721055017,6,Residencial Norte,2694682.37982,1
6161,Platano,14/04/2011 15:44,Medio (4 - 8 mts),32,Mediano,-68.8413897616,-32.8856427365,1,Parque Central,1655357.93265,0
47666,Fresno europeo,08/09/2011 13:24,Alto (> 8 mts),192,Grande,-68.8291389251,-32.8717902649,4,Cuarta Este Área Fundacional,1822015.85685,0
42943,Fresno europeo,29/09/2011 10:03,Medio (4 - 8 mts),50,Mediano,-68.8338429713,-32.8775663926,4,Cuarta Este Área Fundacional,1822015.85685,0
5781,Platano,04/05/2011 11:42,Medio (4 - 8 mts),35,Mediano,-68.8412916117,-32.8779856678,1,Parque Central,1655357.93265,0
36137,Morera,04/04/2011 09:38,Alto (> 8 mts),132,Grande,-68.8515697304,-32.8779545016,6,Residencial Norte,2694682.37982,0
7838,Acacia SP,10/06/2011 09:11,Medio (4 - 8 mts),100,Grande,-68.8510151018,-32.8858486741,5,Residencial Sur,2423808.92355,0
31454,Fresno europeo,13/07/2011 12:10,Alto (> 8 mts),180,Grande,-68.8496851467,-32.8843291666,1,Parque Central,1655357.93265,0
46840,Platano,15/09/2011 13:48,Alto (> 8 mts),145,Grande,-68.8343570533,-32.871929901,4,Cuarta Oeste,1173332.70145,0
38063,Fresno europeo,06/12/2010 10:11,Muy bajo (1 - 2 mts),3,Chico,-68.8482833848,-32.8721719107,6,Residencial Norte,2694682.37982,0
30573,Paraiso,09/02/2011 11:06,Medio (4 - 8 mts),85,Grande,-68.8579660928,-32.8662485103,6,Residencial Norte,2694682.37982,0
43828,Morera,18/10/2011 12:45,Alto (> 8 mts),200,Grande,-68.8315956357,-32.8813565383,3,Parque O'Higgins,1531146.02653,0
43646,Morera,14/10/2011 17:27,Medio (4 - 8 mts),110,Grande,-68.833898183,-32.8813659292,3,Parque O'Higgins,1531146.02653,0
17505,Morera,28/07/2011 14:47,Medio (4 - 8 mts),40,Mediano,-68.8391475549,-32.8664374378,4,Cuarta Oeste,1173332.70145,0
46901,Morera,09/09/2011 09:14,Alto (> 8 mts),118,Grande,-68.832907819,-32.8717200988,4,Cuarta Este Área Fundacional,1822015.85685,0
45809,Fresno europeo,01/09/2011 10:47,Medio (4 - 8 mts),108,Grande,-68.8200791168,-32.8703320912,4,Cuarta Este Área Fundacional,1822015.85685,0
22421,Morera,15/06/2011 09:51,Alto (> 8 mts),130,Grande,-68.8602135879,-32.8993033623,5,Residencial Sur,2423808.92355,1
11754,Morera,02/06/2010 11:29,Medio (4 - 8 mts),105,Grande,-68.8503149942,-32.8667064839,6,Residencial Norte,2694682.37982,0
13206,Fresno europeo,22/02/2011 11:02,Muy bajo (1 - 2 mts),5,Chico,-68.847141794,-32.8650286113,4,Cuarta Oeste,1173332.70145,0
9235,Paraiso sombrilla,28/02/2011 12:46,Alto (> 8 mts),100,Grande,-68.8492821686,-32.8657822932,6,Residencial Norte,2694682.37982,0
44398,Platano,18/10/2011 11:24,Alto (> 8 mts),245,Grande,-68.8378771122,-32.8851153375,3,Parque O'Higgins,1531146.02653,0
44420,Fresno europeo,18/10/2011 10:54,Medio (4 - 8 mts),126,Grande,-68.8367557022,-32.8843293165,3,Parque O'Higgins,1531146.02653,0
23401,Morera,28/01/2011 10:28,Alto (> 8 mts),140,Grande,-68.8498064362,-32.9014695074,2,Barrio Civico,2366816.36021,0
7940,Fresno americano,01/03/2011 12:09,Alto (> 8 mts),100,Grande,-68.8478257586,-32.8878658416,5,Residencial Sur,2423808.92355,0
27174,Acacia SP,27/10/2011 09:34,Medio (4 - 8 mts),130,Grande,-68.8387551665,-32.890701371,3,Parque O'Higgins,1531146.02653,0
20642,Morera,03/06/2011 14:27,Alto (> 8 mts),180,Grande,-68.8595792176,-32.8968442821,5,Residencial Sur,2423808.92355,1
19577,Morera,14/07/2011 10:19,Alto (> 8 mts),190,Grande,-68.8376402137,-32.8724403821,4,Cuarta Oeste,1173332.70145,0
22269,Morera,14/06/2011 11:48,Alto (> 8 mts),120,Grande,-68.8568081627,-32.8979871686,5,Residencial Sur,2423808.92355,0
31748,Platano,28/06/2011 12:07,Alto (> 8 mts),150,Grande,-68.8581769779,-32.8894869723,5,Residencial Sur,2423808.92355,0
16697,Morera,20/07/2011 14:00,Alto (> 8 mts),195,Grande,-68.8408315785,-32.8641139074,4,Cuarta Oeste,1173332.70145,0
9174,Paraiso,28/02/2011 14:09,Alto (> 8 mts),150,Grande,-68.8515539869,-32.8648709971,6,Residencial Norte,2694682.37982,0
25119,Palo borracho,11/02/2011 09:52,Medio (4 - 8 mts),140,Grande,-68.8361402935,-32.8990003793,2,Barrio Civico,2366816.36021,0
24936,Fresno europeo,09/02/2011 10:44,Alto (> 8 mts),83,Grande,-68.8371383982,-32.8976280033,2,Barrio Civico,2366816.36021,0
36394,Morera,21/03/2011 12:17,Alto (> 8 mts),105,Grande,-68.8515951572,-32.8792967518,6,Residencial Norte,2694682.37982,1
36444,Fresno europeo,18/03/2011 12:15,Alto (> 8 mts),110,Grande,-68.8520527339,-32.8800750448,6,Residencial Norte,2694682.37982,0
45538,Fresno europeo,16/09/2011 14:22,Medio (4 - 8 mts),190,Grande,-68.8208584942,-32.8727666107,4,Cuarta Este Área Fundacional,1822015.85685,0
33634,Morera,13/05/2011 10:17,Alto (> 8 mts),110,Grande,-68.8554651899,-32.886570764,5,Residencial Sur,2423808.92355,1
17721,Paraiso,18/07/2011 09:30,Medio (4 - 8 mts),80,Grande,-68.8424275469,-32.8673956629,4,Cuarta Oeste,1173332.70145,0
19717,Platano,11/07/2011 10:53,Alto (> 8 mts),74,Grande,-68.8351491169,-32.8705061814,4,Cuarta Oeste,1173332.70145,0
37578,Morera,23/12/2010 11:27,Alto (> 8 mts),170,Grande,-68.8577214119,-32.8697570456,6,Residencial Norte,2694682.37982,0
8366,Tilo,17/02/2011 16:35,Medio (4 - 8 mts),52,Mediano,-68.8405007614,-32.9006690711,2,Barrio Civico,2366816.36021,0
19039,Morera,12/07/2011 10:40,Alto (> 8 mts),160,Grande,-68.8406224927,-32.8718767812,4,Cuarta Oeste,1173332.70145,0
30557,Morera,08/02/2011 09:53,Alto (> 8 mts),98,Grande,-68.8570479566,-32.8665149849,6,Residencial Norte,2694682.37982,0
37120,Fresno americano,07/04/2011 10:31,Alto (> 8 mts),125,Grande,-68.8591847433,-32.877639959,7,Residencial Parque,1786336.08966,0
28251,Morera,28/02/2011 16:41,Medio (4 - 8 mts),42,Mediano,-68.8481717354,-32.8931173132,2,Barrio Civico,2366816.36021,1
23570,Morera,24/01/2011 11:43,Medio (4 - 8 mts),52,Mediano,-68.851517182,-32.9017873153,2,Barrio Civico,2366816.36021,1
29479,Morera,16/03/2011 12:31,Alto (> 8 mts),204,Grande,-68.8453134868,-32.8932244397,2,Barrio Civico,2366816.36021,0
3157,Morera,26/09/2011 09:35,Bajo (2 - 4 mts),25,Mediano,-68.8258816983,-32.8733557882,4,Cuarta Este Área Fundacional,1822015.85685,0
1751,Paraiso,21/11/2011 10:24,Medio (4 - 8 mts),65,Grande,-68.87245203,-32.877828057,7,Residencial Parque,1786336.08966,0
14890,Morera,16/12/2011 11:21,Bajo (2 - 4 mts),22,Mediano,-68.881252748,-32.8743791143,8,Aeroparque,2203364.73622,0
20681,Fresno europeo,01/06/2011 10:38,Medio (4 - 8 mts),90,Grande,-68.8609848188,-32.8973180681,5,Residencial Sur,2423808.92355,0
24428,Morera,20/01/2011 12:55,Medio (4 - 8 mts),50,Mediano,-68.8454367249,-32.9028076098,2,Barrio Civico,2366816.36021,0
23398,Morera,28/01/2011 10:23,Medio (4 - 8 mts),110,Grande,-68.849607726,-32.9014742279,2,Barrio Civico,2366816.36021,0
27778,Fresno americano,03/11/2011 10:35,Alto (> 8 mts),105,Grande,-68.8351944624,-32.8939724825,3,Parque O'Higgins,1531146.02653,1
26647,Acacia SP,02/11/2011 09:46,Medio (4 - 8 mts),110,Grande,-68.8330411122,-32.8911861962,3,Parque O'Higgins,1531146.02653,0
18011,Morera,29/07/2011 17:21,Alto (> 8 mts),137,Grande,-68.8410059914,-32.8677657232,4,Cuarta Oeste,1173332.70145,0
44289,Olmo bola,20/10/2011 17:03,Bajo (2 - 4 mts),36,Mediano,-68.8351910536,-32.8804411349,1,Parque Central,1655357.93265,0
19001,Morera,12/07/2011 09:15,Alto (> 8 mts),160,Grande,-68.8409318559,-32.8710824218,4,Cuarta Oeste,1173332.70145,0
1417,Morera,23/11/2011 08:21,Medio (4 - 8 mts),70,Grande,-68.8713743646,-32.8789450473,7,Residencial Parque,1786336.08966,0
14367,Paraiso sombrilla,01/12/2011 13:25,Bajo (2 - 4 mts),26,Mediano,-68.8781570124,-32.8657587134,8,Aeroparque,2203364.73622,0
30866,Morera,15/02/2011 12:57,Medio (4 - 8 mts),50,Mediano,-68.8554551218,-32.8656276603,6,Residencial Norte,2694682.37982,0
6363,Morera,29/06/2011 09:12,Alto (> 8 mts),100,Grande,-68.8523840628,-32.8915657759,5,Residencial Sur,2423808.92355,0
1850,Acacia SP,17/11/2011 12:30,Muy bajo (1 - 2 mts),5,Chico,-68.8593221497,-32.8715820788,6,Residencial Norte,2694682.37982,0
18783,Morera,08/07/2011 13:09,Bajo (2 - 4 mts),6,Chico,-68.8382423764,-32.8730178171,4,Cuarta Oeste,1173332.70145,0
33407,Morera,02/06/2011 12:27,Alto (> 8 mts),135,Grande,-68.8569595499,-32.887497722,5,Residencial Sur,2423808.92355,0
23697,Fresno americano,24/01/2011 19:42,Bajo (2 - 4 mts),32,Mediano,-68.8491738002,-32.9003822094,2,Barrio Civico,2366816.36021,0
7834,Morera,09/05/2011 13:03,Bajo (2 - 4 mts),40,Mediano,-68.860901328,-32.885377939,5,Residencial Sur,2423808.92355,0
25963,Jacaranda,01/02/2011 11:07,Alto (> 8 mts),117,Grande,-68.8392180219,-32.9042771967,2,Barrio Civico,2366816.36021,0
23820,Paraiso,26/01/2011 16:35,Alto (> 8 mts),122,Grande,-68.8506915144,-32.9013011471,2,Barrio Civico,2366816.36021,0
35954,Morera,23/03/2011 10:13,Alto (> 8 mts),130,Grande,-68.8545377947,-32.8753132327,6,Residencial Norte,2694682.37982,0
35543,Morera,16/06/2011 14:34,Medio (4 - 8 mts),140,Grande,-68.8569454135,-32.8826373066,7,Residencial Parque,1786336.08966,0
11194,Ligustro,27/01/2011 10:01,Alto (> 8 mts),120,Grande,-68.8446851774,-32.9009291483,2,Barrio Civico,2366816.36021,0
44228,Platano,13/10/2011 12:35,Alto (> 8 mts),158,Grande,-68.8340881424,-32.8836017807,3,Parque O'Higgins,1531146.02653,0
42594,Morera,23/09/2011 10:19,Alto (> 8 mts),180,Grande,-68.8270926693,-32.8767270411,4,Cuarta Este Área Fundacional,1822015.85685,0
7814,Jacaranda,11/05/2011 10:22,Muy bajo (1 - 2 mts),8,Chico,-68.8581127115,-32.8849946411,5,Residencial Sur,2423808.92355,0
40538,Morera,11/04/2011 12:19,Alto (> 8 mts),180,Grande,-68.8431623909,-32.8841069519,1,Parque Central,1655357.93265,0
33886,Acer,14/07/2011 09:47,Bajo (2 - 4 mts),20,Chico,-68.8538095539,-32.885200674,5,Residencial Sur,2423808.92355,0
29269,Fresno americano,23/02/2011 14:53,Alto (> 8 mts),240,Grande,-68.8444104668,-32.8885152603,2,Barrio Civico,2366816.36021,0
36529,Morera,04/04/2011 12:21,Alto (> 8 mts),75,Grande,-68.8569891933,-32.8790228965,7,Residencial Parque,1786336.08966,0
37684,Fresno europeo,24/02/2012 08:48,Alto (> 8 mts),130,Grande,-68.8521421989,-32.8724016474,6,Residencial Norte,2694682.37982,0
9495,Morera,02/02/2011 13:23,Alto (> 8 mts),126,Grande,-68.8527350979,-32.8633956017,6,Residencial Norte,2694682.37982,0
34484,Morera,10/03/2011 12:25,Alto (> 8 mts),162,Grande,-68.8491644202,-32.875009398,6,Residencial Norte,2694682.37982,0
28362,Morera,14/03/2011 10:35,Alto (> 8 mts),180,Grande,-68.8493366144,-32.8887096978,5,Residencial Sur,2423808.92355,0
18186,Morera,26/07/2011 08:51,Alto (> 8 mts),135,Grande,-68.8403265218,-32.8698444395,4,Cuarta Oeste,1173332.70145,0
5886,Morera,08/04/2011 12:56,Alto (> 8 mts),124,Grande,-68.8425996178,-32.882021164,1,Parque Central,1655357.93265,0
17979,Morera,01/08/2011 09:17,Alto (> 8 mts),160,Grande,-68.839879115,-32.8678424628,4,Cuarta Oeste,1173332.70145,0
28822,Morera,28/04/2011 13:03,Alto (> 8 mts),140,Grande,-68.8473182569,-32.8848137914,1,Parque Central,1655357.93265,0
2539,Morera,14/10/2011 11:49,Muy bajo (1 - 2 mts),20,Chico,-68.8339851061,-32.8849064052,3,Parque O'Higgins,1531146.02653,0
46422,Morera,17/08/2011 13:11,Alto (> 8 mts),160,Grande,-68.8324100232,-32.8674481973,4,Cuarta Oeste,1173332.70145,0
23285,Morera,18/01/2012 17:43,Medio (4 - 8 mts),52,Mediano,-68.8524054261,-32.901127962,2,Barrio Civico,2366816.36021,0
19282,Morera,13/07/2011 21:32,Alto (> 8 mts),180,Grande,-68.8365964709,-32.8700019242,4,Cuarta Oeste,1173332.70145,0
9484,Morera,02/02/2011 12:10,Alto (> 8 mts),126,Grande,-68.8527528601,-32.8646667733,6,Residencial Norte,2694682.37982,0
5215,Braquiquito,09/08/2011 09:45,Alto (> 8 mts),120,Grande,-68.839891664,-32.8730583286,4,Cuarta Oeste,1173332.70145,0
19737,Platano,12/08/2011 10:19,Alto (> 8 mts),105,Grande,-68.8346135868,-32.8681513859,4,Cuarta Oeste,1173332.70145,0
27613,Platano,07/11/2011 08:42,Alto (> 8 mts),160,Grande,-68.8403392153,-32.8947176076,2,Barrio Civico,2366816.36021,0
17314,Morera,04/08/2011 09:25,Medio (4 - 8 mts),45,Mediano,-68.8355012727,-32.8648988575,4,Cuarta Oeste,1173332.70145,0
2602,Platano,27/10/2011 17:16,Alto (> 8 mts),180,Grande,-68.829862673,-32.8813796892,3,Parque O'Higgins,1531146.02653,0
4786,Liquidambar,03/08/2011 09:59,Bajo (2 - 4 mts),20,Chico,-68.8384494036,-32.8668069913,4,Cuarta Oeste,1173332.70145,0
1717,Morera,23/11/2011 08:02,Medio (4 - 8 mts),25,Mediano,-68.8723677856,-32.8792138553,7,Residencial Parque,1786336.08966,0
25764,Morera,03/02/2011 09:45,Alto (> 8 mts),128,Grande,-68.8420338866,-32.9038002451,2,Barrio Civico,2366816.36021,0
2207,Platano,28/10/2011 11:29,Alto (> 8 mts),210,Grande,-68.8390629112,-32.8929157808,2,Barrio Civico,2366816.36021,0
4237,Morera,12/07/2011 20:24,Alto (> 8 mts),90,Grande,-68.8372737519,-32.8727152489,4,Cuarta Oeste,1173332.70145,0
44677,Fresno europeo,19/08/2011 10:25,Muy bajo (1 - 2 mts),6,Chico,-68.8240902967,-32.8675951128,4,Cuarta Este Área Fundacional,1822015.85685,0
7588,Fresno europeo,31/05/2011 13:58,Bajo (2 - 4 mts),40,Mediano,-68.8577779773,-32.8837211134,5,Residencial Sur,2423808.92355,0
13508,Morera,01/02/2011 13:06,Medio (4 - 8 mts),70,Grande,-68.8513684807,-32.8637580758,6,Residencial Norte,2694682.37982,1
42219,Morera,02/05/2011 09:50,Alto (> 8 mts),190,Grande,-68.8396005504,-32.8739640686,4,Cuarta Oeste,1173332.70145,0
15826,Jacaranda,25/11/2011 11:10,Muy bajo (1 - 2 mts),14,Chico,-68.8714969701,-32.8766927983,7,Residencial Parque,1786336.08966,0
44724,Morera,26/08/2011 09:30,Alto (> 8 mts),140,Grande,-68.8239771302,-32.8679973158,4,Cuarta Este Área Fundacional,1822015.85685,1
8748,Fresno europeo,14/02/2011 09:41,Bajo (2 - 4 mts),28,Mediano,-68.836531176,-32.9005670092,2,Barrio Civico,2366816.36021,0
20323,Alamo criollo,16/05/2011 09:12,Alto (> 8 mts),140,Grande,-68.8623113391,-32.8925438451,5,Residencial Sur,2423808.92355,0
45774,Morera,24/08/2011 09:44,Medio (4 - 8 mts),135,Grande,-68.8213468763,-32.869573148,4,Cuarta Este Área Fundacional,1822015.85685,1
31602,Morera,10/06/2011 10:03,Medio (4 - 8 mts),35,Mediano,-68.8615155915,-32.8885261741,5,Residencial Sur,2423808.92355,0
46742,Acer,07/09/2011 10:38,Medio (4 - 8 mts),80,Grande,-68.833150425,-32.8702647277,4,Cuarta Oeste,1173332.70145,0
46686,Morera,05/09/2011 12:58,Alto (> 8 mts),115,Grande,-68.8327205076,-32.8705260957,4,Cuarta Este Área Fundacional,1822015.85685,1
21279,Fresno americano,13/06/2011 12:34,Medio (4 - 8 mts),86,Grande,-68.8519869878,-32.8964112037,5,Residencial Sur,2423808.92355,0
14694,Morera,06/12/2011 08:26,Alto (> 8 mts),150,Grande,-68.8769930308,-32.8689244393,8,Aeroparque,2203364.73622,0
38440,Fresno europeo,03/11/2010 10:27,Alto (> 8 mts),96,Grande,-68.8509146363,-32.8694210895,6,Residencial Norte,2694682.37982,0
35565,Morera,09/03/2011 10:13,Medio (4 - 8 mts),140,Grande,-68.8560855534,-32.8733991018,6,Residencial Norte,2694682.37982,0
961,Jacaranda,11/01/2012 12:51,Medio (4 - 8 mts),78,Grande,-68.8342303714,-32.8950511046,3,Parque O'Higgins,1531146.02653,0
18244,Morera,29/07/2011 10:26,Alto (> 8 mts),165,Grande,-68.8393804309,-32.8672785935,4,Cuarta Oeste,1173332.70145,0
47072,Morera,23/09/2011 11:57,Muy bajo (1 - 2 mts),4,Chico,-68.8336335444,-32.8737828702,4,Cuarta Este Área Fundacional,1822015.85685,0
23643,Morera,21/01/2011 14:19,Alto (> 8 mts),138,Grande,-68.8479118089,-32.8997979491,2,Barrio Civico,2366816.36021,0
21808,Fresno europeo,13/05/2011 10:14,Muy bajo (1 - 2 mts),14,Chico,-68.856822626,-32.8941338291,5,Residencial Sur,2423808.92355,0
20543,Fresno europeo,03/06/2011 08:51,Medio (4 - 8 mts),45,Mediano,-68.8590265809,-32.8969708375,5,Residencial Sur,2423808.92355,0
35506,Fresno europeo,06/04/2011 11:32,Muy bajo (1 - 2 mts),12,Chico,-68.8555113025,-32.8811858261,6,Residencial Norte,2694682.37982,0
10709,Fresno europeo,31/03/2011 09:37,Medio (4 - 8 mts),70,Grande,-68.848476509,-32.876298957,6,Residencial Norte,2694682.37982,0
29301,Morera,22/02/2011 12:21,Alto (> 8 mts),204,Grande,-68.8439129966,-32.8878974324,1,Parque Central,1655357.93265,1
48289,Fresno americano,17/08/2011 09:59,Alto (> 8 mts),208,Grande,-68.8289247984,-32.8677386946,4,Cuarta Este Área Fundacional,1822015.85685,0
23872,Morera,28/01/2011 09:54,Alto (> 8 mts),138,Grande,-68.8511826537,-32.8997873855,2,Barrio Civico,2366816.36021,0
33202,Platano,09/05/2011 13:01,Alto (> 8 mts),200,Grande,-68.8559532408,-32.8910240873,5,Residencial Sur,2423808.92355,0
18912,Platano,02/08/2011 09:51,Alto (> 8 mts),256,Grande,-68.8418132026,-32.8705860756,4,Cuarta Oeste,1173332.70145,0
18477,Morera,11/07/2011 09:37,Alto (> 8 mts),195,Grande,-68.8387625978,-32.8743811067,1,Parque Central,1655357.93265,0
5210,Conifera,09/08/2011 09:57,Alto (> 8 mts),84,Grande,-68.8399709711,-32.8735132634,4,Cuarta Oeste,1173332.70145,0
33345,Morera,19/05/2011 11:18,Alto (> 8 mts),85,Grande,-68.8567734482,-32.8911310179,5,Residencial Sur,2423808.92355,0
22469,Fresno europeo,23/06/2011 12:42,Alto (> 8 mts),90,Grande,-68.8617565124,-32.8992813704,5,Residencial Sur,2423808.92355,0
29800,Platano,09/03/2011 08:49,Alto (> 8 mts),135,Grande,-68.8435928173,-32.89207336,2,Barrio Civico,2366816.36021,0
33205,Platano,09/05/2011 12:53,Alto (> 8 mts),280,Grande,-68.8555552279,-32.8910978203,5,Residencial Sur,2423808.92355,0
41209,Platano,18/04/2011 09:43,Alto (> 8 mts),196,Grande,-68.8371860794,-32.8817425613,1,Parque Central,1655357.93265,0
7917,Caducifolio,13/06/2011 15:07,Alto (> 8 mts),88,Grande,-68.8590552961,-32.8886921438,5,Residencial Sur,2423808.92355,0
32581,Paraiso,17/06/2011 10:14,Muy bajo (1 - 2 mts),3,Chico,-68.8530016431,-32.8896000195,5,Residencial Sur,2423808.92355,0
34447,Fresno europeo,09/03/2011 12:09,Medio (4 - 8 mts),90,Grande,-68.850410581,-32.8747432717,6,Residencial Norte,2694682.37982,0
44266,Platano,13/10/2011 10:53,Alto (> 8 mts),270,Grande,-68.8351072578,-32.8846951346,3,Parque O'Higgins,1531146.02653,0
6326,Morera,29/06/2011 12:13,Alto (> 8 mts),125,Grande,-68.8561790186,-32.8903911207,5,Residencial Sur,2423808.92355,1
18915,Ligustro,02/08/2011 09:46,Alto (> 8 mts),100,Grande,-68.8420892739,-32.8705300676,4,Cuarta Oeste,1173332.70145,0
37538,Tilo,16/11/2010 13:55,Muy bajo (1 - 2 mts),10,Chico,-68.8576586621,-32.8700431721,6,Residencial Norte,2694682.37982,0
45578,Fresno europeo,01/09/2011 10:45,Alto (> 8 mts),140,Grande,-68.8216978583,-32.8703438767,4,Cuarta Este Área Fundacional,1822015.85685,0
16822,Morera,08/08/2011 14:22,Alto (> 8 mts),110,Grande,-68.8384926745,-32.8652510131,4,Cuarta Oeste,1173332.70145,0
37422,Morera,03/01/2011 13:03,Alto (> 8 mts),70,Grande,-68.8570717809,-32.8707508742,6,Residencial Norte,2694682.37982,0
22635,Acacia SP,22/06/2011 09:29,Medio (4 - 8 mts),80,Grande,-68.8612161328,-32.9015372536,5,Residencial Sur,2423808.92355,0
10615,Paraiso,15/03/2011 13:28,Alto (> 8 mts),130,Grande,-68.8583545268,-32.8736185265,6,Residencial Norte,2694682.37982,0
9826,Prunas,12/01/2011 10:20,Bajo (2 - 4 mts),40,Mediano,-68.8453944704,-32.8634449385,4,Cuarta Oeste,1173332.70145,0
45687,Morera,26/08/2011 11:07,Muy bajo (1 - 2 mts),8,Chico,-68.8229369276,-32.8699981238,4,Cuarta Este Área Fundacional,1822015.85685,0
30567,Fresno europeo,09/02/2011 10:49,Medio (4 - 8 mts),50,Mediano,-68.8574633712,-32.866217601,6,Residencial Norte,2694682.37982,0
44693,Morera,19/08/2011 10:00,Medio (4 - 8 mts),195,Grande,-68.8234089927,-32.8673115673,4,Cuarta Este Área Fundacional,1822015.85685,1
35743,Conifera,04/03/2011 10:00,Alto (> 8 mts),36,Mediano,-68.8554860253,-32.8738402587,6,Residencial Norte,2694682.37982,0
15815,Aguaribay,21/11/2011 16:32,Medio (4 - 8 mts),160,Grande,-68.8732946608,-32.8780189066,7,Residencial Parque,1786336.08966,0
41379,Morera,19/04/2011 10:03,Alto (> 8 mts),158,Grande,-68.8414340328,-32.8828570106,1,Parque Central,1655357.93265,0
12798,Morera,21/01/2011 08:44,Medio (4 - 8 mts),70,Grande,-68.8475429396,-32.8642406513,4,Cuarta Oeste,1173332.70145,0
2694,Caducifolio,11/10/2011 12:22,Bajo (2 - 4 mts),23,Mediano,-68.8297894139,-32.8832986912,3,Parque O'Higgins,1531146.02653,0
2589,Morera,07/10/2011 13:28,Medio (4 - 8 mts),70,Grande,-68.8309389697,-32.8807540125,3,Parque O'Higgins,1531146.02653,0
39911,Morera,02/05/2011 10:31,Medio (4 - 8 mts),160,Grande,-68.8431853151,-32.8754558676,1,Parque Central,1655357.93265,0
2977,Ailanthus,16/09/2011 13:34,Medio (4 - 8 mts),65,Grande,-68.8252349812,-32.8721009992,4,Cuarta Este Área Fundacional,1822015.85685,0
17364,Morera,04/08/2011 07:49,Alto (> 8 mts),190,Grande,-68.8350658157,-32.8648321232,4,Cuarta Oeste,1173332.70145,1
30380,Fresno europeo,02/03/2011 13:37,Muy bajo (1 - 2 mts),10,Chico,-68.8395287998,-32.889541432,3,Parque O'Higgins,1531146.02653,0
12953,Fresno americano,12/01/2011 08:43,Medio (4 - 8 mts),78,Grande,-68.8440744406,-32.863774025,4,Cuarta Oeste,1173332.70145,0
40765,Morera,19/04/2011 08:55,Alto (> 8 mts),158,Grande,-68.841657341,-32.884265399,1,Parque Central,1655357.93265,0
41689,Morera,27/04/2011 13:47,Medio (4 - 8 mts),115,Grande,-68.8384645099,-32.8771309774,1,Parque Central,1655357.93265,0
45148,Fresno europeo,01/09/2011 11:41,Alto (> 8 mts),168,Grande,-68.8244420023,-32.8707558646,4,Cuarta Este Área Fundacional,1822015.85685,0
2696,Caducifolio,11/10/2011 12:19,Bajo (2 - 4 mts),15,Chico,-68.8297819033,-32.8832110103,3,Parque O'Higgins,1531146.02653,0
14575,Jacaranda,14/12/2011 10:49,Bajo (2 - 4 mts),50,Mediano,-68.8788470874,-32.8675725047,8,Aeroparque,2203364.73622,0
28612,Platano,25/02/2011 08:24,Alto (> 8 mts),138,Grande,-68.8484683107,-32.891164689,2,Barrio Civico,2366816.36021,0
41892,Fresno europeo,15/04/2011 12:07,Bajo (2 - 4 mts),18,Chico,-68.8418125609,-32.8790586582,1,Parque Central,1655357.93265,0
11346,Caducifolio,19/01/2011 19:11,Medio (4 - 8 mts),50,Mediano,-68.8485991045,-32.9026946787,2,Barrio Civico,2366816.36021,0
16438,Paraiso,12/08/2011 10:02,Medio (4 - 8 mts),70,Grande,-68.8418412371,-32.8636301659,4,Cuarta Oeste,1173332.70145,0
18341,Paraiso,02/08/2011 09:49,Medio (4 - 8 mts),80,Grande,-68.8387376815,-32.8680169173,4,Cuarta Oeste,1173332.70145,1
11731,Morera,02/06/2010 10:35,Medio (4 - 8 mts),164,Grande,-68.8509943807,-32.8668736595,6,Residencial Norte,2694682.37982,0
38667,Paraiso,16/12/2010 11:44,Alto (> 8 mts),250,Grande,-68.8517317729,-32.871058629,6,Residencial Norte,2694682.37982,0
30728,Fresno europeo,04/02/2011 11:56,Muy bajo (1 - 2 mts),15,Chico,-68.8556180713,-32.8677664735,6,Residencial Norte,2694682.37982,0
47730,Morera,15/09/2011 10:13,Medio (4 - 8 mts),190,Grande,-68.8291503977,-32.872115646,4,Cuarta Este Área Fundacional,1822015.85685,0
37367,Paraiso,29/11/2010 10:27,Medio (4 - 8 mts),50,Mediano,-68.8577666245,-32.8724242192,6,Residencial Norte,2694682.37982,0
27629,Morera,07/11/2011 10:12,Alto (> 8 mts),162,Grande,-68.8383281214,-32.8952788852,2,Barrio Civico,2366816.36021,0
7113,Ailanthus,30/05/2011 11:03,Alto (> 8 mts),120,Grande,-68.8627279534,-32.8974790702,5,Residencial Sur,2423808.92355,0
45733,Morera,24/08/2011 11:27,Medio (4 - 8 mts),215,Grande,-68.8220000635,-32.8687205986,4,Cuarta Este Área Fundacional,1822015.85685,0
35488,Morera,07/04/2011 17:33,Alto (> 8 mts),113,Grande,-68.8565687012,-32.8811820667,7,Residencial Parque,1786336.08966,0
45757,Ligustro,24/08/2011 10:52,Medio (4 - 8 mts),67,Grande,-68.820739905,-32.8701829817,4,Cuarta Este Área Fundacional,1822015.85685,0
32265,Acacia SP,29/06/2011 09:29,Alto (> 8 mts),138,Grande,-68.8512678645,-32.8915278879,5,Residencial Sur,2423808.92355,0
48066,Morera,27/09/2011 11:04,Alto (> 8 mts),162,Grande,-68.8268779609,-32.8665222882,4,Cuarta Este Área Fundacional,1822015.85685,0
46885,Morera,08/09/2011 12:42,Alto (> 8 mts),170,Grande,-68.8341840483,-32.8712182045,4,Cuarta Oeste,1173332.70145,0
2267,Fresno europeo,27/10/2011 09:44,Muy bajo (1 - 2 mts),20,Chico,-68.8371856787,-32.8913891168,3,Parque O'Higgins,1531146.02653,0
14850,Morera,19/12/2011 07:57,Bajo (2 - 4 mts),40,Mediano,-68.8811675289,-32.8740817628,8,Aeroparque,2203364.73622,0
28788,Morera,18/04/2011 10:51,Alto (> 8 mts),220,Grande,-68.8476866235,-32.886252079,1,Parque Central,1655357.93265,0
12439,Morera,24/01/2011 13:02,Alto (> 8 mts),160,Grande,-68.8488613456,-32.8669857621,6,Residencial Norte,2694682.37982,0
39618,Paraiso,25/10/2010 11:37,Alto (> 8 mts),160,Grande,-68.8487772947,-32.8690241156,6,Residencial Norte,2694682.37982,0
13801,Morera,26/01/2011 13:01,Alto (> 8 mts),130,Grande,-68.8492235162,-32.8640840869,6,Residencial Norte,2694682.37982,0
31667,Fresno europeo,14/06/2011 10:38,Alto (> 8 mts),74,Grande,-68.8589119902,-32.8892053938,5,Residencial Sur,2423808.92355,0
42259,Fresno europeo,03/05/2011 11:03,Alto (> 8 mts),145,Grande,-68.8381438697,-32.8754755786,1,Parque Central,1655357.93265,0
7475,Fresno europeo,16/06/2011 10:09,Bajo (2 - 4 mts),22,Mediano,-68.8612832166,-32.9002917052,5,Residencial Sur,2423808.92355,0
791,Aguaribay,14/12/2011 10:20,Medio (4 - 8 mts),90,Grande,-68.8795076092,-32.866614974,8,Aeroparque,2203364.73622,0
13423,Morera,28/02/2011 12:09,Alto (> 8 mts),160,Grande,-68.8493993918,-32.8653760818,6,Residencial Norte,2694682.37982,0
347,Morera,07/03/2012 09:35,Medio (4 - 8 mts),46,Mediano,-68.8212954675,-32.8673676947,4,Cuarta Este Área Fundacional,1822015.85685,0
45629,Paraiso,22/09/2011 08:28,Alto (> 8 mts),170,Grande,-68.8215370701,-32.8713425773,4,Cuarta Este Área Fundacional,1822015.85685,0
22614,Fresno europeo,23/06/2011 10:11,Alto (> 8 mts),125,Grande,-68.8625048651,-32.9012590543,5,Residencial Sur,2423808.92355,0
36540,Morera,04/04/2011 11:58,Alto (> 8 mts),110,Grande,-68.8563581175,-32.8792653006,6,Residencial Norte,2694682.37982,1
12841,Paraiso,18/01/2011 12:53,Medio (4 - 8 mts),80,Grande,-68.8469436925,-32.863544359,4,Cuarta Oeste,1173332.70145,0
10822,Fresno europeo,30/03/2011 12:10,Bajo (2 - 4 mts),27,Mediano,-68.8551156634,-32.8783895469,6,Residencial Norte,2694682.37982,0
36797,Morera,07/04/2011 16:02,Alto (> 8 mts),180,Grande,-68.8599026608,-32.8805287556,7,Residencial Parque,1786336.08966,0
7399,Morera,02/06/2011 12:56,Alto (> 8 mts),98,Grande,-68.854211468,-32.9002390892,5,Residencial Sur,2423808.92355,0
1978,Ailanthus,03/01/2012 11:21,Alto (> 8 mts),70,Grande,-68.8593011618,-32.8902848012,5,Residencial Sur,2423808.92355,0
18432,Paraiso,11/07/2011 10:49,Bajo (2 - 4 mts),52,Mediano,-68.8389809424,-32.8729984602,4,Cuarta Oeste,1173332.70145,1
23131,Fresno europeo,10/01/2011 15:16,Alto (> 8 mts),62,Grande,-68.8473121928,-32.902909302,2,Barrio Civico,2366816.36021,0
22055,Morera,16/05/2011 09:29,Alto (> 8 mts),115,Grande,-68.8582376013,-32.8938770832,5,Residencial Sur,2423808.92355,0
20365,Morera,24/05/2011 13:23,Alto (> 8 mts),145,Grande,-68.8606776334,-32.894368571,5,Residencial Sur,2423808.92355,0
28150,Tipa,23/02/2011 16:19,Alto (> 8 mts),108,Grande,-68.8488286517,-32.8922114883,2,Barrio Civico,2366816.36021,0
37309,Platano,17/03/2011 10:18,Alto (> 8 mts),145,Grande,-68.8586134839,-32.8755166194,7,Residencial Parque,1786336.08966,0
30317,Platano,11/03/2011 08:09,Alto (> 8 mts),170,Grande,-68.8421401841,-32.8911657083,2,Barrio Civico,2366816.36021,0
15593,Paraiso,16/11/2011 16:03,Bajo (2 - 4 mts),42,Mediano,-68.861466277900007,-32.871580736,7,Residencial Parque,1786336.08966,0
8892,Morera,04/02/2010 13:48,Medio (4 - 8 mts),114,Grande,-68.852687208,-32.8672566909,6,Residencial Norte,2694682.37982,0
38343,Paraiso,09/11/2010 12:43,Alto (> 8 mts),95,Grande,-68.8537635567,-32.8696741243,6,Residencial Norte,2694682.37982,0
1215,Caducifolio,29/11/2011 12:26,Muy bajo (1 - 2 mts),30,Mediano,-68.8763918393,-32.8647590482,8,Aeroparque,2203364.73622,0
37421,Paraiso,03/01/2011 13:01,Alto (> 8 mts),90,Grande,-68.8570926666,-32.8708529699,6,Residencial Norte,2694682.37982,0
41356,Acacia SP,25/04/2011 10:17,Muy bajo (1 - 2 mts),20,Chico,-68.8403607038,-32.8820138251,1,Parque Central,1655357.93265,0
566,Caducifolio,08/03/2012 11:18,Bajo (2 - 4 mts),30,Mediano,-68.8192272188,-32.8686808568,4,Cuarta Este Área Fundacional,1822015.85685,0
7150,Fresno europeo,15/06/2011 11:48,Medio (4 - 8 mts),65,Grande,-68.8536547477,-32.8993781984,5,Residencial Sur,2423808.92355,0
8318,Morera,22/03/2011 08:18,Alto (> 8 mts),84,Grande,-68.844833687,-32.893092202,2,Barrio Civico,2366816.36021,0
27773,Platano,03/11/2011 10:44,Alto (> 8 mts),142,Grande,-68.8348669143,-32.89386842,3,Parque O'Higgins,1531146.02653,0
14315,Morera,06/12/2011 09:28,Bajo (2 - 4 mts),40,Mediano,-68.8770378043,-32.8674232302,8,Aeroparque,2203364.73622,0
27985,Fresno americano,31/10/2011 09:20,Medio (4 - 8 mts),58,Mediano,-68.8372252449,-32.8931195388,3,Parque O'Higgins,1531146.02653,0
400,Ligustro,05/03/2012 11:17,Alto (> 8 mts),130,Grande,-68.8199019368,-32.8671916251,4,Cuarta Este Área Fundacional,1822015.85685,0
30581,Morera,09/02/2011 12:26,Medio (4 - 8 mts),80,Grande,-68.8582017767,-32.8659113715,6,Residencial Norte,2694682.37982,0
13392,Morera,10/01/2011 11:46,Medio (4 - 8 mts),50,Mediano,-68.8441248187,-32.866891217,4,Cuarta Oeste,1173332.70145,0
15262,Alamo blanco,21/11/2011 12:47,Medio (4 - 8 mts),85,Grande,-68.8586958114,-32.8699292917,6,Residencial Norte,2694682.37982,0
46038,Caducifolio,20/09/2011 08:46,Muy bajo (1 - 2 mts),30,Mediano,-68.8203826585,-32.8730701255,4,Cuarta Este Área Fundacional,1822015.85685,0
31580,Morera,13/06/2011 11:12,Alto (> 8 mts),196,Grande,-68.8593802796,-32.8891524509,5,Residencial Sur,2423808.92355,1
22079,Fresno europeo,10/06/2011 11:40,Alto (> 8 mts),72,Grande,-68.8540616184,-32.8967344493,5,Residencial Sur,2423808.92355,0
20648,Fresno europeo,03/06/2011 14:14,Medio (4 - 8 mts),47,Mediano,-68.8602897731,-32.8968378645,5,Residencial Sur,2423808.92355,0
18941,Paraiso,01/08/2011 09:46,Alto (> 8 mts),118,Grande,-68.8410370447,-32.8699158397,4,Cuarta Oeste,1173332.70145,0
3662,Paraiso,26/08/2011 11:02,Medio (4 - 8 mts),105,Grande,-68.8204141241,-32.8692556353,4,Cuarta Este Área Fundacional,1822015.85685,0
36173,Fresno europeo,04/04/2011 10:11,Medio (4 - 8 mts),46,Mediano,-68.8527615846,-32.877334914,6,Residencial Norte,2694682.37982,0
45786,Fresno europeo,01/09/2011 11:45,Medio (4 - 8 mts),212,Grande,-68.8204790121,-32.8712539263,4,Cuarta Este Área Fundacional,1822015.85685,0
27838,Ailanthus,02/11/2011 10:20,Alto (> 8 mts),115,Grande,-68.8356725015,-32.8952313795,2,Barrio Civico,2366816.36021,0
19086,Fresno americano,27/07/2011 09:53,Alto (> 8 mts),115,Grande,-68.843109342,-32.870664892,4,Cuarta Oeste,1173332.70145,0
24687,Morera,14/01/2011 13:14,Alto (> 8 mts),320,Grande,-68.8424668208,-32.8964765633,2,Barrio Civico,2366816.36021,0
30780,Morera,02/02/2011 09:00,Medio (4 - 8 mts),74,Grande,-68.8544843451,-32.8686140687,6,Residencial Norte,2694682.37982,0
24660,Fresno europeo,18/01/2011 13:53,Bajo (2 - 4 mts),62,Grande,-68.8428810394,-32.9010492157,2,Barrio Civico,2366816.36021,0
43999,Acacia SP,17/10/2011 09:16,Alto (> 8 mts),162,Grande,-68.8326749968,-32.8857653685,3,Parque O'Higgins,1531146.02653,1
27507,Morera,26/10/2011 10:17,Alto (> 8 mts),160,Grande,-68.8365029098,-32.8928584171,3,Parque O'Higgins,1531146.02653,0
39270,Morera,29/12/2010 10:19,Bajo (2 - 4 mts),45,Mediano,-68.8558245335,-32.8713693922,6,Residencial Norte,2694682.37982,0
21215,Acer,10/05/2011 10:44,Medio (4 - 8 mts),145,Grande,-68.8515382392,-32.8947266603,5,Residencial Sur,2423808.92355,0
3346,Acer,27/09/2011 12:17,Alto (> 8 mts),115,Grande,-68.8262416184,-32.8757346043,4,Cuarta Este Área Fundacional,1822015.85685,0
27166,Acacia SP,27/10/2011 09:42,Bajo (2 - 4 mts),40,Mediano,-68.8381058289,-32.8908041364,3,Parque O'Higgins,1531146.02653,0
35051,Perenne,22/03/2011 13:06,Alto (> 8 mts),98,Grande,-68.85362561,-32.880081788,6,Residencial Norte,2694682.37982,0
45527,Fresno europeo,19/09/2011 10:29,Alto (> 8 mts),228,Grande,-68.8217272238,-32.8727555887,4,Cuarta Este Área Fundacional,1822015.85685,0
44575,Platano,20/10/2011 07:35,Alto (> 8 mts),195,Grande,-68.8346502742,-32.8848166654,3,Parque O'Higgins,1531146.02653,1
5326,Paraiso sombrilla,27/04/2011 10:57,Muy bajo (1 - 2 mts),7,Chico,-68.8419220965,-32.8780435254,1,Parque Central,1655357.93265,0
28014,Morera,04/11/2011 08:47,Alto (> 8 mts),80,Grande,-68.8353641968,-32.8942128264,3,Parque O'Higgins,1531146.02653,0
31692,Morera,18/05/2011 12:35,Medio (4 - 8 mts),96,Grande,-68.8614445386,-32.8910122834,5,Residencial Sur,2423808.92355,1
23109,Fresno europeo,17/01/2011 16:52,Alto (> 8 mts),152,Grande,-68.8474899898,-32.9022800277,2,Barrio Civico,2366816.36021,0
38851,Platano,09/12/2010 11:32,Alto (> 8 mts),195,Grande,-68.8492509764,-32.8709030973,6,Residencial Norte,2694682.37982,0
8455,Morera,09/02/2011 18:24,Alto (> 8 mts),104,Grande,-68.8359492027,-32.8989082041,2,Barrio Civico,2366816.36021,1
32946,Morera,23/05/2011 10:33,Alto (> 8 mts),180,Grande,-68.8505114306,-32.8884739906,5,Residencial Sur,2423808.92355,0
33317,Morera,24/06/2011 10:00,Alto (> 8 mts),87,Grande,-68.8573383574,-32.890637569,5,Residencial Sur,2423808.92355,1
24400,Olmo comun,21/01/2011 10:17,Medio (4 - 8 mts),240,Grande,-68.8444529622,-32.9029090922,2,Barrio Civico,2366816.36021,0
10312,Jacaranda,29/11/2010 09:55,Alto (> 8 mts),40,Mediano,-68.8574656315,-32.8720569555,6,Residencial Norte,2694682.37982,0
7107,Morera,01/06/2011 10:23,Medio (4 - 8 mts),100,Grande,-68.8610494721,-32.8979372102,5,Residencial Sur,2423808.92355,0
25202,Morera,11/02/2011 14:32,Medio (4 - 8 mts),58,Mediano,-68.8372023536,-32.8986145808,2,Barrio Civico,2366816.36021,1
18894,Morera,26/07/2011 10:11,Alto (> 8 mts),98,Grande,-68.8397372359,-32.8701150761,4,Cuarta Oeste,1173332.70145,1
44801,Morera,26/08/2011 10:53,Alto (> 8 mts),168,Grande,-68.8238673153,-32.8701322567,4,Cuarta Este Área Fundacional,1822015.85685,0
23991,Morera,13/01/2011 12:31,Medio (4 - 8 mts),56,Mediano,-68.8463115037,-32.8998957788,2,Barrio Civico,2366816.36021,0
5968,Morera,29/04/2011 10:49,Alto (> 8 mts),100,Grande,-68.8472223564,-32.8842809671,1,Parque Central,1655357.93265,0
30392,Conifera,02/03/2011 12:37,Medio (4 - 8 mts),50,Mediano,-68.839884752,-32.8905615273,3,Parque O'Higgins,1531146.02653,0
48112,Morera,29/09/2011 09:14,Alto (> 8 mts),168,Grande,-68.8255124668,-32.8670234465,4,Cuarta Este Área Fundacional,1822015.85685,0
33900,Morera,14/07/2011 08:52,Alto (> 8 mts),110,Grande,-68.8545196631,-32.8855421966,5,Residencial Sur,2423808.92355,0
38437,Fresno europeo,03/11/2010 10:36,Bajo (2 - 4 mts),27,Mediano,-68.850937569,-32.869599931,6,Residencial Norte,2694682.37982,0
46127,Morera,05/10/2011 11:00,Medio (4 - 8 mts),140,Grande,-68.8242656571,-32.874549118,4,Cuarta Este Área Fundacional,1822015.85685,1
27130,Platano,27/10/2011 10:48,Alto (> 8 mts),150,Grande,-68.8392149549,-32.8903955682,3,Parque O'Higgins,1531146.02653,0
32852,Fresno europeo,10/06/2011 12:14,Bajo (2 - 4 mts),60,Mediano,-68.8492098192,-32.8860620447,1,Parque Central,1655357.93265,0
46253,Morera,28/09/2011 09:50,Alto (> 8 mts),145,Grande,-68.8252401717,-32.8756396278,4,Cuarta Este Área Fundacional,1822015.85685,1
6019,Fresno europeo,11/04/2011 12:00,Alto (> 8 mts),55,Mediano,-68.843945372,-32.8840708006,1,Parque Central,1655357.93265,0
16026,Morera,15/08/2011 14:48,Alto (> 8 mts),145,Grande,-68.8459052032,-32.8734867926,6,Residencial Norte,2694682.37982,0
4976,Conifera,15/07/2011 08:46,Muy bajo (1 - 2 mts),10,Chico,-68.8443504097,-32.8688413992,4,Cuarta Oeste,1173332.70145,0
21591,Aguaribay,12/05/2011 10:13,Alto (> 8 mts),220,Grande,-68.8547380841,-32.8935595553,5,Residencial Sur,2423808.92355,0
33012,Morera,18/05/2011 13:20,Alto (> 8 mts),185,Grande,-68.851544796,-32.8882960752,5,Residencial Sur,2423808.92355,0
19531,Morera,26/07/2011 10:47,Medio (4 - 8 mts),100,Grande,-68.837018656,-32.8711415573,4,Cuarta Oeste,1173332.70145,0
44768,Morera,24/08/2011 09:29,Alto (> 8 mts),97,Grande,-68.8233559254,-32.8687749134,4,Cuarta Este Área Fundacional,1822015.85685,0
11916,Morera,12/05/2010 12:05,Alto (> 8 mts),142,Grande,-68.8511097047,-32.8665918611,6,Residencial Norte,2694682.37982,0
2509,Fresno europeo,20/10/2011 11:51,Medio (4 - 8 mts),52,Mediano,-68.8358605962,-32.8885856609,3,Parque O'Higgins,1531146.02653,0
48316,Olmo comun,19/08/2011 10:55,Medio (4 - 8 mts),142,Grande,-68.8277966882,-32.8687488479,4,Cuarta Este Área Fundacional,1822015.85685,0
17664,Perenne,15/07/2011 08:51,Medio (4 - 8 mts),210,Grande,-68.8412289769,-32.8667819869,4,Cuarta Oeste,1173332.70145,0
34303,Morera,04/03/2011 12:58,Medio (4 - 8 mts),180,Grande,-68.8517299515,-32.8736294472,6,Residencial Norte,2694682.37982,0
14768,Paraiso sombrilla,06/12/2011 17:01,Bajo (2 - 4 mts),48,Mediano,-68.8792641119,-32.8691507527,8,Aeroparque,2203364.73622,0
35972,Fresno europeo,23/03/2011 09:19,Bajo (2 - 4 mts),24,Mediano,-68.8545268753,-32.8762866868,6,Residencial Norte,2694682.37982,0
6924,Acer,08/06/2011 09:15,Alto (> 8 mts),72,Grande,-68.8553416114,-32.8960961527,5,Residencial Sur,2423808.92355,0
24152,Morera,25/01/2011 11:23,Medio (4 - 8 mts),130,Grande,-68.8463515723,-32.9020080368,2,Barrio Civico,2366816.36021,1
5485,Acacia SP,11/04/2011 12:40,Bajo (2 - 4 mts),26,Mediano,-68.8457224317,-32.8802766302,1,Parque Central,1655357.93265,0
36196,Acer,31/03/2011 09:29,Medio (4 - 8 mts),120,Grande,-68.8564229812,-32.8781486386,6,Residencial Norte,2694682.37982,0
13237,Fresno europeo,21/02/2011 12:14,Medio (4 - 8 mts),64,Grande,-68.8475510347,-32.865809572,6,Residencial Norte,2694682.37982,0
32678,Acacia visco,24/06/2011 10:24,Alto (> 8 mts),98,Grande,-68.8512601235,-32.8903241827,5,Residencial Sur,2423808.92355,0
37618,Fresno europeo,13/12/2010 11:41,Medio (4 - 8 mts),115,Grande,-68.8504979829,-32.8720087185,6,Residencial Norte,2694682.37982,0
8956,Ligustro,20/01/2011 14:09,Bajo (2 - 4 mts),30,Mediano,-68.8478471601,-32.8675012273,6,Residencial Norte,2694682.37982,0
27026,Morera,28/10/2011 10:28,Medio (4 - 8 mts),40,Mediano,-68.838330251,-32.8916350647,3,Parque O'Higgins,1531146.02653,0
26031,Fresno americano,09/11/2011 16:45,Medio (4 - 8 mts),62,Grande,-68.8317588749,-32.8861954394,3,Parque O'Higgins,1531146.02653,0
2146,Platano,09/11/2011 10:42,Medio (4 - 8 mts),42,Mediano,-68.8394444525,-32.891247057,3,Parque O'Higgins,1531146.02653,0
33847,Fresno europeo,16/05/2011 12:58,Medio (4 - 8 mts),100,Grande,-68.8535170713,-32.8866226964,5,Residencial Sur,2423808.92355,0
45875,Fresno americano,25/08/2011 12:54,Muy bajo (1 - 2 mts),8,Chico,-68.8198082037,-32.869619574,4,Cuarta Este Área Fundacional,1822015.85685,0
2894,Fresno europeo,08/09/2011 12:54,Alto (> 8 mts),64,Grande,-68.8317771645,-32.871784784,4,Cuarta Este Área Fundacional,1822015.85685,0
45872,Morera,25/08/2011 13:23,Alto (> 8 mts),180,Grande,-68.8191908964,-32.8698721062,4,Cuarta Este Área Fundacional,1822015.85685,0
41127,Platano,27/04/2011 10:07,Alto (> 8 mts),98,Grande,-68.8401425078,-32.8835111891,1,Parque Central,1655357.93265,0
47500,Morera,29/08/2011 15:23,Medio (4 - 8 mts),50,Mediano,-68.8274025701,-32.8703952185,4,Cuarta Este Área Fundacional,1822015.85685,0
9681,Fresno europeo,20/01/2011 13:41,Medio (4 - 8 mts),60,Mediano,-68.8470807386,-32.8643095294,4,Cuarta Oeste,1173332.70145,0
16603,Morera,26/07/2011 10:21,Alto (> 8 mts),150,Grande,-68.840743006,-32.8654892404,4,Cuarta Oeste,1173332.70145,1
9603,Morera,27/01/2011 09:56,Medio (4 - 8 mts),100,Grande,-68.8503868787,-32.8632313048,6,Residencial Norte,2694682.37982,0
45641,Caducifolio,21/09/2011 13:18,Medio (4 - 8 mts),30,Mediano,-68.8218604749,-32.8721800553,4,Cuarta Este Área Fundacional,1822015.85685,0
5010,Tilo,21/07/2011 09:21,Bajo (2 - 4 mts),30,Mediano,-68.8409546126,-32.8628434101,4,Cuarta Oeste,1173332.70145,0
8445,Fresno europeo,09/02/2011 17:26,Alto (> 8 mts),38,Mediano,-68.8363436164,-32.8984190058,2,Barrio Civico,2366816.36021,0
3285,Morera,30/09/2011 11:24,Medio (4 - 8 mts),75,Grande,-68.8279766314,-32.8769813084,4,Cuarta Este Área Fundacional,1822015.85685,0
8753,Fresno europeo,15/02/2011 09:18,Medio (4 - 8 mts),70,Grande,-68.8395666621,-32.8953705277,2,Barrio Civico,2366816.36021,0
19503,Morera,18/07/2011 09:37,Alto (> 8 mts),170,Grande,-68.8384633911,-32.8716200947,4,Cuarta Oeste,1173332.70145,0
18212,Palo borracho,05/08/2011 12:06,Bajo (2 - 4 mts),140,Grande,-68.8388881668,-32.8681098956,4,Cuarta Oeste,1173332.70145,0
11992,Paraiso,12/05/2010 11:29,Medio (4 - 8 mts),132,Grande,-68.852421767,-32.8679245231,6,Residencial Norte,2694682.37982,0
7474,Ailanthus,16/06/2011 10:36,Alto (> 8 mts),68,Grande,-68.8613300539,-32.9003615372,5,Residencial Sur,2423808.92355,0
5362,Morera,26/04/2011 10:03,Bajo (2 - 4 mts),60,Mediano,-68.8429607485,-32.8781772356,1,Parque Central,1655357.93265,0
34945,Morera,04/04/2011 12:14,Medio (4 - 8 mts),55,Mediano,-68.8571015513,-32.8792970009,7,Residencial Parque,1786336.08966,0
9617,Paraiso sombrilla,27/01/2011 11:10,Bajo (2 - 4 mts),60,Mediano,-68.8504050653,-32.8643277945,6,Residencial Norte,2694682.37982,0
4099,Morera,07/10/2011 15:42,Bajo (2 - 4 mts),10,Chico,-68.8348765829,-32.8786586721,1,Parque Central,1655357.93265,0
46611,Morera,05/09/2011 09:59,Alto (> 8 mts),144,Grande,-68.8318297006,-32.8695655889,4,Cuarta Este Área Fundacional,1822015.85685,0
25724,Morera,03/02/2011 12:48,Alto (> 8 mts),101,Grande,-68.8406309671,-32.9015972492,2,Barrio Civico,2366816.36021,0
14227,Fresno europeo,07/12/2011 16:40,Bajo (2 - 4 mts),30,Mediano,-68.8769063591,-32.8659942293,8,Aeroparque,2203364.73622,0
28956,Fresno americano,25/04/2011 12:37,Bajo (2 - 4 mts),82,Grande,-68.8450788254,-32.886158236,1,Parque Central,1655357.93265,0
31631,Platano,15/06/2011 09:21,Alto (> 8 mts),250,Grande,-68.8582819649,-32.8883637789,5,Residencial Sur,2423808.92355,0
11973,Morera,14/05/2010 10:37,Medio (4 - 8 mts),126,Grande,-68.8511994843,-32.8687925705,6,Residencial Norte,2694682.37982,0
15813,Fresno americano,21/11/2011 16:38,Bajo (2 - 4 mts),38,Mediano,-68.8733422633,-32.8781547553,7,Residencial Parque,1786336.08966,0
43748,Fresno europeo,17/10/2011 16:07,Bajo (2 - 4 mts),80,Grande,-68.833160417,-32.8812429654,3,Parque O'Higgins,1531146.02653,0
47912,Morera,29/08/2011 12:27,Medio (4 - 8 mts),160,Grande,-68.8290949565,-32.8709384089,4,Cuarta Este Área Fundacional,1822015.85685,0
3046,Fresno europeo,15/09/2011 13:28,Medio (4 - 8 mts),36,Mediano,-68.8275679263,-32.8727923725,4,Cuarta Este Área Fundacional,1822015.85685,0
37704,Morera,14/01/2012 17:54,Medio (4 - 8 mts),140,Grande,-68.8508523571,-32.8722212796,6,Residencial Norte,2694682.37982,0
9427,Paraiso sombrilla,11/02/2011 12:30,Medio (4 - 8 mts),130,Grande,-68.8564631257,-32.8640188338,6,Residencial Norte,2694682.37982,0
25860,Olmo comun,04/02/2011 13:14,Medio (4 - 8 mts),98,Grande,-68.8383893562,-32.9025412696,2,Barrio Civico,2366816.36021,0
20135,Fresno europeo,16/05/2011 10:55,Alto (> 8 mts),85,Grande,-68.8607170862,-32.891304031,5,Residencial Sur,2423808.92355,0
42741,Fresno europeo,26/09/2011 10:28,Medio (4 - 8 mts),170,Grande,-68.8277277267,-32.8778885,4,Cuarta Este Área Fundacional,1822015.85685,0
34030,Fresno europeo,27/05/2011 11:12,Medio (4 - 8 mts),110,Grande,-68.8547249838,-32.8842804265,5,Residencial Sur,2423808.92355,0
44800,Morera,26/08/2011 10:56,Alto (> 8 mts),165,Grande,-68.8240404182,-32.8701284427,4,Cuarta Este Área Fundacional,1822015.85685,0
28187,Tipa,23/02/2011 15:52,Alto (> 8 mts),128,Grande,-68.8490220765,-32.8919081171,2,Barrio Civico,2366816.36021,0
44261,Platano,13/10/2011 11:01,Alto (> 8 mts),276,Grande,-68.8346968671,-32.8847078207,3,Parque O'Higgins,1531146.02653,0
46944,Morera,07/09/2011 10:09,Alto (> 8 mts),108,Grande,-68.8333143247,-32.8716389477,4,Cuarta Este Área Fundacional,1822015.85685,1
24500,Olmo comun,10/01/2011 12:24,Alto (> 8 mts),180,Grande,-68.8471728053,-32.9025575412,2,Barrio Civico,2366816.36021,0
2628,Fresno europeo,26/10/2011 16:22,Bajo (2 - 4 mts),20,Chico,-68.832040044,-32.8801040644,3,Parque O'Higgins,1531146.02653,0
15171,Morera,21/11/2011 12:15,Bajo (2 - 4 mts),18,Chico,-68.8595321075,-32.8695271932,6,Residencial Norte,2694682.37982,0
9104,Paraiso,16/02/2011 13:01,Alto (> 8 mts),143,Grande,-68.8546076294,-32.8652906407,6,Residencial Norte,2694682.37982,0
29428,Fresno europeo,09/03/2011 18:06,Alto (> 8 mts),172,Grande,-68.8464732512,-32.8922458054,2,Barrio Civico,2366816.36021,0
47173,Paraiso,21/09/2011 10:12,Alto (> 8 mts),386,Grande,-68.8335596727,-32.8741452618,4,Cuarta Este Área Fundacional,1822015.85685,0
25192,Morera,09/02/2011 17:41,Alto (> 8 mts),58,Mediano,-68.836588284,-32.8987963008,2,Barrio Civico,2366816.36021,1
41246,Morera,15/04/2011 10:41,Alto (> 8 mts),170,Grande,-68.8393938739,-32.8810277586,1,Parque Central,1655357.93265,1
22367,Fresno europeo,16/06/2011 09:53,Medio (4 - 8 mts),67,Grande,-68.8594912633,-32.8985987832,5,Residencial Sur,2423808.92355,0
16780,Paraiso,11/08/2011 13:24,Medio (4 - 8 mts),60,Mediano,-68.8400023945,-32.8625275142,4,Cuarta Oeste,1173332.70145,0
45685,Morera,26/08/2011 11:11,Alto (> 8 mts),166,Grande,-68.8229179761,-32.8698566212,4,Cuarta Este Área Fundacional,1822015.85685,0
13891,Paraiso,19/12/2011 12:18,Bajo (2 - 4 mts),50,Mediano,-68.8755823555,-32.8665146649,8,Aeroparque,2203364.73622,0
38508,Olmo bola,02/11/2010 09:57,Medio (4 - 8 mts),85,Grande,-68.8501626543,-32.8689132511,6,Residencial Norte,2694682.37982,0
41924,Morera,20/04/2011 10:03,Alto (> 8 mts),154,Grande,-68.837981961,-32.8798172932,1,Parque Central,1655357.93265,0
13109,Morera,16/02/2011 12:32,Alto (> 8 mts),132,Grande,-68.8455533966,-32.8660571735,4,Cuarta Oeste,1173332.70145,0
37205,Morera,14/03/2011 11:32,Medio (4 - 8 mts),99,Grande,-68.8575957274,-32.872850977,6,Residencial Norte,2694682.37982,0
38143,Fresno europeo,02/12/2010 12:43,Muy bajo (1 - 2 mts),2,Chico,-68.8465526765,-32.8722656687,6,Residencial Norte,2694682.37982,0
38342,Paraiso,09/11/2010 12:45,Alto (> 8 mts),160,Grande,-68.8537567779,-32.869611206,6,Residencial Norte,2694682.37982,0
32311,Morera,27/06/2011 09:13,Alto (> 8 mts),155,Grande,-68.8518955126,-32.8916564647,5,Residencial Sur,2423808.92355,1
38750,Morera,01/11/2010 12:43,Muy bajo (1 - 2 mts),25,Mediano,-68.8493331449,-32.8705234928,6,Residencial Norte,2694682.37982,0
32823,Olmo comun,13/07/2011 11:48,Medio (4 - 8 mts),57,Mediano,-68.8526400356,-32.8858903936,5,Residencial Sur,2423808.92355,0
40359,Platano,11/04/2011 10:22,Alto (> 8 mts),208,Grande,-68.84519173,-32.8826556815,1,Parque Central,1655357.93265,0
4329,Morera,13/07/2011 09:51,Alto (> 8 mts),200,Grande,-68.8362685857,-32.8704247913,4,Cuarta Oeste,1173332.70145,0
32034,Platano,09/06/2011 13:57,Alto (> 8 mts),160,Grande,-68.8594822042,-32.8880211224,5,Residencial Sur,2423808.92355,0
26923,Platano,01/11/2011 18:08,Alto (> 8 mts),240,Grande,-68.8355179173,-32.8860987983,3,Parque O'Higgins,1531146.02653,0
33624,Morera,16/05/2011 12:25,Alto (> 8 mts),160,Grande,-68.8546873516,-32.8877189899,5,Residencial Sur,2423808.92355,0
12887,Paraiso sombrilla,18/01/2011 11:41,Alto (> 8 mts),160,Grande,-68.846084695,-32.8638507833,4,Cuarta Oeste,1173332.70145,0
43925,Acacia SP,12/10/2011 14:41,Alto (> 8 mts),170,Grande,-68.8325052025,-32.8844489414,3,Parque O'Higgins,1531146.02653,1
3574,Morera,07/09/2011 09:32,Medio (4 - 8 mts),30,Mediano,-68.830468822,-32.8696745775,4,Cuarta Este Área Fundacional,1822015.85685,0
40496,Morera,08/04/2011 12:50,Bajo (2 - 4 mts),12,Chico,-68.8426249063,-32.8821104417,1,Parque Central,1655357.93265,0
14935,Paraiso sombrilla,20/12/2011 10:10,Bajo (2 - 4 mts),80,Grande,-68.88015562,-32.8735887301,8,Aeroparque,2203364.73622,0
21906,Fresno europeo,03/06/2011 09:32,Medio (4 - 8 mts),86,Grande,-68.857347588,-32.8968814306,5,Residencial Sur,2423808.92355,0
16576,Morera,27/07/2011 12:53,Alto (> 8 mts),100,Grande,-68.8417996087,-32.8657742542,4,Cuarta Oeste,1173332.70145,0
28783,Morera,19/04/2011 12:41,Alto (> 8 mts),155,Grande,-68.8478065928,-32.8867179012,1,Parque Central,1655357.93265,0
23634,Fresno europeo,20/01/2011 19:08,Alto (> 8 mts),130,Grande,-68.8481216563,-32.9008000414,2,Barrio Civico,2366816.36021,0
9811,Paraiso,12/01/2011 10:11,Medio (4 - 8 mts),120,Grande,-68.8454518184,-32.863582287,4,Cuarta Oeste,1173332.70145,0
14736,Morera,05/12/2011 12:07,Muy bajo (1 - 2 mts),15,Chico,-68.8789117785,-32.8698884352,8,Aeroparque,2203364.73622,0
3425,Ailanthus,17/08/2011 09:33,Muy bajo (1 - 2 mts),15,Chico,-68.8308040654,-32.8668197546,4,Cuarta Oeste,1173332.70145,0
31494,Fresno europeo,19/05/2011 10:53,Medio (4 - 8 mts),75,Grande,-68.8588864274,-32.8907688986,5,Residencial Sur,2423808.92355,0
18404,Conifera,09/08/2011 09:55,Medio (4 - 8 mts),30,Mediano,-68.8399540721,-32.8735609585,4,Cuarta Oeste,1173332.70145,0
38888,Morera,26/10/2010 10:38,Alto (> 8 mts),10,Chico,-68.8488451603,-32.8697066001,6,Residencial Norte,2694682.37982,0
3327,Paraiso sombrilla,03/10/2011 09:24,Medio (4 - 8 mts),115,Grande,-68.8310288635,-32.8790223906,4,Cuarta Este Área Fundacional,1822015.85685,0
22028,Fresno europeo,16/05/2011 10:20,Medio (4 - 8 mts),64,Grande,-68.8575917965,-32.8930164299,5,Residencial Sur,2423808.92355,0
21858,Fresno europeo,07/06/2011 09:38,Alto (> 8 mts),96,Grande,-68.8580141277,-32.8958301765,5,Residencial Sur,2423808.92355,0
36816,Fresno americano,07/04/2011 12:31,Medio (4 - 8 mts),80,Grande,-68.8578785335,-32.880772948,7,Residencial Parque,1786336.08966,0
20995,Fresno europeo,22/06/2011 09:51,Medio (4 - 8 mts),65,Grande,-68.863108532,-32.9015151988,5,Residencial Sur,2423808.92355,0
29641,Morera,23/03/2011 18:38,Alto (> 8 mts),148,Grande,-68.8430054514,-32.8934133855,2,Barrio Civico,2366816.36021,0
37292,Acer,17/03/2011 11:38,Medio (4 - 8 mts),65,Grande,-68.8588887181,-32.8752939422,7,Residencial Parque,1786336.08966,0
18083,Morera,02/08/2011 07:33,Medio (4 - 8 mts),60,Mediano,-68.8402354755,-32.8684821298,4,Cuarta Oeste,1173332.70145,0
15289,Paraiso sombrilla,18/11/2011 11:54,Bajo (2 - 4 mts),35,Mediano,-68.8599804378,-32.8704781559,6,Residencial Norte,2694682.37982,0
44300,Fresno europeo,20/10/2011 16:27,Muy bajo (1 - 2 mts),8,Chico,-68.8361075411,-32.8809243859,1,Parque Central,1655357.93265,0
12397,Morera,21/01/2011 09:57,Alto (> 8 mts),140,Grande,-68.8483588831,-32.8666362819,6,Residencial Norte,2694682.37982,0
16982,Fresno americano,15/08/2011 11:44,Bajo (2 - 4 mts),10,Chico,-68.8382001942,-32.8649446918,4,Cuarta Oeste,1173332.70145,0
39995,Acer,20/04/2011 13:10,Medio (4 - 8 mts),160,Grande,-68.8442651064,-32.8773426577,1,Parque Central,1655357.93265,0
272,Morera,07/03/2012 09:07,Alto (> 8 mts),135,Grande,-68.8214511411,-32.8673961887,4,Cuarta Este Área Fundacional,1822015.85685,1
22893,Fresno europeo,19/05/2011 16:03,Alto (> 8 mts),159,Grande,-68.8541849948,-32.9000733286,5,Residencial Sur,2423808.92355,0
1977,Platano,03/01/2012 09:17,Alto (> 8 mts),110,Grande,-68.8590318384,-32.8898432181,5,Residencial Sur,2423808.92355,0
8081,Conifera,02/03/2011 12:30,Bajo (2 - 4 mts),48,Mediano,-68.8395699133,-32.8906232107,3,Parque O'Higgins,1531146.02653,0
18470,Morera,07/07/2011 11:49,Alto (> 8 mts),150,Grande,-68.8389777223,-32.8740704798,4,Cuarta Oeste,1173332.70145,1
48236,Morera,02/09/2011 13:25,Medio (4 - 8 mts),52,Mediano,-68.829209079,-32.8704889801,4,Cuarta Este Área Fundacional,1822015.85685,0
31192,Paraiso sombrilla,07/02/2011 09:16,Medio (4 - 8 mts),80,Grande,-68.853598969,-32.8636581641,6,Residencial Norte,2694682.37982,0
6944,Fresno europeo,03/06/2011 10:01,Bajo (2 - 4 mts),28,Mediano,-68.8583889103,-32.8968627166,5,Residencial Sur,2423808.92355,0
684,Olmo comun,19/07/2011 11:22,Medio (4 - 8 mts),74,Grande,-68.8414017725,-32.8631835815,4,Cuarta Oeste,1173332.70145,0
10873,Fresno americano,01/04/2011 11:38,Bajo (2 - 4 mts),16,Chico,-68.858321899,-32.8782962209,7,Residencial Parque,1786336.08966,1
47547,Morera,19/09/2011 09:10,Alto (> 8 mts),145,Grande,-68.8270168577,-32.8712247149,4,Cuarta Este Área Fundacional,1822015.85685,1
44473,Fresno europeo,17/10/2011 12:47,Alto (> 8 mts),200,Grande,-68.8366252736,-32.8841247325,3,Parque O'Higgins,1531146.02653,0
13669,Morera,28/02/2011 11:18,Alto (> 8 mts),160,Grande,-68.8524130153,-32.864957939599996,6,Residencial Norte,2694682.37982,0
45502,Jacaranda,19/09/2011 11:11,Bajo (2 - 4 mts),50,Mediano,-68.8206359265,-32.8723007121,4,Cuarta Este Área Fundacional,1822015.85685,0
21539,Morera,08/06/2011 11:35,Alto (> 8 mts),105,Grande,-68.8537953154,-32.8949787562,5,Residencial Sur,2423808.92355,1
46675,Morera,02/09/2011 10:35,Alto (> 8 mts),132,Grande,-68.8307833707,-32.8707744174,4,Cuarta Este Área Fundacional,1822015.85685,0
5345,Morera,25/04/2011 13:05,Medio (4 - 8 mts),60,Mediano,-68.8439315492,-32.8775871708,1,Parque Central,1655357.93265,0
13720,Fresno americano,28/01/2011 13:23,Bajo (2 - 4 mts),54,Mediano,-68.8512427555,-32.8637680912,6,Residencial Norte,2694682.37982,0
7307,Olmo comun,10/05/2011 11:33,Medio (4 - 8 mts),40,Mediano,-68.8559288172,-32.9014426081,5,Residencial Sur,2423808.92355,0
3880,Paraiso sombrilla,29/08/2011 13:18,Medio (4 - 8 mts),47,Mediano,-68.8259265558,-32.8710096263,4,Cuarta Este Área Fundacional,1822015.85685,0
41139,Platano,27/04/2011 18:34,Alto (> 8 mts),170,Grande,-68.8390921242,-32.8837753563,1,Parque Central,1655357.93265,0
40436,Fresno europeo,11/04/2011 12:10,Medio (4 - 8 mts),55,Mediano,-68.845503611,-32.8837787843,1,Parque Central,1655357.93265,0
34327,Fresno europeo,09/03/2011 09:13,Medio (4 - 8 mts),80,Grande,-68.851248428,-32.8744870176,6,Residencial Norte,2694682.37982,0
16708,Fresno europeo,22/07/2011 09:17,Alto (> 8 mts),85,Grande,-68.8402591438,-32.8636240081,4,Cuarta Oeste,1173332.70145,0
35057,Morera,22/03/2011 12:53,Alto (> 8 mts),160,Grande,-68.8539351707,-32.8798586391,6,Residencial Norte,2694682.37982,0
6997,Ailanthus,01/06/2011 12:19,Medio (4 - 8 mts),40,Mediano,-68.8630053623,-32.8959895521,5,Residencial Sur,2423808.92355,1
35535,Platano,16/06/2011 15:06,Medio (4 - 8 mts),110,Grande,-68.8566578991,-32.8818419656,7,Residencial Parque,1786336.08966,0
29356,Morera,20/04/2011 10:58,Alto (> 8 mts),89,Grande,-68.8426723983,-32.8876130505,3,Parque O'Higgins,1531146.02653,0
28679,Platano,02/03/2011 08:59,Alto (> 8 mts),110,Grande,-68.8464059598,-32.8914203624,2,Barrio Civico,2366816.36021,0
28409,Morera,28/02/2011 12:46,Alto (> 8 mts),150,Grande,-68.8469311873,-32.8903401434,2,Barrio Civico,2366816.36021,0
9184,Fresno europeo,03/03/2011 09:41,Medio (4 - 8 mts),40,Mediano,-68.8509429585,-32.8663555321,6,Residencial Norte,2694682.37982,0
14230,Paraiso sombrilla,07/12/2011 16:32,Alto (> 8 mts),160,Grande,-68.8771409583,-32.86595199,8,Aeroparque,2203364.73622,0
20806,Olmo comun,01/06/2011 12:11,Alto (> 8 mts),108,Grande,-68.8629367796,-32.8959346352,5,Residencial Sur,2423808.92355,0
28262,Morera,28/02/2011 16:12,Medio (4 - 8 mts),104,Grande,-68.8488106714,-32.8933589534,2,Barrio Civico,2366816.36021,1
8447,Fresno europeo,09/02/2011 19:17,Medio (4 - 8 mts),62,Grande,-68.8363853886,-32.8978857928,2,Barrio Civico,2366816.36021,0
19200,Morera,06/07/2011 09:51,Alto (> 8 mts),123,Grande,-68.8391997281,-32.872837406,4,Cuarta Oeste,1173332.70145,1
445,Morera,06/03/2012 10:56,Medio (4 - 8 mts),90,Grande,-68.818324401,-32.8679067303,4,Cuarta Este Área Fundacional,1822015.85685,0
47833,Platano,21/09/2011 10:02,Alto (> 8 mts),165,Grande,-68.8281099819,-32.874166746,4,Cuarta Este Área Fundacional,1822015.85685,1
15727,Acacia SP,08/08/2011 10:15,Bajo (2 - 4 mts),15,Chico,-68.8731624313,-32.8795800299,7,Residencial Parque,1786336.08966,0
43142,Platano,05/10/2011 11:26,Alto (> 8 mts),200,Grande,-68.8298498648,-32.8801607854,4,Cuarta Este Área Fundacional,1822015.85685,0
34893,Platano,29/03/2011 10:22,Alto (> 8 mts),147,Grande,-68.8515867761,-32.8814711007,1,Parque Central,1655357.93265,0
31530,Morera,18/05/2011 10:59,Alto (> 8 mts),145,Grande,-68.8602333818,-32.8909577827,5,Residencial Sur,2423808.92355,0
12621,Morera,17/01/2011 09:21,Medio (4 - 8 mts),160,Grande,-68.8462266525,-32.8633756742,4,Cuarta Oeste,1173332.70145,0
43837,Morera,07/10/2011 09:58,Medio (4 - 8 mts),108,Grande,-68.8309521592,-32.8849332245,3,Parque O'Higgins,1531146.02653,0
45920,Morera,25/08/2011 11:47,Medio (4 - 8 mts),147,Grande,-68.820253474,-32.8691772718,4,Cuarta Este Área Fundacional,1822015.85685,0
44411,Fresno europeo,18/10/2011 11:05,Bajo (2 - 4 mts),33,Mediano,-68.8373941979,-32.8858664513,3,Parque O'Higgins,1531146.02653,0
31834,Platano,30/06/2011 13:43,Alto (> 8 mts),140,Grande,-68.860468937,-32.8900682564,5,Residencial Sur,2423808.92355,0
23099,Paraiso,17/01/2011 16:03,Alto (> 8 mts),204,Grande,-68.84782507,-32.9016122838,2,Barrio Civico,2366816.36021,0
583,Morera,08/03/2012 09:48,Alto (> 8 mts),180,Grande,-68.8201567064,-32.8685102362,4,Cuarta Este Área Fundacional,1822015.85685,1
18747,Morera,12/07/2011 10:10,Alto (> 8 mts),100,Grande,-68.8371137037,-32.8732282289,4,Cuarta Oeste,1173332.70145,1
6379,Fresno europeo,03/06/2011 12:31,Muy bajo (1 - 2 mts),2,Chico,-68.8589304897,-32.8878234437,5,Residencial Sur,2423808.92355,0
47121,Fresno europeo,20/09/2011 11:28,Alto (> 8 mts),180,Grande,-68.8328213574,-32.87383698,4,Cuarta Este Área Fundacional,1822015.85685,0
20416,Morera,23/05/2011 11:35,Alto (> 8 mts),123,Grande,-68.8606756901,-32.893563015,5,Residencial Sur,2423808.92355,1
22373,Morera,16/06/2011 11:34,Medio (4 - 8 mts),85,Grande,-68.8593106674,-32.8981699165,5,Residencial Sur,2423808.92355,0
36260,Fresno europeo,17/03/2011 12:16,Alto (> 8 mts),121,Grande,-68.8531723307,-32.8783536648,6,Residencial Norte,2694682.37982,0
20347,Platano,13/05/2011 10:32,Alto (> 8 mts),107,Grande,-68.8604192853,-32.8921441296,5,Residencial Sur,2423808.92355,1
10471,Fresno europeo,04/03/2011 12:23,Medio (4 - 8 mts),44,Mediano,-68.8553082482,-32.873176987,6,Residencial Norte,2694682.37982,1
24073,Caducifolio,20/01/2011 12:58,Bajo (2 - 4 mts),66,Grande,-68.8464074954,-32.901438508,2,Barrio Civico,2366816.36021,0
37081,Platano,06/04/2011 09:43,Alto (> 8 mts),190,Grande,-68.8576837597,-32.8759261089,6,Residencial Norte,2694682.37982,0
41760,Platano,27/04/2011 12:35,Medio (4 - 8 mts),100,Grande,-68.8416341114,-32.8783941551,1,Parque Central,1655357.93265,0
22754,Fresno europeo,11/05/2011 09:57,Alto (> 8 mts),68,Grande,-68.8534220605,-32.9020064266,2,Barrio Civico,2366816.36021,0
9925,Caducifolio,17/11/2010 10:14,Bajo (2 - 4 mts),90,Grande,-68.8578059431,-32.8702986103,6,Residencial Norte,2694682.37982,0
22195,Fresno europeo,18/05/2011 09:49,Bajo (2 - 4 mts),36,Mediano,-68.8568426115,-32.898368157,5,Residencial Sur,2423808.92355,0
39774,Fresno europeo,13/07/2011 13:00,Medio (4 - 8 mts),130,Grande,-68.8512957153,-32.8828362128,1,Parque Central,1655357.93265,0
29554,Platano,25/02/2011 12:48,Alto (> 8 mts),136,Grande,-68.8427456258,-32.8923658323,2,Barrio Civico,2366816.36021,0
21852,Morera,07/06/2011 09:53,Alto (> 8 mts),103,Grande,-68.8575730788,-32.8960309423,5,Residencial Sur,2423808.92355,1
47705,Morera,15/09/2011 13:01,Medio (4 - 8 mts),140,Grande,-68.8288515792,-32.8730378506,4,Cuarta Este Área Fundacional,1822015.85685,1
42661,Morera,26/09/2011 10:48,Alto (> 8 mts),140,Grande,-68.8294511445,-32.8768799737,4,Cuarta Este Área Fundacional,1822015.85685,0
18787,Morera,07/07/2011 10:56,Bajo (2 - 4 mts),30,Mediano,-68.8379241037,-32.8730788483,4,Cuarta Oeste,1173332.70145,0
41959,Morera,19/04/2011 10:31,Medio (4 - 8 mts),64,Grande,-68.838997071,-32.8790905023,1,Parque Central,1655357.93265,0
19070,Morera,27/07/2011 11:00,Alto (> 8 mts),170,Grande,-68.8423838899,-32.8726860292,4,Cuarta Oeste,1173332.70145,0
28326,Fresno americano,11/03/2011 12:39,Alto (> 8 mts),160,Grande,-68.8481154906,-32.888485208,5,Residencial Sur,2423808.92355,0
2515,Platano,21/10/2011 14:23,Alto (> 8 mts),138,Grande,-68.8354962948,-32.8884660552,3,Parque O'Higgins,1531146.02653,0
6543,Paraiso,23/05/2011 10:52,Alto (> 8 mts),110,Grande,-68.8566511606,-32.891695113,5,Residencial Sur,2423808.92355,0
10461,Morera,10/03/2011 09:28,Alto (> 8 mts),160,Grande,-68.8559342279,-32.8728708206,6,Residencial Norte,2694682.37982,0
11590,Paraiso,10/05/2010 12:25,Medio (4 - 8 mts),148,Grande,-68.8524395794,-32.8665884126,6,Residencial Norte,2694682.37982,0
37911,Fresno europeo,19/11/2010 10:28,Alto (> 8 mts),130,Grande,-68.8495810188,-32.8731912732,6,Residencial Norte,2694682.37982,0
21375,Morera,10/05/2011 10:01,Alto (> 8 mts),96,Grande,-68.8549285678,-32.893328186,5,Residencial Sur,2423808.92355,1
28910,Morera,28/02/2011 13:32,Alto (> 8 mts),180,Grande,-68.8467738376,-32.8878181047,1,Parque Central,1655357.93265,1
43664,Platano,13/10/2011 17:51,Alto (> 8 mts),190,Grande,-68.8351509238,-32.8812546045,1,Parque Central,1655357.93265,0
1922,Acacia SP,18/11/2011 14:33,Muy bajo (1 - 2 mts),2,Chico,-68.8595052992,-32.8719155175,6,Residencial Norte,2694682.37982,0
29425,Fresno europeo,09/03/2011 17:58,Muy bajo (1 - 2 mts),5,Chico,-68.8463841009,-32.8918915594,2,Barrio Civico,2366816.36021,0
38404,Prunas,04/11/2010 11:48,Bajo (2 - 4 mts),40,Mediano,-68.8522661491,-32.8696941859,6,Residencial Norte,2694682.37982,0
21210,Acer,10/05/2011 10:53,Alto (> 8 mts),138,Grande,-68.8516290495,-32.8950691401,5,Residencial Sur,2423808.92355,0
37972,Fresno europeo,10/01/2012 17:59,Medio (4 - 8 mts),90,Grande,-68.8481596193,-32.8727163468,6,Residencial Norte,2694682.37982,0
7534,Fresno europeo,14/06/2011 18:26,Muy bajo (1 - 2 mts),3,Chico,-68.8587792679,-32.8824247229,7,Residencial Parque,1786336.08966,0
16048,Morera,15/08/2011 13:40,Alto (> 8 mts),180,Grande,-68.8451811366,-32.8707377152,6,Residencial Norte,2694682.37982,1
37785,Fresno europeo,25/01/2012 08:12,Alto (> 8 mts),130,Grande,-68.8496729123,-32.8730645153,6,Residencial Norte,2694682.37982,0
36248,Fresno americano,17/03/2011 12:50,Medio (4 - 8 mts),75,Grande,-68.8540919169,-32.8785823427,6,Residencial Norte,2694682.37982,0
1027,Aguaribay,14/12/2011 11:03,Muy bajo (1 - 2 mts),18,Chico,-68.8817244904,-32.8650781585,8,Aeroparque,2203364.73622,0
12126,Paraiso,20/01/2011 11:35,Alto (> 8 mts),95,Grande,-68.8475892204,-32.8676992348,6,Residencial Norte,2694682.37982,0
10950,Platano,21/03/2011 15:53,Alto (> 8 mts),98,Grande,-68.8566630365,-32.8809646468,7,Residencial Parque,1786336.08966,0
34351,Morera,28/03/2011 12:44,Medio (4 - 8 mts),130,Grande,-68.852184832,-32.8751709805,6,Residencial Norte,2694682.37982,0
28774,Morera,20/04/2011 10:08,Alto (> 8 mts),115,Grande,-68.8487016251,-32.8865864863,1,Parque Central,1655357.93265,0
35340,Morera,22/06/2011 15:34,Medio (4 - 8 mts),80,Grande,-68.8544015213,-32.8836206678,5,Residencial Sur,2423808.92355,1
24486,Fresno europeo,19/01/2011 12:14,Alto (> 8 mts),130,Grande,-68.8457291285,-32.9030787483,2,Barrio Civico,2366816.36021,0
27315,Platano,25/10/2011 09:30,Alto (> 8 mts),186,Grande,-68.8347929872,-32.8899232696,3,Parque O'Higgins,1531146.02653,0
32926,Acacia visco,19/05/2011 10:05,Medio (4 - 8 mts),110,Grande,-68.8509368915,-32.887097274,5,Residencial Sur,2423808.92355,0
43520,Morera,20/10/2011 15:31,Medio (4 - 8 mts),120,Grande,-68.8309777448,-32.8815882513,3,Parque O'Higgins,1531146.02653,0
32708,Fresno europeo,18/05/2011 09:18,Medio (4 - 8 mts),100,Grande,-68.8517123651,-32.8861812651,5,Residencial Sur,2423808.92355,0
23620,Fresno europeo,13/01/2011 15:45,Alto (> 8 mts),103,Grande,-68.8477489828,-32.9001535272,2,Barrio Civico,2366816.36021,0
18654,Fresno europeo,05/07/2011 10:49,Alto (> 8 mts),190,Grande,-68.8366976369,-32.8754334094,1,Parque Central,1655357.93265,0
21638,Paraiso,10/06/2011 09:03,Alto (> 8 mts),180,Grande,-68.8543358515,-32.8966448948,5,Residencial Sur,2423808.92355,0
42249,Morera,28/04/2011 13:43,Alto (> 8 mts),110,Grande,-68.8385524229,-32.874727343000004,1,Parque Central,1655357.93265,0
42988,Morera,07/10/2011 16:46,Bajo (2 - 4 mts),30,Mediano,-68.8341158431,-32.8776470055,4,Cuarta Este Área Fundacional,1822015.85685,0
4464,Caducifolio,03/08/2011 08:53,Medio (4 - 8 mts),40,Mediano,-68.8376166657,-32.8682062595,4,Cuarta Oeste,1173332.70145,0
31074,Paraiso sombrilla,08/02/2011 12:10,Medio (4 - 8 mts),86,Grande,-68.8548675519,-32.8649267947,6,Residencial Norte,2694682.37982,0
17410,Morera,03/08/2011 12:55,Alto (> 8 mts),130,Grande,-68.8358825259,-32.8671066504,4,Cuarta Oeste,1173332.70145,0
13007,Morera,15/02/2011 10:09,Medio (4 - 8 mts),108,Grande,-68.8439923984,-32.8659372391,4,Cuarta Oeste,1173332.70145,0
332,Caducifolio,07/03/2012 10:16,Muy bajo (1 - 2 mts),4,Chico,-68.8206314205,-32.8678089443,4,Cuarta Este Área Fundacional,1822015.85685,0
45147,Fresno europeo,01/09/2011 11:42,Alto (> 8 mts),80,Grande,-68.8244367396,-32.8707153712,4,Cuarta Este Área Fundacional,1822015.85685,0
27062,Fresno europeo,27/10/2011 10:45,Medio (4 - 8 mts),100,Grande,-68.8369662743,-32.8879616551,3,Parque O'Higgins,1531146.02653,0
28645,Morera,23/02/2011 09:51,Alto (> 8 mts),105,Grande,-68.8480668711,-32.890274043,2,Barrio Civico,2366816.36021,0
24829,Perenne,18/02/2011 09:44,Alto (> 8 mts),115,Grande,-68.84002755,-32.8974511694,2,Barrio Civico,2366816.36021,0
25749,Morera,03/02/2011 10:28,Alto (> 8 mts),180,Grande,-68.8414933955,-32.9026227921,2,Barrio Civico,2366816.36021,0
2845,Morera,07/11/2011 09:24,Muy bajo (1 - 2 mts),14,Chico,-68.8339870052,-32.8928334312,3,Parque O'Higgins,1531146.02653,0
32731,Morera,17/05/2011 12:58,Medio (4 - 8 mts),80,Grande,-68.8534323639,-32.8867933776,5,Residencial Sur,2423808.92355,0
26418,Fresno europeo,25/10/2011 09:03,Alto (> 8 mts),168,Grande,-68.8334113165,-32.8887855697,3,Parque O'Higgins,1531146.02653,0
1953,Alamo blanco,18/11/2011 16:48,Medio (4 - 8 mts),50,Mediano,-68.8590765498,-32.869930007,6,Residencial Norte,2694682.37982,0
36873,Fresno europeo,07/04/2011 16:39,Alto (> 8 mts),104,Grande,-68.8585508543,-32.8797611304,7,Residencial Parque,1786336.08966,0
8004,Caducifolio,17/02/2011 12:35,Muy bajo (1 - 2 mts),8,Chico,-68.8398547232,-32.8893457373,3,Parque O'Higgins,1531146.02653,0
39312,Prunas,30/11/2010 09:37,Muy bajo (1 - 2 mts),30,Mediano,-68.8553731815,-32.8727965797,6,Residencial Norte,2694682.37982,0
4630,Morera,04/08/2011 11:06,Medio (4 - 8 mts),61,Grande,-68.8343734135,-32.8637227709,4,Cuarta Oeste,1173332.70145,1
3174,Morera,16/09/2011 11:25,Bajo (2 - 4 mts),66,Grande,-68.8334493275,-32.8742438251,4,Cuarta Este Área Fundacional,1822015.85685,0
29266,Fresno americano,23/02/2011 15:59,Alto (> 8 mts),190,Grande,-68.8445948809,-32.8884800531,2,Barrio Civico,2366816.36021,0
34717,Morera,31/03/2011 13:23,Alto (> 8 mts),120,Grande,-68.8509174683,-32.8772762655,6,Residencial Norte,2694682.37982,0
29403,Morera,02/03/2011 10:45,Alto (> 8 mts),158,Grande,-68.8451426773,-32.8915658703,2,Barrio Civico,2366816.36021,0
19209,Paraiso,06/07/2011 09:31,Alto (> 8 mts),160,Grande,-68.8387817114,-32.8728533915,4,Cuarta Oeste,1173332.70145,0
11441,Prunas,01/02/2011 14:50,Bajo (2 - 4 mts),78,Grande,-68.8505832685,-32.9024818547,2,Barrio Civico,2366816.36021,0
12347,Morera,18/01/2011 09:24,Medio (4 - 8 mts),110,Grande,-68.847317318,-32.8662723155,6,Residencial Norte,2694682.37982,1
19757,Morera,12/08/2011 09:21,Alto (> 8 mts),150,Grande,-68.8341683274,-32.8690857634,4,Cuarta Oeste,1173332.70145,1
47294,Fresno europeo,20/09/2011 10:41,Alto (> 8 mts),128,Grande,-68.8311474673,-32.8739657505,4,Cuarta Este Área Fundacional,1822015.85685,0
41541,Morera,06/05/2011 10:35,Alto (> 8 mts),62,Grande,-68.8391703873,-32.8792145277,1,Parque Central,1655357.93265,0
42462,Morera,30/09/2011 17:23,Alto (> 8 mts),190,Grande,-68.8321170655,-32.8758323862,4,Cuarta Este Área Fundacional,1822015.85685,1
17286,Morera,04/08/2011 13:21,Medio (4 - 8 mts),50,Mediano,-68.8368998546,-32.8658361304,4,Cuarta Oeste,1173332.70145,0
9918,Morera,17/11/2010 10:48,Alto (> 8 mts),180,Grande,-68.8576868696,-32.8695479123,6,Residencial Norte,2694682.37982,0
22407,Platano,15/06/2011 11:10,Alto (> 8 mts),185,Grande,-68.8609919367,-32.8987970246,5,Residencial Sur,2423808.92355,0
18161,Ailanthus,26/07/2011 09:51,Alto (> 8 mts),160,Grande,-68.8397920993,-32.8686981498,4,Cuarta Oeste,1173332.70145,0
3688,Morera,25/08/2011 10:58,Alto (> 8 mts),50,Mediano,-68.8186197569,-32.8695354552,4,Cuarta Este Área Fundacional,1822015.85685,0
4625,Morera,08/08/2011 09:35,Alto (> 8 mts),165,Grande,-68.8327645994,-32.8636443374,4,Cuarta Oeste,1173332.70145,0
41714,Morera,28/04/2011 09:18,Medio (4 - 8 mts),50,Mediano,-68.8382168347,-32.8784140373,1,Parque Central,1655357.93265,0
15839,Paraiso,25/11/2011 11:16,Bajo (2 - 4 mts),20,Chico,-68.8722834301,-32.8773906113,7,Residencial Parque,1786336.08966,0
25937,Morera,16/02/2011 17:29,Alto (> 8 mts),116,Grande,-68.8380599014,-32.9031236928,2,Barrio Civico,2366816.36021,0
44540,Platano,17/10/2011 11:51,Alto (> 8 mts),195,Grande,-68.8365861569,-32.8847073531,3,Parque O'Higgins,1531146.02653,0
4661,Morera,15/08/2011 11:31,Alto (> 8 mts),155,Grande,-68.838045569,-32.863540419,4,Cuarta Oeste,1173332.70145,0
11961,Acacia visco,14/05/2010 09:58,Bajo (2 - 4 mts),35,Mediano,-68.8516191296,-32.8683140076,6,Residencial Norte,2694682.37982,0
16991,Fresno americano,15/08/2011 11:22,Muy bajo (1 - 2 mts),14,Chico,-68.8377891792,-32.8644431832,4,Cuarta Oeste,1173332.70145,0
34681,Morera,31/03/2011 10:05,Alto (> 8 mts),85,Grande,-68.8494937141,-32.8764200436,6,Residencial Norte,2694682.37982,1
7548,Morera,17/06/2011 13:21,Bajo (2 - 4 mts),38,Mediano,-68.856104309,-32.8834501645,5,Residencial Sur,2423808.92355,1
12153,Morera,19/01/2011 13:09,Alto (> 8 mts),155,Grande,-68.8467281727,-32.8683617824,6,Residencial Norte,2694682.37982,0
33571,Platano,01/06/2011 11:00,Alto (> 8 mts),146,Grande,-68.8545696717,-32.888947495,5,Residencial Sur,2423808.92355,0
21238,Fresno europeo,10/05/2011 12:35,Bajo (2 - 4 mts),35,Mediano,-68.8532747369,-32.8944416746,5,Residencial Sur,2423808.92355,0
10940,Fresno europeo,07/04/2011 16:18,Alto (> 8 mts),74,Grande,-68.8586097914,-32.8794150234,7,Residencial Parque,1786336.08966,0
18575,Morera,07/07/2011 10:08,Alto (> 8 mts),150,Grande,-68.8364051228,-32.8737740011,4,Cuarta Oeste,1173332.70145,0
9761,Paraiso,19/01/2011 08:30,Alto (> 8 mts),180,Grande,-68.8459964251,-32.8639229059,4,Cuarta Oeste,1173332.70145,0
23533,Acer,01/02/2011 15:17,Medio (4 - 8 mts),98,Grande,-68.851343553,-32.9024409316,2,Barrio Civico,2366816.36021,1
25979,Morera,31/01/2011 12:35,Alto (> 8 mts),121,Grande,-68.8388049053,-32.9031288934,2,Barrio Civico,2366816.36021,0
15684,Aguaribay,15/11/2011 17:02,Bajo (2 - 4 mts),140,Grande,-68.8623247379,-32.8717572743,7,Residencial Parque,1786336.08966,1
17714,Paraiso,18/07/2011 09:19,Alto (> 8 mts),117,Grande,-68.8424699898,-32.8675627102,4,Cuarta Oeste,1173332.70145,0
24256,Fresno europeo,27/01/2011 08:19,Alto (> 8 mts),110,Grande,-68.8444643613,-32.9018796265,2,Barrio Civico,2366816.36021,0
26319,Platano,20/10/2011 12:11,Alto (> 8 mts),145,Grande,-68.8315887138,-32.8900196559,3,Parque O'Higgins,1531146.02653,0
32992,Morera,19/05/2011 10:08,Alto (> 8 mts),186,Grande,-68.852272651,-32.887419681,5,Residencial Sur,2423808.92355,0
23093,Paraiso,19/01/2011 14:39,Alto (> 8 mts),300,Grande,-68.8478125263,-32.9012482716,2,Barrio Civico,2366816.36021,0
10382,Fresno europeo,25/08/2010 11:25,Alto (> 8 mts),122,Grande,-68.8465398985,-32.8737497305,6,Residencial Norte,2694682.37982,0
30429,Platano,21/02/2011 10:26,Alto (> 8 mts),255,Grande,-68.8415707036,-32.8883871714,3,Parque O'Higgins,1531146.02653,1
9700,Paraiso sombrilla,24/01/2011 08:28,Bajo (2 - 4 mts),70,Grande,-68.8476671923,-32.8635289186,4,Cuarta Oeste,1173332.70145,0
35866,Morera,28/03/2011 13:42,Alto (> 8 mts),60,Mediano,-68.8528812697,-32.8756255735,6,Residencial Norte,2694682.37982,0
44950,Morera,23/08/2011 09:49,Alto (> 8 mts),135,Grande,-68.8246003021,-32.8679598429,4,Cuarta Este Área Fundacional,1822015.85685,1
20583,Jacaranda,30/05/2011 11:08,Medio (4 - 8 mts),80,Grande,-68.862795254,-32.897671637,5,Residencial Sur,2423808.92355,0
11290,Fresno europeo,11/01/2011 10:57,Medio (4 - 8 mts),26,Mediano,-68.8465142691,-32.9012945428,2,Barrio Civico,2366816.36021,0
20684,Morera,01/06/2011 10:31,Alto (> 8 mts),160,Grande,-68.8610072434,-32.8975364826,5,Residencial Sur,2423808.92355,1
15386,Aguaribay,15/11/2011 12:46,Medio (4 - 8 mts),95,Grande,-68.8604762604,-32.8703576853,7,Residencial Parque,1786336.08966,0
2881,Alamo blanco,09/09/2011 08:44,Alto (> 8 mts),190,Grande,-68.8305435819,-32.8710394803,4,Cuarta Este Área Fundacional,1822015.85685,0
38682,Morera,17/12/2010 09:42,Alto (> 8 mts),180,Grande,-68.8516951126,-32.8719636161,6,Residencial Norte,2694682.37982,0
11104,Paraiso,28/03/2011 10:52,Medio (4 - 8 mts),86,Grande,-68.8519458035,-32.8806252297,1,Parque Central,1655357.93265,0
1766,Acer,25/11/2011 10:25,Medio (4 - 8 mts),60,Mediano,-68.8705921491,-32.8788295784,7,Residencial Parque,1786336.08966,1
21180,Platano,06/05/2011 09:50,Medio (4 - 8 mts),33,Mediano,-68.8515262725,-32.8930362223,5,Residencial Sur,2423808.92355,0
27212,Platano,26/10/2011 12:13,Muy bajo (1 - 2 mts),8,Chico,-68.8366402956,-32.8897895401,3,Parque O'Higgins,1531146.02653,0
29719,Morera,02/03/2011 18:13,Alto (> 8 mts),98,Grande,-68.8429171857,-32.8944346056,2,Barrio Civico,2366816.36021,0
516,Morera,08/03/2012 18:37,Alto (> 8 mts),170,Grande,-68.820509398,-32.8686357193,4,Cuarta Este Área Fundacional,1822015.85685,0
7462,Paraiso,17/06/2011 08:09,Medio (4 - 8 mts),53,Mediano,-68.8623348529,-32.899680901,5,Residencial Sur,2423808.92355,0
5021,Morera,20/07/2011 12:44,Medio (4 - 8 mts),87,Grande,-68.8402162892,-32.8640003561,4,Cuarta Oeste,1173332.70145,0
42924,Ailanthus,29/09/2011 10:36,Alto (> 8 mts),100,Grande,-68.8348011294,-32.8767219637,4,Cuarta Este Área Fundacional,1822015.85685,0
43656,Fresno europeo,13/10/2011 18:14,Medio (4 - 8 mts),110,Grande,-68.8346496204,-32.881142095,3,Parque O'Higgins,1531146.02653,0
11264,Olmo comun,12/01/2011 12:45,Alto (> 8 mts),116,Grande,-68.8470287737,-32.8998747391,2,Barrio Civico,2366816.36021,0
5866,Fresno europeo,05/05/2011 09:18,Medio (4 - 8 mts),35,Mediano,-68.8430688566,-32.8865304236,1,Parque Central,1655357.93265,0
12259,Paraiso,17/01/2011 12:15,Alto (> 8 mts),137,Grande,-68.8459974729,-32.8683590825,6,Residencial Norte,2694682.37982,0
36013,Conifera,18/03/2011 11:33,Alto (> 8 mts),120,Grande,-68.8561912608,-32.8759618376,6,Residencial Norte,2694682.37982,0
44627,Fresno europeo,25/08/2011 13:23,Alto (> 8 mts),128,Grande,-68.8240199736,-32.8669553519,4,Cuarta Este Área Fundacional,1822015.85685,0
4467,Morera,01/08/2011 13:11,Alto (> 8 mts),155,Grande,-68.8375514532,-32.8679465373,4,Cuarta Oeste,1173332.70145,0
13596,Fresno europeo,01/03/2011 13:10,Alto (> 8 mts),160,Grande,-68.8512232894,-32.8656940116,6,Residencial Norte,2694682.37982,0
33472,Platano,15/06/2011 09:58,Alto (> 8 mts),152,Grande,-68.8565431462,-32.889687178,5,Residencial Sur,2423808.92355,0
9627,Morera,26/01/2011 09:35,Medio (4 - 8 mts),104,Grande,-68.8497021537,-32.8633332476,6,Residencial Norte,2694682.37982,1
37920,Fresno europeo,19/11/2010 10:08,Alto (> 8 mts),160,Grande,-68.8487784003,-32.873345487,6,Residencial Norte,2694682.37982,0
16591,Morera,27/07/2011 12:16,Medio (4 - 8 mts),140,Grande,-68.8411316596,-32.8649738748,4,Cuarta Oeste,1173332.70145,0
37452,Platano,04/01/2011 10:47,Bajo (2 - 4 mts),65,Grande,-68.8582660784,-32.87139407,6,Residencial Norte,2694682.37982,0
26788,Morera,01/11/2011 09:55,Medio (4 - 8 mts),48,Mediano,-68.834127593,-32.8939978521,3,Parque O'Higgins,1531146.02653,0
47601,Morera,08/09/2011 11:38,Alto (> 8 mts),180,Grande,-68.8292670373,-32.871856617,4,Cuarta Este Área Fundacional,1822015.85685,1
38301,Paraiso,01/12/2010 12:41,Alto (> 8 mts),250,Grande,-68.8468689337,-32.8717329187,6,Residencial Norte,2694682.37982,0
29834,Ligustro,03/03/2011 19:21,Alto (> 8 mts),68,Grande,-68.8425364436,-32.8927511674,2,Barrio Civico,2366816.36021,0
31642,Fresno europeo,14/06/2011 14:32,Alto (> 8 mts),120,Grande,-68.8574985294,-32.8887879309,5,Residencial Sur,2423808.92355,0
31071,Fresno europeo,16/02/2011 12:48,Medio (4 - 8 mts),82,Grande,-68.8555536096,-32.8653677179,6,Residencial Norte,2694682.37982,0
45859,Fresno americano,25/08/2011 13:04,Bajo (2 - 4 mts),25,Mediano,-68.8196007907,-32.86962754,4,Cuarta Este Área Fundacional,1822015.85685,0
3281,Morera,30/09/2011 11:45,Alto (> 8 mts),84,Grande,-68.8280185008,-32.8776317508,4,Cuarta Este Área Fundacional,1822015.85685,0
14000,Morera,29/11/2011 17:45,Bajo (2 - 4 mts),28,Mediano,-68.8781692343,-32.8650506887,8,Aeroparque,2203364.73622,0
47354,Platano,23/09/2011 09:03,Alto (> 8 mts),200,Grande,-68.8278497401,-32.8750233576,4,Cuarta Este Área Fundacional,1822015.85685,0
46656,Morera,02/09/2011 11:16,Alto (> 8 mts),100,Grande,-68.8317925707,-32.8697637314,4,Cuarta Este Área Fundacional,1822015.85685,0
19843,Fresno europeo,30/06/2011 10:10,Medio (4 - 8 mts),50,Mediano,-68.8346223158,-32.8636055949,4,Cuarta Oeste,1173332.70145,0
4363,Morera,10/08/2011 11:15,Bajo (2 - 4 mts),30,Mediano,-68.835178576,-32.8697001037,4,Cuarta Oeste,1173332.70145,0
11157,Morera,07/02/2011 09:51,Medio (4 - 8 mts),72,Grande,-68.8439940252,-32.9033115009,2,Barrio Civico,2366816.36021,0
7124,Fresno europeo,13/06/2011 12:28,Medio (4 - 8 mts),90,Grande,-68.852066788,-32.89672886,5,Residencial Sur,2423808.92355,0
42949,Morera,07/10/2011 16:23,Medio (4 - 8 mts),124,Grande,-68.834871238,-32.877663222,1,Parque Central,1655357.93265,0
31648,Fresno europeo,14/06/2011 14:16,Alto (> 8 mts),55,Mediano,-68.8576024977,-32.8891997619,5,Residencial Sur,2423808.92355,0
35110,Fresno europeo,28/03/2011 12:21,Bajo (2 - 4 mts),30,Mediano,-68.8521055778,-32.8812647109,1,Parque Central,1655357.93265,0
28010,Morera,04/11/2011 08:59,Alto (> 8 mts),105,Grande,-68.8357973861,-32.8941372968,3,Parque O'Higgins,1531146.02653,1
9883,Prunas,26/11/2010 10:02,Muy bajo (1 - 2 mts),50,Mediano,-68.8550735301,-32.8724868093,6,Residencial Norte,2694682.37982,0
25064,Ligustro,14/02/2011 18:35,Muy bajo (1 - 2 mts),50,Mediano,-68.8354732407,-32.8971172196,2,Barrio Civico,2366816.36021,0
6169,Acacia SP,26/04/2011 17:26,Medio (4 - 8 mts),26,Mediano,-68.839105317,-32.8840519818,1,Parque Central,1655357.93265,0
39216,Morera,26/11/2010 09:51,Alto (> 8 mts),80,Grande,-68.8552004059,-32.8727281215,6,Residencial Norte,2694682.37982,1
6359,Fresno europeo,28/06/2011 14:03,Medio (4 - 8 mts),45,Mediano,-68.8525066616,-32.8907668379,5,Residencial Sur,2423808.92355,0
32717,Fresno europeo,18/05/2011 08:42,Medio (4 - 8 mts),150,Grande,-68.8520772916,-32.8866487738,5,Residencial Sur,2423808.92355,0
16014,Morera,11/08/2011 08:39,Muy bajo (1 - 2 mts),16,Chico,-68.8437502292,-32.8715604363,4,Cuarta Oeste,1173332.70145,0
38647,Acer,16/12/2010 13:29,Bajo (2 - 4 mts),15,Chico,-68.8511071183,-32.8708049744,6,Residencial Norte,2694682.37982,0
1585,Paraiso sombrilla,30/11/2011 10:38,Bajo (2 - 4 mts),70,Grande,-68.8724969132,-32.8757346067,7,Residencial Parque,1786336.08966,0
11075,Fresno europeo,22/03/2011 09:37,Bajo (2 - 4 mts),31,Mediano,-68.8548802933,-32.8803315998,6,Residencial Norte,2694682.37982,0
814,Aguaribay,16/12/2011 12:11,Medio (4 - 8 mts),96,Grande,-68.8825527959,-32.8668680264,8,Aeroparque,2203364.73622,0
4751,Fresno americano,02/08/2011 09:43,Alto (> 8 mts),128,Grande,-68.8344963323,-32.8662393614,4,Cuarta Oeste,1173332.70145,0
14264,Morera,07/12/2011 10:25,Medio (4 - 8 mts),125,Grande,-68.8778498885,-32.8678390292,8,Aeroparque,2203364.73622,0
8710,Caducifolio,10/02/2011 09:39,Bajo (2 - 4 mts),44,Mediano,-68.8377788886,-32.9004100801,2,Barrio Civico,2366816.36021,0
4895,Morera,21/07/2011 09:24,Alto (> 8 mts),160,Grande,-68.842557465,-32.8647144805,4,Cuarta Oeste,1173332.70145,0
35682,Morera,18/03/2011 09:31,Medio (4 - 8 mts),130,Grande,-68.8549854529,-32.8741515574,6,Residencial Norte,2694682.37982,0
40595,Morera,15/04/2011 10:52,Alto (> 8 mts),200,Grande,-68.8456920914,-32.884245082,1,Parque Central,1655357.93265,1
23644,Morera,21/01/2011 14:21,Alto (> 8 mts),104,Grande,-68.8479867895,-32.8997960926,2,Barrio Civico,2366816.36021,0
41778,Morera,27/04/2011 10:42,Medio (4 - 8 mts),130,Grande,-68.8419798738,-32.8782537226,1,Parque Central,1655357.93265,0
34836,Platano,30/03/2011 09:31,Alto (> 8 mts),225,Grande,-68.8521892493,-32.8767272937,6,Residencial Norte,2694682.37982,0
21932,Olmo bola,06/06/2011 10:15,Medio (4 - 8 mts),110,Grande,-68.8575293252,-32.8956550677,5,Residencial Sur,2423808.92355,0
8843,Fresno europeo,31/01/2011 13:58,Medio (4 - 8 mts),50,Mediano,-68.8538561355,-32.8673493901,6,Residencial Norte,2694682.37982,0
10348,Acacia SP,30/11/2010 10:11,Bajo (2 - 4 mts),20,Chico,-68.8556160356,-32.8720968677,6,Residencial Norte,2694682.37982,0
24259,Fresno americano,27/01/2011 07:45,Alto (> 8 mts),90,Grande,-68.8447633434,-32.9018473578,2,Barrio Civico,2366816.36021,0
10836,Morera,18/03/2011 09:25,Bajo (2 - 4 mts),18,Chico,-68.8544449302,-32.8776886835,6,Residencial Norte,2694682.37982,0
4866,Morera,22/07/2011 09:16,Alto (> 8 mts),110,Grande,-68.8422513264,-32.8636261013,4,Cuarta Oeste,1173332.70145,0
8591,Conifera,11/02/2011 08:52,Alto (> 8 mts),80,Grande,-68.8374046592,-32.8994064477,2,Barrio Civico,2366816.36021,0
35871,Acer,28/03/2011 13:09,Medio (4 - 8 mts),36,Mediano,-68.8531358056,-32.8757762354,6,Residencial Norte,2694682.37982,0
32611,Platano,22/06/2011 13:40,Alto (> 8 mts),230,Grande,-68.8517510344,-32.8895929527,5,Residencial Sur,2423808.92355,0
39609,Morera,25/10/2010 10:47,Alto (> 8 mts),180,Grande,-68.8484023957,-32.868755588,6,Residencial Norte,2694682.37982,0
25455,Morera,08/02/2011 13:47,Alto (> 8 mts),145,Grande,-68.8409020684,-32.9013305445,2,Barrio Civico,2366816.36021,0
26891,Fresno europeo,28/10/2011 17:22,Medio (4 - 8 mts),120,Grande,-68.8380094333,-32.8873951666,3,Parque O'Higgins,1531146.02653,0
14668,Paraiso sombrilla,15/12/2011 17:20,Muy bajo (1 - 2 mts),16,Chico,-68.8818637682,-32.8672761577,8,Aeroparque,2203364.73622,0
6291,Perenne,30/06/2011 09:22,Alto (> 8 mts),110,Grande,-68.8616090045,-32.8890189503,5,Residencial Sur,2423808.92355,0
34407,Morera,23/03/2011 12:41,Medio (4 - 8 mts),108,Grande,-68.8512437686,-32.8758053786,6,Residencial Norte,2694682.37982,0
38622,Morera,17/12/2010 13:22,Alto (> 8 mts),220,Grande,-68.852414434,-32.8718351639,6,Residencial Norte,2694682.37982,0
25308,Morera,09/02/2011 13:40,Alto (> 8 mts),234,Grande,-68.8390619661,-32.9002921948,2,Barrio Civico,2366816.36021,0
26336,Platano,20/10/2011 11:47,Alto (> 8 mts),168,Grande,-68.8327290895,-32.8896807664,3,Parque O'Higgins,1531146.02653,0
43219,Fresno americano,04/10/2011 09:38,Alto (> 8 mts),100,Grande,-68.8345337732,-32.8787857915,1,Parque Central,1655357.93265,0
28938,Fresno americano,26/04/2011 10:22,Alto (> 8 mts),150,Grande,-68.8460037932,-32.8854341671,1,Parque Central,1655357.93265,0
5355,Fresno europeo,25/04/2011 12:26,Bajo (2 - 4 mts),32,Mediano,-68.8436221385,-32.8783280672,1,Parque Central,1655357.93265,0
6805,Fresno europeo,26/05/2011 13:12,Bajo (2 - 4 mts),33,Mediano,-68.8605151535,-32.8942646161,5,Residencial Sur,2423808.92355,0
18788,Morera,07/07/2011 10:45,Alto (> 8 mts),144,Grande,-68.8378801268,-32.8730880238,4,Cuarta Oeste,1173332.70145,0
9200,Paraiso,01/03/2011 13:15,Alto (> 8 mts),150,Grande,-68.8496478968,-32.8662820154,6,Residencial Norte,2694682.37982,0
16778,Jacaranda,11/08/2011 13:30,Alto (> 8 mts),130,Grande,-68.8397968993,-32.862522447,4,Cuarta Oeste,1173332.70145,0
47255,Fresno europeo,20/09/2011 12:10,Alto (> 8 mts),71,Grande,-68.8320284479,-32.8738185575,4,Cuarta Este Área Fundacional,1822015.85685,0
23343,Morera,31/01/2011 16:09,Medio (4 - 8 mts),78,Grande,-68.8508493208,-32.9014169664,2,Barrio Civico,2366816.36021,0
12573,Ailanthus,11/01/2011 13:23,Bajo (2 - 4 mts),30,Mediano,-68.8449602665,-32.8626202127,4,Cuarta Oeste,1173332.70145,0
1718,Morera,23/11/2011 08:01,Bajo (2 - 4 mts),20,Chico,-68.8723853403,-32.8792639704,7,Residencial Parque,1786336.08966,0
17197,Morera,30/06/2011 13:25,Alto (> 8 mts),170,Grande,-68.8360001082,-32.8624770415,4,Cuarta Oeste,1173332.70145,0
19036,Morera,12/07/2011 10:46,Alto (> 8 mts),170,Grande,-68.8403424456,-32.8719310668,4,Cuarta Oeste,1173332.70145,1
20843,Morera,27/05/2011 09:44,Medio (4 - 8 mts),64,Grande,-68.8596671316,-32.8948419056,5,Residencial Sur,2423808.92355,0
28952,Fresno americano,25/04/2011 12:43,Alto (> 8 mts),180,Grande,-68.8453970291,-32.8860946294,1,Parque Central,1655357.93265,0
45330,Morera,16/09/2011 11:53,Medio (4 - 8 mts),150,Grande,-68.8244184029,-32.8722296374,4,Cuarta Este Área Fundacional,1822015.85685,0
962,Morera,11/01/2012 12:48,Alto (> 8 mts),115,Grande,-68.834370351,-32.8950268019,3,Parque O'Higgins,1531146.02653,0
46873,Morera,09/09/2011 11:05,Alto (> 8 mts),126,Grande,-68.833379317,-32.8707104697,4,Cuarta Este Área Fundacional,1822015.85685,0
34044,Fresno americano,30/05/2011 13:00,Bajo (2 - 4 mts),60,Mediano,-68.8555790391,-32.8851478519,5,Residencial Sur,2423808.92355,0
12817,Morera,20/01/2011 12:43,Medio (4 - 8 mts),84,Grande,-68.847071215,-32.8637827149,4,Cuarta Oeste,1173332.70145,0
13138,Acer,21/02/2011 09:23,Alto (> 8 mts),100,Grande,-68.8470277925,-32.8650249536,4,Cuarta Oeste,1173332.70145,0
4700,Olmo comun,16/08/2011 13:23,Medio (4 - 8 mts),115,Grande,-68.8368513327,-32.8650587953,4,Cuarta Oeste,1173332.70145,0
26043,Morera,08/11/2011 16:51,Medio (4 - 8 mts),180,Grande,-68.8313976756,-32.8870203085,3,Parque O'Higgins,1531146.02653,0
7067,Acacia SP,09/06/2011 11:22,Alto (> 8 mts),42,Mediano,-68.8578983344,-32.8969980493,5,Residencial Sur,2423808.92355,0
39972,Morera,02/05/2011 12:07,Alto (> 8 mts),170,Grande,-68.8456781631,-32.878654299,1,Parque Central,1655357.93265,1
1264,Morera,05/12/2011 11:29,Medio (4 - 8 mts),100,Grande,-68.8790618145,-32.8688100421,8,Aeroparque,2203364.73622,0
4311,Alamo blanco,22/07/2011 08:49,Alto (> 8 mts),160,Grande,-68.8449649845,-32.8712119786,6,Residencial Norte,2694682.37982,0
18913,Morera,02/08/2011 09:49,Alto (> 8 mts),120,Grande,-68.8419645333,-32.8705826339,4,Cuarta Oeste,1173332.70145,0
3592,Paraiso,01/09/2011 11:57,Medio (4 - 8 mts),80,Grande,-68.8297783845,-32.8698116406,4,Cuarta Este Área Fundacional,1822015.85685,0
3414,Morera,19/08/2011 12:28,Alto (> 8 mts),140,Grande,-68.8330601897,-32.8670356081,4,Cuarta Oeste,1173332.70145,0
23269,Paraiso,26/01/2012 12:37,Medio (4 - 8 mts),100,Grande,-68.8522160081,-32.9011959205,2,Barrio Civico,2366816.36021,1
20605,Acacia SP,30/05/2011 10:12,Medio (4 - 8 mts),80,Grande,-68.8621771671,-32.8974712328,5,Residencial Sur,2423808.92355,0
39714,Morera,30/08/2010 10:29,Medio (4 - 8 mts),80,Grande,-68.8451255352,-32.8692853773,4,Cuarta Oeste,1173332.70145,0
33458,Fresno europeo,15/06/2011 10:58,Medio (4 - 8 mts),115,Grande,-68.8573975993,-32.8889484974,5,Residencial Sur,2423808.92355,0
46270,Morera,30/09/2011 15:03,Medio (4 - 8 mts),130,Grande,-68.823361566,-32.8735439135,4,Cuarta Este Área Fundacional,1822015.85685,1
5020,Paraiso,20/07/2011 12:45,Medio (4 - 8 mts),70,Grande,-68.8402125271,-32.864032641,4,Cuarta Oeste,1173332.70145,0
44449,Platano,18/10/2011 10:01,Alto (> 8 mts),190,Grande,-68.8371448784,-32.8845793221,3,Parque O'Higgins,1531146.02653,0
25845,Fresno europeo,03/02/2011 16:38,Bajo (2 - 4 mts),98,Grande,-68.8400965692,-32.9016891109,2,Barrio Civico,2366816.36021,0
46284,Morera,21/09/2011 09:46,Alto (> 8 mts),155,Grande,-68.8230388342,-32.8740997121,4,Cuarta Este Área Fundacional,1822015.85685,0
17277,Morera,04/08/2011 14:12,Medio (4 - 8 mts),52,Mediano,-68.8367245513,-32.8651214888,4,Cuarta Oeste,1173332.70145,0
8966,Morera,13/01/2011 11:27,Alto (> 8 mts),170,Grande,-68.8468305238,-32.8674398491,6,Residencial Norte,2694682.37982,0
7318,Fresno americano,22/06/2011 10:03,Medio (4 - 8 mts),45,Mediano,-68.8612301842,-32.9011149942,5,Residencial Sur,2423808.92355,0
35911,Morera,28/03/2011 09:19,Alto (> 8 mts),150,Grande,-68.8537219529,-32.8754648578,6,Residencial Norte,2694682.37982,0
1518,Fresno americano,24/11/2011 10:23,Bajo (2 - 4 mts),14,Chico,-68.873389326,-32.8778849306,7,Residencial Parque,1786336.08966,0
25578,Morera,11/02/2011 10:50,Medio (4 - 8 mts),92,Grande,-68.8388402839,-32.9013003124,2,Barrio Civico,2366816.36021,0
45793,Morera,01/09/2011 11:26,Medio (4 - 8 mts),156,Grande,-68.8195689884,-32.8711690688,4,Cuarta Este Área Fundacional,1822015.85685,0
508,Morera,08/03/2012 19:12,Alto (> 8 mts),130,Grande,-68.8202983414,-32.8682582277,4,Cuarta Este Área Fundacional,1822015.85685,0
6840,Paraiso,07/06/2011 13:15,Alto (> 8 mts),150,Grande,-68.8553102245,-32.895652618,5,Residencial Sur,2423808.92355,0
46174,Morera,28/09/2011 10:45,Medio (4 - 8 mts),180,Grande,-68.8244147294,-32.8748348179,4,Cuarta Este Área Fundacional,1822015.85685,1
4622,Paraiso,05/08/2011 08:57,Alto (> 8 mts),155,Grande,-68.8329768932,-32.8646091471,4,Cuarta Oeste,1173332.70145,1
20940,Morera,30/05/2011 09:23,Medio (4 - 8 mts),100,Grande,-68.8628856683,-32.8954151438,5,Residencial Sur,2423808.92355,0
26374,Acacia SP,20/10/2011 11:28,Medio (4 - 8 mts),76,Grande,-68.832789116,-32.8884480541,3,Parque O'Higgins,1531146.02653,1
26308,Platano,21/10/2011 08:51,Medio (4 - 8 mts),220,Grande,-68.8315325479,-32.8891866717,3,Parque O'Higgins,1531146.02653,1
26555,Platano,04/11/2011 08:55,Medio (4 - 8 mts),66,Grande,-68.8316155245,-32.8902216393,3,Parque O'Higgins,1531146.02653,0
3141,Morera,08/09/2011 21:48,Medio (4 - 8 mts),123,Grande,-68.8247659283,-32.8726024629,4,Cuarta Este Área Fundacional,1822015.85685,0
28383,Morera,14/03/2011 10:20,Alto (> 8 mts),120,Grande,-68.848253386,-32.8879217098,5,Residencial Sur,2423808.92355,0
11797,Paraiso,02/03/2011 10:18,Alto (> 8 mts),128,Grande,-68.8511285047,-32.8648814904,6,Residencial Norte,2694682.37982,0
28757,Morera,02/03/2011 08:42,Alto (> 8 mts),210,Grande,-68.8491172841,-32.8872091947,5,Residencial Sur,2423808.92355,0
46778,Morera,07/09/2011 11:28,Medio (4 - 8 mts),156,Grande,-68.8330011167,-32.8727370636,4,Cuarta Este Área Fundacional,1822015.85685,0
2784,Morera,21/10/2011 16:44,Medio (4 - 8 mts),130,Grande,-68.8356710918,-32.8798330932,1,Parque Central,1655357.93265,1
45027,Caducifolio,29/08/2011 09:26,Muy bajo (1 - 2 mts),3,Chico,-68.8254698352,-32.8701080173,4,Cuarta Este Área Fundacional,1822015.85685,0
33175,Platano,08/06/2011 12:06,Alto (> 8 mts),180,Grande,-68.8546247532,-32.8921280959,5,Residencial Sur,2423808.92355,0
18239,Platano,29/07/2011 10:38,Alto (> 8 mts),150,Grande,-68.839042247,-32.8673368907,4,Cuarta Oeste,1173332.70145,0
31950,Morera,02/06/2011 13:38,Medio (4 - 8 mts),120,Grande,-68.860664679,-32.8842271321,5,Residencial Sur,2423808.92355,0
23061,Morera,14/06/2011 13:44,Alto (> 8 mts),68,Grande,-68.8625624772,-32.9017612094,5,Residencial Sur,2423808.92355,0
7292,Morera,10/05/2011 13:27,Alto (> 8 mts),62,Grande,-68.8532362043,-32.9010353842,2,Barrio Civico,2366816.36021,0
35281,Morera,24/06/2011 13:44,Bajo (2 - 4 mts),70,Grande,-68.8525317039,-32.8837931485,5,Residencial Sur,2423808.92355,0
6949,Morera,07/06/2011 09:45,Medio (4 - 8 mts),78,Grande,-68.8576830856,-32.8958260943,5,Residencial Sur,2423808.92355,0
30162,Platano,31/03/2011 15:08,Alto (> 8 mts),98,Grande,-68.8400827728,-32.8877217551,3,Parque O'Higgins,1531146.02653,0
44343,Platano,18/10/2011 11:21,Alto (> 8 mts),180,Grande,-68.8354466411,-32.8835616991,3,Parque O'Higgins,1531146.02653,1
2359,Morera,03/11/2011 16:58,Medio (4 - 8 mts),190,Grande,-68.8341912339,-32.88659749,3,Parque O'Higgins,1531146.02653,0
44028,Platano,19/10/2011 09:28,Alto (> 8 mts),175,Grande,-68.8317238864,-32.8850039904,3,Parque O'Higgins,1531146.02653,0
30689,Morera,03/02/2011 10:09,Alto (> 8 mts),170,Grande,-68.8556099796,-32.8668350403,6,Residencial Norte,2694682.37982,0
15720,Morera,15/11/2011 11:46,Bajo (2 - 4 mts),90,Grande,-68.8609754461,-32.8692438727,7,Residencial Parque,1786336.08966,0
20168,Fresno europeo,13/05/2011 09:48,Medio (4 - 8 mts),90,Grande,-68.8594051222,-32.8924848987,5,Residencial Sur,2423808.92355,0
41771,Acer,27/04/2011 12:12,Medio (4 - 8 mts),120,Grande,-68.8416237042,-32.877696592,1,Parque Central,1655357.93265,0
5162,Morera,10/08/2011 12:32,Alto (> 8 mts),130,Grande,-68.8437766172,-32.8730708168,6,Residencial Norte,2694682.37982,0
22620,Morera,23/06/2011 09:28,Alto (> 8 mts),160,Grande,-68.8620537672,-32.9015299661,5,Residencial Sur,2423808.92355,0
41125,Platano,02/05/2011 14:40,Alto (> 8 mts),152,Grande,-68.8400943971,-32.8833368422,1,Parque Central,1655357.93265,0
26210,Caducifolio,15/11/2011 07:52,Bajo (2 - 4 mts),45,Mediano,-68.8301639153,-32.8887401811,3,Parque O'Higgins,1531146.02653,0
21705,Fresno europeo,09/06/2011 11:34,Alto (> 8 mts),74,Grande,-68.8566827603,-32.8957606802,5,Residencial Sur,2423808.92355,0
27441,Fresno europeo,25/10/2011 09:03,Alto (> 8 mts),180,Grande,-68.834894889,-32.8911674614,3,Parque O'Higgins,1531146.02653,0
9260,Fresno europeo,22/02/2011 09:08,Alto (> 8 mts),114,Grande,-68.8475377361,-32.8646529496,4,Cuarta Oeste,1173332.70145,0
7264,Fresno europeo,29/06/2011 16:30,Muy bajo (1 - 2 mts),8,Chico,-68.8543956031,-32.9018682981,5,Residencial Sur,2423808.92355,0
1643,Prunas,23/11/2011 09:52,Muy bajo (1 - 2 mts),20,Chico,-68.8716082578,-32.8775056038,7,Residencial Parque,1786336.08966,0
2544,Fresno europeo,17/10/2011 09:02,Bajo (2 - 4 mts),20,Chico,-68.8332219684,-32.8860197541,3,Parque O'Higgins,1531146.02653,0
36009,Platano,22/03/2011 13:35,Alto (> 8 mts),150,Grande,-68.856012591,-32.8760008674,6,Residencial Norte,2694682.37982,0
32527,Acacia visco,23/06/2011 13:32,Alto (> 8 mts),147,Grande,-68.8503516085,-32.8901249071,5,Residencial Sur,2423808.92355,0
27637,Morera,01/11/2011 10:50,Alto (> 8 mts),165,Grande,-68.8370881307,-32.8940410578,2,Barrio Civico,2366816.36021,0
34507,Morera,29/03/2011 11:42,Medio (4 - 8 mts),80,Grande,-68.8500568152,-32.8750558036,6,Residencial Norte,2694682.37982,0
19571,Morera,26/07/2011 09:11,Bajo (2 - 4 mts),53,Mediano,-68.8384418742,-32.8722902059,4,Cuarta Oeste,1173332.70145,0
904,Fresno europeo,18/01/2012 12:36,Alto (> 8 mts),170,Grande,-68.8461035794,-32.8730876523,6,Residencial Norte,2694682.37982,0
8209,Ligustro,03/03/2011 19:25,Medio (4 - 8 mts),58,Mediano,-68.8425754216,-32.8928893745,2,Barrio Civico,2366816.36021,0
33299,Acer,24/06/2011 11:15,Alto (> 8 mts),68,Grande,-68.8572052848,-32.8896728477,5,Residencial Sur,2423808.92355,0
23862,Morera,28/01/2011 12:19,Alto (> 8 mts),127,Grande,-68.8509444318,-32.9001860159,2,Barrio Civico,2366816.36021,0
9229,Morera,28/02/2011 11:31,Medio (4 - 8 mts),130,Grande,-68.84903423,-32.8652583104,6,Residencial Norte,2694682.37982,0
47621,Morera,08/09/2011 10:42,Alto (> 8 mts),170,Grande,-68.8301470118,-32.8709590019,4,Cuarta Este Área Fundacional,1822015.85685,1
41172,Fresno europeo,19/04/2011 09:46,Muy bajo (1 - 2 mts),3,Chico,-68.8368675343,-32.8800436276,1,Parque Central,1655357.93265,0
36332,Fresno europeo,18/03/2011 10:23,Alto (> 8 mts),135,Grande,-68.8527068348,-32.8788424493,6,Residencial Norte,2694682.37982,0
8510,Morera,09/02/2011 10:36,Medio (4 - 8 mts),50,Mediano,-68.8370286172,-32.8974227888,2,Barrio Civico,2366816.36021,0
37271,Paraiso,14/03/2011 13:05,Muy bajo (1 - 2 mts),10,Chico,-68.8577109457,-32.8730318978,6,Residencial Norte,2694682.37982,0
22140,Morera,13/05/2011 13:59,Alto (> 8 mts),98,Grande,-68.8555666213,-32.8987005306,5,Residencial Sur,2423808.92355,0
32038,Platano,09/06/2011 13:38,Alto (> 8 mts),180,Grande,-68.8600047373,-32.8879256782,5,Residencial Sur,2423808.92355,0
880,Paraiso sombrilla,17/01/2012 12:45,Bajo (2 - 4 mts),54,Mediano,-68.848085096,-32.8752872571,6,Residencial Norte,2694682.37982,0
17163,Fresno europeo,06/07/2011 10:30,Alto (> 8 mts),120,Grande,-68.8350856071,-32.8630863773,4,Cuarta Oeste,1173332.70145,0
45881,Fresno europeo,25/08/2011 12:44,Medio (4 - 8 mts),125,Grande,-68.8201810299,-32.8696014148,4,Cuarta Este Área Fundacional,1822015.85685,0
6552,Fresno europeo,23/05/2011 10:10,Alto (> 8 mts),94,Grande,-68.8570837102,-32.8912363613,5,Residencial Sur,2423808.92355,0
20706,Acacia SP,31/05/2011 11:28,Alto (> 8 mts),130,Grande,-68.8620593968,-32.8976693847,5,Residencial Sur,2423808.92355,0
47024,Fresno europeo,15/09/2011 12:45,Alto (> 8 mts),160,Grande,-68.8310988815,-32.8728784199,4,Cuarta Este Área Fundacional,1822015.85685,0
30665,Fresno europeo,07/02/2011 10:08,Alto (> 8 mts),97,Grande,-68.8547847888,-32.8677801832,6,Residencial Norte,2694682.37982,0
18109,Morera,28/07/2011 10:18,Medio (4 - 8 mts),40,Mediano,-68.8406864066,-32.8695968386,4,Cuarta Oeste,1173332.70145,0
41438,Morera,07/04/2011 13:49,Alto (> 8 mts),130,Grande,-68.8414812117,-32.8818074101,1,Parque Central,1655357.93265,0
22126,Morera,13/06/2011 10:49,Medio (4 - 8 mts),57,Mediano,-68.8547965639,-32.8982207365,5,Residencial Sur,2423808.92355,0
47245,Morera,16/09/2011 11:15,Alto (> 8 mts),145,Grande,-68.8332872921,-32.8739046888,4,Cuarta Este Área Fundacional,1822015.85685,0
27204,Platano,26/10/2011 12:21,Alto (> 8 mts),180,Grande,-68.8358705114,-32.889847143,3,Parque O'Higgins,1531146.02653,0
35555,Morera,16/06/2011 09:42,Bajo (2 - 4 mts),42,Mediano,-68.8566633246,-32.8835852569,5,Residencial Sur,2423808.92355,0
9983,Fresno europeo,09/11/2010 10:20,Alto (> 8 mts),180,Grande,-68.8530618402,-32.8693592093,6,Residencial Norte,2694682.37982,1
46166,Paraiso,27/09/2011 10:46,Alto (> 8 mts),150,Grande,-68.8232536042,-32.8746412121,4,Cuarta Este Área Fundacional,1822015.85685,0
27179,Acacia SP,26/10/2011 12:50,Bajo (2 - 4 mts),100,Grande,-68.8369141098,-32.8909147358,3,Parque O'Higgins,1531146.02653,0
26802,Morera,01/11/2011 09:00,Medio (4 - 8 mts),100,Grande,-68.8344961334,-32.8949032772,3,Parque O'Higgins,1531146.02653,1
20720,Alamo blanco,31/05/2011 10:46,Medio (4 - 8 mts),66,Grande,-68.8630021375,-32.8980011099,5,Residencial Sur,2423808.92355,0
4598,Braquiquito,03/08/2011 07:46,Medio (4 - 8 mts),60,Mediano,-68.8353177213,-32.867921032,4,Cuarta Oeste,1173332.70145,0
30198,Paraiso sombrilla,09/03/2011 09:49,Medio (4 - 8 mts),150,Grande,-68.8426600191,-32.8889545259,3,Parque O'Higgins,1531146.02653,1
10784,Olmo bola,31/03/2011 10:06,Medio (4 - 8 mts),100,Grande,-68.8498970331,-32.8776020623,6,Residencial Norte,2694682.37982,0
30558,Liquidambar,08/02/2011 09:51,Muy bajo (1 - 2 mts),10,Chico,-68.8570420965,-32.8665780482,6,Residencial Norte,2694682.37982,0
17438,Morera,29/07/2011 10:05,Medio (4 - 8 mts),140,Grande,-68.8347861594,-32.8673940101,4,Cuarta Oeste,1173332.70145,1
44241,Platano,13/10/2011 11:32,Alto (> 8 mts),276,Grande,-68.8341858053,-32.8836890705,3,Parque O'Higgins,1531146.02653,0
19132,Morera,20/07/2011 10:53,Alto (> 8 mts),122,Grande,-68.8408720499,-32.8719473391,4,Cuarta Oeste,1173332.70145,1
5752,Morera,06/05/2011 11:16,Bajo (2 - 4 mts),24,Mediano,-68.8410160884,-32.8789689407,1,Parque Central,1655357.93265,0
26517,Conifera,04/11/2011 09:42,Bajo (2 - 4 mts),36,Mediano,-68.830927417,-32.8921656586,3,Parque O'Higgins,1531146.02653,0
32174,Morera,11/05/2011 09:45,Medio (4 - 8 mts),100,Grande,-68.8579215723,-32.885745652,5,Residencial Sur,2423808.92355,0
48319,Olmo comun,19/08/2011 10:49,Medio (4 - 8 mts),156,Grande,-68.8274186201,-32.8687155954,4,Cuarta Este Área Fundacional,1822015.85685,0
42030,Platano,08/04/2011 13:19,Alto (> 8 mts),205,Grande,-68.8406812332,-32.8800167138,1,Parque Central,1655357.93265,0
26461,Fresno europeo,09/11/2011 09:04,Medio (4 - 8 mts),115,Grande,-68.8333005595,-32.8926930877,3,Parque O'Higgins,1531146.02653,0
9494,Prunas,03/02/2011 09:06,Bajo (2 - 4 mts),30,Mediano,-68.8525388353,-32.8633859171,6,Residencial Norte,2694682.37982,0
12332,Morera,13/01/2011 11:29,Alto (> 8 mts),175,Grande,-68.8468669198,-32.8674429387,6,Residencial Norte,2694682.37982,0
10140,Fresno europeo,28/12/2010 13:32,Muy bajo (1 - 2 mts),10,Chico,-68.8552880082,-32.8713109235,6,Residencial Norte,2694682.37982,0
38151,Ligustro,20/10/2010 11:53,Medio (4 - 8 mts),109,Grande,-68.8465423728,-32.8705686116,6,Residencial Norte,2694682.37982,0
22229,Fresno americano,14/06/2011 11:36,Bajo (2 - 4 mts),25,Mediano,-68.8556458987,-32.8981259992,5,Residencial Sur,2423808.92355,0
41981,Paraiso,25/04/2011 12:02,Medio (4 - 8 mts),70,Grande,-68.837467732,-32.8798897687,1,Parque Central,1655357.93265,0
47826,Morera,21/09/2011 10:21,Alto (> 8 mts),280,Grande,-68.8286710152,-32.8741402845,4,Cuarta Este Área Fundacional,1822015.85685,0
21762,Platano,23/05/2011 09:17,Medio (4 - 8 mts),150,Grande,-68.8569662675,-32.8950676477,5,Residencial Sur,2423808.92355,0
17276,Paraiso,05/08/2011 09:36,Medio (4 - 8 mts),52,Mediano,-68.8367126008,-32.8650544773,4,Cuarta Oeste,1173332.70145,0
9460,Aguaribay,11/02/2011 13:08,Alto (> 8 mts),180,Grande,-68.8569056692,-32.8651559378,6,Residencial Norte,2694682.37982,1
9166,Paraiso,01/03/2011 13:15,Bajo (2 - 4 mts),35,Mediano,-68.8512159533,-32.8657804935,6,Residencial Norte,2694682.37982,0
549,Morera,08/03/2012 16:56,Medio (4 - 8 mts),160,Grande,-68.8206068619,-32.8679405681,4,Cuarta Este Área Fundacional,1822015.85685,0
24454,Fresno americano,20/01/2011 10:12,Alto (> 8 mts),125,Grande,-68.8456919435,-32.9030100838,2,Barrio Civico,2366816.36021,0
30470,Fresno europeo,18/02/2011 11:55,Muy bajo (1 - 2 mts),11,Chico,-68.8406712227,-32.8891944854,3,Parque O'Higgins,1531146.02653,0
24856,Morera,16/02/2011 12:47,Alto (> 8 mts),150,Grande,-68.8385757782,-32.8954458375,2,Barrio Civico,2366816.36021,0
44785,Olmo comun,23/08/2011 11:39,Alto (> 8 mts),205,Grande,-68.8238722694,-32.8694320604,4,Cuarta Este Área Fundacional,1822015.85685,0
32884,Morera,10/06/2011 09:14,Bajo (2 - 4 mts),14,Chico,-68.8510385263,-32.8857138251,5,Residencial Sur,2423808.92355,0
8464,Morera,15/02/2011 19:35,Medio (4 - 8 mts),58,Mediano,-68.8361608366,-32.8977922342,2,Barrio Civico,2366816.36021,0
19671,Morera,12/07/2011 10:33,Alto (> 8 mts),170,Grande,-68.8355378168,-32.8708210795,4,Cuarta Oeste,1173332.70145,0
11462,Olmo comun,06/01/2011 13:57,Medio (4 - 8 mts),160,Grande,-68.8438380985,-32.8628750293,4,Cuarta Oeste,1173332.70145,0
1325,Paraiso sombrilla,29/11/2011 12:32,Muy bajo (1 - 2 mts),15,Chico,-68.8779547424,-32.8646952232,8,Aeroparque,2203364.73622,0
38558,Morera,21/12/2010 12:30,Alto (> 8 mts),200,Grande,-68.8525650179,-32.8710418504,6,Residencial Norte,2694682.37982,1
31120,Fresno europeo,08/02/2011 09:03,Bajo (2 - 4 mts),74,Grande,-68.8541869028,-32.8644434348,6,Residencial Norte,2694682.37982,0
21190,Platano,06/05/2011 09:13,Alto (> 8 mts),220,Grande,-68.8526834036,-32.892811728,5,Residencial Sur,2423808.92355,0
5286,Morera,28/04/2011 09:41,Medio (4 - 8 mts),110,Grande,-68.8448144945,-32.8769631028,1,Parque Central,1655357.93265,0
20276,Fresno americano,16/05/2011 11:50,Medio (4 - 8 mts),85,Grande,-68.8590231103,-32.893676106,5,Residencial Sur,2423808.92355,0
28792,Fresno europeo,18/04/2011 10:45,Alto (> 8 mts),180,Grande,-68.8476235818,-32.885996102,1,Parque Central,1655357.93265,0
11618,Morera,28/01/2011 09:14,Alto (> 8 mts),120,Grande,-68.8495320634,-32.8665136938,6,Residencial Norte,2694682.37982,0
41036,Morera,12/04/2011 10:18,Alto (> 8 mts),170,Grande,-68.8399468232,-32.8808510548,1,Parque Central,1655357.93265,0
34417,Fresno europeo,10/03/2011 09:23,Bajo (2 - 4 mts),60,Mediano,-68.8511500158,-32.8746145804,6,Residencial Norte,2694682.37982,0
37993,Morera,10/01/2012 13:34,Bajo (2 - 4 mts),70,Grande,-68.8478036873,-32.873408776,6,Residencial Norte,2694682.37982,0
46786,Morera,07/09/2011 11:13,Medio (4 - 8 mts),148,Grande,-68.8320885899,-32.8726289913,4,Cuarta Este Área Fundacional,1822015.85685,0
45520,Paraiso,19/09/2011 10:42,Medio (4 - 8 mts),185,Grande,-68.821978954,-32.8724414365,4,Cuarta Este Área Fundacional,1822015.85685,0
15480,Morera,21/11/2011 13:08,Muy bajo (1 - 2 mts),16,Chico,-68.8601417948,-32.8716022518,7,Residencial Parque,1786336.08966,0
25198,Morera,11/02/2011 14:15,Alto (> 8 mts),112,Grande,-68.8369529817,-32.8987205633,2,Barrio Civico,2366816.36021,0
26766,Morera,11/01/2012 08:54,Alto (> 8 mts),145,Grande,-68.8332976337,-32.8955677641,3,Parque O'Higgins,1531146.02653,1
42375,Platano,29/09/2011 11:55,Alto (> 8 mts),240,Grande,-68.8346303026,-32.8763145134,4,Cuarta Este Área Fundacional,1822015.85685,0
32841,Fresno europeo,13/06/2011 09:46,Medio (4 - 8 mts),110,Grande,-68.8499460302,-32.8863811374,5,Residencial Sur,2423808.92355,0
32525,Acacia visco,23/06/2011 13:40,Alto (> 8 mts),137,Grande,-68.8505504845,-32.8900699614,5,Residencial Sur,2423808.92355,0
10249,Prunas,09/12/2010 11:42,Muy bajo (1 - 2 mts),40,Mediano,-68.8492310814,-32.870796127,6,Residencial Norte,2694682.37982,0
3036,Morera,15/09/2011 12:34,Bajo (2 - 4 mts),60,Mediano,-68.8276529443,-32.8721677404,4,Cuarta Este Área Fundacional,1822015.85685,0
22075,Fresno americano,10/06/2011 11:54,Medio (4 - 8 mts),130,Grande,-68.8537564583,-32.8969003654,5,Residencial Sur,2423808.92355,0
8922,Morera,26/01/2011 09:47,Alto (> 8 mts),90,Grande,-68.8483509624,-32.8680093237,6,Residencial Norte,2694682.37982,0
29511,Morera,18/02/2011 11:44,Alto (> 8 mts),136,Grande,-68.8450147443,-32.8929252854,2,Barrio Civico,2366816.36021,1
26614,Platano,03/11/2011 11:05,Alto (> 8 mts),176,Grande,-68.8330815165,-32.8900545095,3,Parque O'Higgins,1531146.02653,0
7700,Fresno europeo,24/05/2011 09:20,Medio (4 - 8 mts),140,Grande,-68.8523299859,-32.8839832515,5,Residencial Sur,2423808.92355,0
7393,Morera,10/05/2011 12:11,Medio (4 - 8 mts),38,Mediano,-68.8529077333,-32.8997378853,2,Barrio Civico,2366816.36021,0
12007,Paraiso,10/05/2010 12:39,Alto (> 8 mts),120,Grande,-68.8523739116,-32.8688202103,6,Residencial Norte,2694682.37982,0
13721,Fresno europeo,28/01/2011 13:21,Muy bajo (1 - 2 mts),6,Chico,-68.8512315796,-32.863818837,6,Residencial Norte,2694682.37982,0
47295,Morera,20/09/2011 10:40,Medio (4 - 8 mts),30,Mediano,-68.8312122746,-32.873960362,4,Cuarta Este Área Fundacional,1822015.85685,0
18584,Morera,07/07/2011 09:44,Alto (> 8 mts),148,Grande,-68.8365989619,-32.874527349,4,Cuarta Oeste,1173332.70145,1
25608,Fresno europeo,16/02/2011 19:13,Medio (4 - 8 mts),54,Mediano,-68.8373245305,-32.9019420658,2,Barrio Civico,2366816.36021,0
14457,Jacaranda,02/12/2011 10:43,Bajo (2 - 4 mts),44,Mediano,-68.8784165008,-32.8659786811,8,Aeroparque,2203364.73622,0
13930,Jacaranda,29/11/2011 12:26,Alto (> 8 mts),78,Grande,-68.8754973051,-32.8655358205,8,Aeroparque,2203364.73622,0
5721,Morera,04/05/2011 13:08,Medio (4 - 8 mts),60,Mediano,-68.8405128355,-32.8789402547,1,Parque Central,1655357.93265,0
5685,Paraiso sombrilla,29/04/2011 13:43,Medio (4 - 8 mts),110,Grande,-68.8394122896,-32.8752631018,1,Parque Central,1655357.93265,0
44910,Morera,23/08/2011 11:07,Alto (> 8 mts),180,Grande,-68.8248482087,-32.8679481076,4,Cuarta Este Área Fundacional,1822015.85685,1
40987,Morera,14/04/2011 10:03,Alto (> 8 mts),160,Grande,-68.8381764724,-32.8805350076,1,Parque Central,1655357.93265,0
17543,Morera,28/07/2011 10:32,Medio (4 - 8 mts),160,Grande,-68.839666798,-32.8669593416,4,Cuarta Oeste,1173332.70145,0
42633,Fresno europeo,26/09/2011 09:09,Alto (> 8 mts),148,Grande,-68.8285262597,-32.8755116521,4,Cuarta Este Área Fundacional,1822015.85685,0
19268,Platano,02/08/2011 10:48,Alto (> 8 mts),200,Grande,-68.8369250289,-32.870435048,4,Cuarta Oeste,1173332.70145,0
20787,Morera,31/05/2011 10:31,Alto (> 8 mts),130,Grande,-68.8609146872,-32.8966451485,5,Residencial Sur,2423808.92355,0
16888,Paraiso,28/07/2011 13:12,Alto (> 8 mts),197,Grande,-68.8395529397,-32.8652765428,4,Cuarta Oeste,1173332.70145,0
28100,Platano,21/02/2011 19:18,Alto (> 8 mts),290,Grande,-68.8496232267,-32.8910850679,5,Residencial Sur,2423808.92355,0
1692,Morera,24/11/2011 12:38,Medio (4 - 8 mts),62,Grande,-68.8719873767,-32.8780297601,7,Residencial Parque,1786336.08966,0
13984,Morera,29/11/2011 10:39,Bajo (2 - 4 mts),30,Mediano,-68.8776600344,-32.8657092041,8,Aeroparque,2203364.73622,0
15517,Acacia SP,21/11/2011 13:15,Bajo (2 - 4 mts),36,Mediano,-68.8605056467,-32.8713733643,7,Residencial Parque,1786336.08966,0
38568,Paraiso,22/12/2010 13:28,Alto (> 8 mts),170,Grande,-68.8525963121,-32.8703741573,6,Residencial Norte,2694682.37982,0
39633,Platano,21/10/2010 11:27,Alto (> 8 mts),190,Grande,-68.8470271939,-32.8699202559,6,Residencial Norte,2694682.37982,0
33483,Fresno europeo,16/06/2011 09:56,Alto (> 8 mts),90,Grande,-68.8559321123,-32.8894303392,5,Residencial Sur,2423808.92355,0
13263,Catalpa,22/02/2011 11:20,Bajo (2 - 4 mts),18,Chico,-68.8471243307,-32.8654002795,4,Cuarta Oeste,1173332.70145,0
17527,Morera,28/07/2011 09:28,Alto (> 8 mts),160,Grande,-68.8388948609,-32.867254805499996,4,Cuarta Oeste,1173332.70145,1
1615,Fresno europeo,24/11/2011 10:07,Bajo (2 - 4 mts),22,Mediano,-68.8714976935,-32.8788383369,7,Residencial Parque,1786336.08966,0
1758,Morera,25/11/2011 10:41,Medio (4 - 8 mts),75,Grande,-68.8707577365,-32.8792808759,7,Residencial Parque,1786336.08966,0
3546,Morera,07/09/2011 11:33,Medio (4 - 8 mts),100,Grande,-68.8328819735,-32.8683910535,4,Cuarta Oeste,1173332.70145,1
10956,Morera,28/03/2011 15:51,Medio (4 - 8 mts),36,Mediano,-68.8575050578,-32.8815490638,7,Residencial Parque,1786336.08966,0
35681,Morera,18/03/2011 09:33,Medio (4 - 8 mts),170,Grande,-68.8550356869,-32.8741437708,6,Residencial Norte,2694682.37982,0
18053,Ailanthus,01/08/2011 09:26,Alto (> 8 mts),180,Grande,-68.8412903628,-32.8684895139,4,Cuarta Oeste,1173332.70145,0
47562,Morera,19/09/2011 08:44,Alto (> 8 mts),103,Grande,-68.8274956618,-32.8717684483,4,Cuarta Este Área Fundacional,1822015.85685,1
40115,Morera,15/04/2011 11:28,Medio (4 - 8 mts),130,Grande,-68.8450384407,-32.8792433344,1,Parque Central,1655357.93265,0
512,Morera,08/03/2012 18:44,Bajo (2 - 4 mts),32,Mediano,-68.8203206305,-32.8684585828,4,Cuarta Este Área Fundacional,1822015.85685,0
23262,Fresno europeo,27/01/2012 12:16,Medio (4 - 8 mts),60,Mediano,-68.8517866773,-32.9012412181,2,Barrio Civico,2366816.36021,0
47850,Paraiso,21/09/2011 09:17,Alto (> 8 mts),210,Grande,-68.8287370338,-32.8731487825,4,Cuarta Este Área Fundacional,1822015.85685,0
47257,Morera,20/09/2011 12:07,Alto (> 8 mts),152,Grande,-68.8320191895,-32.8736851846,4,Cuarta Este Área Fundacional,1822015.85685,0
44337,Fresno europeo,18/10/2011 11:32,Medio (4 - 8 mts),45,Mediano,-68.8353472662,-32.8828133223,3,Parque O'Higgins,1531146.02653,0
28504,Morera,25/02/2011 09:09,Alto (> 8 mts),155,Grande,-68.8484106358,-32.8896265488,5,Residencial Sur,2423808.92355,1
8875,Morera,19/02/2010 12:06,Muy bajo (1 - 2 mts),52,Mediano,-68.852725493,-32.8682895824,6,Residencial Norte,2694682.37982,0
8505,Morera,10/02/2011 09:13,Alto (> 8 mts),90,Grande,-68.8381308479,-32.8967023335,2,Barrio Civico,2366816.36021,0
3882,Ailanthus,01/09/2011 10:31,Alto (> 8 mts),85,Grande,-68.8257892831,-32.8710966904,4,Cuarta Este Área Fundacional,1822015.85685,0
40327,Olmo bola,08/04/2011 12:34,Medio (4 - 8 mts),80,Grande,-68.8435537809,-32.8806128422,1,Parque Central,1655357.93265,0
44831,Morera,23/08/2011 09:30,Alto (> 8 mts),180,Grande,-68.8252901978,-32.867093739,4,Cuarta Este Área Fundacional,1822015.85685,0
29585,Morera,04/03/2011 09:21,Medio (4 - 8 mts),38,Mediano,-68.8439479052,-32.8920038694,2,Barrio Civico,2366816.36021,0
9519,Morera,03/02/2011 09:50,Bajo (2 - 4 mts),24,Mediano,-68.8529792921,-32.8637752574,6,Residencial Norte,2694682.37982,0
18907,Morera,02/08/2011 10:03,Medio (4 - 8 mts),100,Grande,-68.841240077,-32.8706099053,4,Cuarta Oeste,1173332.70145,0
17178,Morera,04/07/2011 10:56,Medio (4 - 8 mts),78,Grande,-68.8362192027,-32.8634837107,4,Cuarta Oeste,1173332.70145,0
45746,Perenne,23/08/2011 11:18,Muy bajo (1 - 2 mts),15,Chico,-68.8228421136,-32.8693192844,4,Cuarta Este Área Fundacional,1822015.85685,0
38500,Paraiso,02/11/2010 10:26,Alto (> 8 mts),110,Grande,-68.8502561861,-32.8696522117,6,Residencial Norte,2694682.37982,0
35149,Fresno europeo,23/03/2011 13:01,Alto (> 8 mts),103,Grande,-68.8537249925,-32.8810142531,6,Residencial Norte,2694682.37982,0
15674,Eucalyptus,15/11/2011 12:02,Medio (4 - 8 mts),53,Mediano,-68.8611641495,-32.8697085344,7,Residencial Parque,1786336.08966,0
39933,Morera,29/04/2011 09:23,Medio (4 - 8 mts),150,Grande,-68.8444508953,-32.8759214251,1,Parque Central,1655357.93265,0
23060,Morera,14/06/2011 13:42,Alto (> 8 mts),92,Grande,-68.8625733863,-32.9018573235,5,Residencial Sur,2423808.92355,0
30804,Fresno americano,14/02/2011 11:33,Alto (> 8 mts),46,Mediano,-68.8561212271,-32.865502922,6,Residencial Norte,2694682.37982,0
30525,Platano,04/04/2011 15:56,Alto (> 8 mts),198,Grande,-68.8387570191,-32.8878494132,3,Parque O'Higgins,1531146.02653,0
23667,Fresno europeo,20/01/2011 18:43,Alto (> 8 mts),130,Grande,-68.8489492566,-32.9011875984,2,Barrio Civico,2366816.36021,0
43707,Platano,11/10/2011 09:27,Alto (> 8 mts),240,Grande,-68.8317944084,-32.8836714501,3,Parque O'Higgins,1531146.02653,0
38605,Morera,17/12/2010 11:21,Alto (> 8 mts),240,Grande,-68.8523937164,-32.8706281151,6,Residencial Norte,2694682.37982,0
29671,Morera,09/03/2011 16:45,Medio (4 - 8 mts),96,Grande,-68.8409310151,-32.8948038493,2,Barrio Civico,2366816.36021,0
6077,Caducifolio,19/04/2011 12:17,Medio (4 - 8 mts),56,Mediano,-68.8427039275,-32.8833802478,1,Parque Central,1655357.93265,0
11959,Morera,02/06/2010 11:43,Medio (4 - 8 mts),205,Grande,-68.8516259657,-32.8682510774,6,Residencial Norte,2694682.37982,0
31864,Morera,29/06/2011 10:45,Medio (4 - 8 mts),87,Grande,-68.8603580497,-32.8890845671,5,Residencial Sur,2423808.92355,0
5524,Morera,27/04/2011 12:15,Medio (4 - 8 mts),38,Mediano,-68.8381155298,-32.8758393591,1,Parque Central,1655357.93265,0
27653,Morera,01/11/2011 10:22,Alto (> 8 mts),122,Grande,-68.8362659181,-32.8945073303,2,Barrio Civico,2366816.36021,1
47135,Fresno europeo,20/09/2011 10:56,Muy bajo (1 - 2 mts),8,Chico,-68.8334033837,-32.8733856112,4,Cuarta Este Área Fundacional,1822015.85685,0
21819,Caducifolio,13/05/2011 09:45,Muy bajo (1 - 2 mts),15,Chico,-68.8556783036,-32.8943452758,5,Residencial Sur,2423808.92355,0
5261,Paraiso,02/05/2011 12:17,Alto (> 8 mts),170,Grande,-68.8434289,-32.8741023337,1,Parque Central,1655357.93265,1
42854,Fresno europeo,04/10/2011 13:24,Alto (> 8 mts),155,Grande,-68.8321924491,-32.8776206352,4,Cuarta Este Área Fundacional,1822015.85685,0
32185,Fresno europeo,10/05/2011 13:45,Bajo (2 - 4 mts),7,Chico,-68.8587955886,-32.8858477216,5,Residencial Sur,2423808.92355,0
28317,Morera,10/03/2011 15:33,Alto (> 8 mts),158,Grande,-68.85000683,-32.8921202204,5,Residencial Sur,2423808.92355,0
34140,Paraiso,11/03/2011 09:58,Alto (> 8 mts),130,Grande,-68.8563760995,-32.873523599,6,Residencial Norte,2694682.37982,0
3481,Morera,26/08/2011 07:41,Medio (4 - 8 mts),75,Grande,-68.8236001407,-32.8671851931,4,Cuarta Este Área Fundacional,1822015.85685,0
44097,Morera,11/11/2011 08:56,Medio (4 - 8 mts),190,Grande,-68.8288094843,-32.8856543686,3,Parque O'Higgins,1531146.02653,0
38483,Paraiso,02/11/2010 11:06,Alto (> 8 mts),250,Grande,-68.850787694,-32.8703277651,6,Residencial Norte,2694682.37982,1
24857,Morera,16/02/2011 12:46,Alto (> 8 mts),145,Grande,-68.8386740302,-32.8954293732,2,Barrio Civico,2366816.36021,0
459,Braquiquito,07/03/2012 11:17,Bajo (2 - 4 mts),20,Chico,-68.8215569063,-32.8682061549,4,Cuarta Este Área Fundacional,1822015.85685,0
20894,Jacaranda,27/05/2011 09:41,Muy bajo (1 - 2 mts),8,Chico,-68.8614598196,-32.8955895129,5,Residencial Sur,2423808.92355,0
38656,Paraiso,16/12/2010 11:13,Alto (> 8 mts),230,Grande,-68.851393495600007,-32.8704119832,6,Residencial Norte,2694682.37982,0
13796,Morera,26/01/2011 12:41,Alto (> 8 mts),160,Grande,-68.8491967044,-32.8644192058,6,Residencial Norte,2694682.37982,0
21324,Fresno europeo,15/06/2011 11:46,Medio (4 - 8 mts),80,Grande,-68.8535639451,-32.8993809613,5,Residencial Sur,2423808.92355,0
20199,Morera,26/05/2011 13:42,Alto (> 8 mts),140,Grande,-68.8591482795,-32.8948141813,5,Residencial Sur,2423808.92355,0
24690,Paraiso,14/01/2011 12:59,Alto (> 8 mts),145,Grande,-68.8425762646,-32.8965381062,2,Barrio Civico,2366816.36021,0
7057,Fresno europeo,09/06/2011 10:46,Bajo (2 - 4 mts),25,Mediano,-68.8581224424,-32.8979826516,5,Residencial Sur,2423808.92355,1
38609,Morera,17/12/2010 13:38,Alto (> 8 mts),180,Grande,-68.8524343683,-32.8709603635,6,Residencial Norte,2694682.37982,0
24051,Paraiso,21/01/2011 10:17,Alto (> 8 mts),146,Grande,-68.8458544415,-32.9010808754,2,Barrio Civico,2366816.36021,0
13623,Fresno europeo,28/02/2011 12:25,Alto (> 8 mts),80,Grande,-68.8518289663,-32.8656442995,6,Residencial Norte,2694682.37982,0
12344,Morera,18/01/2011 09:36,Muy bajo (1 - 2 mts),10,Chico,-68.8470924267,-32.8662616551,6,Residencial Norte,2694682.37982,0
31473,Platano,19/05/2011 11:42,Alto (> 8 mts),180,Grande,-68.8585268305,-32.8915548575,5,Residencial Sur,2423808.92355,0
35605,Fresno europeo,16/03/2011 13:02,Medio (4 - 8 mts),40,Mediano,-68.8566399787,-32.8740181202,6,Residencial Norte,2694682.37982,0
2763,Acacia SP,12/10/2011 16:34,Alto (> 8 mts),100,Grande,-68.8354591487,-32.8823147958,3,Parque O'Higgins,1531146.02653,0
5532,Morera,07/04/2011 10:34,Alto (> 8 mts),80,Grande,-68.8421852773,-32.8813552251,1,Parque Central,1655357.93265,0
63,Fresno europeo,05/03/2012 10:40,Bajo (2 - 4 mts),22,Mediano,-68.8566640973,-32.8965521495,5,Residencial Sur,2423808.92355,0
17533,Caducifolio,28/07/2011 09:19,Muy bajo (1 - 2 mts),14,Chico,-68.8387238465,-32.8669009801,4,Cuarta Oeste,1173332.70145,0
48090,Morera,29/09/2011 10:03,Alto (> 8 mts),165,Grande,-68.8267237877,-32.8677428699,4,Cuarta Este Área Fundacional,1822015.85685,0
48230,Fresno europeo,02/09/2011 13:51,Alto (> 8 mts),90,Grande,-68.8295482101,-32.8709057683,4,Cuarta Este Área Fundacional,1822015.85685,0
35774,Fresno europeo,18/03/2011 12:28,Bajo (2 - 4 mts),100,Grande,-68.8546603681,-32.8746316928,6,Residencial Norte,2694682.37982,0
44968,Paraiso,29/08/2011 11:45,Alto (> 8 mts),110,Grande,-68.8250772699,-32.869426305,4,Cuarta Este Área Fundacional,1822015.85685,0
44819,Morera,26/08/2011 10:22,Alto (> 8 mts),140,Grande,-68.8234239516,-32.8695632038,4,Cuarta Este Área Fundacional,1822015.85685,0
34664,Morera,01/04/2011 13:09,Alto (> 8 mts),150,Grande,-68.8506551211,-32.8762853818,6,Residencial Norte,2694682.37982,0
24381,Acer,21/01/2011 13:43,Bajo (2 - 4 mts),27,Mediano,-68.8447469991,-32.9037256734,2,Barrio Civico,2366816.36021,0
40275,Olmo comun,11/04/2011 10:33,Medio (4 - 8 mts),120,Grande,-68.8456910167,-32.8812886109,1,Parque Central,1655357.93265,0
25685,Platano,04/02/2011 12:37,Alto (> 8 mts),290,Grande,-68.8425712856,-32.9033400892,2,Barrio Civico,2366816.36021,0
518,Morera,08/03/2012 18:33,Alto (> 8 mts),160,Grande,-68.8206328223,-32.8686337161,4,Cuarta Este Área Fundacional,1822015.85685,0
36586,Morera,07/06/2011 13:18,Bajo (2 - 4 mts),60,Mediano,-68.8572437513,-32.8831871391,5,Residencial Sur,2423808.92355,0
19256,Morera,03/08/2011 12:25,Alto (> 8 mts),180,Grande,-68.8378841466,-32.8705080975,4,Cuarta Oeste,1173332.70145,0
36033,Morera,18/03/2011 13:07,Alto (> 8 mts),94,Grande,-68.8564479725,-32.8749621431,6,Residencial Norte,2694682.37982,0
18440,Morera,11/07/2011 10:08,Alto (> 8 mts),110,Grande,-68.8394296584,-32.87291545,4,Cuarta Oeste,1173332.70145,0
2531,Morera,19/10/2011 12:32,Alto (> 8 mts),150,Grande,-68.8342800995,-32.8880133116,3,Parque O'Higgins,1531146.02653,1
47421,Morera,22/09/2011 10:03,Alto (> 8 mts),140,Grande,-68.8277215825,-32.8749881053,4,Cuarta Este Área Fundacional,1822015.85685,1
40362,Platano,11/04/2011 10:12,Alto (> 8 mts),240,Grande,-68.844931209,-32.8827092799,1,Parque Central,1655357.93265,0
48062,Fresno europeo,27/09/2011 11:12,Alto (> 8 mts),199,Grande,-68.8266363792,-32.8665253801,4,Cuarta Este Área Fundacional,1822015.85685,0
25566,Paraiso,08/02/2011 15:45,Alto (> 8 mts),120,Grande,-68.8385271541,-32.9012742102,2,Barrio Civico,2366816.36021,0
28605,Morera,21/02/2011 13:17,Alto (> 8 mts),200,Grande,-68.8500134451,-32.8906882909,5,Residencial Sur,2423808.92355,0
8527,Olmo comun,08/02/2011 10:00,Alto (> 8 mts),98,Grande,-68.8378789626,-32.8994470346,2,Barrio Civico,2366816.36021,0
15539,Acacia SP,18/11/2011 17:30,Medio (4 - 8 mts),120,Grande,-68.8606118725,-32.8709224037,7,Residencial Parque,1786336.08966,0
6867,Morera,07/06/2011 10:36,Alto (> 8 mts),180,Grande,-68.8580083899,-32.8951190181,5,Residencial Sur,2423808.92355,0
6177,Platano,26/04/2011 16:46,Alto (> 8 mts),112,Grande,-68.8403090261,-32.8841647807,1,Parque Central,1655357.93265,0
15522,Morera,21/11/2011 13:06,Muy bajo (1 - 2 mts),18,Chico,-68.8605655889,-32.8717303462,7,Residencial Parque,1786336.08966,0
34633,Morera,31/03/2011 11:53,Medio (4 - 8 mts),28,Mediano,-68.8490214709,-32.8767145843,6,Residencial Norte,2694682.37982,0
787,Aguaribay,14/12/2011 10:24,Alto (> 8 mts),150,Grande,-68.8794351697,-32.8668729776,8,Aeroparque,2203364.73622,0
29969,Fresno americano,28/04/2011 09:47,Alto (> 8 mts),170,Grande,-68.8430088953,-32.8865422336,1,Parque Central,1655357.93265,0
25544,Morera,11/02/2011 12:28,Medio (4 - 8 mts),116,Grande,-68.838133213,-32.9008427734,2,Barrio Civico,2366816.36021,0
43350,Morera,26/10/2011 12:33,Alto (> 8 mts),180,Grande,-68.8325383657,-32.8800550385,3,Parque O'Higgins,1531146.02653,1
32718,Jacaranda,18/05/2011 08:39,Medio (4 - 8 mts),130,Grande,-68.8520879553,-32.8867270533,5,Residencial Sur,2423808.92355,0
26559,Platano,04/11/2011 08:48,Alto (> 8 mts),170,Grande,-68.8318042817,-32.8901548075,3,Parque O'Higgins,1531146.02653,0
32178,Paraiso sombrilla,11/05/2011 09:31,Bajo (2 - 4 mts),130,Grande,-68.8580395698,-32.8859798699,5,Residencial Sur,2423808.92355,0
23604,Fresno europeo,13/01/2011 16:40,Alto (> 8 mts),119,Grande,-68.8472369504,-32.900558032,2,Barrio Civico,2366816.36021,0
10510,Morera,10/03/2011 12:06,Medio (4 - 8 mts),50,Mediano,-68.8497129381,-32.8749778407,6,Residencial Norte,2694682.37982,0
47981,Morera,31/08/2011 10:01,Alto (> 8 mts),185,Grande,-68.826192542,-32.8700878094,4,Cuarta Este Área Fundacional,1822015.85685,0
1034,Aguaribay,14/12/2011 10:49,Bajo (2 - 4 mts),60,Mediano,-68.8822605771,-32.8649763992,8,Aeroparque,2203364.73622,0
6387,Olmo bola,19/05/2011 13:38,Muy bajo (1 - 2 mts),8,Chico,-68.8506049643,-32.8874861212,5,Residencial Sur,2423808.92355,0
20664,Fresno europeo,02/06/2011 13:53,Alto (> 8 mts),80,Grande,-68.8607123969,-32.8960764072,5,Residencial Sur,2423808.92355,0
17420,Paraiso,03/08/2011 07:53,Alto (> 8 mts),150,Grande,-68.8357716343,-32.8678375889,4,Cuarta Oeste,1173332.70145,0
10936,Morera,07/04/2011 16:45,Alto (> 8 mts),76,Grande,-68.8591293616,-32.8788791932,7,Residencial Parque,1786336.08966,0
29811,Platano,04/03/2011 13:00,Alto (> 8 mts),180,Grande,-68.8427493046,-32.8922386895,2,Barrio Civico,2366816.36021,0
2721,Fresno europeo,12/10/2011 08:37,Muy bajo (1 - 2 mts),2,Chico,-68.8312853032,-32.8826378533,3,Parque O'Higgins,1531146.02653,0
5714,Morera,04/05/2011 13:20,Bajo (2 - 4 mts),18,Chico,-68.8408756352,-32.8788590161,1,Parque Central,1655357.93265,0
2106,Fresno europeo,18/10/2011 11:34,Medio (4 - 8 mts),36,Mediano,-68.8311557152,-32.8877781668,3,Parque O'Higgins,1531146.02653,0
29073,Platano,18/04/2011 09:36,Alto (> 8 mts),165,Grande,-68.8450999062,-32.8872571361,1,Parque Central,1655357.93265,0
46494,Morera,17/08/2011 11:24,Muy bajo (1 - 2 mts),4,Chico,-68.830381984,-32.8677962647,4,Cuarta Este Área Fundacional,1822015.85685,0
42237,Morera,28/04/2011 14:14,Medio (4 - 8 mts),58,Mediano,-68.8392190368,-32.8748777159,1,Parque Central,1655357.93265,0
33751,Morera,12/05/2011 11:33,Alto (> 8 mts),240,Grande,-68.857433031,-32.8861098306,5,Residencial Sur,2423808.92355,0
21623,Fresno europeo,10/06/2011 11:03,Alto (> 8 mts),71,Grande,-68.8539197988,-32.8960379088,5,Residencial Sur,2423808.92355,0
24166,Fresno europeo,24/01/2011 10:59,Medio (4 - 8 mts),67,Grande,-68.845329768,-32.9022844974,2,Barrio Civico,2366816.36021,0
16277,Morera,21/07/2011 10:17,Alto (> 8 mts),180,Grande,-68.8422544082,-32.8637416863,4,Cuarta Oeste,1173332.70145,0
17545,Morera,28/07/2011 10:28,Alto (> 8 mts),140,Grande,-68.8397883412,-32.8671041292,4,Cuarta Oeste,1173332.70145,0
25632,Morera,15/02/2011 15:17,Medio (4 - 8 mts),52,Mediano,-68.8376917319,-32.9009276335,2,Barrio Civico,2366816.36021,0
18149,Morera,27/07/2011 09:43,Alto (> 8 mts),150,Grande,-68.8408626073,-32.8686354057,4,Cuarta Oeste,1173332.70145,1
43801,Fresno americano,18/10/2011 16:31,Medio (4 - 8 mts),110,Grande,-68.8321161595,-32.8824918377,3,Parque O'Higgins,1531146.02653,0
8643,Morera,04/02/2011 10:36,Alto (> 8 mts),41,Mediano,-68.8404041281,-32.9018890712,2,Barrio Civico,2366816.36021,0
37026,Platano,04/04/2011 13:24,Alto (> 8 mts),144,Grande,-68.8577660163,-32.8767531612,7,Residencial Parque,1786336.08966,0
16856,Acer,05/08/2011 13:48,Medio (4 - 8 mts),60,Mediano,-68.8400303288,-32.864495114,4,Cuarta Oeste,1173332.70145,0
1938,Acacia SP,18/11/2011 16:45,Medio (4 - 8 mts),100,Grande,-68.8594640302,-32.8709529691,6,Residencial Norte,2694682.37982,0
41618,Fresno americano,03/05/2011 12:14,Alto (> 8 mts),52,Mediano,-68.8365898354,-32.8762986238,1,Parque Central,1655357.93265,0
23212,Morera,24/01/2011 09:55,Alto (> 8 mts),139,Grande,-68.8511081317,-32.9015791769,2,Barrio Civico,2366816.36021,1
41393,Morera,15/04/2011 11:17,Medio (4 - 8 mts),32,Mediano,-68.8415331602,-32.8819021609,1,Parque Central,1655357.93265,1
28331,Morera,11/03/2011 10:03,Alto (> 8 mts),146,Grande,-68.8481825948,-32.8889296423,5,Residencial Sur,2423808.92355,0
8271,Tilo,14/03/2011 17:05,Bajo (2 - 4 mts),20,Chico,-68.846663955,-32.8923788901,2,Barrio Civico,2366816.36021,0
24990,Olmo comun,16/02/2011 08:45,Alto (> 8 mts),128,Grande,-68.8374399991,-32.8966372324,2,Barrio Civico,2366816.36021,0
34953,Morera,04/04/2011 11:55,Alto (> 8 mts),90,Grande,-68.8573360563,-32.8798295913,7,Residencial Parque,1786336.08966,1
28690,Platano,01/03/2011 12:45,Alto (> 8 mts),133,Grande,-68.846222927,-32.8907228595,2,Barrio Civico,2366816.36021,0
30090,Morera,26/04/2011 10:50,Alto (> 8 mts),180,Grande,-68.8424990794,-32.8874997268,3,Parque O'Higgins,1531146.02653,1
5744,Morera,04/05/2011 09:53,Medio (4 - 8 mts),50,Mediano,-68.8390851816,-32.8784592403,1,Parque Central,1655357.93265,0
6631,Jacaranda,11/05/2011 11:09,Muy bajo (1 - 2 mts),16,Chico,-68.8577541217,-32.892875252,5,Residencial Sur,2423808.92355,0
18818,Morera,09/08/2011 12:02,Alto (> 8 mts),200,Grande,-68.8352755493,-32.8692697373,4,Cuarta Oeste,1173332.70145,0
21843,Fresno europeo,07/06/2011 10:12,Muy bajo (1 - 2 mts),8,Chico,-68.8569819584,-32.8963493408,5,Residencial Sur,2423808.92355,0
38374,Paraiso,05/11/2010 11:26,Alto (> 8 mts),160,Grande,-68.8530856628,-32.8701563678,6,Residencial Norte,2694682.37982,1
8000,Fresno europeo,17/02/2011 12:44,Medio (4 - 8 mts),55,Mediano,-68.8395757691,-32.8894026093,3,Parque O'Higgins,1531146.02653,0
9079,Acer,17/02/2011 13:20,Medio (4 - 8 mts),66,Grande,-68.854767507,-32.8658952986,6,Residencial Norte,2694682.37982,0
11429,Acer,24/01/2011 12:06,Medio (4 - 8 mts),41,Mediano,-68.8515507396,-32.9020362928,2,Barrio Civico,2366816.36021,0
21063,Morera,23/06/2011 11:12,Alto (> 8 mts),205,Grande,-68.8630448892,-32.899379893,5,Residencial Sur,2423808.92355,0
17996,Olmo bola,29/07/2011 17:51,Medio (4 - 8 mts),70,Grande,-68.8401055159,-32.8674887471,4,Cuarta Oeste,1173332.70145,0
11908,Paraiso,02/03/2011 13:23,Alto (> 8 mts),180,Grande,-68.8503930328,-32.8661884516,6,Residencial Norte,2694682.37982,0
10625,Acacia SP,17/03/2011 10:01,Medio (4 - 8 mts),52,Mediano,-68.8571133931,-32.8743011076,6,Residencial Norte,2694682.37982,0
6256,Prunas,14/07/2011 09:21,Medio (4 - 8 mts),75,Grande,-68.854516732,-32.8852215225,5,Residencial Sur,2423808.92355,0
28988,Platano,25/04/2011 09:03,Alto (> 8 mts),210,Grande,-68.8463470675,-32.8870267044,1,Parque Central,1655357.93265,0
6092,Fresno americano,18/04/2011 09:40,Alto (> 8 mts),80,Grande,-68.8469135202,-32.8838731849,1,Parque Central,1655357.93265,1
38485,Paraiso,02/11/2010 11:00,Alto (> 8 mts),195,Grande,-68.8506857484,-32.8703345865,6,Residencial Norte,2694682.37982,1
22303,Fresno europeo,09/06/2011 10:57,Medio (4 - 8 mts),77,Grande,-68.858090473,-32.8975723046,5,Residencial Sur,2423808.92355,0
117,Acer,29/02/2012 10:43,Medio (4 - 8 mts),80,Grande,-68.8565642207,-32.8636422827,6,Residencial Norte,2694682.37982,0
23405,Morera,27/01/2011 19:23,Alto (> 8 mts),150,Grande,-68.8500349203,-32.9015671489,2,Barrio Civico,2366816.36021,1
37237,Olmo bola,11/03/2011 13:54,Alto (> 8 mts),120,Grande,-68.8573472202,-32.8726166645,6,Residencial Norte,2694682.37982,0
33602,Morera,17/05/2011 09:30,Alto (> 8 mts),205,Grande,-68.8541241949,-32.8868171796,5,Residencial Sur,2423808.92355,0
14100,Acer,02/12/2011 08:44,Medio (4 - 8 mts),30,Mediano,-68.8769047016,-32.8687901684,8,Aeroparque,2203364.73622,0
45150,Paraiso,01/09/2011 11:39,Medio (4 - 8 mts),80,Grande,-68.8244556747,-32.8708665216,4,Cuarta Este Área Fundacional,1822015.85685,0
34322,Morera,09/03/2011 09:27,Alto (> 8 mts),200,Grande,-68.8515969453,-32.8746399982,6,Residencial Norte,2694682.37982,0
38543,Fresno europeo,20/12/2010 10:49,Muy bajo (1 - 2 mts),5,Chico,-68.8532935434,-32.8716010415,6,Residencial Norte,2694682.37982,0
34952,Morera,04/04/2011 11:58,Alto (> 8 mts),110,Grande,-68.8573078397,-32.8797715883,7,Residencial Parque,1786336.08966,0
30246,Morera,09/03/2011 13:57,Alto (> 8 mts),111,Grande,-68.8421713558,-32.8902176832,2,Barrio Civico,2366816.36021,1
25849,Tipa,03/02/2011 16:51,Medio (4 - 8 mts),68,Grande,-68.8402876563,-32.9017938384,2,Barrio Civico,2366816.36021,0
24392,Morera,21/01/2011 13:03,Alto (> 8 mts),80,Grande,-68.8441220313,-32.9032466604,2,Barrio Civico,2366816.36021,0
42455,Acacia SP,26/09/2011 09:55,Alto (> 8 mts),122,Grande,-68.8322300205,-32.8755442664,4,Cuarta Este Área Fundacional,1822015.85685,0
12943,Fresno europeo,14/01/2011 10:43,Medio (4 - 8 mts),70,Grande,-68.8445285499,-32.8638619797,4,Cuarta Oeste,1173332.70145,0
13132,Fresno europeo,17/02/2011 12:07,Muy bajo (1 - 2 mts),30,Mediano,-68.8457471301,-32.8649502193,4,Cuarta Oeste,1173332.70145,0
41898,Morera,18/04/2011 09:40,Alto (> 8 mts),180,Grande,-68.8421486711,-32.8787366374,1,Parque Central,1655357.93265,0
35399,Morera,21/06/2011 09:39,Bajo (2 - 4 mts),54,Mediano,-68.8557462373,-32.8826712756,5,Residencial Sur,2423808.92355,0
11781,Paraiso sombrilla,25/01/2011 13:23,Medio (4 - 8 mts),170,Grande,-68.848702788,-32.864073179,6,Residencial Norte,2694682.37982,0
19215,Morera,06/07/2011 09:19,Alto (> 8 mts),128,Grande,-68.8386883085,-32.8725071108,4,Cuarta Oeste,1173332.70145,0
9629,Morera,26/01/2011 09:41,Medio (4 - 8 mts),80,Grande,-68.8496958919,-32.863383185000004,6,Residencial Norte,2694682.37982,0
44600,Fresno americano,19/10/2011 10:32,Alto (> 8 mts),250,Grande,-68.8348360398,-32.8859576866,3,Parque O'Higgins,1531146.02653,0
42978,Platano,06/10/2011 18:08,Alto (> 8 mts),150,Grande,-68.8337386971,-32.8783003224,4,Cuarta Este Área Fundacional,1822015.85685,0
27830,Morera,02/11/2011 10:32,Medio (4 - 8 mts),30,Mediano,-68.8362828011,-32.8950903856,2,Barrio Civico,2366816.36021,0
10114,Jacaranda,03/01/2011 12:18,Muy bajo (1 - 2 mts),2,Chico,-68.8569165966,-32.8717573963,6,Residencial Norte,2694682.37982,0
18565,Morera,05/08/2011 13:54,Alto (> 8 mts),220,Grande,-68.8369085687,-32.8733911682,4,Cuarta Oeste,1173332.70145,0
19034,Morera,12/07/2011 10:48,Alto (> 8 mts),170,Grande,-68.8402073358,-32.8719589369,4,Cuarta Oeste,1173332.70145,1
35211,Fresno europeo,23/03/2011 09:53,Alto (> 8 mts),125,Grande,-68.8524903529,-32.881513065,1,Parque Central,1655357.93265,0
6120,Morera,28/04/2011 11:03,Alto (> 8 mts),102,Grande,-68.8384974274,-32.8822733314,1,Parque Central,1655357.93265,1
21317,Fresno europeo,15/06/2011 12:08,Medio (4 - 8 mts),52,Mediano,-68.8539031936,-32.8988611729,5,Residencial Sur,2423808.92355,0
20061,Paraiso,09/08/2011 09:49,Medio (4 - 8 mts),73,Grande,-68.8341299278,-32.8653774031,4,Cuarta Oeste,1173332.70145,1
3117,Morera,15/09/2011 10:25,Alto (> 8 mts),148,Grande,-68.8300127114,-32.8729533546,4,Cuarta Este Área Fundacional,1822015.85685,0
46995,Alamo blanco,08/09/2011 12:55,Alto (> 8 mts),120,Grande,-68.8318107681,-32.8717819375,4,Cuarta Este Área Fundacional,1822015.85685,0
17215,Morera,12/08/2011 10:08,Alto (> 8 mts),220,Grande,-68.8357922435,-32.8636698921,4,Cuarta Oeste,1173332.70145,0
12871,Olmo bola,19/01/2011 09:08,Medio (4 - 8 mts),110,Grande,-68.8456792857,-32.8642970892,4,Cuarta Oeste,1173332.70145,0
9687,Jacaranda,20/01/2011 12:28,Medio (4 - 8 mts),90,Grande,-68.8470681445,-32.8636126803,4,Cuarta Oeste,1173332.70145,0
3316,Morera,07/10/2011 18:32,Medio (4 - 8 mts),70,Grande,-68.8308824388,-32.8770523948,4,Cuarta Este Área Fundacional,1822015.85685,0
26187,Fresno americano,19/10/2011 12:43,Medio (4 - 8 mts),127,Grande,-68.8315634309,-32.8877608532,3,Parque O'Higgins,1531146.02653,0
4000,Acer,27/09/2011 09:59,Medio (4 - 8 mts),100,Grande,-68.8221181679,-32.8738695645,4,Cuarta Este Área Fundacional,1822015.85685,0
10592,Conifera,30/03/2011 09:38,Medio (4 - 8 mts),45,Mediano,-68.8518299827,-32.8767991078,6,Residencial Norte,2694682.37982,0
33442,Jacaranda,15/06/2011 12:09,Medio (4 - 8 mts),50,Mediano,-68.8560489361,-32.8887814918,5,Residencial Sur,2423808.92355,0
19033,Morera,13/07/2011 09:59,Alto (> 8 mts),145,Grande,-68.8401299874,-32.871971359,4,Cuarta Oeste,1173332.70145,1
10252,Paraiso,09/12/2010 10:51,Bajo (2 - 4 mts),80,Grande,-68.8493822833,-32.8716222413,6,Residencial Norte,2694682.37982,0
2815,Acacia SP,09/11/2011 10:03,Bajo (2 - 4 mts),30,Mediano,-68.8328698446,-32.8912985977,3,Parque O'Higgins,1531146.02653,0
36966,Fresno europeo,07/04/2011 17:18,Alto (> 8 mts),88,Grande,-68.8572255836,-32.8781219475,7,Residencial Parque,1786336.08966,0
13540,Morera,28/01/2011 12:52,Alto (> 8 mts),160,Grande,-68.8511938807,-32.8643133469,6,Residencial Norte,2694682.37982,0
9063,Fresno europeo,15/02/2011 13:00,Medio (4 - 8 mts),43,Mediano,-68.8556468591,-32.8656349032,6,Residencial Norte,2694682.37982,0
40425,Platano,11/04/2011 12:30,Alto (> 8 mts),220,Grande,-68.8444247042,-32.8839106133,1,Parque Central,1655357.93265,0
43955,Olmo comun,12/10/2011 11:36,Medio (4 - 8 mts),80,Grande,-68.8312727537,-32.8848798264,3,Parque O'Higgins,1531146.02653,0
43507,Morera,10/11/2011 12:18,Medio (4 - 8 mts),120,Grande,-68.828257186,-32.8831645807,3,Parque O'Higgins,1531146.02653,1
31012,Paraiso,10/02/2011 10:19,Medio (4 - 8 mts),112,Grande,-68.8554827044,-32.8641237869,6,Residencial Norte,2694682.37982,0
30726,Morera,04/02/2011 12:06,Medio (4 - 8 mts),37,Mediano,-68.8556053002,-32.8678870379,6,Residencial Norte,2694682.37982,0
15701,Tipa,18/11/2011 08:11,Bajo (2 - 4 mts),30,Mediano,-68.8606958669,-32.869298391,6,Residencial Norte,2694682.37982,0
15070,Fresno europeo,17/11/2011 12:29,Bajo (2 - 4 mts),45,Mediano,-68.8582683422,-32.8698415241,6,Residencial Norte,2694682.37982,0
27335,Platano,25/10/2011 09:02,Alto (> 8 mts),220,Grande,-68.8355937739,-32.890912759,3,Parque O'Higgins,1531146.02653,0
37092,Platano,06/04/2011 09:14,Alto (> 8 mts),180,Grande,-68.8578974955,-32.8767249072,7,Residencial Parque,1786336.08966,0
654,Morera,07/03/2012 15:50,Medio (4 - 8 mts),84,Grande,-68.8177525958,-32.8681408936,4,Cuarta Este Área Fundacional,1822015.85685,0
15132,Morera,18/11/2011 08:46,Medio (4 - 8 mts),110,Grande,-68.8591527093,-32.8697138664,6,Residencial Norte,2694682.37982,0
18763,Morera,11/07/2011 11:51,Alto (> 8 mts),180,Grande,-68.8378804832,-32.8725211248,4,Cuarta Oeste,1173332.70145,0
24602,Fresno europeo,07/02/2011 10:38,Medio (4 - 8 mts),90,Grande,-68.8436449652,-32.9030466741,2,Barrio Civico,2366816.36021,0
13284,Morera,23/02/2011 13:06,Alto (> 8 mts),140,Grande,-68.8476780597,-32.865258644,6,Residencial Norte,2694682.37982,0
30954,Fresno europeo,11/02/2011 09:04,Muy bajo (1 - 2 mts),5,Chico,-68.8554056813,-32.8640301596,6,Residencial Norte,2694682.37982,0
42442,Morera,26/09/2011 10:21,Alto (> 8 mts),130,Grande,-68.8324084753,-32.8764309053,4,Cuarta Este Área Fundacional,1822015.85685,0
47319,Paraiso,21/09/2011 11:20,Alto (> 8 mts),185,Grande,-68.8307480052,-32.8750014341,4,Cuarta Este Área Fundacional,1822015.85685,0
36096,Platano,06/04/2011 09:01,Alto (> 8 mts),160,Grande,-68.855726032,-32.876196744,6,Residencial Norte,2694682.37982,0
30005,Fresno europeo,28/04/2011 12:34,Medio (4 - 8 mts),40,Mediano,-68.8414407413,-32.8868311375,3,Parque O'Higgins,1531146.02653,1
4022,Fresno americano,21/09/2011 10:57,Medio (4 - 8 mts),35,Mediano,-68.8305388828,-32.8731154221,4,Cuarta Este Área Fundacional,1822015.85685,0
10726,Platano,06/04/2011 10:03,Alto (> 8 mts),130,Grande,-68.8583448281,-32.8756991834,7,Residencial Parque,1786336.08966,0
8158,Morera,03/03/2011 09:52,Alto (> 8 mts),60,Mediano,-68.8453950879,-32.8907688061,2,Barrio Civico,2366816.36021,1
21828,Platano,12/05/2011 12:39,Alto (> 8 mts),170,Grande,-68.8552566082,-32.8940294138,5,Residencial Sur,2423808.92355,0
44283,Fresno americano,21/10/2011 16:28,Medio (4 - 8 mts),120,Grande,-68.8352689067,-32.8798644399,1,Parque Central,1655357.93265,0
4258,Caducifolio,18/07/2011 14:11,Bajo (2 - 4 mts),2,Chico,-68.8362305989,-32.8714517036,4,Cuarta Oeste,1173332.70145,0
28771,Morera,20/04/2011 10:15,Alto (> 8 mts),185,Grande,-68.8489117942,-32.8863591533,1,Parque Central,1655357.93265,0
4001,Morera,27/09/2011 09:55,Medio (4 - 8 mts),108,Grande,-68.821835057,-32.8741161445,4,Cuarta Este Área Fundacional,1822015.85685,0
20295,Acacia SP,17/05/2011 09:43,Alto (> 8 mts),140,Grande,-68.8603484423,-32.8931649816,5,Residencial Sur,2423808.92355,0
37957,Morera,26/08/2010 09:03,Medio (4 - 8 mts),126,Grande,-68.8475320645,-32.8739184767,6,Residencial Norte,2694682.37982,0
20064,Morera,09/08/2011 09:39,Alto (> 8 mts),107,Grande,-68.8341769937,-32.8655826985,4,Cuarta Oeste,1173332.70145,1
10607,Morera,01/04/2011 13:04,Medio (4 - 8 mts),66,Grande,-68.8506383062,-32.876220337,6,Residencial Norte,2694682.37982,0
4845,Paraiso,27/07/2011 11:14,Alto (> 8 mts),157,Grande,-68.8385353497,-32.8657958227,4,Cuarta Oeste,1173332.70145,0
21525,Platano,11/05/2011 11:17,Alto (> 8 mts),210,Grande,-68.8539053577,-32.8948733581,5,Residencial Sur,2423808.92355,0
15376,Morera,15/11/2011 14:07,Bajo (2 - 4 mts),42,Mediano,-68.860653788,-32.8698251106,7,Residencial Parque,1786336.08966,0
2667,Fresno europeo,07/10/2011 09:20,Bajo (2 - 4 mts),40,Mediano,-68.8298369292,-32.8840625405,3,Parque O'Higgins,1531146.02653,0
25328,Fresno americano,09/02/2011 10:37,Bajo (2 - 4 mts),56,Mediano,-68.8399168448,-32.8993984081,2,Barrio Civico,2366816.36021,0
19759,Morera,12/08/2011 09:18,Alto (> 8 mts),180,Grande,-68.8340074974,-32.8690987149,4,Cuarta Oeste,1173332.70145,1
31150,Fresno europeo,07/02/2011 09:37,Bajo (2 - 4 mts),60,Mediano,-68.8542393228,-32.8635531618,6,Residencial Norte,2694682.37982,0
2446,Morera,27/10/2011 08:40,Medio (4 - 8 mts),110,Grande,-68.8360487357,-32.8910882267,3,Parque O'Higgins,1531146.02653,0
32292,Acacia SP,28/06/2011 10:05,Alto (> 8 mts),138,Grande,-68.8511128565,-32.8908066109,5,Residencial Sur,2423808.92355,1
19756,Morera,12/08/2011 09:23,Alto (> 8 mts),120,Grande,-68.8342169941,-32.8690761419,4,Cuarta Oeste,1173332.70145,1
5318,Paraiso sombrilla,28/04/2011 12:23,Bajo (2 - 4 mts),40,Mediano,-68.8444841809,-32.8760903501,1,Parque Central,1655357.93265,0
30188,Morera,09/03/2011 10:35,Alto (> 8 mts),140,Grande,-68.8430909572,-32.8897731848,2,Barrio Civico,2366816.36021,0
38118,Fresno europeo,03/12/2010 11:29,Alto (> 8 mts),190,Grande,-68.8462941549,-32.8729417175,6,Residencial Norte,2694682.37982,0
17814,Paraiso,21/07/2011 12:40,Alto (> 8 mts),90,Grande,-68.8432304576,-32.8696014051,4,Cuarta Oeste,1173332.70145,0
9282,Morera,23/02/2011 09:13,Medio (4 - 8 mts),52,Mediano,-68.848351431,-32.8661319864,6,Residencial Norte,2694682.37982,0
20569,Fresno europeo,02/06/2011 13:49,Medio (4 - 8 mts),83,Grande,-68.8582622532,-32.8980369954,5,Residencial Sur,2423808.92355,0
41671,Fresno europeo,26/04/2011 12:59,Medio (4 - 8 mts),90,Grande,-68.8372275846,-32.8769251404,1,Parque Central,1655357.93265,0
7721,Morera,31/05/2011 13:14,Bajo (2 - 4 mts),12,Chico,-68.8562666737,-32.8840966809,5,Residencial Sur,2423808.92355,0
12755,Morera,24/01/2011 13:33,Alto (> 8 mts),110,Grande,-68.8481122082,-32.8640853351,6,Residencial Norte,2694682.37982,0
45139,Paraiso,01/09/2011 13:32,Medio (4 - 8 mts),61,Grande,-68.8243831574,-32.8702531778,4,Cuarta Este Área Fundacional,1822015.85685,0
11949,Morera,12/05/2010 10:56,Medio (4 - 8 mts),190,Grande,-68.8517228107,-32.8671942047,6,Residencial Norte,2694682.37982,0
32,Fresno europeo,01/03/2012 13:34,Medio (4 - 8 mts),50,Mediano,-68.8554957289,-32.8960635292,5,Residencial Sur,2423808.92355,0
27883,Platano,04/11/2011 07:38,Alto (> 8 mts),180,Grande,-68.8383093859,-32.8934142266,2,Barrio Civico,2366816.36021,0
47358,Platano,23/09/2011 08:56,Alto (> 8 mts),250,Grande,-68.8278228277,-32.8745733755,4,Cuarta Este Área Fundacional,1822015.85685,0
9076,Paraiso sombrilla,17/02/2011 12:49,Alto (> 8 mts),92,Grande,-68.8546081838,-32.8659494425,6,Residencial Norte,2694682.37982,0
46856,Morera,15/09/2011 13:10,Medio (4 - 8 mts),108,Grande,-68.8337828435,-32.8726774307,4,Cuarta Este Área Fundacional,1822015.85685,0
41097,Platano,02/05/2011 15:19,Alto (> 8 mts),178,Grande,-68.8374667154,-32.8827887093,1,Parque Central,1655357.93265,0
26380,Platano,25/10/2011 09:50,Alto (> 8 mts),175,Grande,-68.8336967878,-32.8899121641,3,Parque O'Higgins,1531146.02653,0
4203,Paraiso,05/07/2011 13:14,Alto (> 8 mts),160,Grande,-68.8376905314,-32.8737334078,4,Cuarta Oeste,1173332.70145,0
4587,Morera,16/08/2011 07:36,Alto (> 8 mts),145,Grande,-68.8346066969,-32.8671829144,4,Cuarta Oeste,1173332.70145,0
33979,Fresno europeo,26/05/2011 12:56,Bajo (2 - 4 mts),52,Mediano,-68.8544505492,-32.8838794133,5,Residencial Sur,2423808.92355,0
40006,Morera,20/04/2011 12:29,Medio (4 - 8 mts),140,Grande,-68.8443089102,-32.8782029277,1,Parque Central,1655357.93265,0
36324,Fresno europeo,01/04/2011 12:56,Medio (4 - 8 mts),100,Grande,-68.8531101486,-32.8776622778,6,Residencial Norte,2694682.37982,0
6228,Platano,11/04/2011 15:10,Alto (> 8 mts),186,Grande,-68.8386213856,-32.8871921375,3,Parque O'Higgins,1531146.02653,0
14244,Morera,30/11/2011 14:31,Medio (4 - 8 mts),70,Grande,-68.8775896288,-32.8668538476,8,Aeroparque,2203364.73622,0
34405,Morera,23/03/2011 12:45,Alto (> 8 mts),170,Grande,-68.8510855673,-32.8758381022,6,Residencial Norte,2694682.37982,0
6718,Fresno europeo,13/05/2011 09:58,Bajo (2 - 4 mts),21,Mediano,-68.8562348189,-32.8942346562,5,Residencial Sur,2423808.92355,0
22159,Morera,18/05/2011 11:09,Bajo (2 - 4 mts),10,Chico,-68.8539799009,-32.8984265576,5,Residencial Sur,2423808.92355,0
34175,Morera,10/03/2011 10:08,Medio (4 - 8 mts),130,Grande,-68.8565697749,-32.8737533024,6,Residencial Norte,2694682.37982,0
2365,Fresno europeo,02/11/2011 17:15,Alto (> 8 mts),170,Grande,-68.8347213115,-32.8875207503,3,Parque O'Higgins,1531146.02653,0
44447,Platano,18/10/2011 10:03,Alto (> 8 mts),230,Grande,-68.8373164137,-32.8845711596,3,Parque O'Higgins,1531146.02653,0
12090,Morera,05/05/2010 11:50,Bajo (2 - 4 mts),10,Chico,-68.8525626091,-32.8685117998,6,Residencial Norte,2694682.37982,0
46992,Alamo blanco,08/09/2011 12:48,Alto (> 8 mts),150,Grande,-68.8316059155,-32.8717938248,4,Cuarta Este Área Fundacional,1822015.85685,0
2941,Paraiso,21/09/2011 09:25,Alto (> 8 mts),118,Grande,-68.8284814797,-32.8731677051,4,Cuarta Este Área Fundacional,1822015.85685,1
23111,Fresno europeo,17/01/2011 16:42,Alto (> 8 mts),190,Grande,-68.8477570323,-32.9021957746,2,Barrio Civico,2366816.36021,0
36889,Olmo bola,07/04/2011 14:36,Alto (> 8 mts),90,Grande,-68.859258855,-32.8800368337,7,Residencial Parque,1786336.08966,0
15823,Fresno europeo,25/11/2011 10:11,Muy bajo (1 - 2 mts),20,Chico,-68.871152697,-32.8756767066,7,Residencial Parque,1786336.08966,0
967,Morera,25/01/2012 08:16,Alto (> 8 mts),105,Grande,-68.8497842782,-32.8729473279,6,Residencial Norte,2694682.37982,1
1997,Caducifolio,14/11/2011 13:30,Medio (4 - 8 mts),35,Mediano,-68.8321193912,-32.8940893087,3,Parque O'Higgins,1531146.02653,0
19695,Jacaranda,12/07/2011 09:47,Medio (4 - 8 mts),38,Mediano,-68.8349231109,-32.8715546131,4,Cuarta Oeste,1173332.70145,0
25706,Morera,04/02/2011 09:37,Bajo (2 - 4 mts),23,Mediano,-68.8410678529,-32.9025755958,2,Barrio Civico,2366816.36021,0
10224,Paraiso,14/12/2010 13:31,Alto (> 8 mts),75,Grande,-68.8504112302,-32.8707927891,6,Residencial Norte,2694682.37982,0
4456,Morera,02/08/2011 09:37,Medio (4 - 8 mts),70,Grande,-68.8388026323,-32.8682886121,4,Cuarta Oeste,1173332.70145,0
28803,Fresno europeo,04/10/2011 11:08,Muy bajo (1 - 2 mts),12,Chico,-68.8482490507,-32.8856956405,1,Parque Central,1655357.93265,0
35696,Fresno europeo,17/03/2011 12:49,Medio (4 - 8 mts),80,Grande,-68.8548953568,-32.8749499029,6,Residencial Norte,2694682.37982,0
40401,Morera,08/04/2011 12:08,Alto (> 8 mts),125,Grande,-68.8452205745,-32.8824147849,1,Parque Central,1655357.93265,1
8407,Morera,16/02/2011 16:35,Medio (4 - 8 mts),88,Grande,-68.8381134788,-32.90227798,2,Barrio Civico,2366816.36021,0
47297,Platano,20/09/2011 10:37,Alto (> 8 mts),280,Grande,-68.8313712472,-32.8739489833,4,Cuarta Este Área Fundacional,1822015.85685,0
12582,Morera,11/01/2011 11:41,Alto (> 8 mts),150,Grande,-68.8452243501,-32.862837548,4,Cuarta Oeste,1173332.70145,0
37282,Paraiso,15/03/2011 10:03,Alto (> 8 mts),95,Grande,-68.8580209052,-32.8735134842,6,Residencial Norte,2694682.37982,0
486,Morera,07/03/2012 10:04,Medio (4 - 8 mts),50,Mediano,-68.8226764795,-32.8680284566,4,Cuarta Este Área Fundacional,1822015.85685,0
17916,Paraiso,29/07/2011 13:59,Alto (> 8 mts),160,Grande,-68.8372913985,-32.8674370583,4,Cuarta Oeste,1173332.70145,0
11544,Morera,22/02/2011 09:35,Alto (> 8 mts),170,Grande,-68.8535957199,-32.865655255,6,Residencial Norte,2694682.37982,0
38358,Paraiso,05/11/2010 10:37,Alto (> 8 mts),270,Grande,-68.8523410917,-32.8696025982,6,Residencial Norte,2694682.37982,0
26134,Fresno europeo,10/11/2011 18:08,Medio (4 - 8 mts),150,Grande,-68.8299783864,-32.8866138304,3,Parque O'Higgins,1531146.02653,0
8127,Morera,22/02/2011 08:22,Alto (> 8 mts),140,Grande,-68.8499983162,-32.8906393659,5,Residencial Sur,2423808.92355,0
34830,Ailanthus,29/03/2011 13:11,Alto (> 8 mts),130,Grande,-68.8525389665,-32.8765161845,6,Residencial Norte,2694682.37982,0
4175,Morera,07/07/2011 10:57,Alto (> 8 mts),80,Grande,-68.8367891368,-32.8734152562,4,Cuarta Oeste,1173332.70145,1
47511,Morera,29/08/2011 14:06,Alto (> 8 mts),160,Grande,-68.8268371634,-32.8711070306,4,Cuarta Este Área Fundacional,1822015.85685,1
30730,Morera,04/02/2011 12:21,Medio (4 - 8 mts),40,Mediano,-68.855585232,-32.8680203475,6,Residencial Norte,2694682.37982,0
11812,Morera,02/03/2011 12:47,Alto (> 8 mts),250,Grande,-68.8504775349,-32.8652021865,6,Residencial Norte,2694682.37982,0
7555,Fresno europeo,17/06/2011 09:27,Medio (4 - 8 mts),60,Mediano,-68.8558371657,-32.882395403,5,Residencial Sur,2423808.92355,1
13498,Fresno europeo,31/01/2011 12:32,Alto (> 8 mts),150,Grande,-68.8517020871,-32.8633442328,6,Residencial Norte,2694682.37982,0
15124,Morera,18/11/2011 08:56,Medio (4 - 8 mts),92,Grande,-68.8590933332,-32.8693283359,6,Residencial Norte,2694682.37982,0
25560,Morera,08/02/2011 16:06,Medio (4 - 8 mts),102,Grande,-68.8391111257,-32.901068476,2,Barrio Civico,2366816.36021,0
38624,Morera,17/12/2010 13:28,Alto (> 8 mts),190,Grande,-68.852273018099993,-32.8718664661,6,Residencial Norte,2694682.37982,0
43642,Platano,14/10/2011 17:36,Alto (> 8 mts),140,Grande,-68.8339103044,-32.8816209106,3,Parque O'Higgins,1531146.02653,0
13071,Morera,17/02/2011 11:16,Medio (4 - 8 mts),160,Grande,-68.8456076488,-32.8644823181,4,Cuarta Oeste,1173332.70145,0
10351,Fresno americano,27/08/2010 09:07,Bajo (2 - 4 mts),10,Chico,-68.8483030377,-32.8734288763,6,Residencial Norte,2694682.37982,0
4732,Jacaranda,09/08/2011 12:22,Muy bajo (1 - 2 mts),12,Chico,-68.8340424332,-32.8664211882,4,Cuarta Oeste,1173332.70145,1
2923,Paraiso,19/09/2011 10:49,Bajo (2 - 4 mts),58,Mediano,-68.8218006916,-32.87228847,4,Cuarta Este Área Fundacional,1822015.85685,0
41632,Olmo comun,03/05/2011 11:24,Alto (> 8 mts),136,Grande,-68.8372604151,-32.878490252,1,Parque Central,1655357.93265,0
26120,Olmo comun,11/11/2011 12:23,Bajo (2 - 4 mts),84,Grande,-68.8312292552,-32.8862912763,3,Parque O'Higgins,1531146.02653,0
16584,Fresno europeo,27/07/2011 12:35,Medio (4 - 8 mts),65,Grande,-68.8415753139,-32.8648895878,4,Cuarta Oeste,1173332.70145,0
47219,Morera,19/09/2011 10:33,Bajo (2 - 4 mts),96,Grande,-68.8322818395,-32.875222251,4,Cuarta Este Área Fundacional,1822015.85685,0
39305,Morera,30/11/2010 10:49,Alto (> 8 mts),140,Grande,-68.8560370769,-32.8724519966,6,Residencial Norte,2694682.37982,0
1998,Morera,14/11/2011 13:28,Medio (4 - 8 mts),28,Mediano,-68.8320897153,-32.8940537441,3,Parque O'Higgins,1531146.02653,0
40031,Morera,19/04/2011 09:11,Alto (> 8 mts),190,Grande,-68.8436896647,-32.8784461535,1,Parque Central,1655357.93265,0
11738,Morera,02/06/2010 10:48,Medio (4 - 8 mts),168,Grande,-68.8509370536,-32.8675974909,6,Residencial Norte,2694682.37982,0
28850,Fresno americano,27/04/2011 09:24,Alto (> 8 mts),65,Grande,-68.8473291647,-32.8854950332,1,Parque Central,1655357.93265,0
22912,Fresno europeo,19/05/2011 16:36,Alto (> 8 mts),36,Mediano,-68.855103668,-32.8994771286,5,Residencial Sur,2423808.92355,0
1561,Acer,21/11/2011 17:43,Bajo (2 - 4 mts),80,Grande,-68.8735891384,-32.8788981639,7,Residencial Parque,1786336.08966,0
33509,Platano,16/06/2011 13:33,Alto (> 8 mts),93,Grande,-68.8543112649,-32.8896788116,5,Residencial Sur,2423808.92355,0
29510,Morera,18/02/2011 11:41,Bajo (2 - 4 mts),18,Chico,-68.8451707053,-32.8929022114,2,Barrio Civico,2366816.36021,0
45835,Fresno europeo,26/08/2011 10:59,Medio (4 - 8 mts),100,Grande,-68.8203988254,-32.8691581843,4,Cuarta Este Área Fundacional,1822015.85685,0
20300,Morera,17/05/2011 09:21,Alto (> 8 mts),98,Grande,-68.8602851844,-32.8926799813,5,Residencial Sur,2423808.92355,0
22,Fresno europeo,02/03/2012 12:53,Bajo (2 - 4 mts),60,Mediano,-68.8562696772,-32.8959249395,5,Residencial Sur,2423808.92355,0
18438,Morera,11/07/2011 10:17,Alto (> 8 mts),130,Grande,-68.8393340037,-32.8729275902,4,Cuarta Oeste,1173332.70145,0
38202,Fresno americano,25/08/2010 10:43,Alto (> 8 mts),102,Grande,-68.8470803901,-32.8736534522,6,Residencial Norte,2694682.37982,0
19966,Morera,05/08/2011 09:21,Alto (> 8 mts),103,Grande,-68.8335144072,-32.8646321462,4,Cuarta Oeste,1173332.70145,1
24628,Platano,17/01/2011 12:50,Alto (> 8 mts),270,Grande,-68.8420845081,-32.9005728206,2,Barrio Civico,2366816.36021,1
34706,Morera,01/04/2011 12:04,Alto (> 8 mts),160,Grande,-68.8499480545,-32.8772755031,6,Residencial Norte,2694682.37982,0
3238,Morera,28/09/2011 08:45,Alto (> 8 mts),75,Grande,-68.8338831188,-32.8737592123,4,Cuarta Este Área Fundacional,1822015.85685,0
1967,Morera,17/05/2011 10:18,Medio (4 - 8 mts),49,Mediano,-68.8591339737,-32.8925552681,5,Residencial Sur,2423808.92355,0
20048,Tipa,09/08/2011 10:23,Alto (> 8 mts),280,Grande,-68.8335884072,-32.8647689416,4,Cuarta Oeste,1173332.70145,0
11002,Morera,29/03/2011 10:52,Alto (> 8 mts),168,Grande,-68.8513066782,-32.8810579027,1,Parque Central,1655357.93265,0
3243,Paraiso sombrilla,29/09/2011 11:18,Medio (4 - 8 mts),80,Grande,-68.8270953741,-32.867728406,4,Cuarta Este Área Fundacional,1822015.85685,0
20215,Olmo bola,26/05/2011 13:14,Medio (4 - 8 mts),72,Grande,-68.8605321663,-32.8943225975,5,Residencial Sur,2423808.92355,0
35151,Morera,30/03/2011 10:46,Alto (> 8 mts),120,Grande,-68.8515588318,-32.8825056041,1,Parque Central,1655357.93265,0
10464,Fresno americano,09/03/2011 09:19,Bajo (2 - 4 mts),14,Chico,-68.8545046906,-32.8734589092,6,Residencial Norte,2694682.37982,0
33719,Morera,11/05/2011 10:01,Alto (> 8 mts),185,Grande,-68.8577275768,-32.8871477424,5,Residencial Sur,2423808.92355,0
6024,Morera,15/04/2011 11:47,Alto (> 8 mts),185,Grande,-68.8420064762,-32.8850502037,1,Parque Central,1655357.93265,0
30837,Fresno europeo,14/02/2011 13:37,Alto (> 8 mts),74,Grande,-68.8552573207,-32.8666237146,6,Residencial Norte,2694682.37982,0
22211,Fresno europeo,18/05/2011 10:18,Alto (> 8 mts),78,Grande,-68.8565225499,-32.8993484137,5,Residencial Sur,2423808.92355,0
18548,Morera,05/07/2011 12:15,Alto (> 8 mts),198,Grande,-68.8384075606,-32.8742459716,4,Cuarta Oeste,1173332.70145,0
36720,Platano,14/06/2011 10:16,Alto (> 8 mts),320,Grande,-68.8598512129,-32.8812413493,7,Residencial Parque,1786336.08966,1
47125,Prunas,20/09/2011 11:15,Alto (> 8 mts),180,Grande,-68.8331509414,-32.873811271,4,Cuarta Este Área Fundacional,1822015.85685,0
35482,Fresno europeo,08/04/2011 11:00,Medio (4 - 8 mts),46,Mediano,-68.8565911365,-32.8817224942,7,Residencial Parque,1786336.08966,0
11645,Paraiso,27/01/2011 10:36,Alto (> 8 mts),183,Grande,-68.8501099917,-32.8678892234,6,Residencial Norte,2694682.37982,1
41663,Olmo bola,27/04/2011 13:10,Alto (> 8 mts),120,Grande,-68.8382453835,-32.876345139,1,Parque Central,1655357.93265,0
6546,Morera,23/05/2011 10:34,Alto (> 8 mts),158,Grande,-68.8565445436,-32.8912784183,5,Residencial Sur,2423808.92355,0
3350,Acer,27/09/2011 12:12,Medio (4 - 8 mts),75,Grande,-68.8263076785,-32.8760366488,4,Cuarta Este Área Fundacional,1822015.85685,0
29763,Morera,15/03/2011 08:56,Alto (> 8 mts),68,Grande,-68.8410033515,-32.8936749585,2,Barrio Civico,2366816.36021,1
3942,Morera,07/09/2011 08:51,Medio (4 - 8 mts),33,Mediano,-68.8206333401,-32.8709371852,4,Cuarta Este Área Fundacional,1822015.85685,0
45858,Paraiso sombrilla,25/08/2011 12:57,Bajo (2 - 4 mts),50,Mediano,-68.8196713137,-32.869626018699996,4,Cuarta Este Área Fundacional,1822015.85685,0
2289,Platano,04/11/2011 11:01,Alto (> 8 mts),154,Grande,-68.8401485968,-32.893988999,2,Barrio Civico,2366816.36021,0
47663,Morera,08/09/2011 15:17,Alto (> 8 mts),246,Grande,-68.8291242206,-32.87142358,4,Cuarta Este Área Fundacional,1822015.85685,0
924,Morera,16/01/2012 12:59,Bajo (2 - 4 mts),80,Grande,-68.8529279109,-32.8721445538,6,Residencial Norte,2694682.37982,0
25100,Fresno europeo,11/02/2011 13:57,Bajo (2 - 4 mts),27,Mediano,-68.836336246,-32.9004215172,2,Barrio Civico,2366816.36021,0
45839,Morera,26/08/2011 10:51,Medio (4 - 8 mts),112,Grande,-68.8203588954,-32.8688248609,4,Cuarta Este Área Fundacional,1822015.85685,0
7649,Fresno europeo,27/05/2011 10:56,Bajo (2 - 4 mts),84,Grande,-68.8548377122,-32.8846856968,5,Residencial Sur,2423808.92355,0
34660,Morera,01/04/2011 13:16,Alto (> 8 mts),147,Grande,-68.8507379087,-32.8765808601,6,Residencial Norte,2694682.37982,0
28957,Platano,25/04/2011 12:33,Alto (> 8 mts),180,Grande,-68.8450016373,-32.886082959,1,Parque Central,1655357.93265,0
42435,Morera,26/09/2011 10:36,Alto (> 8 mts),135,Grande,-68.8330689512,-32.8763904188,4,Cuarta Este Área Fundacional,1822015.85685,0
31641,Fresno europeo,14/06/2011 14:33,Alto (> 8 mts),122,Grande,-68.8574813378,-32.8887066319,5,Residencial Sur,2423808.92355,0
46863,Olmo comun,15/09/2011 13:02,Medio (4 - 8 mts),90,Grande,-68.8334801797,-32.8724843263,4,Cuarta Este Área Fundacional,1822015.85685,0
29932,Fresno americano,05/05/2011 09:17,Alto (> 8 mts),185,Grande,-68.8431244758,-32.8865204639,1,Parque Central,1655357.93265,0
37091,Platano,06/04/2011 09:16,Medio (4 - 8 mts),106,Grande,-68.8578951747,-32.876706059200004,7,Residencial Parque,1786336.08966,0
12690,Caducifolio,19/01/2011 13:17,Bajo (2 - 4 mts),24,Mediano,-68.8486288651,-32.8632801927,6,Residencial Norte,2694682.37982,0
15097,Paraiso,18/11/2011 09:24,Medio (4 - 8 mts),76,Grande,-68.8594110501,-32.8695660383,6,Residencial Norte,2694682.37982,0
35431,Morera,23/03/2011 10:53,Medio (4 - 8 mts),32,Mediano,-68.8554502913,-32.8815764591,6,Residencial Norte,2694682.37982,0
15971,Morera,15/08/2011 12:37,Alto (> 8 mts),150,Grande,-68.8435955699,-32.8728137592,4,Cuarta Oeste,1173332.70145,0
25986,Olmo comun,31/01/2011 11:32,Alto (> 8 mts),147,Grande,-68.8378669094,-32.9040354114,2,Barrio Civico,2366816.36021,0
29139,Morera,10/03/2011 13:19,Alto (> 8 mts),150,Grande,-68.846374267,-32.8882794404,2,Barrio Civico,2366816.36021,1
2163,Acer,07/11/2011 09:08,Alto (> 8 mts),155,Grande,-68.8394220063,-32.8942983606,2,Barrio Civico,2366816.36021,0
23715,Morera,25/01/2011 12:47,Alto (> 8 mts),117,Grande,-68.8500504846,-32.9003610723,2,Barrio Civico,2366816.36021,1
32032,Morera,09/06/2011 14:00,Alto (> 8 mts),162,Grande,-68.8593310392,-32.8880528723,5,Residencial Sur,2423808.92355,0
40052,Morera,19/04/2011 11:44,Alto (> 8 mts),170,Grande,-68.844075596,-32.8792643609,1,Parque Central,1655357.93265,0
26439,Acacia SP,09/11/2011 09:51,Alto (> 8 mts),185,Grande,-68.834272888,-32.8912165986,3,Parque O'Higgins,1531146.02653,1
1122,Fresno europeo,01/12/2011 12:26,Medio (4 - 8 mts),35,Mediano,-68.8759892163,-32.8661735373,8,Aeroparque,2203364.73622,0
22500,Morera,27/06/2011 14:34,Alto (> 8 mts),140,Grande,-68.859316022,-32.9003943928,5,Residencial Sur,2423808.92355,0
25106,Morera,11/02/2011 10:30,Alto (> 8 mts),127,Grande,-68.837071481,-32.8988349899,2,Barrio Civico,2366816.36021,0
11078,Acer,22/03/2011 09:24,Medio (4 - 8 mts),58,Mediano,-68.8544685928,-32.8804162331,6,Residencial Norte,2694682.37982,0
32392,Fresno europeo,23/05/2011 14:10,Alto (> 8 mts),160,Grande,-68.8500013252,-32.8890191035,5,Residencial Sur,2423808.92355,0
29896,Perenne,11/03/2011 10:03,Alto (> 8 mts),180,Grande,-68.8412812863,-32.8923200772,2,Barrio Civico,2366816.36021,0
23097,Paraiso,19/01/2011 14:43,Alto (> 8 mts),150,Grande,-68.8478260731,-32.9014938931,2,Barrio Civico,2366816.36021,0
41134,Platano,27/04/2011 08:53,Alto (> 8 mts),158,Grande,-68.8395718224,-32.8836887915,1,Parque Central,1655357.93265,0
44899,Morera,23/08/2011 09:47,Medio (4 - 8 mts),95,Grande,-68.8250216845,-32.8672081494,4,Cuarta Este Área Fundacional,1822015.85685,0
15256,Morera,18/11/2011 16:53,Alto (> 8 mts),130,Grande,-68.8591095148,-32.8701414762,6,Residencial Norte,2694682.37982,1
23228,Paraiso,24/01/2011 11:33,Alto (> 8 mts),132,Grande,-68.8514952701,-32.9016054644,2,Barrio Civico,2366816.36021,1
11410,Morera,28/01/2011 13:55,Alto (> 8 mts),88,Grande,-68.8513676189,-32.9004745095,2,Barrio Civico,2366816.36021,0
43446,Morera,03/10/2011 10:33,Medio (4 - 8 mts),55,Mediano,-68.8310155915,-32.8799961351,4,Cuarta Este Área Fundacional,1822015.85685,0
30737,Morera,04/02/2011 12:55,Medio (4 - 8 mts),20,Chico,-68.8555051608,-32.868820438,6,Residencial Norte,2694682.37982,0
29362,Morera,20/04/2011 10:46,Alto (> 8 mts),128,Grande,-68.8425640795,-32.8871723142,1,Parque Central,1655357.93265,1
21495,Morera,11/05/2011 10:35,Alto (> 8 mts),125,Grande,-68.8572392639,-32.8929834769,5,Residencial Sur,2423808.92355,0
17019,Morera,09/08/2011 11:55,Alto (> 8 mts),190,Grande,-68.8391885919,-32.8640403018,4,Cuarta Oeste,1173332.70145,0
453,Paraiso sombrilla,05/03/2012 18:17,Medio (4 - 8 mts),100,Grande,-68.8187564646,-32.8675160902,4,Cuarta Este Área Fundacional,1822015.85685,0
22547,Acacia SP,17/06/2011 09:52,Alto (> 8 mts),120,Grande,-68.8620046169,-32.8993985144,5,Residencial Sur,2423808.92355,1
17045,Paraiso,16/08/2011 10:14,Alto (> 8 mts),220,Grande,-68.8379657092,-32.8643032949,4,Cuarta Oeste,1173332.70145,0
557,Morera,09/03/2012 07:50,Alto (> 8 mts),148,Grande,-68.8189759579,-32.8682433864,4,Cuarta Este Área Fundacional,1822015.85685,0
39500,Caducifolio,10/11/2010 10:04,Bajo (2 - 4 mts),40,Mediano,-68.8542216503,-32.869082471,6,Residencial Norte,2694682.37982,0
10501,Morera,11/03/2011 09:49,Muy bajo (1 - 2 mts),16,Chico,-68.8498983453,-32.8739707694,6,Residencial Norte,2694682.37982,0
45814,Morera,01/09/2011 10:35,Medio (4 - 8 mts),290,Grande,-68.8204501288,-32.8706461369,4,Cuarta Este Área Fundacional,1822015.85685,0
47491,Morera,29/08/2011 12:31,Alto (> 8 mts),150,Grande,-68.8261056484,-32.870210319,4,Cuarta Este Área Fundacional,1822015.85685,0
26702,Morera,09/11/2011 10:26,Alto (> 8 mts),145,Grande,-68.8325787349,-32.8929072642,3,Parque O'Higgins,1531146.02653,1
47573,Fresno europeo,19/09/2011 08:17,Medio (4 - 8 mts),65,Grande,-68.8266213411,-32.8720568023,4,Cuarta Este Área Fundacional,1822015.85685,0
44530,Platano,17/10/2011 12:10,Alto (> 8 mts),210,Grande,-68.8355949727,-32.8847541865,3,Parque O'Higgins,1531146.02653,0
33674,Morera,13/05/2011 10:47,Alto (> 8 mts),196,Grande,-68.8556750355,-32.8875271761,5,Residencial Sur,2423808.92355,0
38191,Jacaranda,21/10/2010 10:32,Muy bajo (1 - 2 mts),15,Chico,-68.8460119932,-32.8702471369,6,Residencial Norte,2694682.37982,0
13494,Fresno europeo,31/01/2011 12:41,Alto (> 8 mts),160,Grande,-68.8519440674,-32.863352815,6,Residencial Norte,2694682.37982,0
3806,Paraiso,02/09/2011 10:48,Medio (4 - 8 mts),110,Grande,-68.8314500703,-32.8706998502,4,Cuarta Este Área Fundacional,1822015.85685,0
35406,Morera,17/06/2011 16:54,Bajo (2 - 4 mts),28,Mediano,-68.8559447998,-32.8833923177,5,Residencial Sur,2423808.92355,0
40886,Fresno europeo,20/04/2011 19:36,Medio (4 - 8 mts),82,Grande,-68.8391242805,-32.8846072918,3,Parque O'Higgins,1531146.02653,0
35505,Morera,06/04/2011 11:33,Alto (> 8 mts),110,Grande,-68.8554777965,-32.881047804,6,Residencial Norte,2694682.37982,0
42981,Olmo bola,06/10/2011 17:55,Bajo (2 - 4 mts),60,Mediano,-68.833718511,-32.8779514305,4,Cuarta Este Área Fundacional,1822015.85685,0
27820,Morera,02/11/2011 10:57,Medio (4 - 8 mts),105,Grande,-68.8359395794,-32.8942388299,3,Parque O'Higgins,1531146.02653,0
40940,Fresno europeo,18/04/2011 18:33,Medio (4 - 8 mts),30,Mediano,-68.8383454174,-32.8852252288,3,Parque O'Higgins,1531146.02653,0
19613,Morera,11/07/2011 09:21,Alto (> 8 mts),185,Grande,-68.8371088458,-32.8720281581,4,Cuarta Oeste,1173332.70145,0
9466,Aguaribay,11/02/2011 12:33,Medio (4 - 8 mts),120,Grande,-68.8566869644,-32.8648943662,6,Residencial Norte,2694682.37982,0
24511,Olmo comun,10/01/2011 10:50,Alto (> 8 mts),129,Grande,-68.8472230452,-32.9034275528,2,Barrio Civico,2366816.36021,0
6485,Fresno europeo,30/05/2011 13:27,Medio (4 - 8 mts),80,Grande,-68.8555299081,-32.8879165286,5,Residencial Sur,2423808.92355,0
25400,Morera,14/02/2011 13:13,Alto (> 8 mts),141,Grande,-68.8373510818,-32.9008658434,2,Barrio Civico,2366816.36021,0
32402,Acacia SP,23/05/2011 13:56,Alto (> 8 mts),190,Grande,-68.850596499,-32.8893342359,5,Residencial Sur,2423808.92355,0
23653,Morera,20/01/2011 19:50,Alto (> 8 mts),120,Grande,-68.8484427043,-32.8999977798,2,Barrio Civico,2366816.36021,0
29683,Platano,02/03/2011 19:08,Alto (> 8 mts),106,Grande,-68.8404529599,-32.8942798358,2,Barrio Civico,2366816.36021,0
28489,Morera,25/02/2011 10:19,Alto (> 8 mts),170,Grande,-68.8473588333,-32.8892754455,2,Barrio Civico,2366816.36021,0
22466,Morera,24/06/2011 10:10,Alto (> 8 mts),155,Grande,-68.8614627479,-32.899284927,5,Residencial Sur,2423808.92355,0
36404,Jacaranda,21/03/2011 11:50,Muy bajo (1 - 2 mts),12,Chico,-68.8522269996,-32.8790594033,6,Residencial Norte,2694682.37982,0
10706,Morera,30/03/2011 10:20,Alto (> 8 mts),200,Grande,-68.8492644954,-32.8761899655,6,Residencial Norte,2694682.37982,0
6536,Platano,09/05/2011 12:23,Alto (> 8 mts),160,Grande,-68.8546356579,-32.8916489318,5,Residencial Sur,2423808.92355,0
4570,Morera,11/08/2011 10:05,Alto (> 8 mts),102,Grande,-68.8336505972,-32.8666162292,4,Cuarta Oeste,1173332.70145,0
36252,Morera,17/03/2011 12:40,Alto (> 8 mts),160,Grande,-68.8536209401,-32.878671014,6,Residencial Norte,2694682.37982,0
17563,Morera,28/07/2011 10:01,Alto (> 8 mts),160,Grande,-68.8410942073,-32.8670429466,4,Cuarta Oeste,1173332.70145,0
11794,Paraiso,02/03/2011 10:10,Alto (> 8 mts),146,Grande,-68.8511253014,-32.864994112,6,Residencial Norte,2694682.37982,0
37553,Morera,16/11/2010 11:27,Alto (> 8 mts),70,Grande,-68.8572732163,-32.8692575372,6,Residencial Norte,2694682.37982,0
34011,Jacaranda,27/05/2011 10:13,Alto (> 8 mts),100,Grande,-68.8541795209,-32.8850887343,5,Residencial Sur,2423808.92355,0
45439,Morera,09/09/2011 09:09,Medio (4 - 8 mts),182,Grande,-68.8251123258,-32.873285702,4,Cuarta Este Área Fundacional,1822015.85685,0
25176,Morera,09/02/2011 15:51,Medio (4 - 8 mts),120,Grande,-68.8355528422,-32.898779235,2,Barrio Civico,2366816.36021,0
16005,Morera,11/08/2011 08:56,Alto (> 8 mts),106,Grande,-68.8437271637,-32.8721778967,4,Cuarta Oeste,1173332.70145,0
9328,Acer,21/02/2011 09:16,Medio (4 - 8 mts),140,Grande,-68.8470321125,-32.8649083588,4,Cuarta Oeste,1173332.70145,0
26146,Fresno americano,10/11/2011 17:33,Medio (4 - 8 mts),150,Grande,-68.8302659072,-32.8877119404,3,Parque O'Higgins,1531146.02653,0
34766,Fresno europeo,30/03/2011 10:32,Alto (> 8 mts),110,Grande,-68.8512343715,-32.8784840897,6,Residencial Norte,2694682.37982,0
38621,Morera,17/12/2010 13:20,Medio (4 - 8 mts),45,Mediano,-68.8524803845,-32.8718209949,6,Residencial Norte,2694682.37982,0
29257,Fresno americano,23/02/2011 16:55,Alto (> 8 mts),240,Grande,-68.8451327288,-32.8883766651,2,Barrio Civico,2366816.36021,0
15963,Morera,25/11/2011 10:44,Medio (4 - 8 mts),70,Grande,-68.8730939288,-32.8763663492,7,Residencial Parque,1786336.08966,0
2058,Fresno europeo,11/10/2011 16:57,Medio (4 - 8 mts),90,Grande,-68.8289573083,-32.8814494077,3,Parque O'Higgins,1531146.02653,0
10311,Tilo,29/11/2010 09:57,Alto (> 8 mts),55,Mediano,-68.8574804752,-32.8721298095,6,Residencial Norte,2694682.37982,0
43754,Fresno europeo,17/10/2011 15:54,Medio (4 - 8 mts),150,Grande,-68.8335820519,-32.8812114999,3,Parque O'Higgins,1531146.02653,0
19990,Morera,16/08/2011 10:37,Alto (> 8 mts),170,Grande,-68.834692591,-32.8674938845,4,Cuarta Oeste,1173332.70145,0
14225,Paraiso sombrilla,07/12/2011 16:47,Medio (4 - 8 mts),110,Grande,-68.8768024605,-32.8660129129,8,Aeroparque,2203364.73622,0
43085,Morera,03/10/2011 09:22,Medio (4 - 8 mts),83,Grande,-68.8309255251,-32.8781357795,4,Cuarta Este Área Fundacional,1822015.85685,0
4002,Paraiso,27/09/2011 09:53,Medio (4 - 8 mts),160,Grande,-68.8217778734,-32.8740888219,4,Cuarta Este Área Fundacional,1822015.85685,0
17924,Morera,03/08/2011 14:23,Alto (> 8 mts),160,Grande,-68.8372505237,-32.8667093375,4,Cuarta Oeste,1173332.70145,0
34519,Morera,29/03/2011 13:05,Medio (4 - 8 mts),150,Grande,-68.8493235886,-32.8756697712,6,Residencial Norte,2694682.37982,0
14543,Morera,05/12/2011 12:50,Medio (4 - 8 mts),80,Grande,-68.8794605021,-32.867569219,8,Aeroparque,2203364.73622,0
13500,Fresno europeo,31/01/2011 12:28,Alto (> 8 mts),140,Grande,-68.8515349711,-32.8633383692,6,Residencial Norte,2694682.37982,0
8886,Paraiso sombrilla,05/04/2010 10:46,Medio (4 - 8 mts),122,Grande,-68.8531355017,-32.8678195708,6,Residencial Norte,2694682.37982,0
11710,Fresno europeo,31/01/2011 11:21,Muy bajo (1 - 2 mts),2,Chico,-68.8503648241,-32.868746364,6,Residencial Norte,2694682.37982,0
16194,Fresno americano,15/07/2011 11:16,Alto (> 8 mts),240,Grande,-68.8437058153,-32.8704601425,4,Cuarta Oeste,1173332.70145,0
35206,Perenne,23/03/2011 10:10,Muy bajo (1 - 2 mts),80,Grande,-68.8522619306,-32.8818364788,1,Parque Central,1655357.93265,0
21433,Morera,10/05/2011 10:39,Alto (> 8 mts),158,Grande,-68.8563179,-32.8931511326,5,Residencial Sur,2423808.92355,0
27481,Morera,28/10/2011 08:23,Alto (> 8 mts),148,Grande,-68.8381410535,-32.8928095377,3,Parque O'Higgins,1531146.02653,1
7080,Morera,03/06/2011 09:17,Medio (4 - 8 mts),65,Grande,-68.8593739084,-32.8974626897,5,Residencial Sur,2423808.92355,0
27535,Fresno europeo,27/10/2011 08:37,Alto (> 8 mts),125,Grande,-68.8362570706,-32.8910668266,3,Parque O'Higgins,1531146.02653,0
1973,Acacia SP,03/01/2012 10:07,Medio (4 - 8 mts),77,Grande,-68.8599835009,-32.8891495769,5,Residencial Sur,2423808.92355,0
47632,Morera,08/09/2011 10:21,Alto (> 8 mts),132,Grande,-68.8304531713,-32.8715758792,4,Cuarta Este Área Fundacional,1822015.85685,1
28380,Fresno americano,15/03/2011 11:52,Alto (> 8 mts),150,Grande,-68.8481828876,-32.8881512851,5,Residencial Sur,2423808.92355,0
38620,Morera,17/12/2010 13:18,Alto (> 8 mts),180,Grande,-68.8526056456,-32.8718018463,6,Residencial Norte,2694682.37982,0
16939,Morera,16/08/2011 13:21,Medio (4 - 8 mts),200,Grande,-68.83687258,-32.8651518887,4,Cuarta Oeste,1173332.70145,0
12607,Morera,14/01/2011 11:39,Alto (> 8 mts),110,Grande,-68.845446762,-32.8626198552,4,Cuarta Oeste,1173332.70145,0
8734,Fresno americano,14/02/2011 09:04,Alto (> 8 mts),50,Mediano,-68.8366075448,-32.900834084,2,Barrio Civico,2366816.36021,0
18135,Morera,27/07/2011 10:09,Alto (> 8 mts),130,Grande,-68.8416609053,-32.8689402473,4,Cuarta Oeste,1173332.70145,1
6039,Morera,25/04/2011 09:39,Muy bajo (1 - 2 mts),20,Chico,-68.8462528609,-32.8864042723,1,Parque Central,1655357.93265,0
11039,Morera,28/03/2011 16:55,Medio (4 - 8 mts),26,Mediano,-68.8576940016,-32.8791464416,7,Residencial Parque,1786336.08966,1
36964,Paraiso,07/04/2011 17:25,Alto (> 8 mts),185,Grande,-68.8573868794,-32.878093097,7,Residencial Parque,1786336.08966,0
26858,Platano,07/11/2011 09:08,Alto (> 8 mts),165,Grande,-68.8345343767,-32.8931550008,3,Parque O'Higgins,1531146.02653,1
24390,Morera,21/01/2011 13:10,Alto (> 8 mts),95,Grande,-68.844177484,-32.9034719301,2,Barrio Civico,2366816.36021,0
278,Morera,07/03/2012 08:51,Alto (> 8 mts),160,Grande,-68.8214852233,-32.8676646961,4,Cuarta Este Área Fundacional,1822015.85685,0
30641,Morera,01/02/2011 13:32,Alto (> 8 mts),135,Grande,-68.8545532405,-32.8678912934,6,Residencial Norte,2694682.37982,0
31783,Fresno europeo,27/06/2011 10:59,Muy bajo (1 - 2 mts),8,Chico,-68.8589036886,-32.889582188,5,Residencial Sur,2423808.92355,0
25368,Fresno europeo,10/02/2011 13:29,Alto (> 8 mts),50,Mediano,-68.8381529955,-32.9007175642,2,Barrio Civico,2366816.36021,0
18079,Morera,02/08/2011 07:40,Alto (> 8 mts),155,Grande,-68.8398819563,-32.8685801428,4,Cuarta Oeste,1173332.70145,1
38224,Morera,17/01/2012 10:47,Alto (> 8 mts),185,Grande,-68.8460239265,-32.8733854523,6,Residencial Norte,2694682.37982,1
17351,Morera,05/08/2011 07:35,Alto (> 8 mts),180,Grande,-68.8354896499,-32.86542923,4,Cuarta Oeste,1173332.70145,0
21191,Platano,06/05/2011 09:06,Alto (> 8 mts),195,Grande,-68.8528084989,-32.8927826731,5,Residencial Sur,2423808.92355,0
7734,Morera,19/05/2011 10:48,Bajo (2 - 4 mts),7,Chico,-68.8503960486,-32.8864349151,5,Residencial Sur,2423808.92355,0
10509,Morera,10/03/2011 12:09,Alto (> 8 mts),114,Grande,-68.8496405004,-32.8749903224,6,Residencial Norte,2694682.37982,0
26355,Fresno europeo,21/10/2011 09:59,Muy bajo (1 - 2 mts),8,Chico,-68.8340254898,-32.8876541385,3,Parque O'Higgins,1531146.02653,0
7025,Morera,10/06/2011 11:42,Medio (4 - 8 mts),90,Grande,-68.8540183915,-32.8967390011,5,Residencial Sur,2423808.92355,0
42112,Acer,04/05/2011 10:22,Medio (4 - 8 mts),112,Grande,-68.842805519,-32.8774980755,1,Parque Central,1655357.93265,0
30955,Fresno europeo,11/02/2011 09:00,Bajo (2 - 4 mts),76,Grande,-68.8552813337,-32.8640201874,6,Residencial Norte,2694682.37982,0
15877,Acer,28/11/2011 20:50,Medio (4 - 8 mts),70,Grande,-68.8723048019,-32.8767911744,7,Residencial Parque,1786336.08966,0
26086,Acacia SP,04/11/2011 16:57,Alto (> 8 mts),126,Grande,-68.8327141311,-32.8864369108,3,Parque O'Higgins,1531146.02653,0
39462,Paraiso,11/11/2010 11:46,Alto (> 8 mts),130,Grande,-68.8556461789,-32.8702311236,6,Residencial Norte,2694682.37982,0
17308,Morera,04/08/2011 10:00,Alto (> 8 mts),157,Grande,-68.8355842075,-32.8652420849,4,Cuarta Oeste,1173332.70145,0
36029,Morera,18/03/2011 13:15,Alto (> 8 mts),85,Grande,-68.856161592,-32.87501241,6,Residencial Norte,2694682.37982,0
341,Morera,07/03/2012 09:50,Medio (4 - 8 mts),110,Grande,-68.8212466236,-32.8677897522,4,Cuarta Este Área Fundacional,1822015.85685,0
40817,Acacia SP,26/04/2011 17:06,Medio (4 - 8 mts),66,Grande,-68.8393267282,-32.8848382247,3,Parque O'Higgins,1531146.02653,1
35775,Fresno europeo,18/03/2011 12:12,Medio (4 - 8 mts),160,Grande,-68.8547009502,-32.874776552,6,Residencial Norte,2694682.37982,0
42794,Fresno europeo,30/09/2011 12:35,Medio (4 - 8 mts),170,Grande,-68.8307294878,-32.8778292994,4,Cuarta Este Área Fundacional,1822015.85685,0
24254,Fresno europeo,27/01/2011 08:32,Alto (> 8 mts),100,Grande,-68.8442996887,-32.9018986789,2,Barrio Civico,2366816.36021,0
42698,Morera,30/09/2011 13:47,Alto (> 8 mts),102,Grande,-68.8291179428,-32.8767201501,4,Cuarta Este Área Fundacional,1822015.85685,0
20942,Morera,30/05/2011 09:21,Medio (4 - 8 mts),70,Grande,-68.8628252334,-32.8951557719,5,Residencial Sur,2423808.92355,0
24737,Morera,17/02/2011 09:31,Medio (4 - 8 mts),40,Mediano,-68.8394206541,-32.8983514506,2,Barrio Civico,2366816.36021,0
21583,Morera,07/06/2011 12:44,Alto (> 8 mts),225,Grande,-68.8542677896,-32.8959792541,5,Residencial Sur,2423808.92355,0
14884,Paraiso sombrilla,16/12/2011 11:29,Bajo (2 - 4 mts),95,Grande,-68.880934693,-32.8742747429,8,Aeroparque,2203364.73622,0
40982,Morera,14/04/2011 09:44,Medio (4 - 8 mts),115,Grande,-68.8385724259,-32.8809867525,1,Parque Central,1655357.93265,0
9901,Paraiso sombrilla,11/02/2011 12:10,Alto (> 8 mts),130,Grande,-68.8574395654,-32.864738937,6,Residencial Norte,2694682.37982,0
14499,Morera,30/11/2011 17:49,Medio (4 - 8 mts),66,Grande,-68.8791379761,-32.8663330892,8,Aeroparque,2203364.73622,0
31529,Morera,18/05/2011 11:01,Alto (> 8 mts),137,Grande,-68.8602382946,-32.89102803,5,Residencial Sur,2423808.92355,0
7002,Conifera,01/06/2011 12:01,Muy bajo (1 - 2 mts),12,Chico,-68.8629103483,-32.8958068781,5,Residencial Sur,2423808.92355,0
10862,Morera,17/03/2011 13:21,Medio (4 - 8 mts),70,Grande,-68.8513048127,-32.8782077656,6,Residencial Norte,2694682.37982,0
20905,Acer,27/05/2011 09:20,Medio (4 - 8 mts),57,Mediano,-68.8617015061,-32.8951563375,5,Residencial Sur,2423808.92355,0
889,Morera,17/01/2012 20:12,Bajo (2 - 4 mts),50,Mediano,-68.8476879524,-32.8743982145,6,Residencial Norte,2694682.37982,0
26335,Fresno europeo,20/10/2011 11:31,Alto (> 8 mts),195,Grande,-68.8327294239,-32.889749042,3,Parque O'Higgins,1531146.02653,0
22362,Fresno europeo,16/06/2011 10:09,Alto (> 8 mts),95,Grande,-68.8595453035,-32.8990863213,5,Residencial Sur,2423808.92355,0
36110,Fresno europeo,05/04/2011 11:05,Alto (> 8 mts),110,Grande,-68.8562982506,-32.8770710438,6,Residencial Norte,2694682.37982,0
12245,Paraiso,14/01/2011 13:29,Alto (> 8 mts),190,Grande,-68.8459824316,-32.8675521527,4,Cuarta Oeste,1173332.70145,0
4339,Morera,03/08/2011 12:16,Bajo (2 - 4 mts),22,Mediano,-68.8373025184,-32.8704705433,4,Cuarta Oeste,1173332.70145,0
21498,Fresno americano,11/05/2011 11:05,Medio (4 - 8 mts),65,Grande,-68.8534433932,-32.894699783,5,Residencial Sur,2423808.92355,0
13920,Caducifolio,30/11/2011 12:15,Medio (4 - 8 mts),45,Mediano,-68.8756442519,-32.86609121,8,Aeroparque,2203364.73622,0
13908,Morera,19/12/2011 12:00,Muy bajo (1 - 2 mts),12,Chico,-68.8758189996,-32.8674160985,8,Aeroparque,2203364.73622,0
3186,Prunas,20/09/2011 11:01,Bajo (2 - 4 mts),44,Mediano,-68.829364613,-32.8747608809,4,Cuarta Este Área Fundacional,1822015.85685,0
47138,Platano,20/09/2011 10:42,Alto (> 8 mts),230,Grande,-68.833389961,-32.8731564153,4,Cuarta Este Área Fundacional,1822015.85685,0
26239,Fresno europeo,19/10/2011 09:39,Medio (4 - 8 mts),120,Grande,-68.8310335977,-32.8887592127,3,Parque O'Higgins,1531146.02653,0
15736,Acer,23/11/2011 10:51,Bajo (2 - 4 mts),25,Mediano,-68.8710464289,-32.8796805781,7,Residencial Parque,1786336.08966,0
11604,Paraiso,10/05/2010 11:01,Bajo (2 - 4 mts),150,Grande,-68.8525262674,-32.8673407088,6,Residencial Norte,2694682.37982,0
18619,Morera,06/07/2011 11:24,Alto (> 8 mts),130,Grande,-68.8377163255,-32.874357572,4,Cuarta Oeste,1173332.70145,0
1847,Acacia SP,17/11/2011 12:39,Muy bajo (1 - 2 mts),4,Chico,-68.8593794213,-32.8719370141,6,Residencial Norte,2694682.37982,0
46821,Platano,16/09/2011 08:32,Alto (> 8 mts),180,Grande,-68.8334682187,-32.8723665491,4,Cuarta Este Área Fundacional,1822015.85685,0
17003,Jacaranda,15/08/2011 11:01,Bajo (2 - 4 mts),20,Chico,-68.8370087441,-32.8645670816,4,Cuarta Oeste,1173332.70145,0
14162,Paraiso,30/11/2011 10:29,Medio (4 - 8 mts),73,Grande,-68.8767284312,-32.8671390342,8,Aeroparque,2203364.73622,0
985,Morera,16/01/2012 09:30,Alto (> 8 mts),95,Grande,-68.8351136378,-32.8686268756,4,Cuarta Oeste,1173332.70145,0
12400,Morera,21/01/2011 09:37,Alto (> 8 mts),195,Grande,-68.8483440312,-32.8668248985,6,Residencial Norte,2694682.37982,0
8681,Morera,07/02/2011 12:39,Muy bajo (1 - 2 mts),9,Chico,-68.8419276297,-32.901247567,2,Barrio Civico,2366816.36021,0
36792,Morera,07/04/2011 16:15,Alto (> 8 mts),170,Grande,-68.8599594565,-32.8808128769,7,Residencial Parque,1786336.08966,1
3571,Morera,05/09/2011 09:47,Alto (> 8 mts),122,Grande,-68.831334527,-32.8696689579,4,Cuarta Este Área Fundacional,1822015.85685,0
47512,Morera,29/08/2011 14:04,Alto (> 8 mts),150,Grande,-68.8267820409,-32.8711084971,4,Cuarta Este Área Fundacional,1822015.85685,0
42786,Olmo comun,30/09/2011 12:50,Medio (4 - 8 mts),80,Grande,-68.8297719478,-32.8778766914,4,Cuarta Este Área Fundacional,1822015.85685,0
8236,Morera,28/02/2011 18:31,Muy bajo (1 - 2 mts),8,Chico,-68.8434795488,-32.8931971087,2,Barrio Civico,2366816.36021,0
15266,Alamo blanco,21/11/2011 12:41,Medio (4 - 8 mts),70,Grande,-68.8584135671,-32.8699649502,6,Residencial Norte,2694682.37982,0
4898,Morera,21/07/2011 10:28,Bajo (2 - 4 mts),16,Chico,-68.8427267879,-32.8637676871,4,Cuarta Oeste,1173332.70145,0
13261,Morera,22/02/2011 11:30,Medio (4 - 8 mts),50,Mediano,-68.8471175966,-32.8655290676,4,Cuarta Oeste,1173332.70145,0
7943,Fresno americano,28/02/2011 13:41,Medio (4 - 8 mts),100,Grande,-68.8469882044,-32.888034454,2,Barrio Civico,2366816.36021,0
33177,Morera,08/06/2011 12:03,Alto (> 8 mts),118,Grande,-68.8545918122,-32.8919945514,5,Residencial Sur,2423808.92355,0
13227,Paraiso,21/02/2011 12:41,Alto (> 8 mts),140,Grande,-68.8475498526,-32.8653789192,6,Residencial Norte,2694682.37982,0
17724,Paraiso,18/07/2011 09:37,Medio (4 - 8 mts),100,Grande,-68.8424093002,-32.8673217009,4,Cuarta Oeste,1173332.70145,0
9997,Fresno europeo,04/11/2010 11:44,Bajo (2 - 4 mts),42,Mediano,-68.8522927324,-32.869846674,6,Residencial Norte,2694682.37982,0
43533,Tilo,19/10/2011 17:21,Muy bajo (1 - 2 mts),6,Chico,-68.8308583601,-32.8825547042,3,Parque O'Higgins,1531146.02653,0
27912,Paraiso,04/11/2011 11:16,Medio (4 - 8 mts),132,Grande,-68.8391975721,-32.894206657,2,Barrio Civico,2366816.36021,0
30069,Platano,11/04/2011 15:29,Alto (> 8 mts),158,Grande,-68.8389730956,-32.8862895816,3,Parque O'Higgins,1531146.02653,0
37059,Morera,05/04/2011 12:47,Muy bajo (1 - 2 mts),12,Chico,-68.8563565067,-32.8765955574,6,Residencial Norte,2694682.37982,0
23732,Morera,25/01/2011 12:01,Alto (> 8 mts),89,Grande,-68.849684027,-32.9013489613,2,Barrio Civico,2366816.36021,0
41308,Olmo comun,20/04/2011 11:21,Medio (4 - 8 mts),108,Grande,-68.8411692156,-32.8823819335,1,Parque Central,1655357.93265,0
16535,Platano,19/07/2011 10:49,Alto (> 8 mts),190,Grande,-68.841153026,-32.8648552388,4,Cuarta Oeste,1173332.70145,0
17540,Fresno europeo,28/07/2011 10:43,Bajo (2 - 4 mts),33,Mediano,-68.8397147079,-32.8667571529,4,Cuarta Oeste,1173332.70145,0
17512,Ligustro,28/07/2011 10:47,Bajo (2 - 4 mts),30,Mediano,-68.8396219208,-32.8665278898,4,Cuarta Oeste,1173332.70145,0
34755,Platano,30/03/2011 12:06,Alto (> 8 mts),180,Grande,-68.8505463563,-32.8782683202,6,Residencial Norte,2694682.37982,0
11013,Platano,07/04/2011 15:36,Alto (> 8 mts),74,Grande,-68.8597593898,-32.8811222446,7,Residencial Parque,1786336.08966,1
13201,Fresno europeo,22/02/2011 09:12,Medio (4 - 8 mts),74,Grande,-68.8475374689,-32.8645943562,4,Cuarta Oeste,1173332.70145,0
4310,Acer,22/07/2011 08:51,Bajo (2 - 4 mts),13,Chico,-68.8448924677,-32.8708809732,6,Residencial Norte,2694682.37982,0
13677,Fresno europeo,23/02/2011 11:44,Bajo (2 - 4 mts),43,Mediano,-68.8527126058,-32.8651524214,6,Residencial Norte,2694682.37982,0
16054,Jacaranda,15/07/2011 09:10,Bajo (2 - 4 mts),20,Chico,-68.8447644647,-32.8713887081,6,Residencial Norte,2694682.37982,0
9572,Fresno europeo,10/02/2011 13:17,Medio (4 - 8 mts),90,Grande,-68.8553434796,-32.8635204098,6,Residencial Norte,2694682.37982,0
4505,Morera,02/08/2011 07:44,Alto (> 8 mts),94,Grande,-68.839768538,-32.868587901,4,Cuarta Oeste,1173332.70145,1
35303,Morera,23/06/2011 16:10,Medio (4 - 8 mts),120,Grande,-68.8524795054,-32.8826766508,1,Parque Central,1655357.93265,0
36457,Morera,18/03/2011 12:55,Alto (> 8 mts),147,Grande,-68.8538649069,-32.878759815,6,Residencial Norte,2694682.37982,0
37918,Fresno americano,19/11/2010 10:12,Muy bajo (1 - 2 mts),3,Chico,-68.8490476557,-32.8732905384,6,Residencial Norte,2694682.37982,0
25722,Fresno europeo,04/02/2011 08:23,Alto (> 8 mts),126,Grande,-68.8407931772,-32.9016433284,2,Barrio Civico,2366816.36021,0
5816,Paraiso,03/05/2011 11:30,Medio (4 - 8 mts),88,Grande,-68.8430429993,-32.8750583389,1,Parque Central,1655357.93265,0
36575,Fresno europeo,09/06/2011 09:46,Alto (> 8 mts),110,Grande,-68.8579321252,-32.882976952,7,Residencial Parque,1786336.08966,0
9391,Morera,15/02/2011 10:24,Medio (4 - 8 mts),66,Grande,-68.8444573847,-32.8659125778,4,Cuarta Oeste,1173332.70145,0
26553,Platano,04/11/2011 08:57,Alto (> 8 mts),125,Grande,-68.8316095758,-32.8903154973,3,Parque O'Higgins,1531146.02653,0
25938,Morera,16/02/2011 17:32,Alto (> 8 mts),104,Grande,-68.837882116,-32.9031546266,2,Barrio Civico,2366816.36021,0
42722,Morera,26/09/2011 11:24,Alto (> 8 mts),280,Grande,-68.8272708484,-32.8768181653,4,Cuarta Este Área Fundacional,1822015.85685,0
19981,Fresno europeo,05/08/2011 08:39,Alto (> 8 mts),165,Grande,-68.8325502768,-32.8638849773,4,Cuarta Oeste,1173332.70145,0
3814,Caducifolio,05/09/2011 08:37,Muy bajo (1 - 2 mts),5,Chico,-68.8309895467,-32.8698277369,4,Cuarta Este Área Fundacional,1822015.85685,0
13086,Paraiso sombrilla,17/02/2011 09:49,Bajo (2 - 4 mts),60,Mediano,-68.8464840899,-32.8647170647,4,Cuarta Oeste,1173332.70145,0
9505,Acer,03/02/2011 12:49,Medio (4 - 8 mts),80,Grande,-68.8534306267,-32.8644519305,6,Residencial Norte,2694682.37982,0
14786,Paraiso,06/12/2011 12:26,Bajo (2 - 4 mts),46,Mediano,-68.879411634,-32.8684572823,8,Aeroparque,2203364.73622,0
35957,Morera,23/03/2011 10:18,Alto (> 8 mts),140,Grande,-68.8547592792,-32.8752737551,6,Residencial Norte,2694682.37982,0
34771,Fresno europeo,30/03/2011 10:13,Alto (> 8 mts),85,Grande,-68.8513132744,-32.8787738353,6,Residencial Norte,2694682.37982,0
22840,Morera,10/05/2011 11:22,Alto (> 8 mts),138,Grande,-68.8564493642,-32.9005457303,5,Residencial Sur,2423808.92355,0
4955,Fresno americano,15/07/2011 12:11,Medio (4 - 8 mts),180,Grande,-68.8434692094,-32.8693069807,4,Cuarta Oeste,1173332.70145,0
5397,Morera,20/04/2011 10:35,Medio (4 - 8 mts),140,Grande,-68.8444660595,-32.8790547841,1,Parque Central,1655357.93265,0
36191,Fresno europeo,31/03/2011 09:50,Alto (> 8 mts),90,Grande,-68.8565619865,-32.8778597873,6,Residencial Norte,2694682.37982,0
46250,Paraiso,27/09/2011 12:34,Bajo (2 - 4 mts),25,Mediano,-68.8256507156,-32.8756256871,4,Cuarta Este Área Fundacional,1822015.85685,0
11866,Paraiso,02/03/2011 10:01,Alto (> 8 mts),154,Grande,-68.8502812824,-32.8655226108,6,Residencial Norte,2694682.37982,0
33269,Fresno europeo,29/06/2011 11:40,Bajo (2 - 4 mts),59,Mediano,-68.8556938156,-32.89094902,5,Residencial Sur,2423808.92355,0
7457,Morera,21/06/2011 10:10,Alto (> 8 mts),100,Grande,-68.8602363715,-32.8994121127,5,Residencial Sur,2423808.92355,0
30871,Fresno europeo,15/02/2011 13:33,Medio (4 - 8 mts),80,Grande,-68.8550152118,-32.8654770388,6,Residencial Norte,2694682.37982,0
10044,Morera,28/10/2010 13:11,Alto (> 8 mts),160,Grande,-68.8494388506,-32.8688173335,6,Residencial Norte,2694682.37982,1
42384,Morera,29/09/2011 11:41,Alto (> 8 mts),115,Grande,-68.833753875,-32.8763517836,4,Cuarta Este Área Fundacional,1822015.85685,0
30350,Acacia SP,03/03/2011 13:42,Alto (> 8 mts),120,Grande,-68.8405200735,-32.8894279039,3,Parque O'Higgins,1531146.02653,1
47002,Morera,08/09/2011 13:39,Alto (> 8 mts),102,Grande,-68.8319115268,-32.8714447393,4,Cuarta Este Área Fundacional,1822015.85685,0
32165,Fresno europeo,11/05/2011 10:12,Medio (4 - 8 mts),120,Grande,-68.8577459368,-32.8850650308,5,Residencial Sur,2423808.92355,0
3883,Paraiso,01/09/2011 10:26,Medio (4 - 8 mts),120,Grande,-68.8255623005,-32.8711277278,4,Cuarta Este Área Fundacional,1822015.85685,0
31620,Platano,10/06/2011 09:19,Alto (> 8 mts),172,Grande,-68.8601730301,-32.8880115272,5,Residencial Sur,2423808.92355,0
19431,Acer,01/07/2011 12:34,Alto (> 8 mts),110,Grande,-68.8352226253,-32.8716521556,4,Cuarta Oeste,1173332.70145,0
15587,Aguaribay,16/11/2011 16:13,Medio (4 - 8 mts),140,Grande,-68.8615685184,-32.8719153661,7,Residencial Parque,1786336.08966,0
40423,Morera,11/04/2011 12:37,Alto (> 8 mts),130,Grande,-68.8443861514,-32.8837779201,1,Parque Central,1655357.93265,0
43985,Fresno americano,14/10/2011 12:17,Medio (4 - 8 mts),160,Grande,-68.8337490173,-32.8859943978,3,Parque O'Higgins,1531146.02653,0
27761,Fresno europeo,04/11/2011 09:42,Medio (4 - 8 mts),60,Mediano,-68.8349620809,-32.89481156,3,Parque O'Higgins,1531146.02653,0
13084,Paraiso sombrilla,17/02/2011 10:05,Medio (4 - 8 mts),82,Grande,-68.8464989826,-32.864594328,4,Cuarta Oeste,1173332.70145,0
16890,Paraiso,27/07/2011 14:06,Alto (> 8 mts),145,Grande,-68.8394164551,-32.8653019758,4,Cuarta Oeste,1173332.70145,0
40632,Fresno europeo,12/04/2011 10:55,Medio (4 - 8 mts),47,Mediano,-68.8451207249,-32.8839731467,1,Parque Central,1655357.93265,0
30915,Olmo bola,14/02/2011 09:47,Medio (4 - 8 mts),120,Grande,-68.8559662815,-32.8645664134,6,Residencial Norte,2694682.37982,0
38519,Fresno europeo,02/11/2010 12:13,Alto (> 8 mts),110,Grande,-68.8508035033,-32.8694371803,6,Residencial Norte,2694682.37982,0
12274,Morera,10/01/2011 10:23,Alto (> 8 mts),180,Grande,-68.8451546897,-32.8674711785,4,Cuarta Oeste,1173332.70145,0
28174,Tipa,23/02/2011 14:41,Alto (> 8 mts),138,Grande,-68.8484170103,-32.89130758,2,Barrio Civico,2366816.36021,0
3729,Morera,24/08/2011 10:16,Medio (4 - 8 mts),66,Grande,-68.820468461,-32.8696912432,4,Cuarta Este Área Fundacional,1822015.85685,0
43967,Platano,14/10/2011 11:21,Alto (> 8 mts),360,Grande,-68.8335082194,-32.8848814887,3,Parque O'Higgins,1531146.02653,1
42884,Morera,03/10/2011 08:44,Alto (> 8 mts),125,Grande,-68.8330801649,-32.8765043312,4,Cuarta Este Área Fundacional,1822015.85685,0
46363,Morera,19/09/2011 13:37,Alto (> 8 mts),139,Grande,-68.8247797259,-32.8742115463,4,Cuarta Este Área Fundacional,1822015.85685,0
36856,Morera,28/03/2011 16:32,Alto (> 8 mts),110,Grande,-68.8574364006,-32.8797334238,7,Residencial Parque,1786336.08966,1
45096,Fresno europeo,31/08/2011 12:51,Medio (4 - 8 mts),80,Grande,-68.8245807298,-32.8708457778,4,Cuarta Este Área Fundacional,1822015.85685,0
39813,Caducifolio,05/05/2011 09:46,Muy bajo (1 - 2 mts),15,Chico,-68.8477877401,-32.8831946427,1,Parque Central,1655357.93265,0
11081,Palo borracho,21/03/2011 12:07,Muy bajo (1 - 2 mts),12,Chico,-68.855088245,-32.8803455773,6,Residencial Norte,2694682.37982,0
32043,Platano,09/06/2011 13:32,Alto (> 8 mts),150,Grande,-68.8604043337,-32.8878523665,5,Residencial Sur,2423808.92355,0
